2014.12.19 12:00:00.170,0.76335,0.76355,1.00,1.00
2014.12.19 12:00:00.422,0.7633,0.76352,1.00,1.00
2014.12.19 12:00:00.674,0.7633,0.76354,1.50,1.00
2014.12.19 12:00:01.206,0.7633,0.76353,1.50,1.00
2014.12.19 12:00:01.475,0.76331,0.76354,1.37,1.00
2014.12.19 12:00:01.778,0.7633,0.76352,1.87,1.00
2014.12.19 12:00:02.813,0.7633,0.76353,1.37,1.00
2014.12.19 12:00:03.391,0.76334,0.76353,1.00,1.00
2014.12.19 12:00:03.441,0.76334,0.76355,1.00,1.00
2014.12.19 12:00:03.996,0.76334,0.76353,1.00,1.00
2014.12.19 12:00:04.554,0.76335,0.76354,1.00,1.00
2014.12.19 12:00:04.704,0.76332,0.76354,1.87,1.00
2014.12.19 12:00:04.981,0.76333,0.76357,1.00,1.00
2014.12.19 12:00:05.487,0.76333,0.76356,1.00,1.00
2014.12.19 12:00:06.202,0.76335,0.76359,1.12,1.50
2014.12.19 12:00:06.651,0.76334,0.76357,1.00,1.00
2014.12.19 12:00:07.205,0.76335,0.76357,1.00,1.00
2014.12.19 12:00:07.753,0.76335,0.76356,1.00,1.00
2014.12.19 12:00:08.302,0.76335,0.76355,1.00,1.00
2014.12.19 12:00:08.854,0.76334,0.76355,1.50,1.00
2014.12.19 12:00:09.447,0.76335,0.76355,1.00,1.00
2014.12.19 12:00:10.267,0.76334,0.76355,1.12,1.00
2014.12.19 12:00:12.211,0.76334,0.76356,1.12,1.00
2014.12.19 12:00:12.532,0.76334,0.76356,1.37,1.00
2014.12.19 12:00:12.833,0.76339,0.76357,1.12,1.00
2014.12.19 12:00:12.884,0.76339,0.76361,1.12,1.00
2014.12.19 12:00:13.423,0.76339,0.7636,1.00,1.00
2014.12.19 12:00:14.169,0.76337,0.76361,1.00,1.00
2014.12.19 12:00:14.219,0.76336,0.76359,1.87,1.00
2014.12.19 12:00:14.370,0.76337,0.76361,1.00,1.00
2014.12.19 12:00:14.523,0.76339,0.76361,1.00,1.00
2014.12.19 12:00:16.480,0.76344,0.76367,3.00,1.00
2014.12.19 12:00:16.751,0.76342,0.76366,2.25,1.50
2014.12.19 12:00:16.802,0.76344,0.76366,1.00,1.00
2014.12.19 12:00:17.203,0.76342,0.76365,1.00,1.00
2014.12.19 12:00:17.372,0.76344,0.76364,1.00,1.00
2014.12.19 12:00:17.423,0.76344,0.76366,1.00,1.00
2014.12.19 12:00:17.523,0.76347,0.76368,1.00,1.00
2014.12.19 12:00:17.624,0.76345,0.76368,1.00,1.00
2014.12.19 12:00:17.848,0.76344,0.76366,1.00,1.00
2014.12.19 12:00:18.168,0.76344,0.76364,1.00,1.00
2014.12.19 12:00:18.219,0.76341,0.76364,1.50,1.00
2014.12.19 12:00:18.313,0.76344,0.76364,1.00,1.00
2014.12.19 12:00:18.640,0.76344,0.76362,1.00,1.00
2014.12.19 12:00:18.690,0.76339,0.76362,1.50,1.00
2014.12.19 12:00:18.740,0.76339,0.7636,1.00,1.00
2014.12.19 12:00:18.791,0.76337,0.7636,1.00,1.00
2014.12.19 12:00:19.032,0.76337,0.76358,1.00,1.00
2014.12.19 12:00:19.392,0.76338,0.76361,1.00,1.00
2014.12.19 12:00:19.493,0.7634,0.76363,1.00,1.00
2014.12.19 12:00:20.682,0.76342,0.76363,1.00,1.00
2014.12.19 12:00:21.096,0.76344,0.76363,1.00,1.00
2014.12.19 12:00:21.147,0.76344,0.76368,1.87,1.00
2014.12.19 12:00:21.686,0.76346,0.76369,2.62,1.00
2014.12.19 12:00:22.274,0.76349,0.76369,1.00,1.00
2014.12.19 12:00:22.812,0.76347,0.76369,1.37,1.00
2014.12.19 12:00:22.913,0.76347,0.76371,1.37,1.00
2014.12.19 12:00:23.452,0.7635,0.76371,1.00,1.00
2014.12.19 12:00:23.553,0.76351,0.76374,1.37,1.00
2014.12.19 12:00:23.653,0.76349,0.76371,1.00,1.00
2014.12.19 12:00:24.252,0.76349,0.76372,1.50,1.00
2014.12.19 12:00:24.697,0.7635,0.76373,1.37,1.00
2014.12.19 12:00:25.023,0.76354,0.76375,1.00,1.00
2014.12.19 12:00:25.350,0.76352,0.76373,1.00,1.00
2014.12.19 12:00:25.451,0.76349,0.76372,1.00,1.00
2014.12.19 12:00:25.501,0.76349,0.7637,1.00,1.00
2014.12.19 12:00:26.012,0.76349,0.76372,1.00,1.50
2014.12.19 12:00:26.464,0.76354,0.76372,1.00,1.50
2014.12.19 12:00:26.920,0.76349,0.76371,1.50,1.00
2014.12.19 12:00:26.970,0.76349,0.76369,1.00,1.00
2014.12.19 12:00:27.162,0.76346,0.76367,1.00,1.00
2014.12.19 12:00:28.931,0.76351,0.76374,1.00,1.00
2014.12.19 12:00:29.481,0.76352,0.76376,1.00,1.50
2014.12.19 12:00:30.631,0.76355,0.76376,1.00,1.00
2014.12.19 12:00:30.741,0.76352,0.76376,1.00,1.00
2014.12.19 12:00:31.483,0.76351,0.76376,1.00,1.50
2014.12.19 12:00:32.011,0.76351,0.76375,1.00,1.00
2014.12.19 12:00:33.050,0.7635,0.76374,1.12,1.00
2014.12.19 12:00:33.613,0.76351,0.76375,1.00,1.00
2014.12.19 12:00:34.128,0.76353,0.76376,1.00,1.50
2014.12.19 12:00:36.455,0.76354,0.76376,1.00,1.50
2014.12.19 12:00:37.001,0.76354,0.76375,1.00,1.00
2014.12.19 12:00:37.253,0.76354,0.76377,1.00,1.00
2014.12.19 12:00:37.782,0.76355,0.76377,1.00,1.00
2014.12.19 12:00:38.226,0.76345,0.7637,1.87,1.00
2014.12.19 12:00:38.327,0.76345,0.76368,1.87,1.00
2014.12.19 12:00:38.629,0.76349,0.76368,1.00,1.00
2014.12.19 12:00:39.201,0.76349,0.76367,1.00,1.00
2014.12.19 12:00:39.251,0.76345,0.76367,1.37,1.00
2014.12.19 12:00:39.322,0.76349,0.76367,1.00,1.00
2014.12.19 12:00:39.533,0.76349,0.7637,1.00,1.00
2014.12.19 12:00:40.294,0.76349,0.76369,1.00,1.00
2014.12.19 12:00:40.394,0.76345,0.76368,1.37,1.00
2014.12.19 12:00:40.646,0.7635,0.76368,1.00,1.00
2014.12.19 12:00:40.746,0.7635,0.7637,1.00,1.00
2014.12.19 12:00:41.263,0.7635,0.76371,1.00,1.00
2014.12.19 12:00:42.066,0.7635,0.7637,1.12,1.00
2014.12.19 12:00:42.166,0.76351,0.76374,1.00,1.50
2014.12.19 12:00:42.619,0.7635,0.76371,1.12,1.00
2014.12.19 12:00:43.148,0.76349,0.7637,1.50,1.00
2014.12.19 12:00:43.581,0.76351,0.76372,1.12,1.00
2014.12.19 12:00:43.781,0.76351,0.76374,1.12,1.00
2014.12.19 12:00:43.972,0.76355,0.76374,1.00,1.00
2014.12.19 12:00:44.124,0.76355,0.76376,1.00,1.50
2014.12.19 12:00:44.732,0.76354,0.76376,1.50,1.00
2014.12.19 12:00:44.782,0.76356,0.76378,1.00,1.00
2014.12.19 12:00:45.134,0.76355,0.76376,1.00,1.00
2014.12.19 12:00:45.557,0.76359,0.76376,1.00,1.00
2014.12.19 12:00:45.608,0.76359,0.76378,1.00,1.00
2014.12.19 12:00:45.810,0.76354,0.76377,3.00,1.00
2014.12.19 12:00:45.911,0.76356,0.76378,1.00,1.00
2014.12.19 12:00:46.421,0.76355,0.76377,1.00,1.00
2014.12.19 12:00:46.903,0.76354,0.76375,1.00,1.00
2014.12.19 12:00:47.131,0.76351,0.76375,1.00,1.00
2014.12.19 12:00:47.432,0.76353,0.76375,1.00,1.00
2014.12.19 12:00:47.650,0.76351,0.76374,1.50,1.00
2014.12.19 12:00:47.761,0.76353,0.76375,1.00,1.00
2014.12.19 12:00:48.312,0.76351,0.76375,1.00,1.00
2014.12.19 12:00:48.412,0.7635,0.76372,1.50,1.00
2014.12.19 12:00:48.766,0.76351,0.76375,1.12,1.50
2014.12.19 12:00:49.433,0.7635,0.76374,1.37,1.00
2014.12.19 12:00:49.635,0.76352,0.76377,1.12,1.50
2014.12.19 12:00:50.972,0.76351,0.76374,1.00,1.00
2014.12.19 12:00:52.082,0.76349,0.76374,1.50,1.00
2014.12.19 12:00:52.283,0.76349,0.76372,1.00,1.00
2014.12.19 12:00:53.759,0.7635,0.76373,1.00,1.00
2014.12.19 12:00:54.530,0.76349,0.76373,1.00,1.00
2014.12.19 12:00:55.572,0.76351,0.76374,1.00,1.00
2014.12.19 12:00:56.791,0.7635,0.76374,1.00,1.00
2014.12.19 12:00:57.390,0.76351,0.76373,1.00,1.00
2014.12.19 12:00:57.591,0.76346,0.7637,1.00,1.00
2014.12.19 12:00:57.860,0.76345,0.76367,1.12,1.00
2014.12.19 12:00:58.434,0.76345,0.76367,1.37,1.00
2014.12.19 12:01:00.107,0.76345,0.76368,1.37,1.00
2014.12.19 12:01:00.613,0.76345,0.76368,1.00,1.00
2014.12.19 12:01:00.814,0.76343,0.76367,1.12,1.00
2014.12.19 12:01:00.915,0.76344,0.76366,1.37,1.00
2014.12.19 12:01:00.966,0.76344,0.76369,1.87,1.00
2014.12.19 12:01:01.066,0.76347,0.7637,1.00,1.00
2014.12.19 12:01:01.610,0.76346,0.76371,1.00,1.50
2014.12.19 12:01:02.122,0.76347,0.7637,1.00,1.00
2014.12.19 12:01:02.927,0.76347,0.7637,1.37,1.00
2014.12.19 12:01:03.434,0.76347,0.7637,1.00,1.00
2014.12.19 12:01:05.390,0.76349,0.7637,1.00,1.00
2014.12.19 12:01:06.007,0.7635,0.76374,1.00,1.00
2014.12.19 12:01:06.110,0.76349,0.76372,1.00,1.00
2014.12.19 12:01:07.262,0.76348,0.76372,2.25,1.00
2014.12.19 12:01:07.679,0.76349,0.76374,1.00,1.50
2014.12.19 12:01:07.760,0.76349,0.76371,1.00,1.00
2014.12.19 12:01:08.310,0.7635,0.76372,1.00,1.00
2014.12.19 12:01:08.936,0.76351,0.76373,1.00,1.50
2014.12.19 12:01:09.087,0.76348,0.76373,1.00,1.50
2014.12.19 12:01:09.599,0.76347,0.76372,1.00,1.50
2014.12.19 12:01:10.180,0.76347,0.76371,1.00,1.00
2014.12.19 12:01:10.976,0.76347,0.76372,1.00,1.50
2014.12.19 12:01:11.027,0.7635,0.76372,1.00,1.00
2014.12.19 12:01:11.228,0.76347,0.76372,1.12,1.00
2014.12.19 12:01:11.429,0.76348,0.7637,1.00,1.00
2014.12.19 12:01:12.130,0.76346,0.76368,1.00,1.00
2014.12.19 12:01:13.485,0.76347,0.76371,1.00,1.00
2014.12.19 12:01:13.726,0.7635,0.76372,1.00,1.00
2014.12.19 12:01:14.110,0.76352,0.76374,1.00,1.50
2014.12.19 12:01:15.027,0.76352,0.76375,1.00,1.00
2014.12.19 12:01:15.622,0.76352,0.76374,1.00,1.00
2014.12.19 12:01:16.911,0.7635,0.76374,1.00,1.12
2014.12.19 12:01:17.011,0.76348,0.76372,1.00,1.00
2014.12.19 12:01:18.241,0.76349,0.76373,1.00,1.00
2014.12.19 12:01:18.780,0.76351,0.76375,1.00,1.87
2014.12.19 12:01:19.086,0.76352,0.76376,1.00,1.50
2014.12.19 12:01:20.339,0.76352,0.76376,1.00,1.87
2014.12.19 12:01:20.540,0.76348,0.76372,1.00,1.50
2014.12.19 12:01:20.701,0.76347,0.7637,1.12,1.00
2014.12.19 12:01:21.051,0.76344,0.76367,1.87,1.00
2014.12.19 12:01:21.102,0.76344,0.76368,1.00,1.00
2014.12.19 12:01:21.264,0.76343,0.76366,1.00,1.00
2014.12.19 12:01:21.818,0.76342,0.76366,1.00,1.50
2014.12.19 12:01:26.662,0.76344,0.76367,1.00,1.00
2014.12.19 12:01:27.000,0.76343,0.76365,1.00,1.00
2014.12.19 12:01:29.320,0.76343,0.76367,1.00,1.00
2014.12.19 12:01:29.827,0.76342,0.76366,1.00,1.00
2014.12.19 12:01:30.430,0.76342,0.76366,1.00,1.37
2014.12.19 12:01:32.368,0.76342,0.76366,1.00,1.12
2014.12.19 12:01:33.039,0.76342,0.76366,1.00,1.37
2014.12.19 12:01:34.711,0.76341,0.76365,1.50,1.12
2014.12.19 12:01:35.357,0.76344,0.76365,1.00,1.00
2014.12.19 12:01:35.508,0.76344,0.76369,1.50,1.12
2014.12.19 12:01:35.916,0.76344,0.76369,1.50,1.87
2014.12.19 12:01:36.067,0.76341,0.76366,2.25,1.12
2014.12.19 12:01:36.380,0.76342,0.76364,1.00,1.00
2014.12.19 12:01:36.883,0.76341,0.76363,1.00,1.00
2014.12.19 12:01:37.810,0.76341,0.76365,1.00,1.87
2014.12.19 12:01:38.011,0.76343,0.76365,1.00,1.50
2014.12.19 12:01:38.119,0.76341,0.76365,1.00,1.50
2014.12.19 12:01:39.259,0.76342,0.76366,1.00,1.00
2014.12.19 12:01:41.122,0.76342,0.76365,1.00,1.00
2014.12.19 12:01:41.992,0.76341,0.76364,1.00,1.00
2014.12.19 12:01:46.185,0.76342,0.76365,1.00,1.00
2014.12.19 12:01:46.740,0.76346,0.76369,1.00,1.12
2014.12.19 12:01:47.250,0.76348,0.76369,1.00,1.00
2014.12.19 12:01:48.280,0.76347,0.7637,1.00,1.12
2014.12.19 12:01:51.506,0.76347,0.7637,1.00,1.37
2014.12.19 12:01:51.809,0.76343,0.76366,1.00,1.37
2014.12.19 12:01:52.011,0.76341,0.76362,1.00,1.00
2014.12.19 12:01:52.212,0.76338,0.76361,1.00,1.00
2014.12.19 12:01:52.464,0.76337,0.7636,1.00,1.37
2014.12.19 12:01:52.565,0.76335,0.76358,1.00,1.00
2014.12.19 12:01:52.666,0.76337,0.76359,1.00,1.12
2014.12.19 12:01:52.857,0.76337,0.76361,1.00,1.00
2014.12.19 12:01:52.908,0.7634,0.76362,1.00,1.00
2014.12.19 12:01:53.229,0.76342,0.76363,1.00,1.12
2014.12.19 12:01:53.299,0.7634,0.76363,1.00,1.12
2014.12.19 12:01:54.341,0.7634,0.76365,1.12,1.00
2014.12.19 12:01:54.441,0.76344,0.76368,1.00,1.00
2014.12.19 12:01:55.859,0.76344,0.76366,1.00,1.12
2014.12.19 12:01:55.939,0.76342,0.76366,1.00,1.12
2014.12.19 12:01:56.176,0.76341,0.76363,1.00,1.00
2014.12.19 12:01:56.500,0.76337,0.76361,1.00,1.00
2014.12.19 12:01:57.139,0.76336,0.7636,1.00,1.00
2014.12.19 12:02:01.815,0.76338,0.7636,1.00,1.00
2014.12.19 12:02:01.916,0.76336,0.7636,1.00,1.00
2014.12.19 12:02:02.540,0.76337,0.76361,1.00,1.00
2014.12.19 12:02:02.759,0.76335,0.76359,1.00,1.00
2014.12.19 12:02:04.189,0.76334,0.76358,1.87,1.00
2014.12.19 12:02:07.340,0.76335,0.76358,1.00,1.00
2014.12.19 12:02:07.930,0.76334,0.76359,1.50,1.37
2014.12.19 12:02:08.199,0.76337,0.76362,1.00,1.50
2014.12.19 12:02:08.300,0.76337,0.7636,1.00,1.00
2014.12.19 12:02:08.501,0.76334,0.76359,1.00,1.12
2014.12.19 12:02:08.602,0.76337,0.7636,1.00,1.37
2014.12.19 12:02:08.810,0.76335,0.7636,1.00,1.50
2014.12.19 12:02:09.444,0.76335,0.76359,1.00,1.00
2014.12.19 12:02:12.131,0.76335,0.7636,1.50,1.00
2014.12.19 12:02:14.780,0.76335,0.7636,1.37,1.00
2014.12.19 12:02:14.897,0.76338,0.7636,1.00,1.00
2014.12.19 12:02:15.002,0.76336,0.7636,1.12,1.00
2014.12.19 12:02:15.396,0.76336,0.7636,1.00,1.87
2014.12.19 12:02:15.446,0.76334,0.76358,1.00,1.12
2014.12.19 12:02:15.690,0.76333,0.76357,1.00,1.87
2014.12.19 12:02:16.548,0.76334,0.76357,1.00,1.37
2014.12.19 12:02:16.949,0.76332,0.76357,1.00,1.87
2014.12.19 12:02:17.612,0.76333,0.76357,1.00,1.12
2014.12.19 12:02:17.864,0.76331,0.76355,1.00,1.00
2014.12.19 12:02:18.439,0.76331,0.76355,1.00,1.37
2014.12.19 12:02:23.707,0.76331,0.76355,1.00,1.00
2014.12.19 12:02:26.420,0.7633,0.76355,1.50,1.50
2014.12.19 12:02:26.722,0.76324,0.76349,1.87,1.50
2014.12.19 12:02:27.074,0.76324,0.76347,1.12,1.00
2014.12.19 12:02:27.438,0.76325,0.76349,1.00,1.00
2014.12.19 12:02:28.288,0.76324,0.76349,1.50,1.00
2014.12.19 12:02:28.928,0.76325,0.76348,1.00,1.00
2014.12.19 12:02:32.466,0.76325,0.76348,1.37,1.00
2014.12.19 12:02:32.971,0.76325,0.76348,1.87,1.00
2014.12.19 12:02:33.022,0.76326,0.7635,1.00,1.00
2014.12.19 12:02:33.581,0.76324,0.76349,1.87,1.00
2014.12.19 12:02:34.288,0.76327,0.76349,1.00,1.00
2014.12.19 12:02:34.389,0.76324,0.76349,1.87,1.00
2014.12.19 12:02:34.998,0.76324,0.76349,1.87,1.00
2014.12.19 12:02:35.300,0.76329,0.76349,1.00,1.00
2014.12.19 12:02:35.351,0.76329,0.76352,1.00,1.50
2014.12.19 12:02:35.451,0.76327,0.76352,1.00,1.50
2014.12.19 12:02:35.552,0.76323,0.76348,1.00,1.00
2014.12.19 12:02:36.063,0.76324,0.76347,1.00,1.00
2014.12.19 12:02:37.040,0.76323,0.76347,1.00,1.00
2014.12.19 12:02:37.589,0.76322,0.76346,1.00,1.00
2014.12.19 12:02:38.419,0.7632,0.76344,1.87,1.00
2014.12.19 12:02:39.439,0.7632,0.76344,1.37,1.00
2014.12.19 12:02:46.439,0.7632,0.76343,1.50,1.00
2014.12.19 12:02:46.760,0.76318,0.76341,1.12,1.00
2014.12.19 12:02:47.120,0.76322,0.76346,1.00,1.00
2014.12.19 12:02:47.398,0.76324,0.76347,1.00,1.00
2014.12.19 12:02:48.290,0.76324,0.76347,1.37,1.00
2014.12.19 12:02:48.749,0.76327,0.76349,1.00,1.00
2014.12.19 12:02:50.001,0.76325,0.76349,1.50,1.00
2014.12.19 12:02:50.152,0.7633,0.76349,1.00,1.00
2014.12.19 12:02:50.280,0.7633,0.76353,1.00,1.00
2014.12.19 12:02:50.860,0.76329,0.76353,1.00,1.00
2014.12.19 12:02:51.422,0.7633,0.76353,1.00,1.00
2014.12.19 12:02:52.283,0.7633,0.76354,1.00,1.00
2014.12.19 12:02:52.487,0.7633,0.76352,1.00,1.00
2014.12.19 12:02:52.596,0.76326,0.76351,1.00,1.12
2014.12.19 12:02:52.698,0.76325,0.76348,1.50,1.00
2014.12.19 12:02:53.023,0.76319,0.76343,1.50,1.00
2014.12.19 12:02:53.124,0.76319,0.76343,2.62,1.00
2014.12.19 12:02:53.691,0.7632,0.76344,1.87,1.00
2014.12.19 12:02:54.089,0.7632,0.76344,1.87,1.00
2014.12.19 12:02:54.442,0.76325,0.76342,1.00,1.00
2014.12.19 12:02:54.859,0.7632,0.76342,1.37,1.00
2014.12.19 12:02:57.319,0.76322,0.76344,1.12,1.00
2014.12.19 12:02:58.930,0.76324,0.76344,1.00,1.00
2014.12.19 12:02:59.039,0.76322,0.76344,1.00,1.00
2014.12.19 12:02:59.569,0.7632,0.76344,1.00,1.37
2014.12.19 12:02:59.670,0.76317,0.76339,1.00,1.00
2014.12.19 12:02:59.876,0.76315,0.76338,1.00,1.00
2014.12.19 12:02:59.978,0.76313,0.76335,1.00,1.00
2014.12.19 12:03:00.593,0.76311,0.76335,1.00,1.00
2014.12.19 12:03:02.405,0.7631,0.76334,1.37,1.00
2014.12.19 12:03:02.712,0.76309,0.76332,1.37,1.00
2014.12.19 12:03:03.014,0.76311,0.76333,1.87,1.00
2014.12.19 12:03:03.064,0.76312,0.76336,1.37,1.00
2014.12.19 12:03:03.215,0.76313,0.76337,1.37,1.00
2014.12.19 12:03:03.813,0.76315,0.76338,1.12,1.00
2014.12.19 12:03:06.485,0.76315,0.76338,1.87,1.00
2014.12.19 12:03:07.298,0.76315,0.76338,1.87,1.00
2014.12.19 12:03:07.399,0.76319,0.76338,1.00,1.00
2014.12.19 12:03:07.449,0.76319,0.7634,1.50,1.00
2014.12.19 12:03:07.550,0.76319,0.76337,1.00,1.00
2014.12.19 12:03:07.651,0.76315,0.76337,1.00,1.00
2014.12.19 12:03:08.140,0.76315,0.76339,1.87,1.00
2014.12.19 12:03:08.249,0.76315,0.76337,1.12,1.00
2014.12.19 12:03:08.757,0.76315,0.76335,1.12,1.00
2014.12.19 12:03:11.314,0.76314,0.76335,1.12,1.00
2014.12.19 12:03:11.750,0.76314,0.76335,1.37,1.00
2014.12.19 12:03:11.851,0.76314,0.76338,1.87,1.00
2014.12.19 12:03:12.058,0.76319,0.76341,1.00,1.00
2014.12.19 12:03:13.443,0.76319,0.76342,1.00,1.00
2014.12.19 12:03:13.733,0.76319,0.76338,1.00,1.00
2014.12.19 12:03:13.934,0.76315,0.76339,1.00,1.00
2014.12.19 12:03:14.037,0.76315,0.76337,1.00,1.00
2014.12.19 12:03:14.407,0.76315,0.76334,1.00,1.00
2014.12.19 12:03:14.710,0.76311,0.76334,1.37,1.00
2014.12.19 12:03:14.811,0.76309,0.76331,1.37,1.00
2014.12.19 12:03:14.861,0.76309,0.76331,1.00,1.00
2014.12.19 12:03:15.062,0.7631,0.76329,1.00,1.00
2014.12.19 12:03:15.138,0.7631,0.76331,1.00,1.00
2014.12.19 12:03:16.902,0.7631,0.7633,1.00,1.00
2014.12.19 12:03:18.877,0.7631,0.76329,1.00,1.00
2014.12.19 12:03:19.420,0.76306,0.76329,1.37,1.00
2014.12.19 12:03:19.608,0.76309,0.76329,1.00,1.00
2014.12.19 12:03:20.129,0.76309,0.76331,1.12,1.00
2014.12.19 12:03:20.638,0.7631,0.76332,1.00,1.00
2014.12.19 12:03:21.479,0.76309,0.76332,1.12,1.00
2014.12.19 12:03:21.529,0.76309,0.7633,1.12,1.00
2014.12.19 12:03:22.207,0.76306,0.76329,1.37,1.00
2014.12.19 12:03:23.098,0.76306,0.76329,1.37,1.00
2014.12.19 12:03:26.149,0.76307,0.76331,1.87,1.00
2014.12.19 12:03:26.469,0.7631,0.76335,1.00,1.12
2014.12.19 12:03:26.844,0.7631,0.76333,1.00,1.00
2014.12.19 12:03:27.565,0.76309,0.76333,1.00,1.00
2014.12.19 12:03:27.937,0.76308,0.7633,1.00,1.00
2014.12.19 12:03:28.260,0.7631,0.76331,1.00,1.00
2014.12.19 12:03:30.782,0.76308,0.76331,1.00,1.00
2014.12.19 12:03:32.416,0.76307,0.76331,1.00,1.00
2014.12.19 12:03:33.023,0.76306,0.7633,1.00,1.37
2014.12.19 12:03:33.074,0.76304,0.76328,2.25,1.00
2014.12.19 12:03:35.986,0.76304,0.76328,2.62,1.00
2014.12.19 12:03:36.492,0.76306,0.76327,1.00,1.00
2014.12.19 12:03:36.794,0.76303,0.76325,1.37,1.00
2014.12.19 12:03:36.945,0.76307,0.7633,1.00,1.00
2014.12.19 12:03:37.046,0.76309,0.76332,1.00,1.12
2014.12.19 12:03:37.200,0.7631,0.76334,1.00,1.00
2014.12.19 12:03:37.469,0.76309,0.76332,1.00,1.00
2014.12.19 12:03:38.108,0.76308,0.76332,1.00,1.00
2014.12.19 12:03:38.618,0.76309,0.76333,1.00,1.00
2014.12.19 12:03:39.229,0.76308,0.76332,1.50,1.00
2014.12.19 12:03:40.180,0.76309,0.76332,1.00,1.00
2014.12.19 12:03:42.761,0.76311,0.76334,1.00,1.00
2014.12.19 12:03:43.016,0.76312,0.76336,1.50,1.00
2014.12.19 12:03:44.824,0.76313,0.76337,1.00,1.00
2014.12.19 12:03:46.158,0.76312,0.76336,1.50,1.00
2014.12.19 12:03:46.409,0.76311,0.76334,1.00,1.00
2014.12.19 12:03:47.284,0.76311,0.76336,1.87,1.00
2014.12.19 12:03:47.486,0.76314,0.76338,1.00,1.12
2014.12.19 12:03:50.557,0.76316,0.76338,1.00,1.12
2014.12.19 12:03:52.458,0.76316,0.76338,1.00,1.37
2014.12.19 12:03:52.660,0.76312,0.76336,1.00,1.37
2014.12.19 12:03:52.878,0.76309,0.76333,1.50,1.00
2014.12.19 12:03:53.427,0.76307,0.76331,1.12,1.00
2014.12.19 12:03:57.316,0.76307,0.76331,1.37,1.00
2014.12.19 12:03:57.618,0.76313,0.76337,1.00,1.00
2014.12.19 12:03:58.347,0.76312,0.76336,1.50,1.00
2014.12.19 12:04:00.906,0.76313,0.76337,1.00,1.00
2014.12.19 12:04:01.712,0.76312,0.76336,1.00,1.00
2014.12.19 12:04:02.114,0.76309,0.76333,1.12,1.00
2014.12.19 12:04:04.636,0.7631,0.76331,1.00,1.00
2014.12.19 12:04:06.520,0.76309,0.7633,1.00,1.00
2014.12.19 12:04:06.772,0.76306,0.7633,1.00,1.12
2014.12.19 12:04:06.872,0.76305,0.76328,1.00,1.00
2014.12.19 12:04:07.070,0.76303,0.76327,1.12,1.00
2014.12.19 12:04:07.170,0.76302,0.76325,1.37,1.00
2014.12.19 12:04:08.042,0.76303,0.76326,1.12,1.00
2014.12.19 12:04:09.774,0.76303,0.76326,1.37,1.00
2014.12.19 12:04:10.269,0.76307,0.76328,1.00,1.00
2014.12.19 12:04:10.686,0.76307,0.76331,1.12,1.00
2014.12.19 12:04:11.166,0.76305,0.76329,1.50,1.00
2014.12.19 12:04:12.028,0.76305,0.76328,1.00,1.00
2014.12.19 12:04:12.332,0.76304,0.76326,1.00,1.00
2014.12.19 12:04:12.485,0.763,0.76323,1.00,1.00
2014.12.19 12:04:13.105,0.763,0.76322,1.00,1.00
2014.12.19 12:04:13.618,0.76299,0.76322,1.00,1.00
2014.12.19 12:04:18.070,0.76299,0.76322,1.37,1.00
2014.12.19 12:04:18.678,0.76299,0.76322,1.12,1.00
2014.12.19 12:04:19.834,0.76298,0.76321,1.00,1.00
2014.12.19 12:04:19.934,0.76296,0.76319,1.00,1.00
2014.12.19 12:04:20.311,0.76292,0.76316,1.12,1.00
2014.12.19 12:04:24.228,0.76292,0.76316,1.50,1.00
2014.12.19 12:04:24.329,0.76295,0.76316,1.00,1.00
2014.12.19 12:04:24.479,0.76296,0.76319,1.00,1.00
2014.12.19 12:04:25.536,0.76295,0.76316,1.00,1.00
2014.12.19 12:04:26.879,0.76296,0.76319,1.00,1.00
2014.12.19 12:04:27.847,0.76296,0.76317,1.00,1.00
2014.12.19 12:04:28.960,0.76292,0.76316,1.12,1.00
2014.12.19 12:04:29.498,0.76293,0.76317,1.00,1.00
2014.12.19 12:04:30.383,0.76294,0.76317,1.12,1.00
2014.12.19 12:04:30.488,0.76296,0.76319,1.00,1.00
2014.12.19 12:04:31.511,0.76294,0.76317,1.00,1.00
2014.12.19 12:04:32.136,0.76293,0.76317,1.00,1.00
2014.12.19 12:04:32.688,0.76295,0.76318,1.00,1.00
2014.12.19 12:04:34.728,0.76295,0.76318,1.00,1.37
2014.12.19 12:04:34.828,0.76291,0.76314,1.00,1.37
2014.12.19 12:04:35.030,0.7629,0.76316,1.00,1.37
2014.12.19 12:04:35.334,0.7629,0.76317,2.62,1.00
2014.12.19 12:04:35.385,0.76294,0.76317,1.50,1.00
2014.12.19 12:04:35.485,0.76294,0.7632,1.50,1.37
2014.12.19 12:04:36.104,0.76295,0.7632,1.00,1.12
2014.12.19 12:04:36.766,0.76294,0.7632,1.50,1.12
2014.12.19 12:04:38.772,0.76294,0.7632,1.87,1.00
2014.12.19 12:04:39.328,0.763,0.7632,1.00,1.00
2014.12.19 12:04:40.208,0.76299,0.7632,1.00,1.00
2014.12.19 12:04:40.327,0.763,0.76323,1.00,1.00
2014.12.19 12:04:40.478,0.76301,0.76323,1.37,1.00
2014.12.19 12:04:40.649,0.76302,0.76325,1.12,1.00
2014.12.19 12:04:41.378,0.76302,0.76324,1.87,1.00
2014.12.19 12:04:43.032,0.76302,0.76325,3.37,1.00
2014.12.19 12:04:43.382,0.76307,0.76329,1.00,1.00
2014.12.19 12:04:43.989,0.76309,0.76329,1.00,1.00
2014.12.19 12:04:44.039,0.7631,0.76331,1.00,1.00
2014.12.19 12:04:44.626,0.76309,0.7633,1.12,1.00
2014.12.19 12:04:44.837,0.76307,0.76329,1.00,1.00
2014.12.19 12:04:45.410,0.76307,0.7633,1.12,1.00
2014.12.19 12:04:45.561,0.76307,0.76331,1.87,1.00
2014.12.19 12:04:46.117,0.76308,0.7633,1.00,1.00
2014.12.19 12:04:46.788,0.76307,0.7633,1.12,1.00
2014.12.19 12:04:47.317,0.76307,0.76329,1.12,1.00
2014.12.19 12:04:49.122,0.76305,0.76329,1.00,1.00
2014.12.19 12:04:49.223,0.76307,0.76329,1.00,1.00
2014.12.19 12:04:49.324,0.76303,0.76326,1.87,1.00
2014.12.19 12:04:50.107,0.76305,0.76326,1.00,1.00
2014.12.19 12:04:50.328,0.76303,0.76326,1.12,1.00
2014.12.19 12:04:52.097,0.76302,0.76325,1.87,1.00
2014.12.19 12:04:52.629,0.76304,0.76327,1.00,1.00
2014.12.19 12:04:55.188,0.76304,0.76327,1.00,1.37
2014.12.19 12:04:55.304,0.76304,0.76327,1.00,1.37
2014.12.19 12:04:55.750,0.76301,0.76325,1.00,1.00
2014.12.19 12:04:56.037,0.76303,0.76326,1.00,1.00
2014.12.19 12:04:56.776,0.76303,0.76324,1.00,1.00
2014.12.19 12:04:58.137,0.76301,0.76324,1.00,1.12
2014.12.19 12:04:58.238,0.763,0.76324,1.00,1.37
2014.12.19 12:04:58.536,0.76297,0.7632,1.00,1.00
2014.12.19 12:04:59.682,0.76299,0.7632,1.00,1.00
2014.12.19 12:04:59.884,0.76297,0.76321,1.00,1.00
2014.12.19 12:05:00.668,0.76299,0.76321,1.00,1.12
2014.12.19 12:05:00.898,0.76297,0.76321,1.00,1.37
2014.12.19 12:05:01.101,0.76294,0.76318,1.50,1.00
2014.12.19 12:05:02.794,0.76295,0.76318,2.62,1.00
2014.12.19 12:05:02.844,0.76297,0.76318,1.00,1.00
2014.12.19 12:05:03.046,0.76297,0.7632,1.00,1.00
2014.12.19 12:05:05.518,0.76297,0.7632,1.00,1.87
2014.12.19 12:05:05.571,0.76297,0.7632,1.00,1.87
2014.12.19 12:05:05.923,0.76295,0.76317,1.00,1.12
2014.12.19 12:05:06.024,0.76295,0.76317,1.00,1.37
2014.12.19 12:05:06.175,0.76293,0.76317,1.00,1.37
2014.12.19 12:05:06.683,0.76293,0.76317,1.00,1.12
2014.12.19 12:05:07.271,0.76294,0.76318,1.00,1.87
2014.12.19 12:05:07.783,0.76294,0.76318,1.00,1.87
2014.12.19 12:05:08.458,0.76294,0.76318,2.25,1.00
2014.12.19 12:05:09.647,0.76294,0.76316,1.00,1.00
2014.12.19 12:05:10.247,0.76295,0.76316,1.00,1.00
2014.12.19 12:05:10.450,0.76292,0.76314,1.00,1.00
2014.12.19 12:05:10.550,0.76289,0.76312,1.50,1.00
2014.12.19 12:05:11.067,0.7629,0.76312,1.00,1.00
2014.12.19 12:05:11.610,0.76289,0.76313,1.00,1.00
2014.12.19 12:05:12.199,0.76288,0.76311,1.00,1.00
2014.12.19 12:05:12.547,0.7629,0.76311,1.00,1.00
2014.12.19 12:05:14.706,0.76288,0.76312,1.00,1.50
2014.12.19 12:05:15.523,0.76287,0.76311,1.00,1.00
2014.12.19 12:05:16.028,0.76287,0.7631,1.00,1.00
2014.12.19 12:05:18.156,0.76287,0.76309,1.00,1.00
2014.12.19 12:05:18.358,0.76287,0.76311,1.00,1.00
2014.12.19 12:05:18.936,0.76288,0.76312,1.00,1.00
2014.12.19 12:05:22.010,0.76288,0.76311,1.00,1.00
2014.12.19 12:05:22.111,0.76286,0.76309,1.00,1.00
2014.12.19 12:05:24.981,0.76288,0.76312,1.50,1.00
2014.12.19 12:05:25.283,0.76286,0.76309,1.00,1.00
2014.12.19 12:05:26.967,0.76286,0.76309,1.00,1.37
2014.12.19 12:05:27.169,0.76284,0.76307,1.00,1.00
2014.12.19 12:05:27.797,0.76285,0.76308,1.00,1.50
2014.12.19 12:05:27.906,0.76283,0.76306,1.00,1.00
2014.12.19 12:05:29.700,0.76281,0.76305,1.00,1.00
2014.12.19 12:05:29.951,0.7628,0.76302,1.00,1.00
2014.12.19 12:05:30.108,0.76278,0.76301,1.00,1.00
2014.12.19 12:05:30.804,0.76279,0.76302,1.00,1.50
2014.12.19 12:05:32.019,0.76279,0.76303,1.00,1.12
2014.12.19 12:05:32.423,0.76281,0.76303,1.00,1.00
2014.12.19 12:05:32.649,0.76281,0.76305,1.00,1.50
2014.12.19 12:05:33.193,0.76283,0.76305,1.00,1.00
2014.12.19 12:05:33.787,0.76284,0.76305,1.00,1.00
2014.12.19 12:05:37.038,0.76282,0.76305,1.00,1.00
2014.12.19 12:05:37.412,0.76286,0.76307,1.00,1.00
2014.12.19 12:05:38.238,0.76286,0.76307,1.37,1.00
2014.12.19 12:05:38.289,0.76285,0.76309,1.37,1.00
2014.12.19 12:05:38.778,0.76285,0.76308,1.00,1.00
2014.12.19 12:05:38.879,0.76286,0.76309,1.37,1.00
2014.12.19 12:05:39.640,0.76286,0.76309,1.00,1.00
2014.12.19 12:05:40.310,0.76286,0.7631,1.50,1.00
2014.12.19 12:05:40.829,0.76286,0.76309,1.00,1.00
2014.12.19 12:05:41.130,0.76284,0.76308,1.00,1.00
2014.12.19 12:05:41.356,0.76286,0.76308,1.00,1.00
2014.12.19 12:05:42.040,0.76285,0.76306,1.00,1.50
2014.12.19 12:05:42.141,0.76282,0.76305,1.00,1.00
2014.12.19 12:05:42.560,0.76284,0.76305,1.00,1.00
2014.12.19 12:05:42.989,0.76284,0.76307,1.00,1.00
2014.12.19 12:05:43.967,0.76284,0.76307,1.37,1.00
2014.12.19 12:05:44.118,0.76285,0.76309,1.37,1.00
2014.12.19 12:05:45.873,0.76285,0.76309,1.37,1.00
2014.12.19 12:05:45.973,0.76285,0.76309,1.37,1.00
2014.12.19 12:05:46.074,0.76288,0.76311,1.37,1.00
2014.12.19 12:05:46.907,0.76287,0.7631,1.37,1.00
2014.12.19 12:05:47.277,0.76287,0.7631,1.37,1.00
2014.12.19 12:05:47.829,0.76287,0.76309,1.00,1.00
2014.12.19 12:05:49.307,0.76286,0.76308,1.12,1.00
2014.12.19 12:05:49.476,0.76286,0.7631,1.12,1.00
2014.12.19 12:05:49.987,0.76286,0.7631,1.37,1.00
2014.12.19 12:05:50.990,0.76287,0.7631,1.37,1.00
2014.12.19 12:05:51.041,0.76288,0.76312,1.37,1.00
2014.12.19 12:05:51.666,0.76287,0.76311,1.37,1.00
2014.12.19 12:05:53.395,0.76287,0.76311,1.12,1.00
2014.12.19 12:05:55.856,0.76288,0.76312,1.00,1.00
2014.12.19 12:05:56.557,0.76289,0.76313,1.12,1.00
2014.12.19 12:05:58.614,0.76289,0.76313,1.37,1.00
2014.12.19 12:05:59.220,0.76289,0.76313,1.37,1.00
2014.12.19 12:06:00.129,0.76291,0.76313,1.00,1.00
2014.12.19 12:06:00.180,0.76288,0.76312,2.62,1.00
2014.12.19 12:06:01.540,0.76288,0.76312,1.37,1.00
2014.12.19 12:06:01.792,0.76291,0.76312,1.37,1.00
2014.12.19 12:06:01.842,0.76291,0.76314,1.87,1.00
2014.12.19 12:06:04.561,0.76291,0.76314,1.87,1.00
2014.12.19 12:06:06.060,0.76292,0.76315,1.00,1.00
2014.12.19 12:06:07.076,0.76291,0.76314,1.87,1.00
2014.12.19 12:06:08.286,0.76291,0.76314,1.87,1.00
2014.12.19 12:06:08.498,0.76292,0.76315,1.37,1.00
2014.12.19 12:06:09.343,0.76293,0.76314,1.37,1.00
2014.12.19 12:06:10.354,0.76293,0.76314,1.37,1.00
2014.12.19 12:06:10.404,0.76294,0.76317,1.37,1.00
2014.12.19 12:06:11.011,0.76294,0.76317,1.87,1.00
2014.12.19 12:06:11.959,0.76294,0.76318,1.87,1.00
2014.12.19 12:06:12.739,0.76294,0.76318,2.25,1.00
2014.12.19 12:06:12.839,0.76296,0.7632,1.37,1.00
2014.12.19 12:06:14.445,0.76298,0.76321,1.12,1.00
2014.12.19 12:06:14.921,0.76298,0.76321,1.37,1.00
2014.12.19 12:06:18.147,0.76298,0.76321,1.87,1.00
2014.12.19 12:06:18.298,0.763,0.76326,1.37,1.12
2014.12.19 12:06:18.835,0.763,0.76326,1.12,1.00
2014.12.19 12:06:19.742,0.76299,0.76326,1.12,1.12
2014.12.19 12:06:19.835,0.76299,0.76323,1.87,1.00
2014.12.19 12:06:20.085,0.76299,0.76327,1.12,1.37
2014.12.19 12:06:21.001,0.76299,0.76327,1.12,1.37
2014.12.19 12:06:21.101,0.76299,0.76327,1.37,1.87
2014.12.19 12:06:28.082,0.76298,0.76327,1.87,1.12
2014.12.19 12:06:28.207,0.76297,0.76327,1.37,1.37
2014.12.19 12:06:28.535,0.76297,0.76327,1.37,1.12
2014.12.19 12:06:29.615,0.76297,0.76327,1.37,1.37
2014.12.19 12:06:32.107,0.76297,0.76327,1.12,1.37
2014.12.19 12:06:34.330,0.76297,0.76327,1.37,1.37
2014.12.19 12:06:36.041,0.76297,0.76327,1.37,1.37
2014.12.19 12:06:40.996,0.76297,0.76327,1.12,1.37
2014.12.19 12:06:41.316,0.76298,0.76321,1.00,1.00
2014.12.19 12:06:42.646,0.76299,0.76321,1.00,1.00
2014.12.19 12:06:47.046,0.76297,0.76318,1.00,1.00
2014.12.19 12:06:47.228,0.76295,0.76318,1.00,1.00
2014.12.19 12:06:47.481,0.76297,0.76318,1.00,1.00
2014.12.19 12:06:47.595,0.76295,0.76318,1.12,1.00
2014.12.19 12:06:48.109,0.76294,0.76317,1.87,1.00
2014.12.19 12:06:48.865,0.76294,0.76317,1.87,1.00
2014.12.19 12:06:49.391,0.76294,0.76317,1.50,1.00
2014.12.19 12:06:49.649,0.76298,0.76319,1.37,1.00
2014.12.19 12:06:49.757,0.76298,0.76321,1.37,1.00
2014.12.19 12:06:50.065,0.76299,0.76321,1.37,1.00
2014.12.19 12:06:50.355,0.76304,0.76326,1.12,1.00
2014.12.19 12:06:51.237,0.76304,0.76327,1.50,1.00
2014.12.19 12:06:55.180,0.76306,0.76327,1.00,1.12
2014.12.19 12:06:55.281,0.763,0.76323,1.12,1.00
2014.12.19 12:06:55.813,0.76299,0.76322,1.00,1.00
2014.12.19 12:06:56.685,0.763,0.76322,1.00,1.00
2014.12.19 12:07:04.360,0.76299,0.7632,1.37,1.00
2014.12.19 12:07:04.411,0.763,0.76323,1.12,1.00
2014.12.19 12:07:04.511,0.76302,0.76326,1.00,1.00
2014.12.19 12:07:07.212,0.76301,0.76325,1.00,1.87
2014.12.19 12:07:07.894,0.76301,0.76322,1.00,1.00
2014.12.19 12:07:08.146,0.76297,0.76321,1.00,1.50
2014.12.19 12:07:08.196,0.76297,0.76321,1.37,1.00
2014.12.19 12:07:08.297,0.76297,0.7632,1.12,1.00
2014.12.19 12:07:08.498,0.76295,0.76315,1.00,1.00
2014.12.19 12:07:08.935,0.76294,0.76318,1.12,1.00
2014.12.19 12:07:09.228,0.76293,0.76316,1.37,1.00
2014.12.19 12:07:09.973,0.76293,0.76316,1.12,1.00
2014.12.19 12:07:10.576,0.76292,0.76315,1.00,1.00
2014.12.19 12:07:11.026,0.76292,0.76313,1.00,1.00
2014.12.19 12:07:11.328,0.76296,0.76319,1.00,1.37
2014.12.19 12:07:11.837,0.76297,0.7632,1.00,1.87
2014.12.19 12:07:12.245,0.76297,0.7632,1.37,1.50
2014.12.19 12:07:12.547,0.76299,0.76322,1.37,1.00
2014.12.19 12:07:12.647,0.76301,0.76324,1.00,1.00
2014.12.19 12:07:12.853,0.76301,0.76324,1.37,1.00
2014.12.19 12:07:13.057,0.763,0.76324,1.00,1.00
2014.12.19 12:07:13.108,0.76302,0.76326,1.00,1.00
2014.12.19 12:07:14.104,0.76297,0.76321,1.37,1.00
2014.12.19 12:07:14.664,0.76298,0.76322,1.37,1.00
2014.12.19 12:07:15.522,0.76298,0.76322,1.37,1.00
2014.12.19 12:07:16.034,0.763,0.76321,1.37,1.00
2014.12.19 12:07:18.418,0.763,0.76321,1.00,1.00
2014.12.19 12:07:18.981,0.76298,0.76321,1.37,1.00
2014.12.19 12:07:19.457,0.76296,0.76319,1.37,1.00
2014.12.19 12:07:19.827,0.76295,0.76318,1.87,1.00
2014.12.19 12:07:20.339,0.76295,0.76319,1.37,1.00
2014.12.19 12:07:20.554,0.763,0.76324,1.00,1.12
2014.12.19 12:07:23.455,0.76299,0.76323,1.50,1.00
2014.12.19 12:07:23.656,0.76297,0.76321,1.00,1.00
2014.12.19 12:07:24.129,0.76295,0.76318,1.87,1.00
2014.12.19 12:07:26.471,0.76294,0.76318,1.37,1.00
2014.12.19 12:07:27.107,0.76295,0.76317,1.12,1.00
2014.12.19 12:07:28.258,0.76295,0.76319,1.12,1.00
2014.12.19 12:07:28.368,0.76297,0.76319,1.00,1.00
2014.12.19 12:07:33.207,0.76296,0.76317,1.00,1.00
2014.12.19 12:07:35.116,0.76296,0.7632,1.00,1.00
2014.12.19 12:07:39.405,0.76296,0.76318,1.00,1.00
2014.12.19 12:07:39.946,0.76294,0.76316,1.37,1.00
2014.12.19 12:07:40.249,0.7629,0.76314,1.87,1.00
2014.12.19 12:07:40.796,0.76292,0.76315,1.37,1.00
2014.12.19 12:07:41.132,0.76291,0.76313,1.00,1.00
2014.12.19 12:07:41.283,0.76291,0.76315,1.00,1.00
2014.12.19 12:07:41.384,0.76293,0.76317,1.00,1.12
2014.12.19 12:07:46.104,0.76293,0.76315,1.00,1.00
2014.12.19 12:07:46.554,0.7629,0.76312,1.00,1.00
2014.12.19 12:07:48.937,0.76292,0.76314,1.00,1.00
2014.12.19 12:07:49.074,0.76292,0.76316,1.00,1.00
2014.12.19 12:07:49.124,0.76292,0.76316,1.37,1.00
2014.12.19 12:07:49.175,0.76294,0.76318,1.12,1.50
2014.12.19 12:07:50.075,0.76297,0.76319,1.00,1.00
2014.12.19 12:07:50.454,0.76298,0.7632,1.37,1.00
2014.12.19 12:07:50.505,0.76298,0.76322,1.37,1.00
2014.12.19 12:07:52.451,0.76299,0.76322,2.62,1.00
2014.12.19 12:07:56.292,0.76299,0.76322,1.87,1.00
2014.12.19 12:07:59.000,0.76299,0.76322,1.87,1.00
2014.12.19 12:07:59.651,0.76302,0.76323,1.00,1.00
2014.12.19 12:08:00.404,0.763,0.76323,1.00,1.00
2014.12.19 12:08:00.943,0.763,0.76323,1.00,1.37
2014.12.19 12:08:04.115,0.763,0.76323,1.00,1.12
2014.12.19 12:08:07.236,0.76295,0.76316,1.00,1.00
2014.12.19 12:08:15.155,0.76296,0.76319,1.00,1.12
2014.12.19 12:08:15.255,0.76299,0.76322,1.00,1.37
2014.12.19 12:08:16.104,0.76302,0.76323,1.00,1.87
2014.12.19 12:08:17.753,0.76301,0.76322,1.00,1.37
2014.12.19 12:08:18.287,0.76301,0.7632,1.00,1.37
2014.12.19 12:08:18.594,0.763,0.76316,1.00,1.00
2014.12.19 12:08:18.644,0.76292,0.76315,1.00,1.00
2014.12.19 12:08:21.655,0.76293,0.76314,2.25,1.00
2014.12.19 12:08:21.755,0.76293,0.76317,2.25,1.00
2014.12.19 12:08:21.934,0.76292,0.76315,1.00,1.00
2014.12.19 12:08:22.703,0.76292,0.76316,1.00,1.50
2014.12.19 12:08:24.573,0.76291,0.76315,1.00,1.00
2014.12.19 12:08:26.332,0.76291,0.76315,1.00,1.37
2014.12.19 12:08:26.911,0.76291,0.76315,1.00,1.00
2014.12.19 12:08:31.707,0.76291,0.76314,2.25,1.00
2014.12.19 12:08:32.016,0.76292,0.76313,1.00,1.87
2014.12.19 12:08:32.066,0.7629,0.76311,1.00,1.00
2014.12.19 12:08:32.318,0.7629,0.76313,1.00,1.00
2014.12.19 12:08:33.018,0.76291,0.76314,1.00,1.00
2014.12.19 12:08:39.642,0.76292,0.76315,1.00,1.00
2014.12.19 12:08:39.862,0.76294,0.76315,1.00,1.00
2014.12.19 12:08:40.705,0.76294,0.76316,1.00,1.50
2014.12.19 12:08:41.445,0.76295,0.76316,1.50,1.00
2014.12.19 12:08:41.514,0.76295,0.76318,1.50,1.50
2014.12.19 12:08:42.894,0.76294,0.76318,1.12,1.50
2014.12.19 12:08:46.683,0.76294,0.76318,2.62,1.50
2014.12.19 12:08:46.734,0.76297,0.76318,1.50,1.50
2014.12.19 12:08:46.935,0.76299,0.76322,1.00,1.12
2014.12.19 12:08:47.123,0.76299,0.7632,1.00,1.00
2014.12.19 12:08:48.113,0.76298,0.76319,1.00,1.00
2014.12.19 12:08:48.993,0.76298,0.76321,1.00,1.00
2014.12.19 12:08:56.744,0.76299,0.76321,1.50,1.00
2014.12.19 12:08:56.845,0.76301,0.76322,1.00,1.00
2014.12.19 12:08:58.166,0.76302,0.76325,1.00,1.00
2014.12.19 12:08:58.233,0.76304,0.76326,1.00,1.12
2014.12.19 12:08:58.708,0.76303,0.76324,1.00,1.00
2014.12.19 12:09:00.576,0.76303,0.76327,1.00,1.00
2014.12.19 12:09:01.275,0.76303,0.76326,1.00,1.00
2014.12.19 12:09:04.105,0.763,0.76323,1.12,1.00
2014.12.19 12:09:04.205,0.76303,0.76325,1.00,1.00
2014.12.19 12:09:04.948,0.76301,0.76324,1.00,1.00
2014.12.19 12:09:05.386,0.763,0.76322,1.12,1.00
2014.12.19 12:09:06.372,0.76299,0.76322,1.00,1.00
2014.12.19 12:09:08.184,0.76298,0.76322,1.00,1.00
2014.12.19 12:09:08.812,0.76298,0.76322,1.00,1.37
2014.12.19 12:09:09.274,0.76296,0.76319,1.00,1.00
2014.12.19 12:09:09.806,0.76296,0.7632,2.25,1.00
2014.12.19 12:09:12.639,0.76296,0.7632,2.62,1.00
2014.12.19 12:09:13.153,0.76297,0.7632,1.87,1.00
2014.12.19 12:09:13.203,0.76298,0.76322,1.12,1.00
2014.12.19 12:09:13.723,0.76298,0.76322,2.62,1.00
2014.12.19 12:09:13.975,0.763,0.76324,1.37,1.00
2014.12.19 12:09:14.076,0.76302,0.76326,1.12,1.00
2014.12.19 12:09:16.823,0.76301,0.76325,1.00,1.50
2014.12.19 12:09:16.974,0.763,0.76322,1.00,1.00
2014.12.19 12:09:17.282,0.76297,0.76319,1.12,1.00
2014.12.19 12:09:25.071,0.76297,0.76321,1.12,1.00
2014.12.19 12:09:26.198,0.763,0.76324,1.00,1.37
2014.12.19 12:09:26.500,0.76302,0.76324,1.00,1.00
2014.12.19 12:09:26.550,0.76303,0.76327,2.25,1.00
2014.12.19 12:09:26.651,0.76308,0.76328,1.50,1.00
2014.12.19 12:09:26.752,0.76308,0.76331,1.50,1.12
2014.12.19 12:09:27.344,0.76307,0.76331,1.00,1.12
2014.12.19 12:09:28.053,0.76306,0.7633,2.25,1.12
2014.12.19 12:09:28.921,0.76305,0.76329,2.62,1.00
2014.12.19 12:09:29.401,0.76305,0.76327,1.00,1.00
2014.12.19 12:09:36.110,0.76305,0.76329,1.00,1.12
2014.12.19 12:09:36.647,0.76304,0.76328,1.00,1.00
2014.12.19 12:09:37.220,0.76305,0.76329,1.00,1.00
2014.12.19 12:09:40.397,0.76305,0.76329,1.00,1.37
2014.12.19 12:09:40.598,0.76303,0.76327,1.00,1.37
2014.12.19 12:09:41.247,0.76302,0.76326,1.00,1.12
2014.12.19 12:09:42.502,0.76302,0.76326,1.00,1.37
2014.12.19 12:09:42.653,0.76302,0.76326,1.00,1.87
2014.12.19 12:09:42.892,0.76298,0.76322,1.00,1.12
2014.12.19 12:09:43.515,0.76298,0.76321,1.00,1.00
2014.12.19 12:09:44.921,0.76298,0.76319,1.00,1.00
2014.12.19 12:09:56.774,0.76297,0.76319,1.00,1.12
2014.12.19 12:09:57.083,0.76295,0.76317,1.00,1.00
2014.12.19 12:09:59.754,0.76297,0.76318,1.00,1.00
2014.12.19 12:10:01.279,0.76295,0.76318,1.50,1.00
2014.12.19 12:10:01.993,0.76293,0.76317,1.37,1.00
2014.12.19 12:10:02.582,0.76295,0.76318,1.00,1.00
2014.12.19 12:10:05.365,0.76293,0.76317,1.00,1.00
2014.12.19 12:10:05.972,0.76294,0.76317,1.00,1.00
2014.12.19 12:10:11.162,0.76295,0.76317,1.00,1.00
2014.12.19 12:10:15.253,0.76294,0.76317,1.00,1.00
2014.12.19 12:10:15.918,0.76293,0.76317,1.00,1.12
2014.12.19 12:10:18.665,0.76294,0.76317,1.00,1.00
2014.12.19 12:10:18.866,0.76296,0.76319,1.00,1.50
2014.12.19 12:10:19.632,0.76294,0.76318,1.50,1.00
2014.12.19 12:10:20.072,0.76296,0.76317,1.00,1.00
2014.12.19 12:10:21.659,0.76295,0.76316,1.00,1.00
2014.12.19 12:10:21.941,0.76295,0.76318,1.00,1.00
2014.12.19 12:10:22.093,0.76294,0.76316,1.00,1.00
2014.12.19 12:10:22.463,0.76296,0.76317,1.00,1.00
2014.12.19 12:10:26.453,0.76297,0.76318,1.00,1.00
2014.12.19 12:10:31.866,0.76296,0.7632,1.00,1.00
2014.12.19 12:10:37.342,0.76298,0.76321,1.00,1.12
2014.12.19 12:10:39.812,0.76298,0.76321,1.00,1.37
2014.12.19 12:10:40.528,0.76297,0.76319,1.00,1.12
2014.12.19 12:10:41.022,0.76296,0.76319,1.00,1.87
2014.12.19 12:10:41.173,0.76296,0.76319,1.00,1.87
2014.12.19 12:10:41.324,0.763,0.76321,1.00,1.87
2014.12.19 12:10:42.062,0.763,0.76319,1.00,1.37
2014.12.19 12:10:42.822,0.76299,0.76319,1.00,1.37
2014.12.19 12:10:45.812,0.76297,0.76319,1.00,1.37
2014.12.19 12:10:47.238,0.76297,0.76319,1.00,1.37
2014.12.19 12:10:59.584,0.76297,0.76319,1.00,1.37
2014.12.19 12:11:00.570,0.76294,0.76315,1.00,1.12
2014.12.19 12:11:01.212,0.76295,0.76315,1.00,1.12
2014.12.19 12:11:02.757,0.76295,0.76317,1.00,1.12
2014.12.19 12:11:03.009,0.76297,0.76317,1.00,1.12
2014.12.19 12:11:03.516,0.76296,0.76319,1.00,1.87
2014.12.19 12:11:04.539,0.76296,0.76319,1.00,1.50
2014.12.19 12:11:04.590,0.76299,0.76319,1.50,1.50
2014.12.19 12:11:04.741,0.76301,0.76323,1.00,1.12
2014.12.19 12:11:05.139,0.76302,0.76325,1.00,1.37
2014.12.19 12:11:05.190,0.763,0.76324,1.00,1.87
2014.12.19 12:11:07.973,0.763,0.76324,1.00,1.87
2014.12.19 12:11:08.074,0.763,0.76324,1.00,1.00
2014.12.19 12:11:08.319,0.76301,0.76323,1.00,1.37
2014.12.19 12:11:08.824,0.76302,0.76326,1.00,1.72
2014.12.19 12:11:09.062,0.76299,0.76323,1.00,1.00
2014.12.19 12:11:09.621,0.763,0.76323,1.00,1.12
2014.12.19 12:11:10.432,0.76301,0.76324,1.00,1.37
2014.12.19 12:11:11.089,0.76301,0.76324,1.00,1.37
2014.12.19 12:11:11.624,0.76301,0.76324,1.00,1.37
2014.12.19 12:11:12.762,0.76301,0.76322,1.00,1.00
2014.12.19 12:11:15.864,0.76301,0.76324,1.00,1.37
2014.12.19 12:11:16.381,0.763,0.76324,1.00,1.12
2014.12.19 12:11:16.882,0.76301,0.76325,1.00,1.87
2014.12.19 12:11:17.562,0.76301,0.76325,2.25,1.50
2014.12.19 12:11:22.441,0.76302,0.76326,1.00,1.00
2014.12.19 12:12:15.030,0.76302,0.76324,1.00,1.00
2014.12.19 12:12:15.990,0.76302,0.76326,1.00,1.00
2014.12.19 12:12:16.141,0.76306,0.7633,1.00,1.37
2014.12.19 12:12:16.443,0.76308,0.76331,1.00,1.37
2014.12.19 12:12:17.002,0.76307,0.7633,1.00,1.37
2014.12.19 12:12:17.682,0.76307,0.7633,1.00,1.12
2014.12.19 12:12:18.524,0.76307,0.7633,1.00,1.37
2014.12.19 12:12:22.580,0.76307,0.7633,1.00,1.37
2014.12.19 12:12:22.895,0.76305,0.76326,1.00,1.00
2014.12.19 12:12:23.517,0.76306,0.76329,1.00,1.37
2014.12.19 12:12:32.839,0.76307,0.76329,1.00,1.37
2014.12.19 12:12:33.294,0.76307,0.76329,1.00,1.12
2014.12.19 12:12:37.605,0.76307,0.76329,1.00,1.37
2014.12.19 12:12:41.219,0.76307,0.7633,1.00,1.00
2014.12.19 12:12:41.320,0.76309,0.7633,1.00,1.00
2014.12.19 12:12:41.923,0.7631,0.76331,1.00,1.50
2014.12.19 12:12:42.383,0.76311,0.76334,1.00,1.37
2014.12.19 12:12:42.534,0.76313,0.76333,1.00,1.12
2014.12.19 12:12:43.642,0.76313,0.76333,1.00,1.37
2014.12.19 12:12:44.143,0.76314,0.76335,1.00,1.37
2014.12.19 12:12:44.471,0.76314,0.76335,1.00,1.37
2014.12.19 12:12:44.722,0.76312,0.76334,1.00,1.37
2014.12.19 12:12:45.410,0.76312,0.76334,1.00,1.37
2014.12.19 12:12:47.139,0.7631,0.76334,1.00,1.87
2014.12.19 12:12:52.439,0.76312,0.76332,1.00,1.00
2014.12.19 12:12:52.991,0.76312,0.76333,1.00,1.00
2014.12.19 12:12:57.589,0.76311,0.76333,1.00,1.12
2014.12.19 12:13:00.318,0.76311,0.76335,1.00,1.87
2014.12.19 12:13:00.851,0.76312,0.76335,1.00,1.12
2014.12.19 12:13:01.263,0.76312,0.76335,1.00,1.37
2014.12.19 12:13:01.910,0.76311,0.76334,1.00,1.37
2014.12.19 12:13:02.629,0.7631,0.76334,1.00,1.37
2014.12.19 12:13:07.708,0.76311,0.76334,1.00,1.37
2014.12.19 12:13:08.699,0.76312,0.76334,1.00,1.37
2014.12.19 12:13:09.710,0.76311,0.76334,1.00,1.37
2014.12.19 12:13:11.261,0.76311,0.76332,1.00,1.00
2014.12.19 12:13:11.729,0.76309,0.76332,1.00,1.00
2014.12.19 12:13:12.384,0.76309,0.76332,1.00,1.37
2014.12.19 12:13:12.491,0.76307,0.76331,1.00,1.37
2014.12.19 12:13:15.927,0.76308,0.76331,1.00,1.12
2014.12.19 12:13:16.228,0.76311,0.76332,1.00,1.87
2014.12.19 12:13:16.339,0.76309,0.76332,1.00,1.87
2014.12.19 12:13:19.107,0.76309,0.7633,1.00,1.00
2014.12.19 12:13:20.366,0.76309,0.76329,1.00,1.00
2014.12.19 12:13:20.416,0.76307,0.76329,1.00,1.00
2014.12.19 12:13:22.700,0.76307,0.76329,1.00,1.37
2014.12.19 12:13:22.851,0.76301,0.76325,1.00,1.00
2014.12.19 12:13:22.902,0.76301,0.76321,1.00,1.00
2014.12.19 12:13:23.053,0.76298,0.76321,1.00,1.00
2014.12.19 12:13:23.369,0.763,0.76322,1.00,1.50
2014.12.19 12:13:24.108,0.76299,0.76321,1.00,1.00
2014.12.19 12:13:24.413,0.76299,0.76321,1.00,1.37
2014.12.19 12:13:27.450,0.76296,0.7632,1.00,1.37
2014.12.19 12:13:27.969,0.76296,0.76318,1.00,1.12
2014.12.19 12:13:28.020,0.76294,0.76318,1.00,1.87
2014.12.19 12:13:28.889,0.76294,0.76318,1.00,1.87
2014.12.19 12:13:30.756,0.76293,0.76317,1.00,1.37
2014.12.19 12:13:31.262,0.76292,0.76316,1.00,1.87
2014.12.19 12:13:31.568,0.76294,0.76318,1.00,1.37
2014.12.19 12:13:32.100,0.76291,0.76315,1.00,1.50
2014.12.19 12:13:32.513,0.76294,0.76315,1.00,1.00
2014.12.19 12:13:33.743,0.76294,0.76317,1.00,1.87
2014.12.19 12:13:34.139,0.76294,0.76314,1.00,1.00
2014.12.19 12:13:36.163,0.76294,0.76316,1.00,1.00
2014.12.19 12:13:36.366,0.76292,0.76316,1.00,1.87
2014.12.19 12:13:39.320,0.76291,0.76315,1.00,1.87
2014.12.19 12:13:39.471,0.76293,0.76315,1.00,1.12
2014.12.19 12:13:40.035,0.76294,0.76316,1.00,1.37
2014.12.19 12:13:41.564,0.76293,0.76315,1.00,1.37
2014.12.19 12:13:46.578,0.76292,0.76316,1.00,1.37
2014.12.19 12:13:48.691,0.76292,0.76315,1.00,1.37
2014.12.19 12:13:49.818,0.76293,0.76317,1.00,2.25
2014.12.19 12:13:52.501,0.76293,0.76315,1.00,1.37
2014.12.19 12:13:52.652,0.76291,0.76314,1.00,1.12
2014.12.19 12:13:52.860,0.7629,0.76312,1.00,1.00
2014.12.19 12:13:53.498,0.7629,0.76311,1.50,1.00
2014.12.19 12:13:54.168,0.7629,0.76312,1.50,1.00
2014.12.19 12:13:55.157,0.7629,0.76313,1.00,1.87
2014.12.19 12:13:55.676,0.7629,0.76314,1.50,1.50
2014.12.19 12:13:56.011,0.76293,0.76315,1.00,1.50
2014.12.19 12:13:56.262,0.76298,0.76321,1.50,1.00
2014.12.19 12:13:56.413,0.763,0.76323,1.00,1.00
2014.12.19 12:13:56.817,0.76304,0.76328,1.00,1.37
2014.12.19 12:13:58.496,0.76304,0.76327,1.00,1.37
2014.12.19 12:13:59.628,0.76304,0.76327,1.00,1.87
2014.12.19 12:13:59.889,0.76302,0.76325,1.00,1.87
2014.12.19 12:14:00.629,0.76302,0.76324,1.00,1.37
2014.12.19 12:14:01.024,0.76302,0.76324,1.00,1.37
2014.12.19 12:14:01.322,0.76303,0.76325,1.00,1.50
2014.12.19 12:14:01.758,0.76305,0.76326,1.00,1.00
2014.12.19 12:14:02.439,0.76304,0.76326,1.00,1.00
2014.12.19 12:14:05.203,0.76303,0.76324,1.00,1.00
2014.12.19 12:14:05.278,0.76301,0.76325,1.00,1.00
2014.12.19 12:14:06.377,0.763,0.76324,1.00,1.00
2014.12.19 12:14:06.752,0.76303,0.76327,1.00,1.87
2014.12.19 12:14:07.389,0.76304,0.76327,1.00,1.12
2014.12.19 12:14:08.077,0.76304,0.76327,1.00,1.37
2014.12.19 12:14:11.110,0.76304,0.76327,1.00,1.12
2014.12.19 12:14:11.643,0.76304,0.76327,1.00,1.37
2014.12.19 12:14:13.158,0.76304,0.76327,1.00,1.37
2014.12.19 12:14:21.590,0.76304,0.76327,1.00,1.37
2014.12.19 12:14:21.992,0.76304,0.76326,1.00,1.37
2014.12.19 12:14:22.143,0.76301,0.76325,1.00,1.37
2014.12.19 12:14:22.344,0.76303,0.76326,1.00,1.87
2014.12.19 12:14:22.930,0.76304,0.76327,1.00,1.37
2014.12.19 12:14:23.702,0.76304,0.76326,1.00,1.37
2014.12.19 12:14:23.808,0.76302,0.76326,1.00,1.87
2014.12.19 12:14:24.319,0.76303,0.76322,1.00,1.12
2014.12.19 12:14:25.407,0.76301,0.76322,1.00,1.12
2014.12.19 12:14:28.349,0.76301,0.76321,1.00,1.37
2014.12.19 12:14:29.132,0.763,0.7632,1.00,1.12
2014.12.19 12:14:31.418,0.763,0.76321,1.00,1.00
2014.12.19 12:14:32.136,0.763,0.76321,1.00,1.37
2014.12.19 12:14:32.237,0.76298,0.76321,1.00,1.87
2014.12.19 12:14:39.477,0.76298,0.76321,1.00,1.87
2014.12.19 12:14:49.358,0.76298,0.76321,1.00,1.87
2014.12.19 12:14:49.957,0.76298,0.76321,1.00,1.87
2014.12.19 12:14:51.273,0.76298,0.76321,1.00,1.87
2014.12.19 12:14:57.077,0.76298,0.76321,1.00,1.87
2014.12.19 12:14:57.228,0.76298,0.76321,1.00,1.87
2014.12.19 12:14:59.976,0.76293,0.76317,1.00,1.12
2014.12.19 12:15:00.103,0.76292,0.76315,1.00,1.00
2014.12.19 12:15:00.718,0.76291,0.76314,1.00,1.00
2014.12.19 12:15:01.057,0.76293,0.76314,1.00,1.37
2014.12.19 12:15:01.158,0.76291,0.76314,1.00,1.37
2014.12.19 12:15:02.414,0.76291,0.76314,1.00,1.87
2014.12.19 12:15:02.962,0.76291,0.76314,1.00,1.87
2014.12.19 12:15:05.019,0.76291,0.76314,1.00,1.87
2014.12.19 12:15:05.144,0.76291,0.76314,1.00,1.87
2014.12.19 12:15:05.245,0.76289,0.76313,2.25,1.37
2014.12.19 12:15:05.450,0.76291,0.76314,1.00,1.87
2014.12.19 12:15:06.073,0.76291,0.76314,1.00,1.12
2014.12.19 12:15:06.124,0.76291,0.76314,1.00,1.37
2014.12.19 12:15:06.352,0.76292,0.76314,1.00,1.12
2014.12.19 12:15:07.208,0.76293,0.76315,1.00,1.37
2014.12.19 12:15:07.830,0.76293,0.76315,1.00,1.37
2014.12.19 12:15:08.211,0.76291,0.76315,1.00,1.37
2014.12.19 12:15:09.158,0.76291,0.76315,1.00,1.37
2014.12.19 12:15:12.042,0.76291,0.76313,1.00,1.37
2014.12.19 12:15:14.247,0.76291,0.76313,1.00,1.00
2014.12.19 12:15:14.348,0.76291,0.76313,1.00,1.37
2014.12.19 12:15:14.600,0.76288,0.76311,1.00,1.37
2014.12.19 12:15:15.149,0.76288,0.76311,1.00,1.37
2014.12.19 12:15:15.350,0.76291,0.76313,1.00,1.87
2014.12.19 12:15:15.559,0.76292,0.76314,1.00,1.37
2014.12.19 12:15:16.269,0.76292,0.76314,1.00,1.37
2014.12.19 12:15:16.699,0.76294,0.76314,1.00,1.00
2014.12.19 12:15:17.659,0.76294,0.76314,1.00,1.37
2014.12.19 12:15:18.280,0.76292,0.76315,1.00,1.37
2014.12.19 12:15:18.888,0.76291,0.76315,1.00,1.87
2014.12.19 12:15:21.670,0.76291,0.76314,1.00,1.37
2014.12.19 12:15:21.890,0.76289,0.76312,1.00,1.87
2014.12.19 12:15:22.665,0.76289,0.76311,1.00,1.00
2014.12.19 12:15:28.137,0.76289,0.76312,1.50,1.00
2014.12.19 12:15:28.238,0.7629,0.76314,1.00,1.50
2014.12.19 12:15:28.289,0.76294,0.76314,1.00,1.00
2014.12.19 12:15:28.988,0.76296,0.76317,1.00,1.37
2014.12.19 12:15:29.493,0.76296,0.76317,1.00,1.12
2014.12.19 12:15:30.071,0.76297,0.76318,1.00,1.37
2014.12.19 12:15:30.794,0.76297,0.7632,1.00,1.37
2014.12.19 12:15:33.069,0.76298,0.76321,1.00,1.87
2014.12.19 12:15:33.120,0.76298,0.76321,1.00,1.37
2014.12.19 12:15:33.738,0.76298,0.76322,1.00,1.87
2014.12.19 12:15:34.598,0.76299,0.7632,1.00,1.37
2014.12.19 12:15:42.659,0.763,0.7632,1.00,1.37
2014.12.19 12:15:44.529,0.76299,0.7632,1.00,1.37
2014.12.19 12:15:53.946,0.76299,0.76322,1.00,1.87
2014.12.19 12:15:54.547,0.76299,0.76322,1.00,1.87
2014.12.19 12:15:55.777,0.763,0.76322,1.00,1.00
2014.12.19 12:15:56.322,0.76301,0.7632,1.00,1.00
2014.12.19 12:15:56.423,0.76297,0.76317,1.50,1.50
2014.12.19 12:15:56.474,0.76294,0.76317,1.00,2.25
2014.12.19 12:15:56.574,0.76294,0.76315,1.00,1.37
2014.12.19 12:15:56.625,0.7629,0.76313,1.00,1.12
2014.12.19 12:15:56.675,0.76294,0.76313,1.00,1.00
2014.12.19 12:15:56.876,0.76291,0.76312,1.00,1.00
2014.12.19 12:15:57.383,0.76289,0.76312,1.50,1.00
2014.12.19 12:15:57.917,0.76291,0.76312,1.00,1.00
2014.12.19 12:16:02.767,0.76291,0.76314,1.00,1.37
2014.12.19 12:16:02.918,0.76289,0.76312,1.50,1.00
2014.12.19 12:16:06.726,0.76288,0.76312,1.00,1.00
2014.12.19 12:16:06.981,0.76291,0.76313,1.00,1.00
2014.12.19 12:16:07.329,0.76293,0.76315,1.00,1.50
2014.12.19 12:16:07.530,0.76293,0.76317,1.00,1.87
2014.12.19 12:16:07.731,0.76295,0.76317,1.00,1.00
2014.12.19 12:16:08.081,0.76292,0.76315,1.00,1.87
2014.12.19 12:16:08.648,0.76292,0.76313,1.00,1.37
2014.12.19 12:16:11.600,0.76291,0.76312,1.00,1.00
2014.12.19 12:16:11.929,0.76289,0.76311,1.00,1.00
2014.12.19 12:16:12.108,0.76287,0.76311,1.00,1.37
2014.12.19 12:16:12.259,0.76284,0.76308,1.50,1.87
2014.12.19 12:16:12.368,0.76283,0.76305,1.00,1.00
2014.12.19 12:16:12.468,0.76281,0.76305,1.00,1.00
2014.12.19 12:16:12.569,0.76284,0.76305,1.00,1.00
2014.12.19 12:16:12.703,0.76284,0.76307,1.00,1.00
2014.12.19 12:16:12.988,0.76286,0.7631,1.00,1.12
2014.12.19 12:16:13.527,0.76286,0.76309,1.00,1.12
2014.12.19 12:16:14.058,0.76285,0.76308,1.00,1.00
2014.12.19 12:16:19.696,0.76284,0.76307,1.00,1.00
2014.12.19 12:16:22.862,0.76284,0.76307,1.00,1.37
2014.12.19 12:16:23.113,0.76282,0.76306,1.00,1.37
2014.12.19 12:16:23.757,0.76281,0.76305,1.00,1.12
2014.12.19 12:16:24.407,0.7628,0.76303,1.00,1.00
2014.12.19 12:16:24.959,0.7628,0.76301,1.00,1.00
2014.12.19 12:16:25.268,0.7628,0.76296,1.00,1.37
2014.12.19 12:16:25.318,0.76275,0.76296,1.00,1.87
2014.12.19 12:16:25.570,0.76277,0.76298,1.00,1.50
2014.12.19 12:16:25.636,0.76275,0.76298,1.00,1.50
2014.12.19 12:16:25.863,0.76279,0.76298,1.00,1.00
2014.12.19 12:16:25.914,0.76279,0.763,1.00,1.12
2014.12.19 12:16:26.681,0.76278,0.76301,1.00,1.00
2014.12.19 12:16:27.068,0.76276,0.763,1.00,1.00
2014.12.19 12:16:31.577,0.76277,0.763,1.00,1.00
2014.12.19 12:16:33.987,0.76279,0.763,1.00,1.00
2014.12.19 12:16:35.023,0.76276,0.763,1.00,1.12
2014.12.19 12:16:35.123,0.76278,0.76301,1.00,1.37
2014.12.19 12:16:36.147,0.76278,0.76301,1.00,1.00
2014.12.19 12:16:36.697,0.7628,0.76302,1.00,1.12
2014.12.19 12:16:45.217,0.7628,0.76302,1.00,1.37
2014.12.19 12:16:45.318,0.7628,0.76302,1.00,1.00
2014.12.19 12:16:45.368,0.76282,0.76301,1.00,1.00
2014.12.19 12:16:45.469,0.7628,0.76302,1.00,1.12
2014.12.19 12:16:45.868,0.76281,0.76304,1.00,1.12
2014.12.19 12:16:46.019,0.76283,0.76306,1.00,1.12
2014.12.19 12:16:46.537,0.76282,0.76306,1.00,1.87
2014.12.19 12:16:46.866,0.76282,0.76304,1.00,1.37
2014.12.19 12:16:47.255,0.76281,0.76303,1.00,1.37
2014.12.19 12:16:47.406,0.76279,0.76301,1.00,1.12
2014.12.19 12:16:48.199,0.76279,0.76301,1.00,1.37
2014.12.19 12:16:49.487,0.7628,0.76301,1.00,1.37
2014.12.19 12:16:49.757,0.7628,0.76301,1.00,1.37
2014.12.19 12:16:49.908,0.7628,0.76301,1.00,1.12
2014.12.19 12:16:50.015,0.7628,0.76301,1.00,1.37
2014.12.19 12:16:50.476,0.76278,0.763,1.00,1.37
2014.12.19 12:16:51.466,0.76276,0.76299,1.00,1.37
2014.12.19 12:16:53.030,0.76276,0.76299,1.00,1.12
2014.12.19 12:16:58.396,0.76276,0.76299,1.00,1.37
2014.12.19 12:16:58.447,0.76273,0.76297,1.00,1.12
2014.12.19 12:17:00.773,0.76273,0.76297,1.00,1.37
2014.12.19 12:17:01.783,0.76273,0.76297,1.00,1.12
2014.12.19 12:17:02.286,0.76273,0.76297,1.00,1.37
2014.12.19 12:17:02.592,0.76273,0.76297,1.00,1.12
2014.12.19 12:17:02.928,0.76275,0.76297,1.00,1.00
2014.12.19 12:17:03.147,0.76273,0.76297,1.00,1.12
2014.12.19 12:17:03.298,0.76273,0.76297,1.00,1.37
2014.12.19 12:17:03.499,0.76273,0.76297,1.00,1.00
2014.12.19 12:17:04.076,0.76274,0.76297,1.00,1.00
2014.12.19 12:17:08.407,0.76276,0.76297,1.00,1.00
2014.12.19 12:17:12.919,0.76275,0.76299,1.00,1.12
2014.12.19 12:17:12.969,0.7628,0.76299,1.00,1.00
2014.12.19 12:17:13.070,0.7628,0.76302,1.00,1.00
2014.12.19 12:17:13.857,0.7628,0.76303,1.50,1.12
2014.12.19 12:17:14.697,0.7628,0.76301,1.50,1.00
2014.12.19 12:17:14.798,0.7628,0.76304,1.50,1.12
2014.12.19 12:17:15.019,0.76284,0.76305,1.00,1.37
2014.12.19 12:17:15.171,0.76282,0.76304,1.00,1.37
2014.12.19 12:17:16.220,0.76281,0.76305,1.00,1.37
2014.12.19 12:17:16.430,0.76281,0.76305,1.00,1.50
2014.12.19 12:17:16.731,0.76281,0.76305,1.00,1.37
2014.12.19 12:17:16.781,0.76283,0.76305,1.00,1.37
2014.12.19 12:17:17.359,0.76283,0.76305,1.00,1.37
2014.12.19 12:17:18.336,0.76282,0.76304,1.00,1.37
2014.12.19 12:17:18.937,0.76282,0.76304,1.00,1.12
2014.12.19 12:17:19.515,0.76281,0.76303,1.00,1.12
2014.12.19 12:17:23.260,0.76281,0.76305,1.00,1.87
2014.12.19 12:17:23.549,0.76281,0.76305,1.00,1.50
2014.12.19 12:17:23.600,0.76284,0.76305,1.50,1.00
2014.12.19 12:17:23.916,0.76284,0.76307,1.00,1.12
2014.12.19 12:17:24.017,0.76283,0.76307,1.00,1.37
2014.12.19 12:17:24.654,0.76283,0.76305,1.00,1.37
2014.12.19 12:17:28.305,0.76283,0.76305,1.00,1.00
2014.12.19 12:17:28.608,0.76292,0.76313,1.00,1.37
2014.12.19 12:17:28.658,0.76288,0.76312,1.00,1.37
2014.12.19 12:17:28.950,0.76285,0.76308,1.00,1.50
2014.12.19 12:17:29.495,0.76286,0.76308,1.00,1.00
2014.12.19 12:17:30.013,0.76287,0.76308,1.00,1.00
2014.12.19 12:17:31.725,0.76284,0.76308,1.00,1.50
2014.12.19 12:17:32.264,0.76283,0.76308,1.00,1.87
2014.12.19 12:17:33.705,0.76282,0.76307,1.00,1.12
2014.12.19 12:17:37.636,0.76282,0.76307,1.00,1.37
2014.12.19 12:17:38.226,0.76282,0.76307,1.00,1.12
2014.12.19 12:17:38.435,0.76282,0.76305,1.00,1.00
2014.12.19 12:17:39.319,0.76283,0.76307,1.00,1.12
2014.12.19 12:17:39.931,0.76284,0.76307,1.00,1.37
2014.12.19 12:17:41.965,0.76283,0.76307,1.00,1.37
2014.12.19 12:17:42.066,0.76283,0.76307,1.00,1.37
2014.12.19 12:17:42.187,0.76281,0.76305,1.00,1.37
2014.12.19 12:17:42.534,0.76283,0.76306,1.00,1.37
2014.12.19 12:17:42.639,0.76283,0.76306,1.00,1.12
2014.12.19 12:17:42.740,0.76283,0.76306,1.00,1.37
2014.12.19 12:17:43.141,0.76283,0.76306,1.00,1.37
2014.12.19 12:17:43.507,0.76285,0.76306,1.00,1.37
2014.12.19 12:17:44.119,0.76285,0.76306,1.00,1.12
2014.12.19 12:17:47.050,0.76285,0.76308,1.00,1.37
2014.12.19 12:17:47.352,0.76287,0.76309,1.00,1.00
2014.12.19 12:17:47.503,0.76287,0.76311,1.00,1.00
2014.12.19 12:17:49.107,0.76286,0.7631,1.00,1.00
2014.12.19 12:17:50.460,0.76286,0.7631,1.00,1.37
2014.12.19 12:17:50.561,0.76286,0.7631,1.00,1.37
2014.12.19 12:17:56.976,0.76286,0.76308,1.00,1.37
2014.12.19 12:18:00.283,0.76286,0.76308,1.00,1.37
2014.12.19 12:18:03.995,0.76286,0.76308,1.00,1.37
2014.12.19 12:18:05.294,0.76286,0.76307,1.00,1.37
2014.12.19 12:18:06.974,0.76284,0.76307,1.00,1.87
2014.12.19 12:18:12.309,0.76284,0.76307,1.00,1.87
2014.12.19 12:18:12.412,0.76284,0.76306,1.00,3.00
2014.12.19 12:18:12.462,0.76282,0.76303,1.00,1.37
2014.12.19 12:18:12.563,0.7628,0.76303,1.00,1.87
2014.12.19 12:18:12.664,0.76284,0.76302,1.00,1.00
2014.12.19 12:18:12.915,0.76283,0.76307,1.00,1.00
2014.12.19 12:18:13.125,0.76285,0.76307,1.00,1.50
2014.12.19 12:18:13.427,0.76283,0.76305,1.00,1.00
2014.12.19 12:18:13.636,0.76285,0.76308,1.50,1.00
2014.12.19 12:18:13.969,0.76283,0.76306,1.00,1.00
2014.12.19 12:18:14.296,0.76285,0.76306,1.00,1.00
2014.12.19 12:18:14.407,0.76285,0.76308,1.50,1.50
2014.12.19 12:18:14.457,0.76285,0.76306,1.50,1.00
2014.12.19 12:18:14.845,0.76287,0.76306,1.00,1.00
2014.12.19 12:18:14.895,0.76287,0.76309,1.00,1.00
2014.12.19 12:18:15.629,0.76288,0.7631,1.00,1.87
2014.12.19 12:18:15.837,0.76289,0.76311,1.00,1.87
2014.12.19 12:18:15.989,0.76287,0.76308,1.00,1.37
2014.12.19 12:18:16.090,0.76285,0.76308,1.00,1.87
2014.12.19 12:18:18.056,0.76286,0.76309,1.00,1.87
2014.12.19 12:18:18.157,0.76288,0.76309,1.00,1.37
2014.12.19 12:18:18.659,0.76288,0.76309,1.00,1.37
2014.12.19 12:18:19.186,0.76289,0.76311,1.00,1.87
2014.12.19 12:18:20.127,0.76289,0.76311,1.00,1.87
2014.12.19 12:18:20.824,0.76289,0.76312,1.00,1.87
2014.12.19 12:18:21.340,0.76289,0.76312,1.00,1.87
2014.12.19 12:18:22.147,0.76289,0.76312,1.00,1.87
2014.12.19 12:18:22.495,0.76289,0.76312,1.00,1.50
2014.12.19 12:18:22.552,0.76289,0.76312,1.00,1.87
2014.12.19 12:18:22.856,0.76289,0.76312,1.00,2.25
2014.12.19 12:18:23.125,0.76286,0.76308,1.00,1.37
2014.12.19 12:18:23.645,0.76288,0.76311,1.00,2.25
2014.12.19 12:18:23.695,0.76288,0.76311,1.00,1.87
2014.12.19 12:18:24.493,0.76289,0.76312,1.00,1.37
2014.12.19 12:18:24.765,0.76289,0.76312,1.00,1.50
2014.12.19 12:18:25.079,0.76287,0.7631,1.00,1.37
2014.12.19 12:18:25.622,0.76287,0.7631,1.00,1.37
2014.12.19 12:18:25.886,0.76289,0.7631,1.00,1.37
2014.12.19 12:18:26.232,0.76289,0.76309,1.00,1.37
2014.12.19 12:18:26.332,0.76287,0.76308,1.00,1.37
2014.12.19 12:18:26.435,0.76285,0.76308,1.00,1.37
2014.12.19 12:18:27.911,0.76285,0.76307,1.00,1.37
2014.12.19 12:18:28.154,0.76282,0.76306,1.00,1.37
2014.12.19 12:18:28.493,0.76285,0.76307,1.00,1.87
2014.12.19 12:18:32.795,0.76284,0.76306,1.00,1.87
2014.12.19 12:18:36.817,0.76284,0.76306,1.00,1.87
2014.12.19 12:18:37.834,0.76285,0.76306,1.00,1.12
2014.12.19 12:18:38.612,0.76284,0.76307,1.00,1.37
2014.12.19 12:18:39.464,0.76284,0.76307,1.00,1.37
2014.12.19 12:18:40.044,0.76283,0.76307,1.00,1.87
2014.12.19 12:18:40.145,0.76283,0.76307,1.00,1.87
2014.12.19 12:18:40.254,0.7628,0.76304,1.00,1.37
2014.12.19 12:18:42.261,0.76285,0.76303,1.00,1.12
2014.12.19 12:18:42.393,0.7628,0.76304,1.00,1.00
2014.12.19 12:18:43.041,0.76283,0.76306,1.00,1.12
2014.12.19 12:18:45.855,0.76283,0.76306,1.00,1.37
2014.12.19 12:18:46.424,0.76282,0.76304,1.00,1.00
2014.12.19 12:18:46.988,0.76281,0.76304,1.00,1.50
2014.12.19 12:18:49.397,0.7628,0.76303,1.00,1.12
2014.12.19 12:18:49.984,0.7628,0.76303,1.00,1.87
2014.12.19 12:18:50.043,0.76278,0.76301,1.00,1.00
2014.12.19 12:18:51.375,0.7628,0.76301,1.00,1.00
2014.12.19 12:18:51.973,0.7628,0.76299,1.00,1.00
2014.12.19 12:18:52.915,0.76279,0.76299,1.00,1.00
2014.12.19 12:18:58.868,0.76278,0.76299,1.00,1.00
2014.12.19 12:19:00.165,0.76276,0.76299,1.00,1.50
2014.12.19 12:19:05.265,0.76277,0.76299,1.00,1.00
2014.12.19 12:19:06.804,0.76277,0.76298,1.00,1.00
2014.12.19 12:19:07.556,0.76275,0.76297,1.50,1.00
2014.12.19 12:19:08.307,0.76276,0.76298,1.00,1.00
2014.12.19 12:19:08.832,0.76275,0.76298,1.00,1.87
2014.12.19 12:19:09.400,0.76275,0.76298,1.00,1.87
2014.12.19 12:19:11.334,0.76275,0.76298,1.00,1.87
2014.12.19 12:19:11.486,0.76275,0.76298,1.00,1.50
2014.12.19 12:19:11.537,0.76275,0.76294,1.00,1.00
2014.12.19 12:19:11.738,0.76269,0.76291,1.00,1.00
2014.12.19 12:19:12.398,0.76271,0.76292,1.00,1.00
2014.12.19 12:19:12.816,0.76269,0.7629,1.00,1.00
2014.12.19 12:19:17.001,0.76269,0.7629,1.00,1.87
2014.12.19 12:19:22.273,0.76267,0.7629,1.00,1.87
2014.12.19 12:19:25.019,0.76267,0.7629,1.00,1.87
2014.12.19 12:19:25.725,0.76269,0.7629,1.00,1.12
2014.12.19 12:19:26.317,0.76269,0.76289,1.00,1.00
2014.12.19 12:19:36.360,0.76267,0.76289,1.00,1.00
2014.12.19 12:19:38.605,0.76267,0.76289,1.00,1.37
2014.12.19 12:19:43.153,0.76267,0.76289,1.00,1.12
2014.12.19 12:19:45.744,0.76267,0.76286,1.00,1.00
2014.12.19 12:19:45.850,0.76267,0.76288,1.00,1.12
2014.12.19 12:19:46.130,0.76266,0.76288,1.00,1.37
2014.12.19 12:19:46.382,0.76264,0.76285,1.50,1.37
2014.12.19 12:19:48.916,0.76264,0.76285,1.50,1.00
2014.12.19 12:19:49.268,0.76266,0.76289,1.00,1.12
2014.12.19 12:19:49.760,0.76268,0.76288,1.00,1.00
2014.12.19 12:19:49.810,0.76266,0.76288,1.00,1.00
2014.12.19 12:19:51.019,0.76266,0.76286,1.00,1.00
2014.12.19 12:19:53.827,0.76266,0.76286,1.00,1.37
2014.12.19 12:19:53.978,0.76264,0.76284,1.00,1.00
2014.12.19 12:20:07.927,0.76265,0.76284,1.00,1.12
2014.12.19 12:20:11.117,0.76263,0.76284,1.00,1.12
2014.12.19 12:20:16.540,0.76264,0.76284,1.00,1.00
2014.12.19 12:20:16.706,0.76264,0.76287,1.00,1.37
2014.12.19 12:20:16.757,0.76267,0.76288,1.00,1.37
2014.12.19 12:20:16.808,0.76267,0.76289,1.00,1.37
2014.12.19 12:20:17.117,0.76269,0.7629,1.00,1.87
2014.12.19 12:20:19.413,0.76269,0.7629,1.00,1.37
2014.12.19 12:20:19.623,0.76265,0.76288,1.00,1.87
2014.12.19 12:20:19.785,0.76265,0.76288,1.00,1.87
2014.12.19 12:20:19.958,0.76269,0.76289,1.00,1.37
2014.12.19 12:20:21.126,0.76268,0.76289,1.00,1.37
2014.12.19 12:20:25.094,0.76268,0.76289,1.00,1.12
2014.12.19 12:20:40.119,0.76268,0.76291,1.00,1.37
2014.12.19 12:20:48.847,0.76267,0.76291,1.00,1.87
2014.12.19 12:20:49.497,0.76267,0.76291,1.00,1.87
2014.12.19 12:20:50.439,0.76267,0.76291,1.00,1.87
2014.12.19 12:20:51.002,0.76267,0.76289,1.00,1.00
2014.12.19 12:20:51.852,0.76267,0.76291,1.00,1.00
2014.12.19 12:20:51.902,0.7627,0.76291,1.00,1.00
2014.12.19 12:20:51.953,0.76271,0.76295,1.00,1.87
2014.12.19 12:20:52.086,0.76273,0.76296,1.00,1.37
2014.12.19 12:20:53.066,0.76272,0.76293,1.00,1.00
2014.12.19 12:20:53.617,0.7627,0.76293,1.50,1.00
2014.12.19 12:20:54.170,0.7627,0.76293,1.50,1.87
2014.12.19 12:20:54.271,0.76268,0.76292,1.00,1.37
2014.12.19 12:20:54.573,0.76269,0.76292,1.00,1.37
2014.12.19 12:20:57.357,0.76269,0.76291,1.00,1.37
2014.12.19 12:20:58.460,0.76269,0.76291,1.00,1.37
2014.12.19 12:20:58.561,0.76266,0.7629,1.00,1.37
2014.12.19 12:20:58.662,0.76263,0.76286,1.00,1.00
2014.12.19 12:20:59.176,0.76263,0.76285,1.00,1.00
2014.12.19 12:20:59.553,0.76263,0.76287,1.00,1.87
2014.12.19 12:20:59.754,0.76265,0.76288,1.00,1.50
2014.12.19 12:21:04.718,0.76267,0.76289,1.00,1.87
2014.12.19 12:21:06.880,0.76267,0.7629,1.00,1.00
2014.12.19 12:21:07.381,0.76267,0.76289,1.00,1.00
2014.12.19 12:21:07.868,0.76269,0.7629,1.00,1.12
2014.12.19 12:21:08.838,0.76267,0.7629,1.00,1.12
2014.12.19 12:21:09.056,0.76269,0.7629,1.00,1.12
2014.12.19 12:21:09.437,0.76267,0.7629,1.00,2.25
2014.12.19 12:21:11.486,0.76269,0.7629,1.00,2.25
2014.12.19 12:21:11.788,0.76269,0.76292,1.50,2.62
2014.12.19 12:21:11.838,0.76269,0.76289,1.00,1.00
2014.12.19 12:21:12.140,0.76269,0.76287,1.00,2.25
2014.12.19 12:21:12.246,0.76265,0.76287,1.50,2.25
2014.12.19 12:21:13.707,0.76265,0.76289,1.50,1.12
2014.12.19 12:21:18.326,0.76265,0.76286,1.00,1.00
2014.12.19 12:21:18.427,0.76262,0.76286,1.00,1.12
2014.12.19 12:21:18.477,0.76259,0.76279,1.00,1.50
2014.12.19 12:21:19.016,0.76259,0.76282,1.00,1.00
2014.12.19 12:21:19.337,0.76262,0.76281,1.00,1.50
2014.12.19 12:21:19.489,0.76263,0.76285,1.00,1.87
2014.12.19 12:21:19.670,0.76263,0.76285,1.00,1.50
2014.12.19 12:21:19.871,0.76261,0.76284,1.00,1.00
2014.12.19 12:21:20.437,0.76262,0.76283,1.00,1.12
2014.12.19 12:21:21.056,0.76262,0.76283,1.00,1.37
2014.12.19 12:21:21.888,0.7626,0.76283,1.50,1.37
2014.12.19 12:21:23.277,0.7626,0.76283,2.10,1.37
2014.12.19 12:21:23.377,0.7627,0.76283,1.00,1.00
2014.12.19 12:21:23.428,0.7627,0.76286,1.00,1.00
2014.12.19 12:21:23.496,0.7627,0.76291,1.00,1.00
2014.12.19 12:21:23.647,0.76271,0.76294,1.00,1.50
2014.12.19 12:21:23.950,0.76269,0.76292,1.50,1.00
2014.12.19 12:21:26.390,0.76269,0.7629,1.00,1.00
2014.12.19 12:21:28.776,0.76269,0.76292,1.00,2.25
2014.12.19 12:21:36.513,0.76271,0.76292,1.00,2.25
2014.12.19 12:21:37.044,0.76272,0.76294,1.00,1.37
2014.12.19 12:21:40.812,0.76272,0.76294,1.00,1.00
2014.12.19 12:21:48.685,0.76274,0.76294,1.00,1.00
2014.12.19 12:21:48.767,0.76272,0.76294,1.00,1.00
2014.12.19 12:21:49.207,0.76274,0.76294,1.00,1.00
2014.12.19 12:21:50.471,0.76272,0.76294,1.00,1.12
2014.12.19 12:21:51.955,0.76274,0.76295,1.00,1.87
2014.12.19 12:21:55.294,0.7627,0.76294,1.00,1.12
2014.12.19 12:21:55.477,0.76274,0.76294,1.00,1.12
2014.12.19 12:21:56.626,0.76275,0.76297,1.00,1.00
2014.12.19 12:21:57.131,0.76275,0.76298,1.00,1.00
2014.12.19 12:21:57.785,0.7628,0.76298,1.00,1.00
2014.12.19 12:21:58.497,0.76279,0.76298,1.00,1.00
2014.12.19 12:21:58.673,0.76275,0.76298,1.00,1.87
2014.12.19 12:21:59.475,0.76275,0.76296,1.00,1.00
2014.12.19 12:22:00.031,0.76274,0.76295,1.00,1.00
2014.12.19 12:22:00.132,0.76277,0.76298,1.00,1.12
2014.12.19 12:22:00.237,0.76277,0.763,1.00,1.00
2014.12.19 12:22:00.566,0.76281,0.76302,1.00,1.87
2014.12.19 12:22:00.747,0.76281,0.76304,1.00,1.00
2014.12.19 12:22:01.298,0.76281,0.76304,1.00,1.37
2014.12.19 12:22:01.916,0.7628,0.76301,1.50,1.00
2014.12.19 12:22:02.813,0.7628,0.76301,1.00,1.37
2014.12.19 12:22:02.914,0.76278,0.76302,1.00,1.37
2014.12.19 12:22:03.447,0.76278,0.76302,1.00,1.37
2014.12.19 12:22:04.165,0.76279,0.76301,1.00,1.12
2014.12.19 12:22:05.599,0.7628,0.76301,1.00,1.00
2014.12.19 12:22:06.182,0.7628,0.76302,1.50,1.00
2014.12.19 12:22:07.127,0.7628,0.76302,1.50,1.37
2014.12.19 12:22:07.378,0.76276,0.763,1.00,1.87
2014.12.19 12:22:07.479,0.7628,0.76299,1.00,1.00
2014.12.19 12:22:08.136,0.7628,0.763,1.00,1.87
2014.12.19 12:22:08.485,0.7628,0.76298,1.00,1.00
2014.12.19 12:22:08.786,0.7628,0.76296,1.00,1.00
2014.12.19 12:22:11.478,0.76273,0.76295,1.00,1.87
2014.12.19 12:22:11.679,0.76269,0.76291,1.12,1.00
2014.12.19 12:22:11.730,0.76269,0.76293,1.12,1.00
2014.12.19 12:22:11.830,0.7627,0.76295,1.00,1.00
2014.12.19 12:22:11.931,0.76276,0.76299,1.00,1.87
2014.12.19 12:22:12.032,0.76274,0.76299,1.00,1.87
2014.12.19 12:22:12.132,0.76275,0.76299,1.00,1.87
2014.12.19 12:22:12.636,0.76276,0.76299,1.00,1.12
2014.12.19 12:22:13.216,0.76276,0.76298,1.00,1.00
2014.12.19 12:22:13.787,0.76276,0.76296,1.00,1.50
2014.12.19 12:22:14.102,0.7627,0.76295,1.00,1.50
2014.12.19 12:22:14.203,0.7627,0.76295,1.37,1.50
2014.12.19 12:22:14.575,0.7628,0.76295,1.00,1.00
2014.12.19 12:22:14.726,0.7628,0.76298,1.00,1.50
2014.12.19 12:22:15.610,0.7628,0.76299,1.00,1.00
2014.12.19 12:22:18.422,0.7628,0.76301,1.00,1.50
2014.12.19 12:22:20.089,0.7628,0.76302,1.00,1.50
2014.12.19 12:22:20.592,0.76279,0.76303,1.00,1.00
2014.12.19 12:22:21.135,0.76279,0.76302,1.00,1.00
2014.12.19 12:22:22.259,0.76279,0.76301,1.00,1.00
2014.12.19 12:22:22.396,0.76279,0.76298,1.00,1.00
2014.12.19 12:22:22.645,0.76279,0.763,1.00,1.00
2014.12.19 12:22:22.797,0.76284,0.763,1.00,1.00
2014.12.19 12:22:23.356,0.76284,0.76301,1.00,1.00
2014.12.19 12:22:23.567,0.76279,0.76301,1.00,1.00
2014.12.19 12:22:24.093,0.76279,0.763,1.00,1.00
2014.12.19 12:22:25.625,0.7628,0.763,1.00,1.00
2014.12.19 12:22:25.902,0.7628,0.76302,1.00,1.00
2014.12.19 12:22:26.888,0.7628,0.763,1.00,1.00
2014.12.19 12:22:27.739,0.76279,0.76299,1.00,1.00
2014.12.19 12:22:28.266,0.76284,0.76299,1.00,1.12
2014.12.19 12:22:28.834,0.76284,0.763,1.00,1.00
2014.12.19 12:22:29.471,0.76285,0.763,1.00,1.00
2014.12.19 12:22:30.155,0.76285,0.76302,1.00,3.00
2014.12.19 12:22:30.476,0.76279,0.76301,1.00,1.00
2014.12.19 12:22:31.366,0.76279,0.76299,1.00,1.00
2014.12.19 12:22:32.995,0.76279,0.76298,1.00,1.50
2014.12.19 12:22:33.380,0.76274,0.76293,1.00,1.00
2014.12.19 12:22:34.644,0.76275,0.76293,1.00,1.00
2014.12.19 12:22:34.695,0.76275,0.76295,1.00,1.00
2014.12.19 12:22:34.795,0.76279,0.76295,1.00,1.00
2014.12.19 12:22:35.136,0.76279,0.76293,1.00,1.00
2014.12.19 12:22:35.923,0.76275,0.76293,1.00,1.00
2014.12.19 12:22:36.479,0.76275,0.76292,1.00,1.00
2014.12.19 12:22:37.084,0.76275,0.76294,1.00,1.00
2014.12.19 12:22:37.598,0.76275,0.76295,1.00,1.87
2014.12.19 12:22:38.638,0.76279,0.76295,1.00,1.87
2014.12.19 12:22:40.324,0.76279,0.76294,1.00,1.00
2014.12.19 12:22:40.626,0.76279,0.76296,1.00,1.00
2014.12.19 12:22:42.134,0.76275,0.76296,1.00,1.12
2014.12.19 12:22:42.185,0.76275,0.76292,1.00,1.00
2014.12.19 12:22:42.486,0.76274,0.7629,1.00,1.00
2014.12.19 12:22:42.989,0.76275,0.7629,1.00,1.00
2014.12.19 12:22:43.503,0.76274,0.7629,1.00,1.00
2014.12.19 12:22:44.052,0.76274,0.76291,1.00,1.00
2014.12.19 12:22:44.812,0.76274,0.76292,1.00,1.00
2014.12.19 12:22:45.366,0.76274,0.76289,1.00,1.00
2014.12.19 12:22:45.645,0.76269,0.76287,1.00,1.00
2014.12.19 12:22:45.865,0.76265,0.76287,1.87,1.00
2014.12.19 12:22:47.162,0.76264,0.76287,1.12,1.00
2014.12.19 12:22:49.826,0.7627,0.76287,1.00,1.00
2014.12.19 12:22:50.179,0.76269,0.7629,1.00,1.00
2014.12.19 12:22:50.724,0.76269,0.76292,1.00,1.00
2014.12.19 12:22:50.841,0.76274,0.76292,1.00,1.00
2014.12.19 12:22:54.584,0.76275,0.76293,1.00,1.00
2014.12.19 12:22:55.418,0.76275,0.76292,1.00,1.00
2014.12.19 12:23:00.384,0.76269,0.76292,1.00,1.00
2014.12.19 12:23:05.885,0.76275,0.76292,1.00,1.00
2014.12.19 12:23:10.945,0.76274,0.76292,1.00,1.00
2014.12.19 12:23:14.733,0.76274,0.76293,1.00,1.00
2014.12.19 12:23:19.426,0.76269,0.76293,1.50,1.00
2014.12.19 12:23:19.527,0.76274,0.76292,1.00,1.37
2014.12.19 12:23:19.678,0.76268,0.7629,1.00,3.37
2014.12.19 12:23:19.728,0.76265,0.76285,1.00,1.00
2014.12.19 12:23:20.030,0.76274,0.76287,1.00,1.00
2014.12.19 12:23:20.080,0.76269,0.76287,1.00,1.00
2014.12.19 12:23:20.343,0.76269,0.7629,1.00,1.50
2014.12.19 12:23:20.863,0.7627,0.76291,1.00,2.25
2014.12.19 12:23:21.445,0.7627,0.7629,1.00,1.00
2014.12.19 12:23:21.888,0.76269,0.76288,1.00,1.00
2014.12.19 12:23:21.989,0.76266,0.76288,1.00,1.00
2014.12.19 12:23:22.256,0.76265,0.76284,1.00,1.00
2014.12.19 12:23:22.806,0.76264,0.76284,1.00,1.00
2014.12.19 12:23:23.155,0.76264,0.76282,1.00,1.00
2014.12.19 12:23:23.457,0.76264,0.7628,1.00,1.00
2014.12.19 12:23:25.574,0.7626,0.7628,1.00,1.00
2014.12.19 12:23:28.035,0.76265,0.7628,1.00,1.00
2014.12.19 12:23:28.264,0.76264,0.76283,1.00,1.00
2014.12.19 12:23:30.632,0.76265,0.76283,1.00,1.00
2014.12.19 12:23:31.258,0.76265,0.76281,1.00,1.00
2014.12.19 12:23:36.304,0.76265,0.76282,1.00,1.00
2014.12.19 12:23:37.393,0.76265,0.76281,1.00,1.00
2014.12.19 12:23:38.714,0.76265,0.76282,1.00,1.00
2014.12.19 12:23:39.893,0.76261,0.76282,1.00,1.00
2014.12.19 12:23:40.045,0.76259,0.76282,1.50,1.00
2014.12.19 12:23:40.910,0.76259,0.76281,1.50,1.00
2014.12.19 12:23:42.345,0.76259,0.7628,1.00,1.00
2014.12.19 12:23:43.597,0.76259,0.76279,1.00,1.00
2014.12.19 12:23:50.753,0.76259,0.76278,1.00,2.25
2014.12.19 12:23:51.135,0.76264,0.76277,1.00,1.00
2014.12.19 12:23:51.286,0.76264,0.76281,1.00,2.25
2014.12.19 12:23:51.387,0.76264,0.76279,1.00,1.50
2014.12.19 12:23:51.538,0.76259,0.76278,1.00,1.00
2014.12.19 12:23:51.739,0.76259,0.7628,1.00,1.00
2014.12.19 12:23:51.789,0.76264,0.7628,1.00,1.00
2014.12.19 12:23:51.991,0.76259,0.7628,1.00,1.00
2014.12.19 12:23:53.046,0.76259,0.76279,1.00,1.00
2014.12.19 12:23:53.146,0.76259,0.76277,1.00,1.00
2014.12.19 12:24:00.316,0.76259,0.76278,1.00,1.00
2014.12.19 12:24:00.617,0.76264,0.7628,1.00,1.00
2014.12.19 12:24:01.045,0.76264,0.76278,1.00,1.00
2014.12.19 12:24:01.246,0.76259,0.76278,1.00,1.00
2014.12.19 12:24:01.564,0.76265,0.76279,1.00,1.00
2014.12.19 12:24:02.081,0.76264,0.76279,1.00,1.00
2014.12.19 12:24:02.332,0.76259,0.76278,1.00,1.00
2014.12.19 12:24:04.163,0.76259,0.7628,1.00,1.00
2014.12.19 12:24:04.213,0.76264,0.7628,1.00,1.00
2014.12.19 12:24:07.153,0.76265,0.7628,1.00,1.00
2014.12.19 12:24:15.702,0.76265,0.76283,1.00,1.00
2014.12.19 12:24:17.273,0.76264,0.76283,1.00,1.00
2014.12.19 12:24:18.044,0.76265,0.76283,1.00,1.00
2014.12.19 12:24:19.825,0.76264,0.76283,1.00,1.00
2014.12.19 12:24:19.926,0.76264,0.76285,1.12,1.00
2014.12.19 12:24:20.378,0.76269,0.76286,1.00,1.00
2014.12.19 12:24:21.227,0.76269,0.76287,1.00,1.00
2014.12.19 12:24:22.053,0.76269,0.76286,1.00,1.00
2014.12.19 12:24:23.434,0.76265,0.76286,1.00,1.00
2014.12.19 12:24:29.594,0.7627,0.76286,1.00,1.00
2014.12.19 12:24:32.892,0.76264,0.76286,1.87,1.00
2014.12.19 12:24:33.477,0.7627,0.76286,1.00,1.00
2014.12.19 12:24:37.307,0.76264,0.76286,1.50,1.00
2014.12.19 12:24:43.935,0.76265,0.76286,1.00,1.00
2014.12.19 12:24:44.474,0.76264,0.76285,1.00,1.50
2014.12.19 12:24:45.462,0.76264,0.76286,1.00,1.00
2014.12.19 12:24:46.408,0.76264,0.76284,1.00,1.00
2014.12.19 12:24:46.710,0.76264,0.76282,1.00,1.00
2014.12.19 12:24:47.243,0.76264,0.76283,1.00,1.00
2014.12.19 12:24:50.234,0.76264,0.76282,1.00,1.00
2014.12.19 12:24:56.812,0.76264,0.76283,1.00,2.25
2014.12.19 12:25:02.214,0.76264,0.76281,1.00,1.00
2014.12.19 12:25:02.266,0.76259,0.76281,1.50,1.00
2014.12.19 12:25:04.356,0.7626,0.76281,1.00,1.00
2014.12.19 12:25:06.777,0.76259,0.76281,1.50,1.00
2014.12.19 12:25:10.844,0.7626,0.76281,1.00,1.00
2014.12.19 12:25:20.753,0.76265,0.76282,1.00,1.00
2014.12.19 12:25:20.855,0.7626,0.76282,1.87,1.00
2014.12.19 12:25:31.684,0.7626,0.76283,1.50,1.12
2014.12.19 12:25:34.654,0.7626,0.76282,1.00,1.00
2014.12.19 12:25:36.144,0.76257,0.76282,1.00,1.12
2014.12.19 12:25:36.194,0.76255,0.7628,1.50,2.25
2014.12.19 12:25:36.505,0.76255,0.76278,1.00,1.00
2014.12.19 12:25:37.416,0.76256,0.76279,1.00,1.12
2014.12.19 12:25:37.875,0.76257,0.76282,1.50,1.00
2014.12.19 12:25:37.925,0.76259,0.76282,1.00,1.00
2014.12.19 12:25:38.076,0.76259,0.76284,1.87,1.00
2014.12.19 12:25:38.316,0.76261,0.76286,1.00,1.37
2014.12.19 12:25:38.662,0.76264,0.76283,1.00,1.00
2014.12.19 12:25:39.054,0.76264,0.76286,1.00,1.12
2014.12.19 12:25:39.656,0.76264,0.76287,1.00,1.50
2014.12.19 12:25:39.707,0.76269,0.76287,1.00,1.50
2014.12.19 12:25:40.075,0.76269,0.76289,1.00,1.00
2014.12.19 12:25:40.576,0.76266,0.7629,1.00,1.12
2014.12.19 12:25:40.627,0.76265,0.76287,1.00,1.00
2014.12.19 12:25:40.889,0.7626,0.76284,1.00,1.00
2014.12.19 12:25:40.940,0.76259,0.76282,1.00,1.00
2014.12.19 12:25:41.506,0.76259,0.76279,1.00,1.00
2014.12.19 12:25:41.657,0.76255,0.76277,1.50,1.00
2014.12.19 12:25:41.909,0.76259,0.76278,1.00,1.00
2014.12.19 12:25:49.745,0.76259,0.76281,1.00,1.00
2014.12.19 12:25:49.833,0.76259,0.76279,1.00,1.00
2014.12.19 12:25:50.399,0.76259,0.7628,1.00,1.00
2014.12.19 12:25:55.321,0.7626,0.7628,1.00,1.00
2014.12.19 12:25:55.371,0.7626,0.76282,1.00,1.00
2014.12.19 12:25:55.921,0.76259,0.76281,1.00,1.00
2014.12.19 12:25:56.126,0.76259,0.76283,1.87,1.00
2014.12.19 12:25:56.327,0.76259,0.76281,1.50,1.00
2014.12.19 12:25:56.478,0.76259,0.76283,1.87,1.00
2014.12.19 12:25:57.025,0.76263,0.76285,1.00,1.87
2014.12.19 12:25:57.126,0.7626,0.76284,1.00,1.00
2014.12.19 12:25:57.227,0.76259,0.76282,1.87,1.00
2014.12.19 12:25:57.428,0.76264,0.76288,1.12,2.25
2014.12.19 12:25:58.303,0.76264,0.76286,1.00,1.00
2014.12.19 12:25:59.747,0.76265,0.76289,1.00,1.00
2014.12.19 12:26:00.344,0.76266,0.7629,1.00,1.00
2014.12.19 12:26:00.603,0.76269,0.7629,1.00,1.00
2014.12.19 12:26:00.754,0.76269,0.76292,1.00,1.50
2014.12.19 12:26:00.855,0.76268,0.7629,1.00,1.00
2014.12.19 12:26:01.157,0.7627,0.76289,1.00,1.00
2014.12.19 12:26:01.765,0.7627,0.76288,1.00,1.00
2014.12.19 12:26:02.690,0.7627,0.76287,1.00,1.00
2014.12.19 12:26:05.644,0.76264,0.76287,1.00,1.00
2014.12.19 12:26:05.695,0.76264,0.76284,1.00,1.00
2014.12.19 12:26:05.846,0.7626,0.76284,1.12,1.00
2014.12.19 12:26:05.896,0.7626,0.76282,1.12,1.00
2014.12.19 12:26:06.553,0.76259,0.76282,1.00,1.00
2014.12.19 12:26:07.169,0.76259,0.7628,1.00,1.00
2014.12.19 12:26:09.142,0.76256,0.7628,1.00,1.00
2014.12.19 12:26:11.254,0.76256,0.7628,1.37,1.00
2014.12.19 12:26:11.614,0.76259,0.76281,1.87,1.00
2014.12.19 12:26:12.284,0.7626,0.76284,1.12,1.00
2014.12.19 12:26:12.900,0.76259,0.76283,1.87,1.00
2014.12.19 12:26:14.424,0.76259,0.76283,1.50,1.00
2014.12.19 12:26:14.474,0.76259,0.76281,1.50,1.00
2014.12.19 12:26:15.000,0.76259,0.7628,1.00,1.00
2014.12.19 12:26:15.504,0.76259,0.76279,1.00,1.00
2014.12.19 12:26:16.015,0.76259,0.7628,1.00,1.00
2014.12.19 12:26:18.384,0.76256,0.7628,1.12,1.00
2014.12.19 12:26:18.435,0.76256,0.76278,1.87,1.00
2014.12.19 12:26:19.355,0.76257,0.76278,1.00,1.00
2014.12.19 12:26:20.144,0.76259,0.76278,1.12,1.00
2014.12.19 12:26:20.194,0.76259,0.7628,1.12,1.00
2014.12.19 12:26:21.842,0.76259,0.76281,1.00,1.00
2014.12.19 12:26:22.508,0.76259,0.76282,1.00,1.00
2014.12.19 12:26:23.865,0.76259,0.7628,1.00,1.00
2014.12.19 12:26:23.966,0.76256,0.7628,1.00,1.00
2014.12.19 12:26:24.066,0.76255,0.76277,1.50,1.00
2014.12.19 12:26:24.643,0.76255,0.76276,1.00,1.00
2014.12.19 12:26:35.652,0.76254,0.76276,1.12,1.00
2014.12.19 12:26:36.316,0.76254,0.76277,1.50,1.00
2014.12.19 12:26:46.983,0.76255,0.76277,1.00,1.00
2014.12.19 12:26:55.122,0.76252,0.76277,1.50,1.00
2014.12.19 12:26:57.709,0.76252,0.76277,1.50,1.37
2014.12.19 12:26:57.860,0.76252,0.76274,1.00,1.00
2014.12.19 12:26:57.922,0.76249,0.76273,1.50,1.00
2014.12.19 12:27:13.385,0.76254,0.76273,1.00,1.00
2014.12.19 12:27:13.822,0.7625,0.76273,1.00,1.00
2014.12.19 12:27:16.133,0.76254,0.76273,1.00,1.00
2014.12.19 12:27:19.644,0.76254,0.76272,1.00,1.00
2014.12.19 12:27:19.694,0.76249,0.76272,1.00,1.00
2014.12.19 12:27:19.873,0.76247,0.76271,1.00,1.00
2014.12.19 12:27:20.422,0.76249,0.7627,1.00,1.00
2014.12.19 12:27:20.724,0.76249,0.76272,1.12,2.25
2014.12.19 12:27:26.571,0.76249,0.76271,1.50,1.00
2014.12.19 12:27:27.731,0.7625,0.76272,1.00,1.00
2014.12.19 12:27:27.790,0.76254,0.76272,1.00,1.00
2014.12.19 12:27:27.891,0.76254,0.76274,1.00,1.00
2014.12.19 12:27:28.624,0.76254,0.76275,1.00,1.00
2014.12.19 12:27:31.913,0.76254,0.76276,1.00,1.00
2014.12.19 12:27:43.857,0.76255,0.76276,1.00,1.00
2014.12.19 12:27:44.390,0.76254,0.76275,1.00,1.12
2014.12.19 12:27:44.491,0.76254,0.76272,1.00,1.00
2014.12.19 12:27:44.623,0.76249,0.76272,1.00,1.00
2014.12.19 12:27:44.674,0.76249,0.7627,1.00,1.00
2014.12.19 12:27:45.221,0.76249,0.76269,1.00,1.00
2014.12.19 12:27:47.971,0.76249,0.76267,1.00,1.00
2014.12.19 12:27:48.668,0.76249,0.76269,1.00,1.00
2014.12.19 12:27:49.133,0.76255,0.76269,1.00,1.00
2014.12.19 12:27:49.770,0.76255,0.76268,1.00,1.00
2014.12.19 12:27:53.912,0.76255,0.76272,1.00,2.62
2014.12.19 12:27:56.061,0.7625,0.76272,1.00,1.12
2014.12.19 12:27:57.504,0.76254,0.76272,1.00,1.00
2014.12.19 12:27:58.042,0.76255,0.76273,1.00,1.00
2014.12.19 12:28:00.009,0.76255,0.76275,1.00,3.37
2014.12.19 12:28:02.111,0.76254,0.76275,1.00,1.12
2014.12.19 12:28:05.833,0.76256,0.76278,1.00,1.00
2014.12.19 12:28:05.883,0.76259,0.76278,1.00,1.00
2014.12.19 12:28:05.934,0.76259,0.7628,1.00,2.62
2014.12.19 12:28:06.888,0.76259,0.7628,1.00,1.87
2014.12.19 12:28:07.222,0.76259,0.7628,1.00,2.62
2014.12.19 12:28:14.701,0.76259,0.76279,1.00,1.00
2014.12.19 12:28:15.033,0.76259,0.76277,1.00,1.00
2014.12.19 12:28:15.332,0.76254,0.76277,1.00,1.00
2014.12.19 12:28:15.584,0.76254,0.76275,1.00,1.00
2014.12.19 12:28:18.180,0.7626,0.76275,1.00,1.00
2014.12.19 12:28:20.798,0.7626,0.76278,1.00,1.00
2014.12.19 12:28:21.166,0.76256,0.76278,1.00,1.00
2014.12.19 12:28:21.870,0.76256,0.7628,1.00,1.00
2014.12.19 12:28:22.071,0.76255,0.76278,1.00,1.00
2014.12.19 12:28:22.656,0.76254,0.76277,1.50,1.00
2014.12.19 12:28:24.493,0.76254,0.76278,1.50,1.00
2014.12.19 12:28:25.010,0.76254,0.76277,1.00,1.00
2014.12.19 12:28:25.872,0.76259,0.76277,1.00,1.00
2014.12.19 12:28:26.124,0.76256,0.76278,1.00,1.00
2014.12.19 12:28:26.230,0.76256,0.7628,1.00,1.12
2014.12.19 12:28:26.280,0.76256,0.76278,1.00,1.00
2014.12.19 12:28:27.861,0.7626,0.76278,1.00,1.00
2014.12.19 12:28:27.912,0.7626,0.7628,1.00,1.00
2014.12.19 12:28:29.939,0.76259,0.7628,1.00,1.00
2014.12.19 12:28:30.241,0.76259,0.76283,1.12,1.00
2014.12.19 12:28:31.326,0.76259,0.76284,1.87,1.00
2014.12.19 12:28:31.770,0.76259,0.7628,1.00,1.00
2014.12.19 12:28:34.282,0.76259,0.76279,1.00,1.00
2014.12.19 12:28:36.323,0.76259,0.7628,1.00,1.00
2014.12.19 12:28:36.981,0.7626,0.7628,1.00,1.00
2014.12.19 12:28:37.673,0.76259,0.7628,1.00,1.00
2014.12.19 12:28:37.800,0.76259,0.76282,1.00,1.00
2014.12.19 12:28:40.881,0.76259,0.76281,1.00,1.00
2014.12.19 12:28:41.760,0.76259,0.7628,1.00,1.00
2014.12.19 12:28:42.811,0.76255,0.7628,1.12,1.00
2014.12.19 12:28:42.861,0.76254,0.76278,1.00,1.00
2014.12.19 12:28:48.250,0.76254,0.76277,1.00,1.00
2014.12.19 12:28:49.994,0.76259,0.76277,1.00,1.00
2014.12.19 12:28:51.325,0.7626,0.76277,1.00,1.00
2014.12.19 12:28:52.104,0.7626,0.76275,1.00,1.00
2014.12.19 12:28:55.022,0.76259,0.76275,1.00,1.00
2014.12.19 12:28:55.290,0.76259,0.76277,1.00,1.00
2014.12.19 12:28:55.970,0.76259,0.76278,1.00,1.00
2014.12.19 12:28:56.558,0.76259,0.76279,1.00,1.00
2014.12.19 12:28:57.074,0.76259,0.7628,1.00,1.00
2014.12.19 12:28:57.174,0.76259,0.76278,1.00,1.00
2014.12.19 12:28:57.928,0.7626,0.76278,1.00,1.00
2014.12.19 12:28:58.480,0.76259,0.76278,1.00,1.00
2014.12.19 12:28:58.789,0.76264,0.7628,1.00,1.00
2014.12.19 12:29:02.389,0.76265,0.7628,1.00,1.00
2014.12.19 12:29:03.160,0.76264,0.7628,1.00,1.00
2014.12.19 12:29:04.609,0.7626,0.7628,1.50,1.00
2014.12.19 12:29:05.139,0.76259,0.7628,1.00,1.00
2014.12.19 12:29:05.251,0.76264,0.7628,1.00,1.00
2014.12.19 12:29:05.402,0.7626,0.7628,1.00,1.00
2014.12.19 12:29:05.553,0.7626,0.76282,1.00,1.12
2014.12.19 12:29:05.654,0.7626,0.7628,1.00,1.00
2014.12.19 12:29:07.267,0.76264,0.7628,1.00,1.00
2014.12.19 12:29:07.368,0.76259,0.7628,1.37,1.00
2014.12.19 12:29:07.468,0.76265,0.76281,1.00,1.00
2014.12.19 12:29:08.277,0.76264,0.76281,1.00,1.00
2014.12.19 12:29:08.602,0.76264,0.76283,1.00,1.00
2014.12.19 12:29:08.932,0.76264,0.76285,1.00,1.00
2014.12.19 12:29:09.869,0.76265,0.76285,1.00,1.00
2014.12.19 12:29:11.240,0.76265,0.76284,1.00,1.00
2014.12.19 12:29:11.782,0.76264,0.76284,1.00,1.00
2014.12.19 12:29:12.309,0.76265,0.76284,1.00,1.00
2014.12.19 12:29:12.754,0.76269,0.76284,1.00,1.00
2014.12.19 12:29:14.165,0.76265,0.76284,1.00,1.00
2014.12.19 12:29:14.265,0.76265,0.76287,1.87,1.00
2014.12.19 12:29:16.129,0.76265,0.76287,1.87,1.00
2014.12.19 12:29:16.179,0.7627,0.76287,1.00,1.00
2014.12.19 12:29:16.230,0.7627,0.76289,1.00,1.00
2014.12.19 12:29:16.330,0.76265,0.76288,1.00,1.00
2014.12.19 12:29:16.381,0.76269,0.76288,1.00,1.00
2014.12.19 12:29:16.891,0.76269,0.76287,1.00,1.00
2014.12.19 12:29:16.942,0.76264,0.76287,1.87,1.00
2014.12.19 12:29:18.902,0.76264,0.76287,1.12,1.00
2014.12.19 12:29:19.053,0.76264,0.76285,1.00,1.00
2014.12.19 12:29:19.309,0.76265,0.76287,1.00,1.00
2014.12.19 12:29:19.891,0.76269,0.76287,1.00,1.00
2014.12.19 12:29:21.782,0.7627,0.76287,1.00,1.00
2014.12.19 12:29:21.933,0.7627,0.76289,1.00,1.00
2014.12.19 12:29:22.480,0.76269,0.76289,1.00,1.00
2014.12.19 12:29:23.452,0.76269,0.7629,1.00,1.00
2014.12.19 12:29:24.292,0.76274,0.7629,1.00,1.00
2014.12.19 12:29:24.443,0.76274,0.76292,1.00,1.00
2014.12.19 12:29:24.660,0.76274,0.76294,1.00,1.00
2014.12.19 12:29:26.890,0.76274,0.76293,1.00,1.00
2014.12.19 12:29:28.459,0.76275,0.76293,1.00,1.00
2014.12.19 12:29:30.478,0.7627,0.76293,1.00,1.00
2014.12.19 12:29:30.579,0.76274,0.76293,1.00,1.00
2014.12.19 12:29:40.720,0.76274,0.76295,1.00,1.00
2014.12.19 12:29:41.293,0.76274,0.76293,1.00,1.00
2014.12.19 12:29:41.344,0.7627,0.76293,1.37,1.00
2014.12.19 12:29:41.858,0.76269,0.76292,1.37,1.00
2014.12.19 12:29:42.366,0.76269,0.76293,1.37,1.00
2014.12.19 12:29:43.793,0.76269,0.76294,1.87,1.00
2014.12.19 12:29:44.241,0.76269,0.76292,1.37,1.00
2014.12.19 12:29:44.664,0.76269,0.76292,1.37,1.00
2014.12.19 12:29:46.784,0.76269,0.76292,1.00,1.00
2014.12.19 12:29:50.131,0.7627,0.76292,1.00,1.00
2014.12.19 12:29:52.382,0.76269,0.76292,1.12,1.00
2014.12.19 12:29:54.621,0.76269,0.76292,1.37,1.00
2014.12.19 12:29:55.528,0.76269,0.76292,1.00,1.00
2014.12.19 12:29:57.296,0.7627,0.76292,1.00,1.00
2014.12.19 12:29:57.769,0.7627,0.7629,1.00,1.00
2014.12.19 12:29:57.830,0.76266,0.7629,1.12,1.00
2014.12.19 12:29:58.005,0.76265,0.76288,2.62,1.00
2014.12.19 12:29:58.900,0.76265,0.76288,1.12,1.00
2014.12.19 12:29:59.531,0.76264,0.76287,1.87,1.00
2014.12.19 12:30:00.191,0.76264,0.76285,1.12,1.00
2014.12.19 12:30:01.002,0.76264,0.76284,1.12,1.00
2014.12.19 12:30:08.017,0.76264,0.76282,1.00,1.00
2014.12.19 12:30:08.067,0.76259,0.76282,1.87,1.00
2014.12.19 12:30:08.117,0.76259,0.76279,1.12,1.00
2014.12.19 12:30:09.766,0.76259,0.76277,1.00,2.62
2014.12.19 12:30:09.816,0.76255,0.76277,1.50,2.62
2014.12.19 12:30:09.867,0.76255,0.76275,1.00,1.00
2014.12.19 12:30:10.173,0.76254,0.76273,1.00,1.00
2014.12.19 12:30:10.475,0.76255,0.76271,1.00,1.00
2014.12.19 12:30:10.576,0.76255,0.76273,1.00,1.00
2014.12.19 12:30:10.626,0.7626,0.76273,1.00,1.00
2014.12.19 12:30:10.786,0.7626,0.76277,1.00,1.00
2014.12.19 12:30:11.006,0.7626,0.76274,1.00,1.00
2014.12.19 12:30:11.165,0.76255,0.76274,1.00,1.00
2014.12.19 12:30:11.795,0.7626,0.76274,1.00,1.00
2014.12.19 12:30:11.979,0.7626,0.76277,1.00,1.00
2014.12.19 12:30:16.135,0.7626,0.76276,1.00,1.00
2014.12.19 12:30:16.236,0.76254,0.76276,1.50,1.00
2014.12.19 12:30:16.387,0.76254,0.76274,1.00,1.00
2014.12.19 12:30:16.896,0.76254,0.76273,1.00,1.00
2014.12.19 12:30:18.176,0.76249,0.76273,2.62,1.00
2014.12.19 12:30:18.357,0.76251,0.76273,1.00,1.00
2014.12.19 12:30:18.765,0.7625,0.76271,1.00,1.00
2014.12.19 12:30:21.804,0.76249,0.76271,1.00,1.00
2014.12.19 12:30:22.106,0.76249,0.76273,1.50,1.00
2014.12.19 12:30:23.793,0.7625,0.76273,1.00,1.00
2014.12.19 12:30:25.999,0.76249,0.76273,1.50,1.00
2014.12.19 12:30:26.511,0.76249,0.76272,1.00,1.00
2014.12.19 12:30:26.865,0.76255,0.76272,1.00,1.00
2014.12.19 12:30:29.016,0.76255,0.76273,1.00,1.00
2014.12.19 12:30:31.425,0.76255,0.76272,1.00,1.00
2014.12.19 12:30:31.947,0.76254,0.76272,1.00,1.00
2014.12.19 12:30:32.237,0.76254,0.76275,1.00,1.00
2014.12.19 12:30:32.895,0.76254,0.76272,1.00,1.00
2014.12.19 12:30:39.041,0.76254,0.76271,1.00,1.00
2014.12.19 12:30:39.293,0.76246,0.76269,1.00,1.00
2014.12.19 12:30:39.866,0.76245,0.76268,1.50,1.00
2014.12.19 12:30:41.017,0.76245,0.76266,1.00,1.00
2014.12.19 12:30:41.599,0.76244,0.76265,1.00,1.00
2014.12.19 12:30:43.148,0.76244,0.76266,1.00,1.00
2014.12.19 12:30:43.299,0.76241,0.76266,1.00,1.00
2014.12.19 12:30:43.587,0.76244,0.76266,1.00,1.00
2014.12.19 12:30:43.771,0.76244,0.76268,1.00,1.50
2014.12.19 12:30:46.736,0.76244,0.76269,1.50,1.00
2014.12.19 12:30:46.837,0.76247,0.76269,1.00,1.00
2014.12.19 12:30:46.937,0.76245,0.76269,1.00,1.00
2014.12.19 12:30:47.088,0.76245,0.76267,1.00,1.00
2014.12.19 12:30:47.139,0.76243,0.76267,1.00,1.00
2014.12.19 12:30:47.511,0.76245,0.76267,1.00,1.00
2014.12.19 12:30:50.038,0.76245,0.76268,1.00,1.12
2014.12.19 12:30:50.139,0.76243,0.76268,1.00,1.12
2014.12.19 12:30:50.915,0.76243,0.76266,1.00,1.00
2014.12.19 12:30:52.619,0.76244,0.76266,1.00,1.00
2014.12.19 12:30:52.670,0.76244,0.76269,1.50,1.12
2014.12.19 12:30:53.648,0.76245,0.76269,1.00,1.00
2014.12.19 12:30:54.123,0.76247,0.76269,1.00,1.00
2014.12.19 12:30:55.869,0.76244,0.76266,1.00,1.00
2014.12.19 12:30:55.970,0.76239,0.76264,1.00,1.37
2014.12.19 12:30:56.322,0.76239,0.76261,1.50,1.00
2014.12.19 12:30:56.757,0.76239,0.76263,1.50,1.00
2014.12.19 12:30:56.958,0.76237,0.76259,1.00,1.00
2014.12.19 12:31:00.165,0.76235,0.76259,1.00,1.00
2014.12.19 12:31:00.691,0.76238,0.7626,1.00,1.00
2014.12.19 12:31:01.495,0.76238,0.76262,1.00,1.00
2014.12.19 12:31:01.646,0.76238,0.76262,1.37,1.00
2014.12.19 12:31:01.696,0.76239,0.76264,1.37,1.00
2014.12.19 12:31:01.747,0.76239,0.76264,1.37,1.00
2014.12.19 12:31:01.797,0.76242,0.76266,1.87,1.00
2014.12.19 12:31:01.898,0.76241,0.76264,1.00,1.00
2014.12.19 12:31:02.216,0.7624,0.76262,1.37,1.00
2014.12.19 12:31:02.844,0.7624,0.76262,1.00,1.00
2014.12.19 12:31:04.208,0.7624,0.76264,1.50,1.00
2014.12.19 12:31:04.754,0.76241,0.76263,1.00,1.00
2014.12.19 12:31:04.975,0.76239,0.76263,1.00,1.00
2014.12.19 12:31:06.208,0.76238,0.76262,1.00,1.00
2014.12.19 12:31:06.437,0.76236,0.76261,1.00,1.00
2014.12.19 12:31:06.961,0.76236,0.76261,1.37,1.00
2014.12.19 12:31:07.563,0.76237,0.76262,1.00,1.00
2014.12.19 12:31:09.974,0.76237,0.76262,1.37,1.00
2014.12.19 12:31:10.294,0.76241,0.76263,1.00,1.00
2014.12.19 12:31:13.333,0.76241,0.76265,1.00,1.00
2014.12.19 12:31:14.654,0.76243,0.76265,1.00,1.00
2014.12.19 12:31:14.763,0.76243,0.76267,1.00,1.12
2014.12.19 12:31:16.789,0.76244,0.76268,1.00,1.50
2014.12.19 12:31:16.890,0.76248,0.76271,1.00,1.87
2014.12.19 12:31:17.075,0.76246,0.76271,1.00,1.87
2014.12.19 12:31:18.126,0.76248,0.7627,1.00,1.12
2014.12.19 12:31:18.596,0.76248,0.7627,1.00,1.37
2014.12.19 12:31:18.750,0.76246,0.76269,1.00,1.37
2014.12.19 12:31:18.800,0.76246,0.76266,1.00,1.00
2014.12.19 12:31:18.851,0.76242,0.76266,1.00,1.50
2014.12.19 12:31:18.952,0.7624,0.76264,1.00,1.00
2014.12.19 12:31:19.494,0.76241,0.76263,1.00,1.50
2014.12.19 12:31:19.716,0.76239,0.76262,1.00,1.00
2014.12.19 12:31:19.963,0.76238,0.7626,1.00,1.00
2014.12.19 12:31:20.165,0.7624,0.76263,1.00,1.00
2014.12.19 12:31:20.265,0.76242,0.76264,1.00,1.00
2014.12.19 12:31:20.736,0.76243,0.76267,1.00,1.50
2014.12.19 12:31:21.254,0.76242,0.76266,1.00,1.50
2014.12.19 12:31:21.304,0.76242,0.76264,1.00,1.00
2014.12.19 12:31:21.635,0.7624,0.76262,1.00,1.37
2014.12.19 12:31:21.956,0.76238,0.76262,1.00,1.37
2014.12.19 12:31:22.654,0.76238,0.76262,1.00,1.37
2014.12.19 12:31:23.185,0.76238,0.7626,1.00,1.87
2014.12.19 12:31:23.814,0.76238,0.7626,1.00,1.87
2014.12.19 12:31:24.271,0.76238,0.7626,1.00,1.87
2014.12.19 12:31:25.323,0.76237,0.76259,1.00,1.37
2014.12.19 12:31:25.475,0.76234,0.76258,1.00,1.37
2014.12.19 12:31:26.426,0.76232,0.76256,1.00,1.12
2014.12.19 12:31:26.577,0.76234,0.76257,1.00,1.87
2014.12.19 12:31:28.426,0.76231,0.76255,1.00,1.50
2014.12.19 12:31:28.961,0.76232,0.76256,1.00,1.00
2014.12.19 12:31:29.504,0.76231,0.76255,1.00,1.00
2014.12.19 12:31:30.275,0.76233,0.76257,1.00,1.00
2014.12.19 12:31:32.475,0.76233,0.76258,1.12,1.00
2014.12.19 12:31:33.025,0.76234,0.76258,1.00,1.00
2014.12.19 12:31:33.640,0.76235,0.76258,1.00,1.00
2014.12.19 12:31:34.143,0.76233,0.76257,1.00,1.00
2014.12.19 12:31:34.453,0.76235,0.76257,1.00,1.00
2014.12.19 12:31:34.697,0.76233,0.76257,1.00,1.00
2014.12.19 12:31:35.553,0.76235,0.76257,1.00,1.00
2014.12.19 12:31:40.411,0.76234,0.76256,1.00,1.00
2014.12.19 12:31:40.512,0.7623,0.76253,1.00,1.12
2014.12.19 12:31:40.864,0.76228,0.7625,1.00,1.00
2014.12.19 12:31:40.973,0.7623,0.76254,1.00,1.87
2014.12.19 12:31:41.494,0.76229,0.76253,1.00,1.00
2014.12.19 12:31:41.713,0.76228,0.76251,1.00,1.00
2014.12.19 12:31:43.695,0.76229,0.76252,1.00,1.00
2014.12.19 12:31:44.491,0.76227,0.7625,1.00,1.00
2014.12.19 12:31:44.705,0.76225,0.76249,1.00,1.50
2014.12.19 12:31:45.336,0.76226,0.7625,1.00,1.00
2014.12.19 12:31:45.453,0.76226,0.76249,1.00,1.37
2014.12.19 12:31:45.604,0.76224,0.76248,1.00,1.37
2014.12.19 12:31:47.265,0.76224,0.76248,1.00,1.37
2014.12.19 12:31:47.466,0.76222,0.76244,1.00,1.00
2014.12.19 12:31:47.567,0.76217,0.76241,1.00,1.00
2014.12.19 12:31:47.668,0.76219,0.76241,1.00,1.00
2014.12.19 12:31:47.769,0.76217,0.76241,1.00,1.00
2014.12.19 12:31:48.119,0.76219,0.76243,1.00,1.00
2014.12.19 12:31:48.489,0.76221,0.76243,1.00,1.00
2014.12.19 12:31:51.063,0.76219,0.76243,1.50,1.00
2014.12.19 12:31:51.895,0.7622,0.76243,1.00,1.00
2014.12.19 12:31:52.455,0.76219,0.76243,1.50,1.37
2014.12.19 12:31:52.960,0.76219,0.76243,1.50,1.00
2014.12.19 12:31:53.111,0.76225,0.76243,1.00,1.00
2014.12.19 12:31:53.364,0.7622,0.76243,1.87,1.00
2014.12.19 12:31:53.414,0.76222,0.76244,1.00,1.00
2014.12.19 12:31:53.923,0.7622,0.76244,1.87,1.00
2014.12.19 12:31:55.354,0.76222,0.76244,1.00,1.12
2014.12.19 12:31:55.494,0.7622,0.76244,1.00,1.12
2014.12.19 12:31:56.506,0.7622,0.76244,1.00,1.37
2014.12.19 12:31:57.614,0.76219,0.76244,1.50,1.37
2014.12.19 12:31:58.196,0.76219,0.76244,1.50,1.37
2014.12.19 12:31:59.245,0.76216,0.76241,1.00,1.12
2014.12.19 12:32:00.587,0.76219,0.76241,1.00,1.12
2014.12.19 12:32:00.794,0.76219,0.76243,1.00,1.00
2014.12.19 12:32:01.350,0.76218,0.76243,1.00,1.00
2014.12.19 12:32:01.450,0.76218,0.76241,1.00,1.00
2014.12.19 12:32:01.762,0.76216,0.76239,1.00,1.00
2014.12.19 12:32:05.473,0.76215,0.76238,1.00,1.00
2014.12.19 12:32:05.876,0.76212,0.76237,1.00,1.12
2014.12.19 12:32:06.278,0.76214,0.76237,1.00,1.00
2014.12.19 12:32:06.495,0.76214,0.76239,1.00,1.00
2014.12.19 12:32:06.595,0.76217,0.76241,1.00,1.12
2014.12.19 12:32:07.352,0.76218,0.7624,1.00,1.00
2014.12.19 12:32:08.678,0.76218,0.76242,1.00,1.37
2014.12.19 12:32:09.381,0.76218,0.76242,1.00,1.37
2014.12.19 12:32:10.383,0.76218,0.76242,1.00,1.37
2014.12.19 12:32:11.332,0.76217,0.76242,1.00,1.37
2014.12.19 12:32:12.305,0.76217,0.76242,1.00,1.37
2014.12.19 12:32:12.766,0.76215,0.76239,1.00,1.37
2014.12.19 12:32:18.852,0.76215,0.76239,1.00,1.12
2014.12.19 12:32:19.003,0.76217,0.76241,1.00,1.37
2014.12.19 12:32:20.066,0.76218,0.76242,1.00,1.37
2014.12.19 12:32:21.608,0.76218,0.76242,1.00,1.37
2014.12.19 12:32:25.215,0.76218,0.76242,1.00,1.37
2014.12.19 12:32:26.618,0.76218,0.76242,1.00,1.37
2014.12.19 12:32:27.450,0.76219,0.76241,1.00,1.37
2014.12.19 12:32:27.563,0.76219,0.76241,1.00,1.37
2014.12.19 12:32:30.527,0.76219,0.76241,1.00,1.37
2014.12.19 12:32:31.329,0.76219,0.76241,1.00,1.37
2014.12.19 12:32:31.465,0.76217,0.76241,1.00,1.37
2014.12.19 12:32:32.932,0.76218,0.7624,1.00,1.37
2014.12.19 12:32:33.335,0.76216,0.7624,1.00,1.37
2014.12.19 12:32:33.436,0.76215,0.76239,1.00,2.25
2014.12.19 12:32:33.665,0.76213,0.76237,1.00,1.37
2014.12.19 12:32:36.933,0.76214,0.76238,1.00,1.50
2014.12.19 12:32:38.856,0.76214,0.76238,1.00,1.37
2014.12.19 12:32:39.602,0.76214,0.76238,1.00,1.37
2014.12.19 12:32:43.058,0.76214,0.76238,1.00,1.37
2014.12.19 12:32:43.752,0.76214,0.76238,1.00,1.37
2014.12.19 12:32:47.822,0.76213,0.76237,1.00,1.37
2014.12.19 12:32:47.873,0.76213,0.76237,1.00,1.75
2014.12.19 12:32:47.974,0.76209,0.76231,1.50,1.37
2014.12.19 12:32:48.202,0.76209,0.76233,1.50,1.87
2014.12.19 12:32:49.171,0.7621,0.76234,1.50,1.00
2014.12.19 12:32:49.272,0.76212,0.76234,1.00,1.00
2014.12.19 12:32:49.864,0.76212,0.76235,1.50,1.00
2014.12.19 12:32:51.232,0.76212,0.76236,1.00,1.00
2014.12.19 12:32:52.252,0.76213,0.76237,1.50,1.00
2014.12.19 12:32:54.424,0.76213,0.76236,1.00,1.12
2014.12.19 12:32:57.640,0.76213,0.76237,1.00,1.00
2014.12.19 12:33:02.232,0.76212,0.76236,1.00,1.00
2014.12.19 12:33:02.584,0.76211,0.76234,1.00,1.00
2014.12.19 12:33:02.902,0.7621,0.76232,1.00,1.12
2014.12.19 12:33:03.882,0.76209,0.76232,1.00,1.12
2014.12.19 12:33:06.633,0.76209,0.76233,1.50,1.12
2014.12.19 12:33:07.853,0.76212,0.76236,1.00,1.37
2014.12.19 12:33:07.954,0.76213,0.76236,1.00,1.37
2014.12.19 12:33:08.105,0.76216,0.76238,1.00,1.37
2014.12.19 12:33:08.706,0.76216,0.76238,1.00,1.00
2014.12.19 12:33:09.384,0.76216,0.76238,1.00,1.37
2014.12.19 12:33:09.434,0.76214,0.76238,1.50,1.37
2014.12.19 12:33:09.485,0.76214,0.76238,1.50,1.37
2014.12.19 12:33:09.915,0.76211,0.76235,1.00,1.12
2014.12.19 12:33:10.166,0.76209,0.76233,1.50,1.00
2014.12.19 12:33:10.473,0.76211,0.76233,1.00,1.00
2014.12.19 12:33:10.524,0.76211,0.76235,1.00,1.12
2014.12.19 12:33:10.792,0.76214,0.76235,1.00,1.00
2014.12.19 12:33:11.387,0.76214,0.76236,1.50,1.12
2014.12.19 12:33:14.134,0.76215,0.76237,1.00,1.87
2014.12.19 12:33:14.235,0.7621,0.76235,1.50,1.12
2014.12.19 12:33:14.814,0.76211,0.76233,1.00,1.00
2014.12.19 12:33:15.015,0.76214,0.76238,1.00,1.12
2014.12.19 12:33:15.657,0.76214,0.76236,1.50,1.00
2014.12.19 12:33:15.761,0.76214,0.76238,1.50,1.12
2014.12.19 12:33:16.234,0.76211,0.76235,1.00,1.12
2014.12.19 12:33:16.761,0.76209,0.76233,1.00,1.12
2014.12.19 12:33:18.122,0.76209,0.76233,1.00,1.37
2014.12.19 12:33:18.426,0.76206,0.7623,1.00,1.50
2014.12.19 12:33:18.476,0.76206,0.7623,1.00,1.37
2014.12.19 12:33:19.103,0.76205,0.76229,1.00,1.37
2014.12.19 12:33:19.352,0.76204,0.76228,1.00,1.37
2014.12.19 12:33:19.453,0.76206,0.7623,1.00,1.00
2014.12.19 12:33:19.504,0.76209,0.76231,1.00,1.00
2014.12.19 12:33:19.723,0.7621,0.76234,1.00,1.87
2014.12.19 12:33:21.298,0.7621,0.76234,1.00,1.37
2014.12.19 12:33:21.352,0.7621,0.76234,1.00,1.00
2014.12.19 12:33:22.175,0.7621,0.76234,1.00,1.37
2014.12.19 12:33:22.504,0.76208,0.76232,1.00,1.37
2014.12.19 12:33:22.705,0.76203,0.76227,1.00,1.00
2014.12.19 12:33:23.223,0.76203,0.76227,1.00,1.37
2014.12.19 12:33:23.806,0.76203,0.76227,1.00,1.37
2014.12.19 12:33:25.988,0.76203,0.76227,1.00,1.37
2014.12.19 12:33:26.494,0.76202,0.76226,1.00,1.37
2014.12.19 12:33:26.595,0.76202,0.76226,1.00,1.12
2014.12.19 12:33:30.041,0.76202,0.76226,1.00,1.37
2014.12.19 12:33:30.107,0.76202,0.76226,1.00,1.12
2014.12.19 12:33:31.012,0.76202,0.76226,1.00,1.37
2014.12.19 12:33:31.214,0.76203,0.76227,1.00,1.12
2014.12.19 12:33:31.726,0.76204,0.76226,1.00,1.00
2014.12.19 12:33:32.371,0.76203,0.76226,1.00,1.00
2014.12.19 12:33:33.243,0.76202,0.76226,1.00,1.00
2014.12.19 12:33:34.022,0.76202,0.76226,1.00,1.37
2014.12.19 12:33:34.573,0.762,0.76223,1.00,1.12
2014.12.19 12:33:35.211,0.76199,0.76223,1.00,1.12
2014.12.19 12:33:36.129,0.76199,0.76223,1.00,1.37
2014.12.19 12:33:36.380,0.76195,0.76219,1.00,1.37
2014.12.19 12:33:36.911,0.76196,0.7622,1.00,1.37
2014.12.19 12:33:37.012,0.76194,0.76218,1.50,1.12
2014.12.19 12:33:37.652,0.76197,0.76219,1.00,1.00
2014.12.19 12:33:38.177,0.76198,0.76219,1.87,1.00
2014.12.19 12:33:38.228,0.76198,0.76221,2.62,1.00
2014.12.19 12:33:38.329,0.76202,0.76224,1.00,1.00
2014.12.19 12:33:38.429,0.76204,0.76228,1.00,1.00
2014.12.19 12:33:39.615,0.76205,0.76228,1.50,1.00
2014.12.19 12:33:39.723,0.76206,0.7623,1.00,1.12
2014.12.19 12:33:40.273,0.76206,0.7623,1.00,1.37
2014.12.19 12:33:40.474,0.76205,0.7623,1.00,1.37
2014.12.19 12:33:41.062,0.76204,0.76228,1.00,1.37
2014.12.19 12:33:41.563,0.76204,0.76226,1.00,1.00
2014.12.19 12:33:41.613,0.76201,0.76225,1.50,1.00
2014.12.19 12:33:42.083,0.76203,0.76227,1.00,1.37
2014.12.19 12:33:42.184,0.762,0.76224,1.50,1.00
2014.12.19 12:33:42.702,0.76199,0.76223,1.00,1.00
2014.12.19 12:33:42.752,0.76198,0.7622,1.00,1.00
2014.12.19 12:33:44.710,0.76196,0.76221,1.50,1.00
2014.12.19 12:33:44.811,0.76195,0.76219,2.25,1.00
2014.12.19 12:33:45.142,0.76198,0.76222,1.00,1.00
2014.12.19 12:33:45.902,0.76197,0.76221,1.00,1.00
2014.12.19 12:33:46.412,0.76197,0.76221,1.00,1.37
2014.12.19 12:33:46.714,0.76195,0.76217,1.00,1.00
2014.12.19 12:33:47.044,0.76191,0.76215,1.50,1.37
2014.12.19 12:33:48.433,0.76192,0.76213,1.00,1.00
2014.12.19 12:33:48.584,0.76192,0.76215,1.12,1.00
2014.12.19 12:33:48.685,0.76193,0.76217,1.00,1.00
2014.12.19 12:33:49.203,0.76192,0.76215,1.12,1.00
2014.12.19 12:33:49.354,0.76189,0.76213,1.00,1.00
2014.12.19 12:33:49.582,0.76188,0.76212,1.00,1.37
2014.12.19 12:33:50.964,0.76189,0.76213,1.00,1.37
2014.12.19 12:33:51.265,0.76193,0.76215,1.00,1.12
2014.12.19 12:33:51.494,0.76193,0.76217,1.00,1.50
2014.12.19 12:33:51.645,0.76195,0.76219,1.00,1.50
2014.12.19 12:33:52.183,0.76194,0.76218,1.00,1.00
2014.12.19 12:33:52.786,0.76194,0.76218,1.00,1.37
2014.12.19 12:33:53.322,0.76194,0.76216,1.00,1.00
2014.12.19 12:33:53.831,0.76195,0.76217,1.00,1.12
2014.12.19 12:33:54.500,0.76195,0.76219,1.00,1.00
2014.12.19 12:33:55.146,0.76194,0.76218,1.00,1.00
2014.12.19 12:33:57.554,0.76195,0.76218,1.00,1.00
2014.12.19 12:33:58.097,0.76195,0.76219,1.00,1.12
2014.12.19 12:33:58.718,0.76194,0.76218,1.00,1.00
2014.12.19 12:34:03.968,0.76195,0.76219,1.00,1.37
2014.12.19 12:34:04.319,0.76198,0.7622,1.00,1.37
2014.12.19 12:34:04.667,0.76196,0.76218,1.00,1.37
2014.12.19 12:34:04.718,0.76194,0.76218,1.00,1.37
2014.12.19 12:34:04.969,0.76191,0.76215,1.00,1.12
2014.12.19 12:34:06.383,0.76193,0.76215,1.00,1.00
2014.12.19 12:34:06.744,0.76194,0.76218,1.00,1.37
2014.12.19 12:34:07.309,0.76194,0.76218,1.00,1.12
2014.12.19 12:34:07.590,0.76196,0.76221,1.00,1.37
2014.12.19 12:34:08.004,0.76195,0.76219,1.00,1.37
2014.12.19 12:34:08.521,0.76194,0.76216,1.00,1.12
2014.12.19 12:34:09.605,0.76194,0.76218,1.00,1.37
2014.12.19 12:34:10.108,0.76195,0.76219,1.00,1.37
2014.12.19 12:34:10.410,0.76198,0.76221,1.00,1.37
2014.12.19 12:34:10.712,0.76196,0.7622,1.00,1.37
2014.12.19 12:34:13.621,0.76197,0.76221,1.00,1.37
2014.12.19 12:34:13.672,0.76197,0.76221,1.00,1.37
2014.12.19 12:34:14.182,0.76198,0.76222,1.00,1.37
2014.12.19 12:34:14.689,0.76198,0.76222,1.50,1.00
2014.12.19 12:34:14.740,0.76199,0.76224,1.00,1.12
2014.12.19 12:34:14.959,0.76199,0.76223,1.00,1.37
2014.12.19 12:34:15.521,0.76199,0.76223,1.00,1.00
2014.12.19 12:34:16.263,0.76199,0.76223,1.00,1.37
2014.12.19 12:34:17.480,0.76198,0.76222,1.00,1.12
2014.12.19 12:34:18.090,0.76197,0.76221,1.00,1.00
2014.12.19 12:34:18.268,0.76195,0.76219,1.50,1.00
2014.12.19 12:34:18.664,0.76198,0.7622,1.50,1.00
2014.12.19 12:34:18.815,0.76199,0.76223,1.00,1.37
2014.12.19 12:34:18.915,0.76201,0.76223,1.00,1.12
2014.12.19 12:34:20.770,0.762,0.76224,1.00,1.37
2014.12.19 12:34:21.278,0.76199,0.76223,1.00,1.37
2014.12.19 12:34:22.034,0.76198,0.76222,1.00,1.00
2014.12.19 12:34:22.540,0.76198,0.76223,1.00,1.00
2014.12.19 12:34:29.302,0.76199,0.76223,1.00,1.00
2014.12.19 12:34:29.710,0.76202,0.76224,1.00,1.00
2014.12.19 12:34:30.119,0.76201,0.76223,1.00,1.37
2014.12.19 12:34:31.340,0.762,0.76222,1.00,1.00
2014.12.19 12:34:37.963,0.762,0.76224,1.00,1.00
2014.12.19 12:34:38.561,0.76201,0.76225,1.00,1.00
2014.12.19 12:34:40.459,0.76202,0.76226,1.00,1.00
2014.12.19 12:34:42.474,0.76206,0.76228,1.00,1.37
2014.12.19 12:34:43.530,0.76206,0.76228,1.00,1.00
2014.12.19 12:34:44.090,0.76206,0.7623,1.00,1.00
2014.12.19 12:34:44.750,0.76206,0.76231,1.00,1.00
2014.12.19 12:34:45.361,0.76207,0.76231,1.00,1.00
2014.12.19 12:34:51.371,0.76205,0.76229,1.12,1.00
2014.12.19 12:34:52.147,0.76204,0.76228,1.00,1.00
2014.12.19 12:34:54.801,0.76203,0.76227,1.00,1.00
2014.12.19 12:34:55.379,0.76202,0.76226,1.00,1.00
2014.12.19 12:34:56.330,0.76204,0.76228,1.00,1.00
2014.12.19 12:35:03.266,0.76206,0.76228,1.00,1.12
2014.12.19 12:35:03.807,0.76204,0.76226,1.00,1.00
2014.12.19 12:35:14.794,0.76203,0.76225,1.00,1.00
2014.12.19 12:35:18.968,0.76204,0.76228,1.00,1.12
2014.12.19 12:35:19.076,0.76206,0.76229,1.00,1.37
2014.12.19 12:35:22.926,0.76204,0.76229,1.00,1.37
2014.12.19 12:35:23.285,0.76206,0.76229,1.00,1.37
2014.12.19 12:35:23.834,0.76204,0.76228,1.00,1.12
2014.12.19 12:35:24.497,0.76206,0.76228,1.00,1.12
2014.12.19 12:35:24.684,0.76204,0.76228,1.00,1.12
2014.12.19 12:35:24.835,0.76202,0.76226,1.50,1.00
2014.12.19 12:35:33.404,0.76203,0.76226,1.00,1.00
2014.12.19 12:35:33.822,0.76206,0.7623,1.00,1.37
2014.12.19 12:35:35.303,0.76206,0.7623,1.00,1.37
2014.12.19 12:35:37.185,0.76206,0.7623,1.37,1.00
2014.12.19 12:35:37.235,0.76209,0.76232,1.37,1.00
2014.12.19 12:35:37.336,0.76211,0.76234,1.50,1.00
2014.12.19 12:35:37.444,0.76214,0.76236,1.00,1.00
2014.12.19 12:35:37.736,0.76213,0.76238,1.00,1.00
2014.12.19 12:35:38.275,0.76214,0.76238,1.00,1.00
2014.12.19 12:35:38.717,0.76216,0.7624,1.00,1.00
2014.12.19 12:35:40.113,0.76216,0.76239,1.00,1.00
2014.12.19 12:35:40.623,0.76215,0.76239,1.00,1.50
2014.12.19 12:35:40.983,0.76213,0.76238,1.00,1.00
2014.12.19 12:35:41.083,0.76215,0.76237,1.00,1.00
2014.12.19 12:35:41.384,0.76217,0.76239,1.00,1.50
2014.12.19 12:35:41.944,0.76217,0.76239,1.00,1.87
2014.12.19 12:35:43.366,0.76217,0.76239,1.00,1.12
2014.12.19 12:35:44.046,0.76217,0.7624,1.00,1.00
2014.12.19 12:35:44.550,0.76218,0.76242,1.00,1.37
2014.12.19 12:35:45.124,0.76217,0.76241,1.00,1.37
2014.12.19 12:35:45.705,0.76218,0.76241,1.50,1.37
2014.12.19 12:35:48.225,0.76218,0.76241,1.50,1.37
2014.12.19 12:35:48.825,0.76219,0.76241,1.50,1.37
2014.12.19 12:35:49.216,0.76217,0.76241,2.25,1.37
2014.12.19 12:35:50.493,0.76218,0.76241,1.50,1.37
2014.12.19 12:35:51.745,0.76218,0.76242,2.25,1.00
2014.12.19 12:35:51.852,0.7622,0.76242,1.50,1.00
2014.12.19 12:35:52.103,0.76223,0.76246,1.50,1.00
2014.12.19 12:35:52.204,0.76226,0.7625,1.00,1.50
2014.12.19 12:35:52.255,0.76226,0.7625,1.00,1.87
2014.12.19 12:35:52.463,0.76226,0.7625,1.00,2.25
2014.12.19 12:35:52.664,0.76226,0.76248,1.00,1.00
2014.12.19 12:35:52.874,0.76224,0.76248,1.00,1.00
2014.12.19 12:35:53.251,0.76224,0.76248,1.00,1.37
2014.12.19 12:35:53.757,0.76224,0.76248,1.00,1.50
2014.12.19 12:35:53.959,0.76221,0.76245,1.00,1.37
2014.12.19 12:35:54.165,0.76221,0.76245,1.00,1.00
2014.12.19 12:35:55.187,0.7622,0.76244,1.00,1.00
2014.12.19 12:35:56.283,0.76221,0.76245,1.00,1.37
2014.12.19 12:35:56.790,0.76221,0.76245,1.00,1.37
2014.12.19 12:35:57.026,0.76221,0.76245,1.00,1.12
2014.12.19 12:35:57.722,0.76221,0.76245,1.00,1.37
2014.12.19 12:35:57.823,0.76222,0.76244,1.00,1.37
2014.12.19 12:36:01.234,0.76222,0.76246,1.00,2.25
2014.12.19 12:36:01.435,0.76218,0.76242,1.00,1.37
2014.12.19 12:36:01.967,0.76217,0.76241,1.00,1.37
2014.12.19 12:36:02.265,0.76217,0.76241,1.00,1.50
2014.12.19 12:36:02.833,0.76216,0.76238,1.00,1.37
2014.12.19 12:36:03.464,0.76217,0.76239,1.00,1.37
2014.12.19 12:36:04.329,0.76217,0.76239,1.00,1.00
2014.12.19 12:36:04.431,0.76217,0.76239,1.00,1.37
2014.12.19 12:36:08.354,0.76216,0.7624,1.00,1.87
2014.12.19 12:36:08.859,0.76216,0.7624,1.00,2.25
2014.12.19 12:36:08.969,0.76216,0.7624,1.00,1.87
2014.12.19 12:36:09.574,0.76216,0.7624,1.00,1.87
2014.12.19 12:36:10.079,0.76216,0.7624,1.00,1.87
2014.12.19 12:36:10.615,0.76217,0.76241,1.00,1.37
2014.12.19 12:36:11.103,0.76218,0.76241,1.00,1.37
2014.12.19 12:36:11.742,0.76218,0.76241,1.00,1.37
2014.12.19 12:36:14.893,0.76221,0.76243,1.00,1.37
2014.12.19 12:36:15.484,0.76221,0.76245,1.00,2.25
2014.12.19 12:36:15.855,0.76221,0.76246,1.00,1.00
2014.12.19 12:36:16.057,0.76221,0.76246,1.00,1.50
2014.12.19 12:36:16.518,0.76221,0.76246,1.00,1.00
2014.12.19 12:36:17.521,0.76221,0.76246,1.00,1.75
2014.12.19 12:36:18.022,0.76221,0.76246,1.00,1.00
2014.12.19 12:36:18.224,0.76221,0.76245,1.00,1.37
2014.12.19 12:36:18.826,0.76222,0.76244,1.00,1.12
2014.12.19 12:36:19.530,0.76222,0.76244,1.00,1.37
2014.12.19 12:36:19.845,0.76222,0.76244,1.00,1.37
2014.12.19 12:36:20.485,0.7622,0.76244,1.00,1.37
2014.12.19 12:36:20.586,0.7622,0.76244,1.00,1.37
2014.12.19 12:36:20.994,0.7622,0.76243,1.00,1.75
2014.12.19 12:36:21.443,0.76218,0.76242,1.00,1.50
2014.12.19 12:36:21.493,0.76218,0.76242,1.00,1.75
2014.12.19 12:36:21.694,0.76216,0.7624,1.00,1.50
2014.12.19 12:36:26.065,0.76216,0.76238,1.00,1.37
2014.12.19 12:36:26.216,0.76218,0.7624,1.00,1.87
2014.12.19 12:36:26.768,0.76218,0.76242,1.00,1.37
2014.12.19 12:36:27.213,0.76219,0.76243,1.00,1.75
2014.12.19 12:36:28.373,0.76221,0.76243,1.00,2.25
2014.12.19 12:36:28.424,0.76221,0.76243,1.00,1.87
2014.12.19 12:36:28.732,0.76221,0.76243,1.00,2.25
2014.12.19 12:36:29.252,0.76218,0.76243,1.00,2.25
2014.12.19 12:36:29.928,0.76217,0.76241,1.00,1.37
2014.12.19 12:36:31.783,0.76218,0.7624,1.00,1.37
2014.12.19 12:36:32.553,0.76216,0.7624,1.00,1.37
2014.12.19 12:36:34.638,0.76216,0.7624,1.00,1.37
2014.12.19 12:36:39.373,0.76218,0.7624,1.00,1.37
2014.12.19 12:36:41.020,0.76218,0.7624,1.00,1.37
2014.12.19 12:36:41.171,0.76216,0.76239,1.00,1.37
2014.12.19 12:36:41.272,0.76216,0.76239,1.00,1.37
2014.12.19 12:36:41.854,0.76216,0.76239,1.00,1.12
2014.12.19 12:36:43.533,0.76216,0.76239,1.00,1.37
2014.12.19 12:36:44.458,0.76216,0.76239,1.00,1.12
2014.12.19 12:36:44.509,0.76216,0.76239,1.00,1.37
2014.12.19 12:36:46.348,0.76216,0.76239,1.00,1.00
2014.12.19 12:36:46.499,0.76216,0.76239,1.00,1.37
2014.12.19 12:36:46.700,0.76216,0.76239,1.00,1.37
2014.12.19 12:36:46.964,0.76216,0.76239,1.00,1.50
2014.12.19 12:36:47.054,0.76216,0.76239,1.00,1.37
2014.12.19 12:36:47.597,0.76216,0.76239,1.00,1.37
2014.12.19 12:36:47.895,0.76216,0.76239,1.00,1.37
2014.12.19 12:36:48.836,0.76216,0.76239,1.00,1.37
2014.12.19 12:36:49.362,0.76216,0.76239,1.00,1.37
2014.12.19 12:36:56.287,0.76216,0.76239,1.00,1.37
2014.12.19 12:36:56.457,0.76214,0.76239,1.00,1.87
2014.12.19 12:36:57.082,0.76215,0.76239,1.00,1.87
2014.12.19 12:36:58.435,0.76215,0.76239,1.00,1.50
2014.12.19 12:36:58.502,0.76215,0.76239,1.00,1.87
2014.12.19 12:36:59.106,0.76215,0.76239,1.00,1.87
2014.12.19 12:37:01.815,0.76215,0.76239,1.00,1.87
2014.12.19 12:37:01.930,0.76217,0.76239,1.00,1.87
2014.12.19 12:37:03.227,0.76217,0.76239,1.00,1.37
2014.12.19 12:37:04.838,0.76217,0.76239,1.00,1.50
2014.12.19 12:37:08.252,0.76217,0.76239,1.00,1.37
2014.12.19 12:37:10.693,0.76217,0.76239,1.00,1.37
2014.12.19 12:37:10.865,0.76217,0.76239,1.00,1.00
2014.12.19 12:37:14.588,0.76215,0.7624,1.00,2.62
2014.12.19 12:37:14.639,0.76215,0.7624,1.00,3.00
2014.12.19 12:37:14.740,0.76215,0.7624,1.00,1.87
2014.12.19 12:37:14.841,0.76215,0.76238,1.00,2.25
2014.12.19 12:37:14.904,0.76213,0.76237,1.00,1.50
2014.12.19 12:37:15.463,0.76213,0.76237,1.00,1.37
2014.12.19 12:37:17.148,0.76213,0.76237,1.00,1.37
2014.12.19 12:37:18.753,0.76213,0.76237,1.00,1.12
2014.12.19 12:37:20.055,0.76213,0.76237,1.00,1.37
2014.12.19 12:37:20.536,0.76211,0.76236,1.00,1.37
2014.12.19 12:37:22.261,0.76211,0.76236,1.00,1.00
2014.12.19 12:37:22.512,0.76215,0.76237,1.00,1.12
2014.12.19 12:37:23.030,0.76214,0.76238,1.00,1.37
2014.12.19 12:37:23.373,0.76214,0.76238,1.00,1.37
2014.12.19 12:37:23.727,0.76216,0.76238,1.00,1.50
2014.12.19 12:37:23.878,0.76216,0.76238,1.00,1.37
2014.12.19 12:37:24.032,0.76214,0.76238,1.00,1.37
2014.12.19 12:37:24.383,0.76214,0.76238,1.00,1.00
2014.12.19 12:37:24.836,0.76216,0.7624,1.00,1.00
2014.12.19 12:37:25.446,0.76216,0.76239,1.00,1.00
2014.12.19 12:37:26.226,0.76216,0.76239,1.00,1.37
2014.12.19 12:37:28.210,0.76215,0.76239,1.00,2.25
2014.12.19 12:37:28.834,0.76215,0.76239,1.00,2.25
2014.12.19 12:37:29.408,0.76215,0.76239,1.00,2.25
2014.12.19 12:37:29.659,0.76213,0.76237,1.00,1.37
2014.12.19 12:37:30.353,0.76213,0.76237,1.00,1.37
2014.12.19 12:37:30.748,0.76214,0.76239,1.00,1.87
2014.12.19 12:37:30.853,0.76217,0.7624,1.00,1.87
2014.12.19 12:37:35.963,0.76217,0.7624,1.00,1.87
2014.12.19 12:37:39.118,0.76217,0.7624,1.00,1.87
2014.12.19 12:37:42.229,0.76216,0.76239,1.00,1.37
2014.12.19 12:37:42.841,0.76216,0.76239,1.00,1.37
2014.12.19 12:37:45.741,0.76213,0.76237,1.00,1.37
2014.12.19 12:37:45.842,0.76215,0.76238,1.00,1.37
2014.12.19 12:37:46.359,0.76215,0.76238,1.00,1.12
2014.12.19 12:37:47.058,0.76215,0.76239,1.00,1.37
2014.12.19 12:37:47.872,0.76215,0.76239,1.00,1.37
2014.12.19 12:37:48.351,0.76215,0.76239,1.00,1.37
2014.12.19 12:37:48.889,0.76214,0.76238,1.00,1.37
2014.12.19 12:37:49.113,0.76214,0.76238,1.00,1.12
2014.12.19 12:37:49.773,0.76215,0.76239,1.00,1.37
2014.12.19 12:37:50.323,0.76215,0.76239,1.00,1.37
2014.12.19 12:37:52.935,0.76215,0.76239,1.00,1.50
2014.12.19 12:37:54.842,0.76215,0.76239,1.00,1.87
2014.12.19 12:37:54.973,0.76215,0.76239,1.00,1.87
2014.12.19 12:37:55.275,0.76214,0.76237,1.00,1.87
2014.12.19 12:37:55.685,0.76214,0.76236,1.00,1.12
2014.12.19 12:37:58.166,0.76214,0.76237,1.00,1.37
2014.12.19 12:37:58.266,0.76212,0.76237,1.00,1.37
2014.12.19 12:38:00.679,0.76212,0.76236,1.00,1.37
2014.12.19 12:38:00.912,0.76212,0.76236,1.00,1.37
2014.12.19 12:38:09.423,0.76212,0.76236,1.00,1.37
2014.12.19 12:38:09.673,0.76212,0.76236,1.00,1.37
2014.12.19 12:38:10.862,0.76212,0.76237,1.00,1.37
2014.12.19 12:38:11.245,0.76214,0.76238,1.00,1.50
2014.12.19 12:38:12.932,0.76214,0.76238,1.00,1.75
2014.12.19 12:38:13.033,0.76214,0.76237,1.00,1.37
2014.12.19 12:38:13.134,0.76212,0.76236,1.00,1.37
2014.12.19 12:38:13.547,0.76211,0.76235,1.00,1.50
2014.12.19 12:38:13.648,0.76211,0.76235,1.00,1.37
2014.12.19 12:38:15.139,0.76211,0.76235,1.00,1.37
2014.12.19 12:38:15.240,0.76211,0.76235,1.00,1.75
2014.12.19 12:38:15.552,0.76209,0.76232,1.00,1.37
2014.12.19 12:38:15.871,0.76209,0.76232,1.00,1.37
2014.12.19 12:38:15.971,0.76209,0.76231,1.00,1.87
2014.12.19 12:38:21.489,0.76209,0.76231,1.00,1.87
2014.12.19 12:38:21.590,0.76209,0.76231,1.00,2.25
2014.12.19 12:38:21.798,0.76201,0.76225,1.00,1.37
2014.12.19 12:38:25.269,0.76201,0.76225,1.00,1.37
2014.12.19 12:38:35.173,0.76202,0.76224,1.00,1.37
2014.12.19 12:38:35.912,0.76202,0.76224,1.00,1.37
2014.12.19 12:38:36.416,0.76203,0.76227,1.00,1.37
2014.12.19 12:38:36.893,0.76203,0.76227,1.00,1.50
2014.12.19 12:38:37.449,0.76202,0.76226,1.00,1.50
2014.12.19 12:38:37.986,0.76202,0.76226,1.00,1.37
2014.12.19 12:38:38.104,0.76202,0.76226,1.00,1.37
2014.12.19 12:38:38.154,0.76204,0.76228,1.00,1.37
2014.12.19 12:38:40.303,0.76204,0.76228,1.00,1.75
2014.12.19 12:38:40.403,0.76204,0.76228,1.00,1.50
2014.12.19 12:38:40.931,0.76203,0.76226,1.00,1.37
2014.12.19 12:38:41.626,0.76203,0.76226,1.00,1.37
2014.12.19 12:38:42.408,0.76203,0.76226,1.00,1.37
2014.12.19 12:38:46.760,0.76203,0.76226,1.00,1.50
2014.12.19 12:38:48.720,0.76203,0.76227,1.00,1.37
2014.12.19 12:38:50.680,0.76202,0.76226,1.00,1.37
2014.12.19 12:38:55.984,0.76202,0.76226,1.00,1.50
2014.12.19 12:38:56.287,0.76201,0.76223,1.00,1.12
2014.12.19 12:39:05.260,0.76201,0.76225,1.00,1.37
2014.12.19 12:39:05.361,0.76201,0.76225,1.00,1.12
2014.12.19 12:39:08.511,0.762,0.76224,1.50,1.37
2014.12.19 12:39:08.611,0.76198,0.76223,1.00,1.37
2014.12.19 12:39:13.781,0.76199,0.76223,1.00,1.87
2014.12.19 12:39:14.134,0.76203,0.76227,1.00,1.12
2014.12.19 12:39:14.721,0.76203,0.76227,1.00,1.37
2014.12.19 12:39:15.024,0.76203,0.76227,1.00,1.37
2014.12.19 12:39:15.227,0.76203,0.76227,1.00,1.37
2014.12.19 12:39:15.738,0.76203,0.76227,1.00,1.00
2014.12.19 12:39:17.041,0.76203,0.76227,1.00,1.37
2014.12.19 12:39:17.622,0.76203,0.76227,1.00,1.12
2014.12.19 12:39:22.577,0.76203,0.76227,1.00,1.37
2014.12.19 12:39:32.941,0.76203,0.76227,1.00,1.00
2014.12.19 12:39:33.294,0.76206,0.76228,1.00,1.12
2014.12.19 12:39:36.259,0.76206,0.7623,1.00,1.00
2014.12.19 12:39:36.360,0.76208,0.76232,2.25,1.00
2014.12.19 12:39:36.670,0.7621,0.76234,1.00,1.12
2014.12.19 12:39:36.981,0.76212,0.76236,1.00,1.87
2014.12.19 12:39:37.226,0.7621,0.76234,1.00,1.00
2014.12.19 12:39:38.199,0.76211,0.76235,1.00,1.12
2014.12.19 12:39:38.731,0.76211,0.76235,1.00,1.37
2014.12.19 12:39:39.194,0.76209,0.76233,1.00,1.37
2014.12.19 12:39:39.445,0.76206,0.7623,1.00,1.12
2014.12.19 12:39:40.552,0.76206,0.7623,1.00,1.37
2014.12.19 12:39:40.653,0.76206,0.7623,1.00,1.37
2014.12.19 12:39:41.160,0.76205,0.76229,1.00,1.37
2014.12.19 12:39:41.491,0.76205,0.76229,1.00,1.37
2014.12.19 12:39:42.105,0.76205,0.76229,1.00,1.37
2014.12.19 12:39:42.753,0.76205,0.76229,1.00,1.12
2014.12.19 12:39:42.861,0.76205,0.76229,1.00,1.37
2014.12.19 12:39:43.381,0.76205,0.76229,1.00,1.37
2014.12.19 12:39:43.720,0.76205,0.76229,1.00,1.37
2014.12.19 12:39:43.770,0.76205,0.76229,1.00,1.37
2014.12.19 12:39:44.571,0.76206,0.7623,1.00,1.37
2014.12.19 12:39:44.749,0.76206,0.7623,1.00,1.37
2014.12.19 12:39:45.051,0.76204,0.76227,1.00,1.37
2014.12.19 12:39:45.942,0.76203,0.76227,1.00,1.87
2014.12.19 12:39:46.552,0.76203,0.76227,1.00,1.87
2014.12.19 12:39:48.263,0.76203,0.76227,1.00,1.50
2014.12.19 12:39:48.540,0.76205,0.76228,1.00,1.37
2014.12.19 12:39:48.845,0.76205,0.76228,1.00,1.37
2014.12.19 12:39:49.021,0.76205,0.76228,1.00,1.00
2014.12.19 12:39:49.122,0.76205,0.76226,1.00,1.87
2014.12.19 12:39:49.222,0.76203,0.76226,1.00,1.87
2014.12.19 12:39:50.286,0.76203,0.76225,1.00,1.37
2014.12.19 12:39:51.116,0.76203,0.76226,1.00,1.37
2014.12.19 12:39:52.796,0.76203,0.76226,1.00,1.37
2014.12.19 12:39:53.006,0.76204,0.76226,1.00,1.37
2014.12.19 12:39:53.711,0.76204,0.76225,1.00,1.50
2014.12.19 12:39:53.862,0.76204,0.76226,1.00,1.87
2014.12.19 12:39:53.963,0.76204,0.76226,1.00,2.25
2014.12.19 12:39:54.589,0.76202,0.76226,1.00,2.25
2014.12.19 12:39:54.756,0.76202,0.76226,1.00,1.87
2014.12.19 12:39:55.269,0.76203,0.76225,1.00,1.37
2014.12.19 12:39:56.632,0.76203,0.76225,1.00,1.12
2014.12.19 12:39:57.016,0.76201,0.76226,1.00,1.87
2014.12.19 12:39:57.167,0.76199,0.76223,1.00,1.87
2014.12.19 12:39:57.643,0.76198,0.76223,1.00,1.37
2014.12.19 12:39:57.982,0.762,0.76225,1.00,1.37
2014.12.19 12:39:58.423,0.76202,0.76226,1.00,1.37
2014.12.19 12:39:58.660,0.76202,0.76226,1.00,1.87
2014.12.19 12:39:58.896,0.76202,0.76223,1.00,1.37
2014.12.19 12:39:59.229,0.76199,0.76222,1.00,1.37
2014.12.19 12:39:59.751,0.76199,0.76222,1.00,1.37
2014.12.19 12:40:00.298,0.76199,0.76222,1.00,1.37
2014.12.19 12:40:00.904,0.762,0.76222,1.00,1.37
2014.12.19 12:40:01.340,0.76199,0.76223,1.00,1.00
2014.12.19 12:40:01.441,0.76199,0.76221,1.00,1.00
2014.12.19 12:40:01.888,0.76197,0.76221,1.00,1.50
2014.12.19 12:40:01.938,0.76197,0.76221,1.00,1.87
2014.12.19 12:40:02.507,0.76196,0.7622,1.00,1.37
2014.12.19 12:40:03.387,0.76197,0.76222,1.00,1.87
2014.12.19 12:40:05.606,0.76198,0.76222,1.00,1.37
2014.12.19 12:40:05.808,0.76199,0.76223,1.00,1.37
2014.12.19 12:40:06.368,0.76199,0.76223,1.00,1.12
2014.12.19 12:40:06.507,0.76199,0.76223,1.00,1.37
2014.12.19 12:40:06.709,0.76197,0.76222,1.00,1.37
2014.12.19 12:40:06.848,0.76197,0.7622,1.00,1.37
2014.12.19 12:40:06.957,0.76197,0.76222,1.00,1.37
2014.12.19 12:40:07.566,0.76196,0.76221,1.00,1.12
2014.12.19 12:40:07.617,0.76196,0.76221,1.00,1.37
2014.12.19 12:40:07.846,0.76197,0.76221,1.00,1.37
2014.12.19 12:40:08.047,0.76199,0.76223,1.00,1.37
2014.12.19 12:40:08.113,0.76199,0.76223,1.00,1.00
2014.12.19 12:40:08.164,0.76201,0.76223,1.00,1.00
2014.12.19 12:40:08.265,0.76201,0.76226,1.00,1.37
2014.12.19 12:40:08.466,0.76203,0.76227,1.00,1.37
2014.12.19 12:40:08.989,0.76203,0.76227,1.00,1.37
2014.12.19 12:40:09.352,0.76202,0.76224,1.00,1.37
2014.12.19 12:40:09.958,0.76202,0.76224,1.00,1.00
2014.12.19 12:40:13.280,0.76203,0.76224,1.50,1.00
2014.12.19 12:40:13.331,0.76203,0.76226,2.25,1.00
2014.12.19 12:40:13.696,0.76205,0.76228,1.50,1.37
2014.12.19 12:40:14.242,0.76206,0.7623,1.00,1.37
2014.12.19 12:40:14.829,0.76205,0.76229,1.00,1.37
2014.12.19 12:40:15.236,0.76205,0.76229,1.00,1.12
2014.12.19 12:40:15.827,0.76206,0.7623,1.00,1.37
2014.12.19 12:40:16.465,0.76206,0.7623,1.00,1.87
2014.12.19 12:40:17.242,0.76206,0.7623,1.00,1.37
2014.12.19 12:40:17.748,0.76207,0.7623,1.00,1.37
2014.12.19 12:40:19.958,0.76207,0.76231,1.00,1.37
2014.12.19 12:40:20.127,0.76205,0.76229,1.00,1.37
2014.12.19 12:40:22.255,0.76206,0.76228,1.00,1.87
2014.12.19 12:40:22.778,0.76205,0.76229,1.00,2.25
2014.12.19 12:40:24.459,0.76205,0.76229,1.00,2.25
2014.12.19 12:40:24.991,0.76204,0.76227,1.00,1.37
2014.12.19 12:40:26.305,0.76201,0.76225,1.00,1.37
2014.12.19 12:40:28.707,0.76203,0.76225,1.00,1.37
2014.12.19 12:40:29.417,0.76203,0.76225,1.00,1.37
2014.12.19 12:40:31.016,0.76203,0.76225,1.00,1.12
2014.12.19 12:40:31.827,0.76203,0.76225,1.00,1.37
2014.12.19 12:40:32.336,0.76203,0.76225,1.00,1.00
2014.12.19 12:40:33.104,0.76203,0.76225,1.00,1.37
2014.12.19 12:40:35.126,0.76203,0.76225,1.00,1.37
2014.12.19 12:40:36.758,0.762,0.76224,1.00,1.37
2014.12.19 12:40:38.648,0.762,0.76224,1.00,1.37
2014.12.19 12:40:39.223,0.762,0.76224,1.00,1.37
2014.12.19 12:40:39.324,0.762,0.76224,1.00,1.37
2014.12.19 12:40:39.486,0.76197,0.76219,1.50,1.00
2014.12.19 12:40:39.586,0.76194,0.76219,2.25,1.00
2014.12.19 12:40:40.366,0.76194,0.76219,1.50,1.37
2014.12.19 12:40:41.027,0.76195,0.7622,1.00,1.37
2014.12.19 12:40:41.178,0.76195,0.7622,1.00,1.12
2014.12.19 12:40:41.697,0.76194,0.76219,1.00,1.12
2014.12.19 12:40:41.798,0.76194,0.76216,1.00,1.00
2014.12.19 12:40:42.255,0.76194,0.76218,1.00,1.00
2014.12.19 12:40:42.557,0.76203,0.76223,1.00,1.00
2014.12.19 12:40:42.607,0.76203,0.76225,1.00,1.00
2014.12.19 12:40:42.809,0.76205,0.76228,1.00,1.00
2014.12.19 12:40:42.909,0.76207,0.76229,1.00,1.12
2014.12.19 12:40:44.270,0.76207,0.76229,1.00,1.37
2014.12.19 12:40:44.973,0.76207,0.76229,1.00,1.12
2014.12.19 12:40:46.117,0.76207,0.76229,1.00,1.37
2014.12.19 12:40:46.318,0.76208,0.76232,1.00,1.12
2014.12.19 12:40:46.846,0.76209,0.76234,1.00,1.00
2014.12.19 12:40:46.966,0.76212,0.76235,1.00,1.00
2014.12.19 12:40:47.502,0.76212,0.76236,1.00,1.12
2014.12.19 12:40:48.232,0.76212,0.76236,1.00,1.37
2014.12.19 12:40:48.826,0.76213,0.76237,2.25,1.37
2014.12.19 12:40:49.759,0.76213,0.76237,2.25,1.00
2014.12.19 12:40:50.275,0.76213,0.76237,2.25,1.37
2014.12.19 12:40:51.244,0.76213,0.76237,2.25,1.37
2014.12.19 12:40:53.547,0.76216,0.76238,1.00,1.37
2014.12.19 12:40:54.066,0.76217,0.76239,1.00,1.37
2014.12.19 12:40:54.388,0.76217,0.7624,2.25,1.37
2014.12.19 12:40:54.997,0.76216,0.7624,1.00,1.37
2014.12.19 12:40:55.198,0.76216,0.76238,1.00,1.37
2014.12.19 12:40:55.349,0.76213,0.76237,1.00,1.37
2014.12.19 12:40:55.618,0.76213,0.76235,1.00,1.87
2014.12.19 12:40:56.145,0.76214,0.76235,1.00,1.37
2014.12.19 12:40:56.655,0.76214,0.76235,1.00,1.37
2014.12.19 12:40:56.755,0.76212,0.76235,1.00,1.37
2014.12.19 12:40:56.856,0.76214,0.76235,1.00,1.37
2014.12.19 12:40:57.412,0.76214,0.76236,1.00,1.37
2014.12.19 12:40:58.205,0.76215,0.76236,1.00,1.37
2014.12.19 12:40:59.729,0.76215,0.76236,1.00,1.12
2014.12.19 12:40:59.932,0.76215,0.76236,1.00,1.37
2014.12.19 12:41:00.638,0.76215,0.76237,1.00,1.37
2014.12.19 12:41:01.178,0.76215,0.76239,1.00,1.37
2014.12.19 12:41:01.399,0.76217,0.7624,1.00,1.75
2014.12.19 12:41:01.910,0.76216,0.76238,1.00,1.37
2014.12.19 12:41:02.425,0.76216,0.76238,1.00,1.50
2014.12.19 12:41:10.048,0.76216,0.76238,1.00,1.75
2014.12.19 12:41:10.099,0.7621,0.76231,1.00,1.37
2014.12.19 12:41:10.313,0.76204,0.76232,1.50,1.87
2014.12.19 12:41:10.418,0.76206,0.7623,1.00,1.00
2014.12.19 12:41:10.823,0.76208,0.76232,1.00,1.50
2014.12.19 12:41:11.617,0.76212,0.76236,1.00,1.50
2014.12.19 12:41:11.918,0.76214,0.76236,1.00,1.00
2014.12.19 12:41:16.749,0.76214,0.76238,1.00,1.12
2014.12.19 12:41:17.038,0.76216,0.7624,1.00,1.87
2014.12.19 12:41:19.808,0.76216,0.7624,1.00,1.87
2014.12.19 12:41:20.110,0.76218,0.76242,1.00,1.37
2014.12.19 12:41:20.412,0.7622,0.76241,1.00,1.37
2014.12.19 12:41:20.738,0.76216,0.7624,1.00,1.37
2014.12.19 12:41:23.586,0.76218,0.76241,1.00,1.37
2014.12.19 12:41:23.637,0.76218,0.76241,1.00,1.37
2014.12.19 12:41:24.605,0.76218,0.76242,1.00,1.37
2014.12.19 12:41:24.907,0.76215,0.76237,1.00,1.37
2014.12.19 12:41:26.265,0.76215,0.76237,1.00,1.00
2014.12.19 12:41:26.587,0.76216,0.76241,1.12,1.00
2014.12.19 12:41:26.788,0.76218,0.76242,1.00,1.00
2014.12.19 12:41:27.090,0.76216,0.7624,1.00,1.00
2014.12.19 12:41:27.575,0.76215,0.76237,1.00,1.00
2014.12.19 12:41:28.452,0.76215,0.76237,1.00,1.37
2014.12.19 12:41:29.858,0.76215,0.76237,1.00,1.12
2014.12.19 12:41:34.675,0.76215,0.76237,1.00,1.37
2014.12.19 12:41:35.349,0.76213,0.76238,1.00,1.37
2014.12.19 12:41:37.126,0.76213,0.76238,1.00,1.12
2014.12.19 12:41:37.190,0.76213,0.76238,1.00,1.37
2014.12.19 12:41:37.736,0.76216,0.76239,1.00,1.87
2014.12.19 12:41:39.979,0.76217,0.76241,1.00,1.50
2014.12.19 12:41:40.231,0.76221,0.76245,1.00,1.00
2014.12.19 12:41:40.296,0.76222,0.76247,1.00,1.50
2014.12.19 12:41:41.067,0.76222,0.76247,1.00,1.87
2014.12.19 12:41:41.607,0.76223,0.76247,1.00,1.37
2014.12.19 12:41:43.151,0.76223,0.76247,1.00,1.87
2014.12.19 12:41:44.259,0.76223,0.76247,1.00,1.87
2014.12.19 12:41:45.567,0.76223,0.76246,1.00,1.37
2014.12.19 12:41:46.674,0.76222,0.76246,1.00,1.37
2014.12.19 12:41:48.826,0.76222,0.76246,1.00,1.37
2014.12.19 12:41:49.297,0.76221,0.76245,1.00,1.37
2014.12.19 12:41:49.602,0.76221,0.76243,2.25,1.37
2014.12.19 12:41:49.652,0.76221,0.76243,2.25,1.00
2014.12.19 12:41:49.803,0.76222,0.76246,1.00,2.25
2014.12.19 12:41:50.005,0.7622,0.76244,1.00,1.00
2014.12.19 12:41:52.174,0.7622,0.76244,1.00,1.50
2014.12.19 12:41:52.615,0.76218,0.76242,1.00,1.37
2014.12.19 12:41:52.665,0.76218,0.76242,1.00,1.75
2014.12.19 12:41:52.867,0.76216,0.7624,1.00,1.87
2014.12.19 12:41:53.424,0.76215,0.76239,1.00,1.37
2014.12.19 12:41:54.164,0.76215,0.76239,1.00,1.50
2014.12.19 12:41:59.178,0.76215,0.76239,1.00,1.37
2014.12.19 12:42:12.486,0.76215,0.76237,1.00,1.00
2014.12.19 12:42:12.537,0.76219,0.76243,1.00,1.87
2014.12.19 12:42:12.587,0.76219,0.76243,1.00,1.50
2014.12.19 12:42:12.638,0.76223,0.76245,1.00,1.37
2014.12.19 12:42:12.940,0.76222,0.76245,1.00,1.37
2014.12.19 12:42:12.996,0.76222,0.76245,1.00,1.00
2014.12.19 12:42:13.744,0.76222,0.76246,1.00,1.50
2014.12.19 12:42:14.403,0.76222,0.76246,1.00,1.87
2014.12.19 12:42:14.705,0.76222,0.76245,1.00,1.75
2014.12.19 12:42:14.755,0.7622,0.76244,1.00,2.25
2014.12.19 12:42:14.856,0.76217,0.76241,1.00,1.87
2014.12.19 12:42:14.907,0.76217,0.76241,1.00,2.25
2014.12.19 12:42:14.957,0.76215,0.76237,1.00,1.37
2014.12.19 12:42:15.058,0.76212,0.76236,1.50,1.12
2014.12.19 12:42:15.108,0.76212,0.76236,1.50,1.87
2014.12.19 12:42:19.364,0.76212,0.76236,1.00,1.87
2014.12.19 12:42:20.016,0.76212,0.76236,1.00,1.87
2014.12.19 12:42:20.564,0.76213,0.76238,1.00,1.37
2014.12.19 12:42:22.022,0.76213,0.76236,1.00,1.00
2014.12.19 12:42:22.107,0.76213,0.76238,1.00,1.00
2014.12.19 12:42:22.157,0.76213,0.76238,1.00,1.75
2014.12.19 12:42:22.258,0.76213,0.76236,1.00,1.00
2014.12.19 12:42:22.359,0.76212,0.76236,1.00,2.25
2014.12.19 12:42:23.147,0.76212,0.76236,1.00,1.87
2014.12.19 12:42:23.827,0.76212,0.76236,1.00,1.87
2014.12.19 12:42:27.978,0.76212,0.76236,1.00,1.87
2014.12.19 12:42:33.848,0.76212,0.76235,1.00,1.37
2014.12.19 12:42:34.205,0.76212,0.7623,1.00,1.00
2014.12.19 12:42:37.615,0.76212,0.76236,1.00,1.87
2014.12.19 12:42:48.684,0.76212,0.76234,1.00,1.37
2014.12.19 12:42:48.835,0.76208,0.76232,1.50,1.37
2014.12.19 12:42:49.379,0.76208,0.76232,1.00,1.37
2014.12.19 12:42:49.723,0.76208,0.7623,1.00,1.37
2014.12.19 12:42:50.165,0.76205,0.76229,1.00,1.37
2014.12.19 12:42:50.883,0.76205,0.76229,1.00,1.37
2014.12.19 12:42:51.421,0.76206,0.7623,1.00,1.37
2014.12.19 12:42:51.971,0.76206,0.7623,1.00,1.37
2014.12.19 12:42:54.797,0.76206,0.7623,1.00,1.37
2014.12.19 12:43:00.632,0.76206,0.7623,1.00,1.50
2014.12.19 12:43:01.054,0.76206,0.7623,1.00,1.87
2014.12.19 12:43:01.155,0.76208,0.76231,1.00,1.37
2014.12.19 12:43:01.456,0.76214,0.76235,1.00,1.00
2014.12.19 12:43:01.507,0.76215,0.76237,1.00,1.00
2014.12.19 12:43:01.721,0.76216,0.7624,1.00,1.00
2014.12.19 12:43:02.375,0.76216,0.76241,1.00,1.12
2014.12.19 12:43:02.667,0.76218,0.76241,1.00,1.12
2014.12.19 12:43:03.343,0.7622,0.76242,1.00,1.37
2014.12.19 12:43:03.799,0.76217,0.76241,1.00,1.12
2014.12.19 12:43:04.051,0.76218,0.76242,1.00,1.37
2014.12.19 12:43:04.445,0.76216,0.7624,1.00,1.37
2014.12.19 12:43:04.747,0.76216,0.7624,1.00,1.87
2014.12.19 12:43:05.434,0.76215,0.76237,1.00,1.37
2014.12.19 12:43:05.959,0.76215,0.76237,1.00,1.37
2014.12.19 12:43:06.484,0.76215,0.76237,1.00,1.37
2014.12.19 12:43:06.863,0.76212,0.76236,1.00,1.37
2014.12.19 12:43:10.053,0.76212,0.76234,1.00,1.37
2014.12.19 12:43:10.305,0.7621,0.76232,1.00,1.37
2014.12.19 12:43:12.057,0.7621,0.76232,1.00,1.12
2014.12.19 12:43:13.366,0.7621,0.76232,1.00,1.37
2014.12.19 12:43:13.686,0.76207,0.76229,1.00,1.37
2014.12.19 12:43:15.990,0.76207,0.76229,1.00,1.37
2014.12.19 12:43:16.242,0.76204,0.76226,1.00,1.37
2014.12.19 12:43:16.494,0.76204,0.76226,1.00,1.75
2014.12.19 12:43:16.544,0.762,0.76224,1.00,1.37
2014.12.19 12:43:16.695,0.76199,0.76221,1.00,1.37
2014.12.19 12:43:18.383,0.76199,0.76221,1.00,1.37
2014.12.19 12:43:18.523,0.76196,0.7622,1.00,1.37
2014.12.19 12:43:18.624,0.76196,0.7622,1.00,1.00
2014.12.19 12:43:18.725,0.76196,0.7622,1.00,1.50
2014.12.19 12:43:18.826,0.76196,0.7622,1.00,1.87
2014.12.19 12:43:19.027,0.76195,0.76219,1.00,2.25
2014.12.19 12:43:19.556,0.76194,0.76215,1.00,1.37
2014.12.19 12:43:20.071,0.76194,0.76215,1.00,1.37
2014.12.19 12:43:20.615,0.76195,0.76215,1.00,1.37
2014.12.19 12:43:20.866,0.76194,0.76218,1.00,1.37
2014.12.19 12:43:21.067,0.76196,0.76219,1.00,1.37
2014.12.19 12:43:21.589,0.76195,0.7622,1.00,1.37
2014.12.19 12:43:22.594,0.76197,0.76219,1.00,1.37
2014.12.19 12:43:22.914,0.76195,0.76219,1.00,1.37
2014.12.19 12:43:23.474,0.76197,0.76219,1.00,1.37
2014.12.19 12:43:24.683,0.76199,0.7622,1.00,1.37
2014.12.19 12:43:25.106,0.76199,0.7622,1.00,1.00
2014.12.19 12:43:25.257,0.76197,0.76219,1.00,1.00
2014.12.19 12:43:25.308,0.76197,0.76219,1.00,1.37
2014.12.19 12:43:25.409,0.76197,0.76219,1.00,1.12
2014.12.19 12:43:25.509,0.76195,0.76219,1.00,1.12
2014.12.19 12:43:25.741,0.76195,0.76219,1.00,1.50
2014.12.19 12:43:26.745,0.76195,0.76217,1.00,1.37
2014.12.19 12:43:27.614,0.76195,0.76217,1.00,2.25
2014.12.19 12:43:27.714,0.76195,0.76217,1.00,1.87
2014.12.19 12:43:27.915,0.76195,0.76216,1.00,1.50
2014.12.19 12:43:28.115,0.76195,0.76216,1.00,1.37
2014.12.19 12:43:28.416,0.76195,0.76216,1.00,1.37
2014.12.19 12:43:28.868,0.76195,0.76217,1.00,1.37
2014.12.19 12:43:28.968,0.76195,0.76217,1.00,1.00
2014.12.19 12:43:29.019,0.76193,0.76217,1.00,1.00
2014.12.19 12:43:29.448,0.76195,0.76219,1.00,1.00
2014.12.19 12:43:29.839,0.76197,0.76221,1.00,1.00
2014.12.19 12:43:30.524,0.76197,0.76221,1.00,1.37
2014.12.19 12:43:31.026,0.76197,0.76221,1.00,1.00
2014.12.19 12:43:31.663,0.76197,0.76221,1.00,1.37
2014.12.19 12:43:32.329,0.76197,0.76221,1.00,1.00
2014.12.19 12:43:33.030,0.76197,0.76221,1.00,1.37
2014.12.19 12:43:33.862,0.76197,0.76221,1.00,1.12
2014.12.19 12:43:35.334,0.76197,0.76221,1.00,1.37
2014.12.19 12:43:35.434,0.76197,0.76221,1.00,1.12
2014.12.19 12:43:35.635,0.76197,0.76221,1.00,1.37
2014.12.19 12:43:35.736,0.76197,0.76221,1.00,1.00
2014.12.19 12:43:36.842,0.76197,0.76221,1.00,1.37
2014.12.19 12:43:37.143,0.76197,0.76221,1.00,1.37
2014.12.19 12:43:37.547,0.76197,0.76221,1.00,1.00
2014.12.19 12:43:38.152,0.76195,0.76219,1.00,1.00
2014.12.19 12:43:38.454,0.76191,0.76213,1.00,1.00
2014.12.19 12:43:38.864,0.76188,0.7621,1.00,1.00
2014.12.19 12:43:39.415,0.76187,0.76211,1.00,1.00
2014.12.19 12:43:40.963,0.7619,0.76212,1.00,1.00
2014.12.19 12:43:41.437,0.76188,0.76212,1.00,1.00
2014.12.19 12:43:42.284,0.76187,0.76211,1.00,1.00
2014.12.19 12:43:43.063,0.76187,0.76211,1.00,1.87
2014.12.19 12:43:43.300,0.76185,0.7621,1.00,1.37
2014.12.19 12:43:43.401,0.76185,0.7621,1.00,1.87
2014.12.19 12:43:44.853,0.76189,0.76211,1.00,1.87
2014.12.19 12:43:44.909,0.76189,0.76211,1.00,1.87
2014.12.19 12:43:45.252,0.76187,0.76211,1.00,1.87
2014.12.19 12:43:45.813,0.76188,0.76211,1.00,1.37
2014.12.19 12:43:47.825,0.76188,0.76211,1.00,1.00
2014.12.19 12:43:47.926,0.76187,0.76209,1.00,1.00
2014.12.19 12:43:48.244,0.76186,0.76209,1.00,1.37
2014.12.19 12:43:48.836,0.76186,0.76209,1.00,1.37
2014.12.19 12:43:50.239,0.7619,0.76211,1.00,1.37
2014.12.19 12:43:50.340,0.76187,0.76209,1.00,1.12
2014.12.19 12:43:50.444,0.76185,0.76209,1.00,1.87
2014.12.19 12:43:50.664,0.76185,0.76209,1.00,1.87
2014.12.19 12:43:51.192,0.76185,0.76209,1.00,1.87
2014.12.19 12:43:52.914,0.76185,0.76209,1.00,1.87
2014.12.19 12:43:54.648,0.76188,0.7621,1.00,1.00
2014.12.19 12:43:55.012,0.7619,0.76211,1.00,1.00
2014.12.19 12:43:55.578,0.7619,0.76212,1.00,1.12
2014.12.19 12:43:56.127,0.76189,0.76213,1.00,1.37
2014.12.19 12:43:58.623,0.76189,0.76213,1.00,1.37
2014.12.19 12:43:58.964,0.76189,0.76213,1.00,1.87
2014.12.19 12:43:59.015,0.76187,0.76211,1.00,1.37
2014.12.19 12:43:59.462,0.76187,0.76211,1.00,2.25
2014.12.19 12:44:00.031,0.76186,0.76211,1.00,1.87
2014.12.19 12:44:05.146,0.76186,0.76211,1.00,1.37
2014.12.19 12:44:06.453,0.76186,0.76209,1.00,1.37
2014.12.19 12:44:06.909,0.76186,0.7621,1.00,1.00
2014.12.19 12:44:07.465,0.76187,0.76211,1.00,1.37
2014.12.19 12:44:12.861,0.76189,0.76211,1.00,1.37
2014.12.19 12:44:14.395,0.76189,0.76211,1.00,1.37
2014.12.19 12:44:14.849,0.7619,0.76212,1.00,1.12
2014.12.19 12:44:15.000,0.76188,0.76212,1.50,1.12
2014.12.19 12:44:15.201,0.76193,0.76217,1.00,1.37
2014.12.19 12:44:15.251,0.76193,0.76217,1.00,1.00
2014.12.19 12:44:15.802,0.76194,0.76216,1.00,1.00
2014.12.19 12:44:16.408,0.76196,0.76218,1.00,1.12
2014.12.19 12:44:16.709,0.76198,0.7622,1.00,1.00
2014.12.19 12:44:16.760,0.76198,0.76222,1.00,1.00
2014.12.19 12:44:17.064,0.762,0.76224,1.00,1.00
2014.12.19 12:44:17.433,0.76202,0.76226,1.00,1.00
2014.12.19 12:44:17.944,0.76202,0.76226,1.00,1.37
2014.12.19 12:44:18.511,0.762,0.76224,1.00,1.00
2014.12.19 12:44:18.762,0.76199,0.76223,1.50,1.37
2014.12.19 12:44:19.324,0.76199,0.76221,1.00,1.00
2014.12.19 12:44:20.623,0.76198,0.76223,1.00,1.37
2014.12.19 12:44:20.925,0.76205,0.76228,1.00,1.00
2014.12.19 12:44:21.453,0.76205,0.76229,1.50,1.00
2014.12.19 12:44:21.979,0.76204,0.76228,1.00,1.00
2014.12.19 12:44:28.092,0.76203,0.76227,1.00,1.00
2014.12.19 12:44:28.466,0.76201,0.76225,1.00,1.00
2014.12.19 12:44:28.642,0.76199,0.76224,1.50,1.00
2014.12.19 12:44:30.033,0.76199,0.76224,1.87,1.00
2014.12.19 12:44:30.547,0.76199,0.76224,1.87,1.00
2014.12.19 12:44:31.361,0.762,0.76224,1.00,1.00
2014.12.19 12:44:31.862,0.76199,0.76224,1.00,1.00
2014.12.19 12:44:32.621,0.76199,0.76224,1.00,1.37
2014.12.19 12:44:33.459,0.76199,0.76224,1.00,1.37
2014.12.19 12:44:35.430,0.76199,0.76224,1.00,1.87
2014.12.19 12:44:37.127,0.76199,0.76224,1.00,1.50
2014.12.19 12:44:37.368,0.76201,0.76224,1.00,1.00
2014.12.19 12:44:37.902,0.76203,0.76225,1.00,1.00
2014.12.19 12:44:38.634,0.76203,0.76227,1.00,1.00
2014.12.19 12:44:39.271,0.76204,0.76228,1.00,1.00
2014.12.19 12:44:39.767,0.76206,0.76228,1.00,1.00
2014.12.19 12:44:44.701,0.76208,0.7623,1.00,1.00
2014.12.19 12:44:49.320,0.76206,0.7623,1.00,1.00
2014.12.19 12:44:51.980,0.76207,0.76229,1.00,1.00
2014.12.19 12:44:52.501,0.76206,0.76228,1.00,1.00
2014.12.19 12:44:52.601,0.76204,0.76228,1.00,1.00
2014.12.19 12:44:54.170,0.76206,0.7623,1.00,1.37
2014.12.19 12:44:57.944,0.76206,0.7623,1.00,1.00
2014.12.19 12:44:58.245,0.76204,0.76226,1.00,1.87
2014.12.19 12:44:58.756,0.76204,0.76228,1.00,1.37
2014.12.19 12:44:58.957,0.76205,0.76227,1.00,1.87
2014.12.19 12:44:59.143,0.76203,0.76225,1.00,1.00
2014.12.19 12:44:59.243,0.76201,0.76224,1.00,1.12
2014.12.19 12:44:59.762,0.76201,0.76225,1.00,1.12
2014.12.19 12:45:02.414,0.76202,0.76226,1.00,1.00
2014.12.19 12:45:04.105,0.76202,0.76225,1.00,1.00
2014.12.19 12:45:05.125,0.76202,0.76226,1.00,1.87
2014.12.19 12:45:08.382,0.76202,0.76225,1.00,1.00
2014.12.19 12:45:08.824,0.762,0.76225,1.00,1.87
2014.12.19 12:45:09.025,0.76198,0.76223,1.00,1.37
2014.12.19 12:45:09.633,0.76198,0.7622,1.00,1.37
2014.12.19 12:45:09.683,0.76196,0.76218,1.00,1.12
2014.12.19 12:45:09.802,0.76194,0.76216,1.00,1.00
2014.12.19 12:45:10.315,0.76194,0.76218,1.00,1.00
2014.12.19 12:45:11.025,0.76196,0.76219,1.00,1.12
2014.12.19 12:45:15.631,0.76196,0.7622,1.00,1.87
2014.12.19 12:45:19.061,0.76196,0.7622,1.00,1.87
2014.12.19 12:45:19.264,0.76194,0.76218,1.00,1.00
2014.12.19 12:45:19.598,0.76198,0.76222,1.00,1.37
2014.12.19 12:45:20.378,0.76196,0.7622,1.00,1.12
2014.12.19 12:45:20.680,0.76194,0.76218,1.00,1.12
2014.12.19 12:45:21.046,0.76194,0.76216,1.00,1.00
2014.12.19 12:45:22.903,0.76193,0.76216,1.00,1.37
2014.12.19 12:45:23.004,0.76193,0.76216,1.00,1.12
2014.12.19 12:45:23.351,0.76195,0.76217,1.00,1.12
2014.12.19 12:45:23.792,0.76195,0.76217,1.00,1.37
2014.12.19 12:45:23.994,0.76192,0.76216,1.00,1.87
2014.12.19 12:45:24.095,0.7619,0.76214,1.00,1.37
2014.12.19 12:45:24.334,0.76191,0.76215,1.00,1.50
2014.12.19 12:45:25.811,0.76191,0.76215,1.00,1.37
2014.12.19 12:45:26.820,0.76191,0.76215,1.00,1.00
2014.12.19 12:45:27.952,0.76192,0.76216,1.00,1.50
2014.12.19 12:45:28.242,0.76194,0.76216,1.00,1.00
2014.12.19 12:45:28.874,0.76194,0.76218,1.00,1.37
2014.12.19 12:45:31.442,0.76194,0.76218,1.00,1.12
2014.12.19 12:45:32.442,0.76195,0.76219,1.00,1.87
2014.12.19 12:45:32.896,0.76194,0.76218,1.00,1.37
2014.12.19 12:45:32.997,0.76191,0.76215,1.00,1.37
2014.12.19 12:45:33.571,0.7619,0.76214,1.00,1.12
2014.12.19 12:45:33.672,0.76192,0.76214,1.00,1.12
2014.12.19 12:45:39.714,0.76192,0.76216,1.00,1.00
2014.12.19 12:45:39.815,0.76194,0.76216,1.00,1.12
2014.12.19 12:45:40.218,0.76192,0.76216,1.00,1.87
2014.12.19 12:45:40.391,0.76193,0.76216,1.00,1.37
2014.12.19 12:45:40.564,0.76193,0.76217,1.00,1.12
2014.12.19 12:45:40.800,0.76195,0.76219,1.00,1.50
2014.12.19 12:45:41.274,0.76194,0.76216,1.00,1.00
2014.12.19 12:45:42.340,0.76195,0.76217,1.00,1.00
2014.12.19 12:45:43.441,0.76196,0.76218,1.00,1.00
2014.12.19 12:45:44.652,0.76196,0.7622,1.00,1.12
2014.12.19 12:45:50.741,0.76196,0.7622,1.00,1.37
2014.12.19 12:45:51.352,0.76195,0.76219,1.00,1.12
2014.12.19 12:45:51.994,0.76195,0.76219,1.00,1.37
2014.12.19 12:45:58.092,0.76195,0.76219,1.00,1.75
2014.12.19 12:45:58.193,0.76188,0.76213,1.50,1.37
2014.12.19 12:45:58.778,0.76188,0.76213,1.00,1.37
2014.12.19 12:46:00.539,0.76189,0.76212,1.00,1.37
2014.12.19 12:46:01.455,0.76189,0.76212,1.00,1.12
2014.12.19 12:46:03.753,0.76189,0.76211,1.00,1.00
2014.12.19 12:46:03.854,0.7619,0.76214,1.00,1.37
2014.12.19 12:46:04.055,0.76192,0.76214,1.00,1.12
2014.12.19 12:46:04.408,0.7619,0.76213,1.00,1.00
2014.12.19 12:46:04.609,0.76191,0.76215,1.00,1.00
2014.12.19 12:46:04.810,0.76193,0.76215,1.00,1.00
2014.12.19 12:46:05.435,0.76192,0.76216,1.00,1.00
2014.12.19 12:46:06.168,0.76192,0.76216,1.00,1.37
2014.12.19 12:46:06.512,0.76192,0.76215,1.00,1.37
2014.12.19 12:46:07.137,0.76191,0.76215,1.00,1.37
2014.12.19 12:46:07.663,0.76191,0.76215,1.00,1.12
2014.12.19 12:46:07.971,0.76191,0.76213,1.00,1.37
2014.12.19 12:46:12.392,0.76191,0.76213,1.00,1.37
2014.12.19 12:46:12.922,0.76189,0.76213,1.00,1.37
2014.12.19 12:46:13.690,0.76191,0.76214,1.00,1.37
2014.12.19 12:46:14.200,0.76192,0.76215,1.00,1.37
2014.12.19 12:46:15.490,0.76191,0.76215,1.00,1.87
2014.12.19 12:46:23.207,0.76191,0.76215,1.00,1.87
2014.12.19 12:46:24.689,0.76192,0.76215,1.00,1.37
2014.12.19 12:46:25.211,0.76192,0.76215,1.00,1.12
2014.12.19 12:46:25.571,0.76194,0.76218,1.00,1.87
2014.12.19 12:46:26.219,0.76194,0.76218,1.00,1.87
2014.12.19 12:46:28.319,0.76194,0.76218,1.00,1.87
2014.12.19 12:46:28.733,0.76194,0.76218,1.00,1.87
2014.12.19 12:46:28.783,0.76197,0.76219,1.00,1.37
2014.12.19 12:46:29.327,0.76197,0.76219,1.00,1.12
2014.12.19 12:46:29.891,0.76198,0.7622,1.00,1.00
2014.12.19 12:46:30.262,0.76197,0.76219,1.00,1.37
2014.12.19 12:46:30.413,0.76195,0.76219,1.00,1.37
2014.12.19 12:46:31.313,0.76196,0.76221,1.50,1.00
2014.12.19 12:46:31.514,0.76198,0.76222,1.00,1.00
2014.12.19 12:46:31.815,0.762,0.76222,1.00,1.00
2014.12.19 12:46:37.999,0.76198,0.76222,1.00,1.00
2014.12.19 12:46:41.354,0.76198,0.7622,1.00,1.00
2014.12.19 12:46:41.587,0.76198,0.76222,1.00,1.12
2014.12.19 12:46:42.094,0.76197,0.76221,1.00,1.00
2014.12.19 12:46:43.850,0.76196,0.7622,1.50,1.00
2014.12.19 12:46:48.910,0.76195,0.76219,1.00,1.00
2014.12.19 12:46:49.497,0.76195,0.76219,1.00,1.37
2014.12.19 12:46:52.276,0.76195,0.76219,1.00,1.00
2014.12.19 12:46:56.006,0.76195,0.76219,1.00,1.37
2014.12.19 12:46:56.960,0.76192,0.76216,1.00,1.00
2014.12.19 12:46:57.932,0.76191,0.76213,1.00,1.00
2014.12.19 12:46:58.033,0.76189,0.76214,1.00,1.37
2014.12.19 12:46:58.134,0.76187,0.76211,1.00,1.37
2014.12.19 12:46:58.822,0.76187,0.76211,1.00,1.50
2014.12.19 12:46:59.407,0.76187,0.76211,1.00,1.37
2014.12.19 12:46:59.699,0.76188,0.76212,1.00,1.12
2014.12.19 12:47:00.001,0.76192,0.76214,1.00,1.37
2014.12.19 12:47:00.353,0.7619,0.76212,1.00,1.00
2014.12.19 12:47:01.690,0.76189,0.76213,1.12,1.00
2014.12.19 12:47:01.892,0.76191,0.76215,1.00,1.50
2014.12.19 12:47:02.431,0.7619,0.76214,1.00,1.00
2014.12.19 12:47:04.201,0.76191,0.76215,1.00,1.00
2014.12.19 12:47:04.707,0.76192,0.76214,1.00,1.00
2014.12.19 12:47:05.054,0.76194,0.76216,1.00,1.00
2014.12.19 12:47:11.243,0.76192,0.76214,1.00,1.00
2014.12.19 12:47:14.408,0.7619,0.76214,1.00,1.00
2014.12.19 12:47:17.599,0.7619,0.76212,1.00,1.00
2014.12.19 12:47:18.397,0.7619,0.76214,1.00,1.12
2014.12.19 12:47:18.598,0.76192,0.76214,1.00,1.00
2014.12.19 12:47:18.717,0.76192,0.76216,1.00,1.00
2014.12.19 12:47:20.210,0.76192,0.76217,1.00,1.87
2014.12.19 12:47:22.350,0.76192,0.76214,1.00,1.00
2014.12.19 12:47:22.702,0.76193,0.76217,1.00,1.00
2014.12.19 12:47:24.437,0.76193,0.76217,1.00,1.37
2014.12.19 12:47:24.537,0.76191,0.76215,1.00,1.12
2014.12.19 12:47:24.789,0.76191,0.76213,1.00,1.00
2014.12.19 12:47:25.379,0.7619,0.76214,1.00,1.12
2014.12.19 12:47:25.709,0.7619,0.76212,1.00,1.00
2014.12.19 12:47:27.498,0.76189,0.76211,1.00,1.00
2014.12.19 12:47:29.047,0.76189,0.76213,1.00,1.12
2014.12.19 12:47:29.478,0.76191,0.76213,1.00,1.00
2014.12.19 12:47:33.878,0.7619,0.76212,1.00,1.00
2014.12.19 12:47:37.659,0.76191,0.76213,1.00,1.12
2014.12.19 12:47:37.759,0.76189,0.76213,1.00,1.37
2014.12.19 12:47:38.061,0.76191,0.76213,1.00,1.37
2014.12.19 12:47:38.412,0.76187,0.76211,1.50,1.12
2014.12.19 12:47:38.938,0.76188,0.76212,1.00,1.37
2014.12.19 12:47:39.709,0.76189,0.76213,1.00,1.37
2014.12.19 12:47:40.831,0.76189,0.76211,1.00,1.12
2014.12.19 12:47:42.539,0.76189,0.76213,1.00,1.00
2014.12.19 12:47:42.590,0.76188,0.76211,1.00,1.00
2014.12.19 12:47:42.900,0.76185,0.76209,1.00,1.37
2014.12.19 12:47:43.994,0.76185,0.76209,1.00,1.00
2014.12.19 12:47:44.246,0.76188,0.76212,1.00,1.37
2014.12.19 12:47:44.869,0.76189,0.76213,1.00,1.37
2014.12.19 12:47:45.798,0.76189,0.76213,1.00,1.37
2014.12.19 12:47:46.501,0.76189,0.76213,1.00,1.00
2014.12.19 12:47:47.378,0.76189,0.76214,1.00,1.12
2014.12.19 12:47:48.589,0.7619,0.76214,1.50,1.00
2014.12.19 12:47:49.359,0.76189,0.76214,1.50,1.00
2014.12.19 12:47:49.914,0.7619,0.76214,1.50,1.00
2014.12.19 12:47:50.268,0.76193,0.76217,1.00,1.12
2014.12.19 12:47:50.813,0.76195,0.76217,1.50,1.12
2014.12.19 12:47:50.964,0.76196,0.7622,1.00,1.37
2014.12.19 12:47:51.508,0.76194,0.76218,1.00,1.12
2014.12.19 12:47:51.710,0.76194,0.76216,1.00,1.00
2014.12.19 12:47:52.219,0.76194,0.76216,1.00,1.37
2014.12.19 12:47:52.269,0.76192,0.76216,1.00,1.37
2014.12.19 12:47:52.818,0.76192,0.76216,1.00,1.87
2014.12.19 12:47:53.368,0.76192,0.76215,1.00,1.12
2014.12.19 12:47:56.100,0.76195,0.76216,1.00,1.37
2014.12.19 12:47:58.557,0.76195,0.76217,1.00,1.00
2014.12.19 12:47:58.752,0.76193,0.76217,1.00,1.75
2014.12.19 12:47:58.853,0.76193,0.76217,1.00,1.37
2014.12.19 12:47:59.004,0.76191,0.76213,1.00,1.12
2014.12.19 12:47:59.105,0.76189,0.76213,1.50,1.00
2014.12.19 12:47:59.618,0.76191,0.76215,1.00,1.37
2014.12.19 12:47:59.769,0.76191,0.76215,1.00,1.12
2014.12.19 12:47:59.870,0.76194,0.76218,1.00,1.37
2014.12.19 12:48:00.837,0.76195,0.76219,1.00,1.37
2014.12.19 12:48:01.170,0.76195,0.76219,1.00,1.37
2014.12.19 12:48:01.274,0.76194,0.76216,1.00,1.00
2014.12.19 12:48:01.848,0.76193,0.76215,1.00,1.00
2014.12.19 12:48:02.160,0.7619,0.76214,1.50,1.37
2014.12.19 12:48:02.719,0.7619,0.76214,1.50,1.37
2014.12.19 12:48:03.021,0.76192,0.76214,1.00,1.00
2014.12.19 12:48:03.071,0.76193,0.76216,1.00,1.12
2014.12.19 12:48:03.937,0.76191,0.76216,1.50,1.12
2014.12.19 12:48:03.988,0.76191,0.76216,1.50,1.37
2014.12.19 12:48:04.369,0.76189,0.76212,1.50,1.00
2014.12.19 12:48:04.930,0.76188,0.76211,1.00,1.12
2014.12.19 12:48:05.448,0.76189,0.76212,1.00,1.37
2014.12.19 12:48:05.959,0.76188,0.76212,1.50,1.12
2014.12.19 12:48:08.160,0.76188,0.76212,1.50,1.37
2014.12.19 12:48:08.688,0.76189,0.76213,1.00,1.37
2014.12.19 12:48:09.289,0.7619,0.76214,1.00,1.37
2014.12.19 12:48:09.866,0.7619,0.76214,1.00,1.37
2014.12.19 12:48:10.069,0.76189,0.76213,1.00,1.12
2014.12.19 12:48:10.637,0.7619,0.76213,1.50,1.00
2014.12.19 12:48:10.788,0.76188,0.76212,1.12,1.00
2014.12.19 12:48:11.330,0.76189,0.76214,1.00,1.37
2014.12.19 12:48:11.848,0.76189,0.76213,1.00,1.12
2014.12.19 12:48:12.589,0.76189,0.76213,1.00,1.37
2014.12.19 12:48:13.131,0.76188,0.76212,1.00,1.37
2014.12.19 12:48:14.919,0.76188,0.76212,1.00,1.37
2014.12.19 12:48:15.020,0.76189,0.76213,1.00,1.12
2014.12.19 12:48:15.629,0.7619,0.76214,1.50,1.37
2014.12.19 12:48:15.730,0.76192,0.76216,1.00,1.12
2014.12.19 12:48:16.631,0.76192,0.76216,1.00,1.37
2014.12.19 12:48:17.132,0.76192,0.76216,1.00,1.37
2014.12.19 12:48:17.847,0.76191,0.76215,1.00,1.37
2014.12.19 12:48:18.427,0.76191,0.76215,1.00,1.12
2014.12.19 12:48:19.210,0.76192,0.76217,1.00,1.37
2014.12.19 12:48:29.045,0.76191,0.76214,1.00,1.37
2014.12.19 12:48:29.146,0.7619,0.76212,1.00,1.37
2014.12.19 12:48:29.352,0.76189,0.76214,1.50,1.37
2014.12.19 12:48:30.315,0.76189,0.76211,1.50,1.00
2014.12.19 12:48:31.918,0.76189,0.76211,1.50,1.37
2014.12.19 12:48:32.069,0.76187,0.76211,1.00,1.37
2014.12.19 12:48:34.328,0.76188,0.76211,1.00,1.37
2014.12.19 12:48:34.833,0.76189,0.76213,1.00,1.37
2014.12.19 12:48:35.399,0.76189,0.76213,1.00,1.37
2014.12.19 12:48:37.480,0.76189,0.76213,1.00,1.12
2014.12.19 12:48:37.798,0.76191,0.76213,1.00,1.37
2014.12.19 12:48:39.359,0.76191,0.76213,1.00,1.37
2014.12.19 12:48:40.877,0.76191,0.76213,1.00,1.12
2014.12.19 12:48:43.698,0.76191,0.76215,1.00,1.12
2014.12.19 12:48:43.748,0.76193,0.76217,1.00,1.37
2014.12.19 12:48:43.799,0.76193,0.76217,1.00,1.00
2014.12.19 12:48:43.849,0.76195,0.76217,1.00,1.00
2014.12.19 12:48:47.668,0.76195,0.76219,1.00,1.00
2014.12.19 12:48:48.476,0.76196,0.76219,1.00,1.00
2014.12.19 12:48:48.943,0.76197,0.76221,1.00,1.12
2014.12.19 12:48:50.778,0.76197,0.76221,1.00,1.37
2014.12.19 12:48:50.878,0.76199,0.76221,1.00,1.87
2014.12.19 12:48:51.398,0.76198,0.7622,1.00,1.87
2014.12.19 12:48:52.968,0.76199,0.76221,1.00,1.37
2014.12.19 12:48:53.429,0.76201,0.76225,1.00,2.25
2014.12.19 12:48:55.186,0.76201,0.76225,1.00,1.87
2014.12.19 12:48:55.287,0.76203,0.76225,1.00,1.87
2014.12.19 12:48:56.391,0.76203,0.76226,1.00,1.75
2014.12.19 12:48:56.996,0.76202,0.76226,1.00,2.62
2014.12.19 12:48:57.183,0.76204,0.76226,1.00,1.87
2014.12.19 12:48:57.733,0.76204,0.76226,1.00,1.00
2014.12.19 12:48:57.834,0.76206,0.7623,1.00,1.00
2014.12.19 12:48:58.597,0.76207,0.76231,1.00,1.50
2014.12.19 12:48:59.129,0.76208,0.76232,1.00,1.37
2014.12.19 12:49:00.307,0.76208,0.76232,1.00,1.37
2014.12.19 12:49:00.922,0.76209,0.76233,1.00,1.37
2014.12.19 12:49:02.366,0.7621,0.76234,1.00,1.87
2014.12.19 12:49:02.655,0.7621,0.76234,1.00,1.00
2014.12.19 12:49:02.756,0.7621,0.76234,1.00,1.75
2014.12.19 12:49:02.806,0.76208,0.76231,1.50,1.37
2014.12.19 12:49:02.907,0.7621,0.76231,1.00,1.37
2014.12.19 12:49:03.058,0.7621,0.76232,1.00,1.37
2014.12.19 12:49:03.209,0.76207,0.76229,1.00,1.00
2014.12.19 12:49:03.310,0.76207,0.76231,1.00,1.00
2014.12.19 12:49:03.967,0.76208,0.76232,1.00,1.00
2014.12.19 12:49:05.695,0.76208,0.76232,1.00,1.50
2014.12.19 12:49:05.796,0.76207,0.76229,1.00,1.12
2014.12.19 12:49:06.356,0.76207,0.76232,1.00,1.37
2014.12.19 12:49:08.880,0.76207,0.76232,1.00,1.37
2014.12.19 12:49:09.031,0.7621,0.76232,1.00,1.00
2014.12.19 12:49:09.404,0.7621,0.76232,1.00,1.37
2014.12.19 12:49:13.589,0.7621,0.76232,1.00,1.87
2014.12.19 12:49:14.118,0.7621,0.76232,1.00,1.87
2014.12.19 12:49:14.636,0.76207,0.76232,1.00,1.87
2014.12.19 12:49:15.277,0.76207,0.76232,1.00,1.87
2014.12.19 12:49:17.188,0.76211,0.76233,1.00,1.37
2014.12.19 12:49:17.734,0.76212,0.76233,1.00,1.50
2014.12.19 12:49:17.975,0.7621,0.7623,1.00,1.37
2014.12.19 12:49:18.121,0.7621,0.7623,1.00,1.37
2014.12.19 12:49:18.320,0.7621,0.7623,1.00,1.37
2014.12.19 12:49:18.471,0.76211,0.76232,1.00,1.37
2014.12.19 12:49:19.016,0.7621,0.76232,1.00,1.37
2014.12.19 12:49:20.167,0.7621,0.76233,1.00,1.37
2014.12.19 12:49:20.268,0.7621,0.76234,1.00,1.12
2014.12.19 12:49:20.593,0.76212,0.76234,1.00,1.12
2014.12.19 12:49:20.894,0.76213,0.76233,1.00,1.37
2014.12.19 12:49:21.397,0.76212,0.76233,1.00,1.37
2014.12.19 12:49:22.768,0.76212,0.76234,1.00,1.87
2014.12.19 12:49:23.588,0.76212,0.76234,1.00,1.87
2014.12.19 12:49:24.097,0.76212,0.76234,1.00,1.87
2014.12.19 12:49:24.628,0.76213,0.76236,1.00,1.87
2014.12.19 12:49:25.346,0.76214,0.76235,1.00,1.37
2014.12.19 12:49:25.458,0.76214,0.76235,1.00,1.37
2014.12.19 12:49:29.678,0.76214,0.76236,1.00,1.87
2014.12.19 12:49:30.183,0.76214,0.76236,1.00,1.37
2014.12.19 12:49:30.508,0.76215,0.76235,1.00,1.50
2014.12.19 12:49:30.616,0.76213,0.76234,1.00,1.37
2014.12.19 12:49:30.817,0.76212,0.76234,1.00,2.25
2014.12.19 12:49:31.508,0.76212,0.76234,1.00,1.87
2014.12.19 12:49:32.107,0.76213,0.76235,1.00,1.87
2014.12.19 12:49:32.707,0.76211,0.76233,1.00,1.37
2014.12.19 12:49:33.708,0.76211,0.76232,1.00,1.37
2014.12.19 12:49:36.618,0.76211,0.76232,1.00,1.12
2014.12.19 12:49:37.714,0.76211,0.76233,1.00,1.12
2014.12.19 12:49:38.641,0.76214,0.76236,1.00,1.37
2014.12.19 12:49:39.139,0.76216,0.76238,1.00,1.87
2014.12.19 12:49:41.066,0.76214,0.76238,1.00,1.37
2014.12.19 12:49:41.958,0.76214,0.76238,1.00,1.37
2014.12.19 12:49:42.568,0.76214,0.76236,1.00,1.37
2014.12.19 12:49:43.366,0.76214,0.76236,1.00,1.37
2014.12.19 12:49:44.686,0.76215,0.76239,1.00,1.50
2014.12.19 12:49:46.847,0.76215,0.76237,1.00,1.37
2014.12.19 12:49:47.058,0.76215,0.76237,1.00,1.37
2014.12.19 12:49:47.606,0.76216,0.76238,1.00,1.37
2014.12.19 12:49:49.104,0.76216,0.76238,1.00,1.75
2014.12.19 12:49:49.508,0.76216,0.76238,1.00,1.37
2014.12.19 12:49:49.609,0.76216,0.76238,1.00,3.00
2014.12.19 12:49:49.659,0.76214,0.76238,1.00,3.00
2014.12.19 12:49:49.710,0.76214,0.76231,1.00,1.37
2014.12.19 12:49:49.760,0.76211,0.76231,1.00,1.37
2014.12.19 12:49:49.978,0.76211,0.76231,1.00,1.75
2014.12.19 12:49:50.088,0.7621,0.76231,1.00,1.00
2014.12.19 12:49:50.480,0.7621,0.76233,1.00,1.00
2014.12.19 12:49:50.530,0.76212,0.76233,1.00,1.00
2014.12.19 12:49:50.738,0.76213,0.76235,1.00,1.00
2014.12.19 12:49:51.008,0.76212,0.76235,1.00,1.37
2014.12.19 12:49:51.357,0.76214,0.76236,1.00,1.37
2014.12.19 12:49:51.407,0.76214,0.76236,1.00,1.00
2014.12.19 12:49:51.609,0.76217,0.7624,1.00,1.87
2014.12.19 12:49:52.475,0.76215,0.7624,1.00,1.87
2014.12.19 12:49:53.203,0.76215,0.7624,1.00,1.75
2014.12.19 12:49:53.718,0.76214,0.76237,1.00,1.37
2014.12.19 12:49:58.226,0.76214,0.76235,1.00,1.37
2014.12.19 12:50:00.223,0.76214,0.76238,1.00,1.75
2014.12.19 12:50:00.425,0.76215,0.7624,1.00,3.00
2014.12.19 12:50:00.624,0.76215,0.7624,1.00,2.62
2014.12.19 12:50:00.725,0.76215,0.7624,1.00,3.00
2014.12.19 12:50:01.066,0.76214,0.76236,1.00,2.25
2014.12.19 12:50:01.127,0.76214,0.76236,1.00,1.87
2014.12.19 12:50:01.569,0.76215,0.76236,1.00,2.25
2014.12.19 12:50:01.670,0.76216,0.76236,1.00,1.37
2014.12.19 12:50:01.729,0.76216,0.76236,1.00,1.37
2014.12.19 12:50:02.230,0.76216,0.76236,1.00,1.37
2014.12.19 12:50:03.565,0.76216,0.76235,1.00,1.37
2014.12.19 12:50:04.235,0.76216,0.76235,1.00,1.37
2014.12.19 12:50:04.336,0.76214,0.76235,1.00,1.37
2014.12.19 12:50:04.386,0.76216,0.76235,1.00,1.37
2014.12.19 12:50:09.144,0.76216,0.76236,1.00,1.75
2014.12.19 12:50:09.306,0.76213,0.76236,1.00,1.75
2014.12.19 12:50:16.859,0.76213,0.76235,1.00,1.37
2014.12.19 12:50:18.363,0.76213,0.76235,1.00,1.50
2014.12.19 12:50:21.574,0.76213,0.76235,1.00,1.37
2014.12.19 12:50:21.875,0.76215,0.76239,1.00,2.25
2014.12.19 12:50:21.984,0.76215,0.76239,1.00,1.87
2014.12.19 12:50:22.319,0.76215,0.76239,1.00,2.25
2014.12.19 12:50:22.694,0.76217,0.76239,1.00,2.25
2014.12.19 12:50:23.378,0.76216,0.76239,1.00,1.37
2014.12.19 12:50:35.245,0.76216,0.76237,1.00,1.12
2014.12.19 12:50:36.396,0.76217,0.76237,1.00,1.12
2014.12.19 12:50:41.571,0.76217,0.76237,1.00,1.37
2014.12.19 12:50:41.787,0.76214,0.76236,1.00,1.37
2014.12.19 12:50:42.460,0.76213,0.76234,1.00,1.37
2014.12.19 12:50:42.699,0.76213,0.76234,1.00,1.37
2014.12.19 12:50:43.734,0.76213,0.76234,1.00,1.37
2014.12.19 12:50:44.594,0.76213,0.76234,1.00,1.37
2014.12.19 12:50:44.965,0.76215,0.76233,1.00,1.37
2014.12.19 12:50:45.103,0.76215,0.76233,1.00,1.12
2014.12.19 12:50:48.275,0.76217,0.76235,1.00,1.37
2014.12.19 12:50:48.861,0.76217,0.76235,1.00,1.37
2014.12.19 12:50:51.325,0.76217,0.76235,1.00,1.12
2014.12.19 12:50:54.147,0.76217,0.76235,1.00,1.37
2014.12.19 12:50:54.449,0.76215,0.76232,1.00,1.37
2014.12.19 12:50:54.549,0.76213,0.76235,1.00,1.50
2014.12.19 12:50:54.656,0.76215,0.76235,1.00,1.50
2014.12.19 12:50:55.158,0.76215,0.76231,1.00,1.12
2014.12.19 12:50:55.316,0.76211,0.7623,1.00,1.37
2014.12.19 12:50:55.516,0.76213,0.7623,1.00,1.37
2014.12.19 12:50:57.937,0.76213,0.76233,1.00,1.37
2014.12.19 12:50:58.491,0.76213,0.76233,1.00,1.37
2014.12.19 12:50:58.895,0.76213,0.76233,1.00,1.00
2014.12.19 12:50:59.117,0.76213,0.76231,1.00,1.00
2014.12.19 12:50:59.276,0.7621,0.76231,1.00,1.00
2014.12.19 12:51:00.003,0.7621,0.76231,1.00,1.37
2014.12.19 12:51:01.158,0.76209,0.76231,1.00,1.87
2014.12.19 12:51:01.259,0.76206,0.76227,1.00,1.00
2014.12.19 12:51:01.315,0.76206,0.76229,1.00,1.12
2014.12.19 12:51:01.599,0.76209,0.76229,1.00,1.12
2014.12.19 12:51:01.665,0.76207,0.76229,1.00,1.12
2014.12.19 12:51:01.886,0.76209,0.7623,1.00,1.37
2014.12.19 12:51:02.566,0.76209,0.7623,1.00,1.00
2014.12.19 12:51:03.903,0.76209,0.76231,1.00,1.12
2014.12.19 12:51:07.821,0.76209,0.76231,1.00,1.37
2014.12.19 12:51:08.424,0.76209,0.76231,1.00,1.37
2014.12.19 12:51:08.958,0.76209,0.76231,1.00,1.37
2014.12.19 12:51:10.434,0.76209,0.76231,1.00,1.12
2014.12.19 12:51:12.445,0.76211,0.76231,1.00,1.12
2014.12.19 12:51:21.512,0.76211,0.76232,1.00,1.37
2014.12.19 12:51:22.117,0.76211,0.76232,1.00,1.37
2014.12.19 12:51:23.226,0.76211,0.76232,1.00,1.12
2014.12.19 12:51:26.143,0.76211,0.76232,1.00,1.37
2014.12.19 12:51:27.666,0.76211,0.76232,1.00,1.37
2014.12.19 12:51:34.116,0.76212,0.76232,1.00,1.37
2014.12.19 12:51:36.807,0.76212,0.76232,1.00,1.00
2014.12.19 12:51:42.255,0.76213,0.76232,1.00,1.00
2014.12.19 12:51:43.431,0.76213,0.76233,1.00,1.00
2014.12.19 12:51:55.894,0.76214,0.76233,1.00,1.12
2014.12.19 12:51:56.774,0.76213,0.76233,1.00,1.12
2014.12.19 12:51:58.275,0.76213,0.76233,1.00,1.37
2014.12.19 12:51:59.067,0.76213,0.76233,1.00,1.37
2014.12.19 12:52:01.194,0.76212,0.76233,1.00,1.37
2014.12.19 12:52:02.053,0.76213,0.76233,1.00,1.37
2014.12.19 12:52:02.678,0.76213,0.76233,1.00,1.37
2014.12.19 12:52:08.394,0.76213,0.76233,1.00,1.37
2014.12.19 12:52:08.697,0.76213,0.76226,1.00,1.00
2014.12.19 12:52:08.798,0.76204,0.76222,1.00,1.00
2014.12.19 12:52:08.899,0.76201,0.76222,1.00,1.00
2014.12.19 12:52:09.467,0.76202,0.76222,1.00,1.00
2014.12.19 12:52:09.988,0.76202,0.76225,1.00,1.00
2014.12.19 12:52:11.769,0.76202,0.76225,1.00,1.37
2014.12.19 12:52:13.043,0.76202,0.76225,1.00,1.00
2014.12.19 12:52:14.156,0.76202,0.76225,1.00,1.87
2014.12.19 12:52:15.067,0.76202,0.76225,1.00,1.12
2014.12.19 12:52:15.774,0.76202,0.76225,1.00,1.37
2014.12.19 12:52:16.134,0.76204,0.76225,1.00,1.37
2014.12.19 12:52:16.496,0.76202,0.76225,1.00,1.37
2014.12.19 12:52:17.005,0.76202,0.76221,1.00,1.12
2014.12.19 12:52:17.346,0.76199,0.76221,1.00,1.37
2014.12.19 12:52:17.706,0.76199,0.7622,1.00,1.37
2014.12.19 12:52:21.116,0.76199,0.7622,1.00,1.12
2014.12.19 12:52:23.040,0.76199,0.7622,1.00,1.37
2014.12.19 12:52:25.661,0.76199,0.76218,1.00,1.37
2014.12.19 12:52:28.466,0.76199,0.76219,1.00,1.00
2014.12.19 12:52:28.566,0.76199,0.76221,1.00,1.12
2014.12.19 12:52:28.717,0.76202,0.76222,1.00,1.00
2014.12.19 12:52:29.259,0.76202,0.76222,1.00,1.37
2014.12.19 12:52:29.765,0.76202,0.76222,1.00,1.00
2014.12.19 12:52:30.067,0.76209,0.76226,1.00,1.00
2014.12.19 12:52:30.753,0.76209,0.76229,1.00,1.37
2014.12.19 12:52:32.743,0.76208,0.76228,1.00,1.37
2014.12.19 12:52:33.284,0.76208,0.76229,1.00,1.37
2014.12.19 12:52:33.913,0.76209,0.76229,1.00,1.37
2014.12.19 12:52:35.715,0.76209,0.76229,1.00,1.00
2014.12.19 12:52:36.044,0.76211,0.7623,1.00,1.00
2014.12.19 12:52:38.683,0.76211,0.76231,1.00,1.00
2014.12.19 12:52:38.784,0.76211,0.76233,1.00,1.00
2014.12.19 12:52:38.935,0.76214,0.76233,1.00,1.00
2014.12.19 12:52:39.243,0.76215,0.76233,1.00,1.37
2014.12.19 12:52:39.702,0.76214,0.76233,1.00,1.00
2014.12.19 12:52:39.804,0.76215,0.76237,1.00,1.37
2014.12.19 12:52:39.904,0.76218,0.76237,1.00,1.37
2014.12.19 12:52:40.425,0.76219,0.7624,1.00,1.37
2014.12.19 12:52:40.676,0.76219,0.7624,1.00,1.37
2014.12.19 12:52:42.083,0.76219,0.7624,1.00,1.37
2014.12.19 12:52:42.535,0.76219,0.7624,1.00,1.12
2014.12.19 12:52:43.185,0.76219,0.7624,1.00,1.37
2014.12.19 12:52:43.447,0.76217,0.76237,1.00,1.37
2014.12.19 12:52:43.749,0.76216,0.76238,1.00,2.47
2014.12.19 12:52:43.900,0.76214,0.76238,1.00,2.47
2014.12.19 12:52:44.019,0.76214,0.76238,1.00,2.47
2014.12.19 12:52:44.108,0.76214,0.76238,1.00,2.47
2014.12.19 12:52:44.673,0.76215,0.76237,1.00,1.37
2014.12.19 12:52:46.395,0.76212,0.76236,1.00,1.37
2014.12.19 12:52:46.445,0.76212,0.76236,1.00,1.37
2014.12.19 12:52:48.622,0.76212,0.76234,1.00,1.87
2014.12.19 12:52:48.823,0.76209,0.7623,1.00,1.00
2014.12.19 12:52:50.664,0.76209,0.7623,1.00,1.37
2014.12.19 12:52:51.309,0.76208,0.76229,1.00,1.12
2014.12.19 12:52:52.285,0.76208,0.76229,1.00,1.37
2014.12.19 12:52:53.855,0.76208,0.76229,1.00,1.00
2014.12.19 12:52:55.299,0.76211,0.76232,1.00,1.00
2014.12.19 12:52:55.758,0.76212,0.76234,1.00,1.00
2014.12.19 12:52:56.111,0.7621,0.76232,1.00,1.00
2014.12.19 12:52:56.664,0.76211,0.76233,1.00,1.00
2014.12.19 12:52:57.273,0.76213,0.76233,1.00,1.00
2014.12.19 12:52:57.865,0.76212,0.76233,1.00,1.12
2014.12.19 12:52:58.721,0.76212,0.76233,1.00,1.37
2014.12.19 12:52:59.257,0.76212,0.76233,1.00,1.00
2014.12.19 12:53:02.621,0.76212,0.76233,1.00,1.37
2014.12.19 12:53:03.353,0.76211,0.7623,1.00,1.00
2014.12.19 12:53:03.901,0.76209,0.7623,1.00,1.37
2014.12.19 12:53:04.453,0.76208,0.76228,1.00,1.00
2014.12.19 12:53:07.350,0.76208,0.76228,1.00,1.37
2014.12.19 12:53:07.450,0.76206,0.76228,1.00,1.87
2014.12.19 12:53:07.501,0.76206,0.76225,1.00,1.00
2014.12.19 12:53:09.422,0.76204,0.76225,1.00,1.12
2014.12.19 12:53:10.133,0.76204,0.76227,1.00,1.12
2014.12.19 12:53:10.853,0.76205,0.76227,1.00,1.12
2014.12.19 12:53:14.021,0.76206,0.76227,1.00,1.12
2014.12.19 12:53:25.255,0.76208,0.76229,1.00,1.37
2014.12.19 12:53:27.087,0.76208,0.76229,1.00,1.12
2014.12.19 12:53:30.163,0.76209,0.76229,1.00,1.12
2014.12.19 12:53:30.874,0.76208,0.76229,1.00,1.12
2014.12.19 12:53:33.111,0.76208,0.76229,1.00,1.37
2014.12.19 12:53:34.470,0.76206,0.76229,1.00,1.37
2014.12.19 12:53:34.623,0.76206,0.76229,1.00,1.37
2014.12.19 12:53:35.630,0.76206,0.76226,1.00,1.37
2014.12.19 12:53:51.613,0.76206,0.76226,1.00,1.12
2014.12.19 12:53:54.493,0.76207,0.76227,1.00,1.37
2014.12.19 12:53:55.428,0.76207,0.76227,1.00,1.12
2014.12.19 12:53:55.954,0.76208,0.76227,1.00,1.12
2014.12.19 12:53:58.990,0.76208,0.76229,1.00,1.37
2014.12.19 12:53:59.091,0.76208,0.7623,1.00,1.00
2014.12.19 12:53:59.242,0.76211,0.76229,1.00,1.00
2014.12.19 12:53:59.886,0.76211,0.76228,1.00,1.00
2014.12.19 12:54:00.632,0.7621,0.76229,1.00,1.12
2014.12.19 12:54:01.623,0.7621,0.76232,1.00,1.37
2014.12.19 12:54:01.946,0.76212,0.76232,1.00,1.37
2014.12.19 12:54:05.572,0.76212,0.76232,1.00,1.37
2014.12.19 12:54:05.824,0.76206,0.76227,1.00,1.37
2014.12.19 12:54:06.345,0.76206,0.76226,1.00,1.37
2014.12.19 12:54:10.554,0.76206,0.76226,1.00,1.37
2014.12.19 12:54:13.184,0.76206,0.76226,1.00,1.12
2014.12.19 12:54:13.611,0.76207,0.7623,1.00,1.37
2014.12.19 12:54:13.762,0.76209,0.7623,1.00,1.00
2014.12.19 12:54:14.269,0.76208,0.7623,1.00,1.37
2014.12.19 12:54:15.043,0.76209,0.7623,1.00,1.37
2014.12.19 12:54:15.552,0.76209,0.7623,1.00,1.12
2014.12.19 12:54:15.869,0.76209,0.76228,1.00,1.12
2014.12.19 12:54:16.671,0.76209,0.76228,1.00,1.37
2014.12.19 12:54:18.463,0.76208,0.7623,1.00,1.37
2014.12.19 12:54:18.563,0.76211,0.76232,1.00,1.37
2014.12.19 12:54:19.184,0.76211,0.76233,1.00,1.37
2014.12.19 12:54:20.600,0.76211,0.76233,1.00,1.75
2014.12.19 12:54:20.700,0.76209,0.76228,1.00,1.37
2014.12.19 12:54:21.468,0.76208,0.76228,1.00,1.37
2014.12.19 12:54:21.983,0.76207,0.76228,1.00,1.37
2014.12.19 12:54:23.811,0.76207,0.76228,1.00,1.37
2014.12.19 12:54:26.520,0.76207,0.76228,1.00,1.12
2014.12.19 12:54:26.722,0.76209,0.76231,1.00,1.37
2014.12.19 12:54:28.203,0.76209,0.76231,1.00,1.00
2014.12.19 12:54:29.150,0.7621,0.76231,1.00,1.00
2014.12.19 12:54:29.848,0.76211,0.76231,1.00,1.00
2014.12.19 12:54:30.120,0.76209,0.76231,1.00,1.00
2014.12.19 12:54:30.221,0.76209,0.7623,1.00,1.37
2014.12.19 12:54:30.553,0.76206,0.76227,1.00,1.37
2014.12.19 12:54:31.334,0.76206,0.76227,1.00,1.12
2014.12.19 12:54:32.560,0.76206,0.7623,1.00,1.50
2014.12.19 12:54:32.661,0.76208,0.76232,1.00,1.00
2014.12.19 12:54:32.962,0.76212,0.76234,1.00,1.00
2014.12.19 12:54:33.644,0.76213,0.76236,1.00,1.37
2014.12.19 12:54:33.950,0.76213,0.76237,1.00,1.00
2014.12.19 12:54:34.214,0.76213,0.76237,1.00,1.37
2014.12.19 12:54:34.314,0.76213,0.76237,1.00,1.12
2014.12.19 12:54:34.524,0.76213,0.76237,1.00,1.37
2014.12.19 12:54:34.942,0.76214,0.76235,1.00,1.37
2014.12.19 12:54:35.118,0.76214,0.76235,1.00,1.37
2014.12.19 12:54:35.502,0.76216,0.76236,1.00,1.37
2014.12.19 12:54:36.121,0.76215,0.76237,1.00,1.37
2014.12.19 12:54:38.153,0.76215,0.76235,1.00,1.87
2014.12.19 12:54:38.354,0.76211,0.76229,1.00,1.12
2014.12.19 12:54:38.454,0.76209,0.76229,1.00,1.12
2014.12.19 12:54:39.113,0.76209,0.76231,1.00,1.00
2014.12.19 12:54:39.263,0.76212,0.76233,1.00,1.00
2014.12.19 12:54:39.701,0.7621,0.76233,1.00,1.00
2014.12.19 12:54:40.122,0.7621,0.76232,1.00,1.37
2014.12.19 12:54:40.681,0.76209,0.76232,1.00,1.37
2014.12.19 12:54:41.379,0.7621,0.76234,1.00,1.87
2014.12.19 12:54:41.441,0.76213,0.76234,1.00,1.37
2014.12.19 12:54:41.759,0.76213,0.76231,1.00,1.00
2014.12.19 12:54:43.730,0.76213,0.76233,1.00,1.00
2014.12.19 12:54:45.271,0.76213,0.76232,1.00,1.00
2014.12.19 12:54:45.731,0.76211,0.76232,1.00,1.37
2014.12.19 12:54:46.242,0.76211,0.76232,1.00,1.00
2014.12.19 12:54:47.689,0.76211,0.76232,1.00,1.37
2014.12.19 12:54:47.790,0.76211,0.76232,1.00,1.12
2014.12.19 12:54:47.841,0.76211,0.7623,1.00,1.00
2014.12.19 12:54:47.953,0.76208,0.7623,1.00,1.00
2014.12.19 12:54:48.607,0.76209,0.7623,1.00,1.00
2014.12.19 12:54:49.873,0.76208,0.7623,1.00,1.00
2014.12.19 12:54:49.924,0.76208,0.76232,1.00,1.50
2014.12.19 12:54:50.024,0.7621,0.76233,1.00,1.12
2014.12.19 12:54:50.957,0.76211,0.76235,1.00,1.87
2014.12.19 12:54:52.453,0.76212,0.7623,1.00,1.00
2014.12.19 12:54:52.554,0.76211,0.76232,1.00,1.00
2014.12.19 12:54:52.705,0.76209,0.76231,1.00,1.00
2014.12.19 12:54:53.232,0.76211,0.76232,1.00,1.00
2014.12.19 12:54:56.310,0.76211,0.76235,1.00,1.12
2014.12.19 12:54:56.421,0.76213,0.76236,1.00,1.37
2014.12.19 12:54:56.755,0.76212,0.76236,1.00,1.87
2014.12.19 12:54:56.871,0.7621,0.76234,1.00,1.87
2014.12.19 12:54:59.215,0.7621,0.76234,1.00,1.50
2014.12.19 12:55:00.468,0.7621,0.76233,1.00,1.00
2014.12.19 12:55:01.090,0.7621,0.76232,1.00,1.00
2014.12.19 12:55:01.790,0.76209,0.76231,1.00,1.00
2014.12.19 12:55:02.892,0.76207,0.76231,1.00,1.12
2014.12.19 12:55:04.973,0.76207,0.76231,1.00,1.37
2014.12.19 12:55:05.684,0.76206,0.76229,1.00,1.12
2014.12.19 12:55:10.095,0.76206,0.76229,1.00,1.37
2014.12.19 12:55:10.296,0.76204,0.76227,1.00,1.12
2014.12.19 12:55:10.701,0.76206,0.76229,1.00,1.37
2014.12.19 12:55:11.331,0.76205,0.76229,1.00,1.87
2014.12.19 12:55:14.676,0.76205,0.76229,1.00,1.87
2014.12.19 12:55:15.182,0.76205,0.76227,1.00,1.87
2014.12.19 12:55:15.692,0.76205,0.76227,1.00,1.87
2014.12.19 12:55:23.793,0.76205,0.76228,1.00,1.12
2014.12.19 12:55:24.123,0.76207,0.76229,1.00,1.12
2014.12.19 12:55:26.013,0.76205,0.76229,1.00,1.12
2014.12.19 12:55:27.654,0.76206,0.76229,1.00,1.37
2014.12.19 12:55:28.022,0.76204,0.76227,1.00,1.37
2014.12.19 12:55:29.973,0.76202,0.76224,1.00,1.37
2014.12.19 12:55:30.074,0.76198,0.76221,1.00,1.12
2014.12.19 12:55:30.402,0.76201,0.76224,1.00,1.37
2014.12.19 12:55:30.718,0.76201,0.76222,1.00,1.37
2014.12.19 12:55:30.768,0.76199,0.76222,1.00,1.37
2014.12.19 12:55:31.070,0.762,0.76224,1.00,1.50
2014.12.19 12:55:31.593,0.762,0.76223,1.00,1.00
2014.12.19 12:55:31.746,0.76203,0.76224,1.00,1.00
2014.12.19 12:55:32.285,0.76199,0.76224,1.00,1.50
2014.12.19 12:55:32.992,0.76199,0.76224,1.00,1.87
2014.12.19 12:55:36.622,0.76199,0.76224,1.00,1.87
2014.12.19 12:55:36.945,0.76201,0.76225,1.00,1.37
2014.12.19 12:55:37.832,0.76201,0.76225,1.00,1.37
2014.12.19 12:55:39.643,0.76198,0.76222,1.00,1.37
2014.12.19 12:55:39.862,0.76198,0.76222,1.00,1.37
2014.12.19 12:55:40.075,0.76196,0.7622,1.00,1.37
2014.12.19 12:55:40.277,0.76196,0.7622,1.00,1.37
2014.12.19 12:55:40.595,0.76196,0.7622,1.00,1.37
2014.12.19 12:55:41.203,0.76196,0.7622,1.00,1.37
2014.12.19 12:55:43.214,0.76196,0.7622,1.00,1.37
2014.12.19 12:55:46.729,0.76196,0.7622,1.00,1.37
2014.12.19 12:55:47.072,0.76197,0.76221,1.00,1.12
2014.12.19 12:55:48.113,0.76198,0.76222,1.00,1.37
2014.12.19 12:55:48.655,0.76198,0.76222,1.00,1.37
2014.12.19 12:55:52.553,0.76197,0.76219,1.00,1.00
2014.12.19 12:55:55.938,0.76196,0.7622,1.00,1.12
2014.12.19 12:55:56.489,0.76197,0.76221,1.00,1.87
2014.12.19 12:55:57.144,0.76196,0.7622,1.00,1.12
2014.12.19 12:55:57.702,0.76199,0.76223,1.00,1.37
2014.12.19 12:55:58.154,0.762,0.76224,1.00,1.87
2014.12.19 12:55:58.223,0.76202,0.76224,1.00,1.87
2014.12.19 12:55:58.757,0.76202,0.7622,1.00,1.00
2014.12.19 12:55:58.909,0.76196,0.76219,1.00,1.37
2014.12.19 12:55:59.434,0.76193,0.76217,1.00,1.12
2014.12.19 12:56:00.239,0.76195,0.76217,1.00,1.50
2014.12.19 12:56:01.200,0.76195,0.7622,1.50,1.87
2014.12.19 12:56:01.423,0.76197,0.7622,1.00,1.00
2014.12.19 12:56:02.967,0.76198,0.76222,1.00,1.87
2014.12.19 12:56:03.895,0.76199,0.76222,1.00,1.37
2014.12.19 12:56:07.391,0.76199,0.7622,1.00,1.00
2014.12.19 12:56:07.492,0.76197,0.7622,1.00,1.00
2014.12.19 12:56:10.702,0.76197,0.7622,1.00,1.37
2014.12.19 12:56:13.112,0.76197,0.76221,1.00,1.12
2014.12.19 12:56:13.937,0.76198,0.76222,1.00,1.87
2014.12.19 12:56:19.234,0.76198,0.76222,1.00,1.87
2014.12.19 12:56:19.460,0.76196,0.76219,1.00,1.00
2014.12.19 12:56:20.450,0.76198,0.7622,1.00,1.00
2014.12.19 12:56:21.573,0.76199,0.7622,1.00,1.00
2014.12.19 12:56:21.631,0.76199,0.76222,1.00,1.12
2014.12.19 12:56:22.511,0.76199,0.76222,1.00,1.37
2014.12.19 12:56:25.181,0.76198,0.76222,1.00,1.37
2014.12.19 12:56:25.720,0.76197,0.76221,1.00,1.87
2014.12.19 12:56:26.986,0.76197,0.76221,1.00,1.37
2014.12.19 12:56:27.880,0.76196,0.7622,1.00,1.37
2014.12.19 12:56:29.259,0.76196,0.7622,1.00,1.12
2014.12.19 12:56:33.103,0.76196,0.7622,1.00,1.37
2014.12.19 12:56:33.211,0.76198,0.76222,1.00,1.50
2014.12.19 12:56:33.769,0.76199,0.76222,1.00,1.00
2014.12.19 12:56:34.409,0.76198,0.76222,1.00,1.87
2014.12.19 12:56:34.460,0.76198,0.76222,1.00,1.87
2014.12.19 12:56:35.491,0.76198,0.76222,1.00,1.50
2014.12.19 12:56:35.620,0.76198,0.7622,1.00,1.00
2014.12.19 12:56:40.616,0.76198,0.7622,1.00,1.87
2014.12.19 12:56:43.062,0.76198,0.7622,1.00,1.50
2014.12.19 12:56:51.917,0.76198,0.7622,1.00,1.87
2014.12.19 12:57:13.510,0.76199,0.76223,1.00,1.37
2014.12.19 12:57:15.452,0.76198,0.7622,1.00,1.37
2014.12.19 12:57:15.921,0.76196,0.7622,1.00,1.37
2014.12.19 12:57:15.971,0.76196,0.7622,1.00,1.37
2014.12.19 12:57:16.223,0.76194,0.76218,1.00,1.37
2014.12.19 12:57:16.431,0.76194,0.76218,1.00,1.37
2014.12.19 12:57:22.295,0.76192,0.76216,1.00,1.37
2014.12.19 12:57:23.051,0.76192,0.76216,1.00,1.12
2014.12.19 12:57:24.150,0.76192,0.76216,1.00,1.37
2014.12.19 12:57:26.057,0.76192,0.76216,1.00,1.12
2014.12.19 12:57:26.569,0.76193,0.76217,1.00,1.37
2014.12.19 12:57:28.180,0.76194,0.76217,1.00,1.00
2014.12.19 12:57:28.858,0.76195,0.76218,1.00,1.12
2014.12.19 12:57:29.082,0.76195,0.76219,1.50,1.37
2014.12.19 12:57:29.325,0.76192,0.76216,1.00,1.12
2014.12.19 12:57:29.842,0.76193,0.76217,1.00,1.37
2014.12.19 12:57:33.479,0.76194,0.76218,1.00,1.37
2014.12.19 12:57:33.989,0.76195,0.76218,1.00,1.37
2014.12.19 12:57:34.470,0.76193,0.76217,1.00,1.37
2014.12.19 12:57:35.117,0.76193,0.76217,1.00,1.00
2014.12.19 12:57:35.473,0.76194,0.76218,1.00,1.87
2014.12.19 12:57:35.675,0.76194,0.76218,1.00,1.12
2014.12.19 12:57:35.825,0.76196,0.7622,1.00,1.37
2014.12.19 12:57:37.910,0.76194,0.76218,1.00,1.12
2014.12.19 12:57:38.429,0.76193,0.76217,1.00,1.00
2014.12.19 12:57:46.980,0.76192,0.76217,1.00,1.12
2014.12.19 12:57:49.219,0.76192,0.76217,1.00,1.37
2014.12.19 12:57:49.765,0.76191,0.76213,1.00,1.00
2014.12.19 12:57:50.311,0.7619,0.76213,1.00,1.37
2014.12.19 12:57:50.362,0.76188,0.76212,1.00,1.12
2014.12.19 12:57:51.449,0.76188,0.7621,1.00,1.00
2014.12.19 12:57:51.791,0.76186,0.7621,1.00,1.37
2014.12.19 12:57:52.093,0.76184,0.76206,1.00,1.12
2014.12.19 12:57:52.420,0.76182,0.76204,1.00,1.00
2014.12.19 12:57:52.471,0.76183,0.76207,1.00,1.37
2014.12.19 12:57:52.772,0.76181,0.76205,1.00,1.12
2014.12.19 12:57:52.823,0.76181,0.76205,1.00,1.37
2014.12.19 12:57:53.140,0.76178,0.76202,1.00,1.37
2014.12.19 12:57:53.641,0.76178,0.76202,2.25,1.00
2014.12.19 12:57:54.181,0.76179,0.76202,1.00,1.00
2014.12.19 12:57:55.102,0.76179,0.76204,2.62,1.00
2014.12.19 12:57:55.645,0.76179,0.76203,1.12,1.00
2014.12.19 12:57:56.478,0.76179,0.76203,1.00,1.37
2014.12.19 12:57:56.529,0.76178,0.762,1.50,1.00
2014.12.19 12:57:57.640,0.76178,0.76199,1.00,1.00
2014.12.19 12:57:57.917,0.76175,0.76199,1.00,1.12
2014.12.19 12:57:58.068,0.76174,0.76197,1.87,1.00
2014.12.19 12:57:59.630,0.76174,0.76197,1.50,1.37
2014.12.19 12:57:59.781,0.76169,0.76193,1.50,1.00
2014.12.19 12:57:59.932,0.76169,0.76193,2.25,1.00
2014.12.19 12:58:00.033,0.76173,0.76197,2.62,1.00
2014.12.19 12:58:00.284,0.7617,0.76192,2.25,1.00
2014.12.19 12:58:00.485,0.76172,0.76196,1.37,1.00
2014.12.19 12:58:00.621,0.76174,0.76198,1.00,1.00
2014.12.19 12:58:01.188,0.76175,0.76198,1.00,1.00
2014.12.19 12:58:01.811,0.76176,0.76198,1.00,1.50
2014.12.19 12:58:06.128,0.76176,0.76198,1.37,1.00
2014.12.19 12:58:07.530,0.76176,0.76198,1.00,1.00
2014.12.19 12:58:08.031,0.76176,0.76198,1.37,1.00
2014.12.19 12:58:08.232,0.76176,0.76198,1.00,1.00
2014.12.19 12:58:08.733,0.76176,0.76198,1.37,1.00
2014.12.19 12:58:11.071,0.76176,0.76198,1.00,1.00
2014.12.19 12:58:11.272,0.76177,0.76201,2.62,1.00
2014.12.19 12:58:11.373,0.76178,0.76202,1.37,1.00
2014.12.19 12:58:11.474,0.76181,0.76205,1.12,1.00
2014.12.19 12:58:11.908,0.76179,0.76203,2.62,1.00
2014.12.19 12:58:12.840,0.76179,0.76203,2.62,1.00
2014.12.19 12:58:15.870,0.76179,0.76201,1.00,1.37
2014.12.19 12:58:16.029,0.76174,0.76198,1.50,1.00
2014.12.19 12:58:16.180,0.76173,0.76197,1.00,1.37
2014.12.19 12:58:16.698,0.76173,0.76195,1.00,1.00
2014.12.19 12:58:17.001,0.76175,0.76199,1.00,1.12
2014.12.19 12:58:17.518,0.76177,0.76201,1.00,1.00
2014.12.19 12:58:17.833,0.76178,0.76202,1.37,1.00
2014.12.19 12:58:18.895,0.76178,0.76202,1.37,1.00
2014.12.19 12:58:19.577,0.76179,0.76203,1.37,1.00
2014.12.19 12:58:20.309,0.7618,0.76204,1.37,1.00
2014.12.19 12:58:25.267,0.7618,0.76204,1.37,1.00
2014.12.19 12:58:26.603,0.76181,0.76205,1.12,1.00
2014.12.19 12:58:28.438,0.7618,0.76204,1.00,1.00
2014.12.19 12:58:28.950,0.76177,0.76201,1.37,1.00
2014.12.19 12:58:30.406,0.76177,0.76199,1.00,1.00
2014.12.19 12:58:30.708,0.76173,0.76197,1.12,1.00
2014.12.19 12:58:31.320,0.76173,0.76196,1.37,1.00
2014.12.19 12:58:31.421,0.76173,0.76196,1.37,1.00
2014.12.19 12:58:31.522,0.76175,0.76199,1.37,1.00
2014.12.19 12:58:31.824,0.76175,0.76199,1.87,1.00
2014.12.19 12:58:32.561,0.76176,0.762,1.87,1.00
2014.12.19 12:58:32.808,0.76178,0.76202,1.37,1.00
2014.12.19 12:58:33.271,0.76176,0.762,1.87,1.00
2014.12.19 12:58:35.292,0.76176,0.762,1.37,1.00
2014.12.19 12:58:35.342,0.76179,0.76201,1.00,1.00
2014.12.19 12:58:35.669,0.76179,0.76203,1.00,1.00
2014.12.19 12:58:36.346,0.76178,0.762,1.00,1.00
2014.12.19 12:58:36.919,0.76176,0.762,1.00,1.00
2014.12.19 12:58:38.019,0.76177,0.76201,1.37,1.00
2014.12.19 12:58:38.321,0.7618,0.76202,1.00,1.00
2014.12.19 12:58:38.949,0.7618,0.76202,1.37,1.00
2014.12.19 12:58:41.517,0.76181,0.76204,1.12,1.00
2014.12.19 12:58:41.719,0.76182,0.76206,1.00,1.12
2014.12.19 12:58:41.869,0.76185,0.76207,1.00,1.87
2014.12.19 12:58:42.829,0.76184,0.76207,1.00,1.00
2014.12.19 12:58:43.869,0.76184,0.76208,1.00,1.87
2014.12.19 12:58:44.225,0.76184,0.76206,1.00,1.00
2014.12.19 12:58:52.818,0.76184,0.76205,1.00,1.00
2014.12.19 12:58:52.868,0.76182,0.76205,1.00,1.00
2014.12.19 12:58:53.418,0.76181,0.76205,1.00,1.87
2014.12.19 12:58:54.594,0.7618,0.76204,1.00,1.12
2014.12.19 12:58:55.730,0.76182,0.76204,1.00,1.12
2014.12.19 12:58:57.378,0.76183,0.76205,1.00,1.87
2014.12.19 12:58:57.880,0.76183,0.76205,1.00,1.00
2014.12.19 12:58:59.317,0.76183,0.76207,1.00,1.87
2014.12.19 12:59:03.051,0.76183,0.76207,1.00,1.00
2014.12.19 12:59:03.697,0.76185,0.76209,1.00,1.12
2014.12.19 12:59:05.038,0.76186,0.7621,1.00,1.12
2014.12.19 12:59:06.336,0.76186,0.7621,1.00,1.37
2014.12.19 12:59:09.767,0.76184,0.76208,1.00,1.12
2014.12.19 12:59:10.252,0.76184,0.76208,1.00,1.37
2014.12.19 12:59:10.453,0.76182,0.76206,1.00,1.12
2014.12.19 12:59:10.891,0.76181,0.76205,1.00,1.37
2014.12.19 12:59:11.477,0.7618,0.76204,1.00,1.87
2014.12.19 12:59:11.979,0.7618,0.76204,1.00,1.87
2014.12.19 12:59:12.687,0.76179,0.76202,1.00,1.12
2014.12.19 12:59:15.476,0.76179,0.76202,1.00,1.37
2014.12.19 12:59:16.843,0.76178,0.76201,1.00,1.37
2014.12.19 12:59:17.797,0.76179,0.76201,1.00,1.37
2014.12.19 12:59:21.707,0.76179,0.76203,1.00,1.87
2014.12.19 12:59:21.808,0.76178,0.76202,1.00,1.37
2014.12.19 12:59:21.909,0.7618,0.76203,1.00,1.12
2014.12.19 12:59:22.264,0.76182,0.76203,1.00,1.00
2014.12.19 12:59:27.807,0.76182,0.76203,1.00,1.37
2014.12.19 12:59:28.128,0.76181,0.76202,1.00,1.37
2014.12.19 12:59:28.178,0.76179,0.76202,1.00,1.37
2014.12.19 12:59:28.690,0.7618,0.76202,1.00,1.87
2014.12.19 12:59:29.676,0.76178,0.76201,1.00,1.37
2014.12.19 12:59:30.041,0.76179,0.76202,1.00,1.00
2014.12.19 12:59:30.242,0.76184,0.76204,1.00,1.00
2014.12.19 12:59:30.837,0.76184,0.76205,1.00,1.12
2014.12.19 12:59:34.757,0.76185,0.76208,1.00,1.37
2014.12.19 12:59:35.948,0.76186,0.76208,1.00,1.37
2014.12.19 12:59:38.940,0.76185,0.76204,1.00,1.37
2014.12.19 12:59:39.136,0.76183,0.76204,1.00,1.37
2014.12.19 12:59:39.247,0.76181,0.76204,1.00,1.37
2014.12.19 12:59:40.226,0.76181,0.76204,1.00,1.37
2014.12.19 12:59:41.137,0.76179,0.76204,1.00,1.37
2014.12.19 12:59:41.480,0.76182,0.76204,1.00,1.00
2014.12.19 12:59:42.029,0.76181,0.76205,1.00,1.87
2014.12.19 12:59:44.418,0.76182,0.76205,1.00,1.12
2014.12.19 12:59:45.982,0.76183,0.76205,1.00,1.37
2014.12.19 12:59:46.396,0.76181,0.76205,1.00,1.87
2014.12.19 12:59:46.897,0.76181,0.76205,1.00,2.25
2014.12.19 12:59:47.689,0.76181,0.76205,1.00,1.87
2014.12.19 12:59:47.849,0.76181,0.76205,1.00,1.87
2014.12.19 12:59:48.852,0.76181,0.76205,1.00,1.37
2014.12.19 12:59:49.554,0.76181,0.76205,1.00,1.00
2014.12.19 12:59:49.705,0.76185,0.76207,1.00,1.37
2014.12.19 12:59:50.556,0.76185,0.76209,1.00,2.25
2014.12.19 12:59:53.904,0.76185,0.76209,1.00,2.25
2014.12.19 12:59:54.206,0.76184,0.76208,1.00,2.25
2014.12.19 12:59:54.357,0.76182,0.76206,1.00,1.75
2014.12.19 12:59:54.866,0.76182,0.76206,1.00,1.50
2014.12.19 12:59:54.967,0.76182,0.76206,1.00,1.37
2014.12.19 12:59:55.118,0.76184,0.76206,1.00,1.37
2014.12.19 12:59:55.734,0.76186,0.76208,1.00,1.37
2014.12.19 12:59:57.097,0.76186,0.76208,1.00,1.37
2014.12.19 12:59:57.148,0.76186,0.76205,1.00,1.00
2014.12.19 12:59:57.198,0.76183,0.76205,1.00,1.12
2014.12.19 12:59:57.701,0.76184,0.76207,1.00,1.12
2014.12.19 12:59:57.752,0.76186,0.76207,1.00,1.12
2014.12.19 12:59:58.306,0.76186,0.76208,1.00,1.12
2014.12.19 12:59:58.958,0.76187,0.76209,1.00,1.87
