2013.01.03 02:00:01.543,0.76365,0.764,1.50,1.73
2013.01.03 02:00:02.053,0.76365,0.76398,1.50,1.73
2013.01.03 02:00:02.635,0.76365,0.76399,1.50,1.73
2013.01.03 02:00:03.255,0.76366,0.76399,1.73,1.35
2013.01.03 02:00:03.589,0.76366,0.76401,1.73,2.10
2013.01.03 02:00:04.723,0.76366,0.76402,2.10,1.73
2013.01.03 02:00:05.273,0.76365,0.76403,2.10,1.73
2013.01.03 02:00:06.643,0.76365,0.76403,2.10,1.73
2013.01.03 02:00:06.763,0.76365,0.76403,2.10,2.48
2013.01.03 02:00:15.913,0.76365,0.76402,1.73,1.35
2013.01.03 02:00:16.253,0.76362,0.76398,1.35,2.48
2013.01.03 02:00:16.975,0.7636,0.76398,2.10,2.85
2013.01.03 02:00:23.359,0.76361,0.76396,2.10,1.73
2013.01.03 02:00:25.124,0.76361,0.76392,1.35,1.73
2013.01.03 02:00:25.748,0.76361,0.76392,1.13,1.73
2013.01.03 02:00:26.143,0.7636,0.76393,1.35,1.73
2013.01.03 02:00:26.325,0.7636,0.76392,1.13,1.35
2013.01.03 02:00:26.627,0.76351,0.76387,3.30,1.23
2013.01.03 02:00:26.945,0.76346,0.7638,1.13,1.56
2013.01.03 02:00:27.523,0.76345,0.76382,1.73,1.73
2013.01.03 02:00:27.583,0.76346,0.76382,1.73,2.85
2013.01.03 02:00:27.943,0.7635,0.76383,1.35,2.10
2013.01.03 02:00:28.253,0.7635,0.76383,1.13,2.10
2013.01.03 02:00:28.914,0.76345,0.76383,1.73,2.85
2013.01.03 02:00:29.354,0.76346,0.76382,1.73,2.10
2013.01.03 02:00:29.735,0.7635,0.76385,1.73,1.73
2013.01.03 02:00:30.148,0.7635,0.76387,2.10,1.35
2013.01.03 02:00:33.424,0.7635,0.76388,2.48,2.48
2013.01.03 02:00:49.193,0.7635,0.76388,2.10,1.73
2013.01.03 02:00:53.279,0.7635,0.76384,1.35,1.73
2013.01.03 02:00:55.963,0.7635,0.76386,1.35,1.73
2013.01.03 02:00:56.023,0.7635,0.76386,1.35,1.73
2013.01.03 02:00:56.533,0.76353,0.7639,1.73,2.48
2013.01.03 02:00:56.953,0.76353,0.76388,1.73,1.73
2013.01.03 02:00:57.283,0.76348,0.76385,2.10,1.73
2013.01.03 02:00:57.874,0.76349,0.76384,1.73,1.35
2013.01.03 02:00:57.993,0.76349,0.76384,1.73,2.10
2013.01.03 02:01:18.233,0.76349,0.76384,1.73,2.10
2013.01.03 02:01:18.793,0.7635,0.76385,1.35,1.73
2013.01.03 02:01:18.853,0.7635,0.76385,1.35,1.73
2013.01.03 02:01:19.514,0.7635,0.76385,1.35,1.73
2013.01.03 02:01:45.390,0.76353,0.76387,1.35,2.63
2013.01.03 02:01:46.364,0.76356,0.76391,2.10,1.73
2013.01.03 02:01:46.663,0.76353,0.76389,1.35,1.73
2013.01.03 02:01:47.173,0.76353,0.76388,1.35,1.73
2013.01.03 02:01:53.296,0.76353,0.76388,1.35,1.73
2013.01.03 02:02:21.533,0.76352,0.76387,1.35,1.73
2013.01.03 02:02:23.493,0.76352,0.76387,1.35,1.73
2013.01.03 02:02:24.875,0.76352,0.76387,1.35,1.73
2013.01.03 02:02:25.442,0.76351,0.76388,1.35,2.48
2013.01.03 02:02:33.073,0.76351,0.76388,2.10,2.48
2013.01.03 02:02:36.763,0.76351,0.76388,2.10,2.48
2013.01.03 02:02:37.043,0.76351,0.76388,1.73,1.73
2013.01.03 02:02:53.242,0.76352,0.76388,1.35,1.73
2013.01.03 02:03:12.193,0.76353,0.76388,1.35,1.73
2013.01.03 02:03:12.533,0.76353,0.76391,1.35,1.35
2013.01.03 02:03:13.364,0.76357,0.76391,1.73,1.73
2013.01.03 02:03:14.054,0.76357,0.76392,1.73,1.50
2013.01.03 02:03:14.252,0.76357,0.76392,1.73,1.50
2013.01.03 02:03:14.533,0.76361,0.76397,2.10,2.63
2013.01.03 02:03:15.294,0.76361,0.76397,2.10,2.63
2013.01.03 02:03:17.784,0.76365,0.764,2.36,1.50
2013.01.03 02:03:17.843,0.76369,0.76402,1.35,1.73
2013.01.03 02:03:18.833,0.7637,0.76402,1.35,1.73
2013.01.03 02:03:19.013,0.7637,0.76402,1.13,1.73
2013.01.03 02:03:19.703,0.76365,0.76402,2.10,1.73
2013.01.03 02:03:19.993,0.76365,0.76402,1.88,1.73
2013.01.03 02:03:20.503,0.76362,0.764,1.35,1.73
2013.01.03 02:03:21.053,0.76361,0.76399,2.10,1.73
2013.01.03 02:03:21.569,0.7636,0.76398,2.10,1.73
2013.01.03 02:03:23.304,0.76364,0.76398,1.35,1.73
2013.01.03 02:03:23.363,0.76364,0.76399,1.35,1.73
2013.01.03 02:03:27.653,0.76366,0.76401,2.10,2.48
2013.01.03 02:03:28.189,0.76369,0.76407,2.48,2.48
2013.01.03 02:03:28.814,0.76369,0.76407,2.48,2.48
2013.01.03 02:03:39.546,0.7637,0.76406,1.35,1.73
2013.01.03 02:03:40.065,0.7637,0.76404,2.48,1.73
2013.01.03 02:03:43.705,0.7637,0.76404,2.48,1.73
2013.01.03 02:03:44.086,0.76367,0.76399,1.35,1.50
2013.01.03 02:03:44.144,0.76368,0.76399,1.13,1.73
2013.01.03 02:03:44.663,0.76364,0.76397,1.35,1.73
2013.01.03 02:03:44.824,0.76364,0.76396,1.35,1.73
2013.01.03 02:03:44.907,0.76364,0.76396,1.13,1.73
2013.01.03 02:03:46.373,0.76364,0.76399,1.13,1.73
2013.01.03 02:03:46.514,0.76367,0.76399,1.13,1.73
2013.01.03 02:03:46.753,0.76367,0.764,1.13,1.73
2013.01.03 02:03:47.564,0.76367,0.764,1.13,1.73
2013.01.03 02:03:51.804,0.76369,0.76401,1.13,2.48
2013.01.03 02:03:52.244,0.76369,0.76402,1.35,2.25
2013.01.03 02:03:52.602,0.76369,0.7641,1.35,3.08
2013.01.03 02:03:52.724,0.76381,0.76415,1.13,1.27
2013.01.03 02:03:56.364,0.76381,0.76414,1.13,1.59
2013.01.03 02:03:56.905,0.76381,0.7641,1.13,1.73
2013.01.03 02:03:57.713,0.76379,0.7641,1.13,1.73
2013.01.03 02:04:13.328,0.76379,0.7641,1.13,1.73
2013.01.03 02:04:23.503,0.76379,0.7641,1.13,1.73
2013.01.03 02:04:33.813,0.76376,0.76409,1.13,2.48
2013.01.03 02:04:37.703,0.76376,0.76408,1.13,1.73
2013.01.03 02:04:42.624,0.76365,0.76415,1.35,1.34
2013.01.03 02:04:42.944,0.76366,0.76413,1.03,2.34
2013.01.03 02:04:43.284,0.76365,0.76415,1.58,1.61
2013.01.03 02:04:43.388,0.76374,0.76421,1.19,1.41
2013.01.03 02:04:43.503,0.76365,0.76419,1.65,1.20
2013.01.03 02:04:43.625,0.76381,0.76418,1.35,1.73
2013.01.03 02:04:44.239,0.76381,0.76418,1.35,1.73
2013.01.03 02:04:44.923,0.76384,0.76418,1.13,1.73
2013.01.03 02:04:47.373,0.76384,0.76418,1.35,1.73
2013.01.03 02:04:48.624,0.76384,0.76418,1.13,1.73
2013.01.03 02:04:53.316,0.76384,0.76418,1.13,1.73
2013.01.03 02:04:55.374,0.76383,0.76417,1.13,1.73
2013.01.03 02:04:55.434,0.76383,0.76417,1.35,1.73
2013.01.03 02:04:55.574,0.76383,0.76417,1.13,1.98
2013.01.03 02:04:55.853,0.76383,0.76417,1.13,1.73
2013.01.03 02:04:55.983,0.76382,0.76417,1.13,1.98
2013.01.03 02:04:56.673,0.76381,0.76415,1.13,1.73
2013.01.03 02:05:13.365,0.76381,0.76415,1.13,2.48
2013.01.03 02:05:18.895,0.76381,0.76415,1.13,2.79
2013.01.03 02:05:19.014,0.76378,0.76414,1.13,1.23
2013.01.03 02:05:19.073,0.76378,0.76412,1.13,1.73
2013.01.03 02:05:19.254,0.76375,0.76407,1.13,2.48
2013.01.03 02:05:20.004,0.76374,0.76408,1.13,1.73
2013.01.03 02:05:21.056,0.76374,0.76408,1.13,1.73
2013.01.03 02:05:43.883,0.76374,0.76408,1.13,2.48
2013.01.03 02:05:47.993,0.76376,0.76411,1.13,1.52
2013.01.03 02:05:48.113,0.76379,0.76413,1.13,2.34
2013.01.03 02:05:48.883,0.76376,0.76411,1.73,1.73
2013.01.03 02:05:49.073,0.76378,0.76413,1.35,1.73
2013.01.03 02:05:49.784,0.76378,0.76413,1.13,1.73
2013.01.03 02:05:50.288,0.76378,0.76413,1.13,1.73
2013.01.03 02:05:54.583,0.76379,0.76414,1.35,1.73
2013.01.03 02:05:54.644,0.76379,0.76416,1.35,1.73
2013.01.03 02:05:58.775,0.7638,0.76416,1.35,1.73
2013.01.03 02:05:59.505,0.7638,0.76416,1.35,1.73
2013.01.03 02:06:00.233,0.76383,0.76418,1.35,1.73
2013.01.03 02:06:04.282,0.76382,0.76419,1.35,2.48
2013.01.03 02:06:04.819,0.76388,0.76419,1.13,2.48
2013.01.03 02:06:24.203,0.76389,0.7642,1.13,1.50
2013.01.03 02:06:24.443,0.76388,0.76418,1.13,1.73
2013.01.03 02:06:24.563,0.76385,0.76419,1.13,1.73
2013.01.03 02:06:27.503,0.76385,0.76418,1.13,1.43
2013.01.03 02:06:31.745,0.76383,0.76416,1.13,1.73
2013.01.03 02:06:32.065,0.76383,0.76416,1.13,3.06
2013.01.03 02:06:32.601,0.7638,0.76414,1.50,1.50
2013.01.03 02:06:32.854,0.7638,0.76413,1.50,1.73
2013.01.03 02:06:33.835,0.7638,0.76412,1.50,1.73
2013.01.03 02:06:39.886,0.76378,0.76412,1.35,1.73
2013.01.03 02:06:39.944,0.76378,0.76414,1.35,1.73
2013.01.03 02:06:40.825,0.76376,0.76413,1.35,1.52
2013.01.03 02:06:40.884,0.7638,0.76414,1.35,1.73
2013.01.03 02:06:41.494,0.7638,0.76415,1.35,1.73
2013.01.03 02:06:41.683,0.7638,0.76415,1.13,2.29
2013.01.03 02:06:42.483,0.7638,0.76414,1.13,1.73
2013.01.03 02:06:53.238,0.7638,0.76411,1.50,1.73
2013.01.03 02:06:53.444,0.7638,0.76411,1.73,1.73
2013.01.03 02:06:54.343,0.7638,0.76413,1.73,1.73
2013.01.03 02:07:03.317,0.76382,0.76412,1.13,1.73
2013.01.03 02:07:06.754,0.76381,0.76411,1.13,1.73
2013.01.03 02:07:07.517,0.76379,0.76412,1.50,2.48
2013.01.03 02:07:17.534,0.76379,0.76416,1.73,2.10
2013.01.03 02:07:18.114,0.76379,0.76417,1.35,2.48
2013.01.03 02:07:18.594,0.76384,0.76417,1.13,1.50
2013.01.03 02:07:23.385,0.76383,0.76418,1.13,1.73
2013.01.03 02:07:24.152,0.76386,0.76418,1.13,1.73
2013.01.03 02:07:24.675,0.76384,0.76418,1.13,1.73
2013.01.03 02:07:25.964,0.76383,0.76419,1.13,2.48
2013.01.03 02:07:26.484,0.76388,0.76425,1.35,2.85
2013.01.03 02:07:27.144,0.7639,0.76425,1.13,2.85
2013.01.03 02:07:29.517,0.7639,0.76424,1.13,1.56
2013.01.03 02:07:29.646,0.76389,0.76422,1.13,1.73
2013.01.03 02:07:37.434,0.7639,0.76424,1.13,2.31
2013.01.03 02:07:38.045,0.7639,0.76425,1.13,1.73
2013.01.03 02:07:38.724,0.7639,0.76425,1.13,1.73
2013.01.03 02:07:38.843,0.7639,0.76425,1.73,1.73
2013.01.03 02:07:56.359,0.7639,0.76426,1.13,1.73
2013.01.03 02:08:00.136,0.7639,0.76426,1.13,1.73
2013.01.03 02:08:00.834,0.7639,0.76426,1.13,1.73
2013.01.03 02:08:03.564,0.7639,0.76425,1.13,2.48
2013.01.03 02:08:18.763,0.76386,0.76421,1.35,1.73
2013.01.03 02:08:19.116,0.76386,0.76421,1.13,1.73
2013.01.03 02:08:26.383,0.76387,0.76422,1.13,2.75
2013.01.03 02:08:26.503,0.76387,0.76422,1.13,2.48
2013.01.03 02:08:32.343,0.76388,0.7642,1.13,1.41
2013.01.03 02:08:36.794,0.76386,0.76417,1.13,1.73
2013.01.03 02:08:36.854,0.76386,0.76416,1.13,1.50
2013.01.03 02:08:37.364,0.76382,0.76416,1.13,1.50
2013.01.03 02:08:37.424,0.76382,0.76417,1.35,1.73
2013.01.03 02:08:37.697,0.76385,0.76419,1.13,1.73
2013.01.03 02:08:43.615,0.76389,0.76419,1.13,1.73
2013.01.03 02:08:56.813,0.76387,0.76419,1.13,1.73
2013.01.03 02:09:23.693,0.76384,0.7642,1.50,1.73
2013.01.03 02:09:53.515,0.76384,0.76419,1.13,1.73
2013.01.03 02:09:53.574,0.76384,0.76415,1.13,1.52
2013.01.03 02:09:54.155,0.76384,0.76415,1.13,1.52
2013.01.03 02:09:54.334,0.76384,0.76418,1.13,1.35
2013.01.03 02:09:55.074,0.76387,0.76419,1.13,1.73
2013.01.03 02:10:14.035,0.76382,0.76415,1.13,1.74
2013.01.03 02:10:20.406,0.76384,0.76415,1.13,1.36
2013.01.03 02:10:20.754,0.76384,0.76419,1.13,1.35
2013.01.03 02:10:23.617,0.76385,0.76419,1.13,1.73
2013.01.03 02:10:23.892,0.76385,0.76418,1.13,1.34
2013.01.03 02:10:24.624,0.76385,0.76418,1.13,2.09
2013.01.03 02:10:53.694,0.76383,0.76415,1.13,1.73
2013.01.03 02:11:01.673,0.76381,0.76415,1.73,1.73
2013.01.03 02:11:23.314,0.7638,0.76415,1.73,1.73
2013.01.03 02:11:33.754,0.76379,0.76417,1.73,1.73
2013.01.03 02:11:54.220,0.76382,0.76416,1.50,1.20
2013.01.03 02:11:54.557,0.76384,0.76413,1.13,1.73
2013.01.03 02:11:54.674,0.76383,0.76414,1.13,1.73
2013.01.03 02:11:55.314,0.76383,0.76414,1.13,1.73
2013.01.03 02:12:05.679,0.76383,0.76416,1.50,1.52
2013.01.03 02:12:05.795,0.76384,0.76418,1.73,2.10
2013.01.03 02:12:05.914,0.76384,0.76419,1.13,2.48
2013.01.03 02:12:06.033,0.76384,0.7642,1.35,1.73
2013.01.03 02:12:06.697,0.76386,0.7642,1.13,1.73
2013.01.03 02:12:13.355,0.76387,0.76421,1.13,2.48
2013.01.03 02:12:24.733,0.76388,0.76421,1.13,2.48
2013.01.03 02:12:24.854,0.7639,0.7642,1.13,1.73
2013.01.03 02:12:26.233,0.76388,0.76422,1.13,2.25
2013.01.03 02:12:26.414,0.76388,0.76421,1.13,1.73
2013.01.03 02:12:27.014,0.76388,0.76421,1.13,1.73
2013.01.03 02:12:55.824,0.76388,0.76421,1.13,1.95
2013.01.03 02:12:58.629,0.76385,0.76419,1.13,1.73
2013.01.03 02:13:00.735,0.76385,0.76419,1.13,1.73
2013.01.03 02:13:02.724,0.76385,0.76419,1.35,1.73
2013.01.03 02:13:03.384,0.76387,0.76422,1.35,1.73
2013.01.03 02:13:13.174,0.76387,0.76421,1.73,1.73
2013.01.03 02:13:13.675,0.76389,0.76421,1.50,1.73
2013.01.03 02:13:35.042,0.76389,0.76422,1.50,1.73
2013.01.03 02:14:01.267,0.76388,0.7642,1.13,1.73
2013.01.03 02:14:06.203,0.76387,0.76421,1.73,1.73
2013.01.03 02:14:55.884,0.76387,0.76422,1.73,1.73
2013.01.03 02:14:56.114,0.76388,0.76422,1.73,1.35
2013.01.03 02:15:02.134,0.76388,0.76422,1.50,1.35
2013.01.03 02:15:02.254,0.76388,0.76422,1.50,1.35
2013.01.03 02:15:53.691,0.76384,0.76418,1.73,1.35
2013.01.03 02:15:54.522,0.76384,0.7642,2.48,1.35
2013.01.03 02:16:05.926,0.76384,0.7642,2.48,1.35
2013.01.03 02:16:07.014,0.76383,0.7642,1.73,1.35
2013.01.03 02:16:07.134,0.76383,0.76418,1.73,1.35
2013.01.03 02:16:10.140,0.76383,0.7642,1.73,1.35
2013.01.03 02:16:10.204,0.76384,0.7642,2.48,1.35
2013.01.03 02:16:13.455,0.76384,0.76421,2.48,1.35
2013.01.03 02:16:13.995,0.76384,0.76421,1.73,1.35
2013.01.03 02:16:15.265,0.76384,0.76423,2.13,1.35
2013.01.03 02:16:16.003,0.7639,0.76426,1.35,2.10
2013.01.03 02:16:18.496,0.76391,0.76427,1.35,1.73
2013.01.03 02:16:18.555,0.76394,0.7643,1.73,2.10
2013.01.03 02:16:21.435,0.76395,0.7643,2.10,1.50
2013.01.03 02:16:23.336,0.76399,0.76431,1.35,1.73
2013.01.03 02:16:29.505,0.76399,0.76435,1.73,1.73
2013.01.03 02:16:29.624,0.76401,0.76437,2.48,1.73
2013.01.03 02:16:29.744,0.76405,0.7644,1.35,1.35
2013.01.03 02:16:30.465,0.76405,0.7644,1.35,1.13
2013.01.03 02:16:30.524,0.7641,0.7644,1.35,1.13
2013.01.03 02:16:32.575,0.76411,0.76441,1.35,1.13
2013.01.03 02:16:32.637,0.76411,0.76441,1.35,1.13
2013.01.03 02:16:32.820,0.76411,0.76442,1.13,1.35
2013.01.03 02:16:33.435,0.76411,0.76446,1.50,1.35
2013.01.03 02:16:33.555,0.76411,0.76443,1.50,1.56
2013.01.03 02:16:33.674,0.76406,0.76441,1.73,1.35
2013.01.03 02:16:34.516,0.76411,0.76442,1.13,1.35
2013.01.03 02:16:36.745,0.76412,0.76446,1.73,1.35
2013.01.03 02:16:36.864,0.76413,0.76447,1.73,1.35
2013.01.03 02:16:37.295,0.76413,0.76449,1.73,1.35
2013.01.03 02:16:37.495,0.76416,0.76449,1.73,1.35
2013.01.03 02:16:41.255,0.76416,0.76451,1.73,1.35
2013.01.03 02:16:41.894,0.7642,0.76451,1.35,1.35
2013.01.03 02:16:43.320,0.7642,0.76453,1.35,1.35
2013.01.03 02:16:53.274,0.7642,0.76453,1.35,1.35
2013.01.03 02:16:56.789,0.76421,0.76456,1.73,1.35
2013.01.03 02:16:59.758,0.76421,0.76455,1.73,1.35
2013.01.03 02:17:00.807,0.76421,0.76455,1.50,1.35
2013.01.03 02:17:01.045,0.76422,0.76457,1.73,1.35
2013.01.03 02:17:01.745,0.76427,0.76461,1.73,1.35
2013.01.03 02:17:02.416,0.76432,0.76465,1.50,1.35
2013.01.03 02:17:02.535,0.76432,0.76465,1.73,1.35
2013.01.03 02:17:02.754,0.76432,0.7647,1.73,1.73
2013.01.03 02:17:03.132,0.76437,0.76472,1.73,1.73
2013.01.03 02:17:03.780,0.76436,0.76475,1.73,2.27
2013.01.03 02:17:05.954,0.76438,0.76475,1.73,1.35
2013.01.03 02:17:06.628,0.76441,0.76477,1.35,1.35
2013.01.03 02:17:10.232,0.7644,0.76477,1.35,1.35
2013.01.03 02:17:10.743,0.76441,0.76477,1.35,1.35
2013.01.03 02:17:11.256,0.7644,0.76477,1.35,1.35
2013.01.03 02:17:12.445,0.7644,0.76477,1.13,1.35
2013.01.03 02:17:12.754,0.76436,0.76473,2.25,1.35
2013.01.03 02:17:13.595,0.76436,0.76471,1.50,1.35
2013.01.03 02:17:13.655,0.76434,0.76471,1.13,1.35
2013.01.03 02:17:20.035,0.76432,0.76469,1.50,1.60
2013.01.03 02:17:20.154,0.76432,0.76469,1.73,1.35
2013.01.03 02:17:20.274,0.76432,0.76467,1.73,1.35
2013.01.03 02:17:20.825,0.76432,0.76467,1.73,1.35
2013.01.03 02:17:21.230,0.76432,0.76465,1.73,1.35
2013.01.03 02:17:24.314,0.76432,0.76467,1.50,1.69
2013.01.03 02:17:33.256,0.76427,0.76464,1.73,1.35
2013.01.03 02:17:37.895,0.76428,0.76468,1.73,1.69
2013.01.03 02:17:38.075,0.76428,0.76468,1.73,1.35
2013.01.03 02:17:38.135,0.76429,0.76468,1.73,1.35
2013.01.03 02:17:38.695,0.76433,0.76468,1.50,1.71
2013.01.03 02:17:39.055,0.76433,0.76466,1.50,1.71
2013.01.03 02:17:40.014,0.76433,0.76464,1.50,1.35
2013.01.03 02:17:49.495,0.76428,0.76467,1.73,1.71
2013.01.03 02:17:49.646,0.76428,0.76467,1.73,1.35
2013.01.03 02:17:53.462,0.7643,0.76468,1.35,1.35
2013.01.03 02:18:13.475,0.76431,0.76466,2.10,1.35
2013.01.03 02:18:16.475,0.7643,0.7647,2.10,1.35
2013.01.03 02:18:16.975,0.76435,0.7647,1.73,1.35
2013.01.03 02:18:17.475,0.76435,0.7647,1.73,1.35
2013.01.03 02:18:19.444,0.76435,0.76469,1.73,1.35
2013.01.03 02:18:20.053,0.7643,0.76469,2.85,1.35
2013.01.03 02:18:23.297,0.7643,0.76468,2.85,1.35
2013.01.03 02:18:33.415,0.7643,0.76467,2.10,1.35
2013.01.03 02:18:41.055,0.7643,0.76469,2.10,1.35
2013.01.03 02:18:41.174,0.76431,0.76469,2.10,1.35
2013.01.03 02:18:41.888,0.76436,0.76471,1.73,1.35
2013.01.03 02:18:43.316,0.76436,0.7647,1.73,1.35
2013.01.03 02:18:47.205,0.76436,0.7647,1.73,1.35
2013.01.03 02:18:47.325,0.76436,0.7647,1.50,1.35
2013.01.03 02:18:47.646,0.76435,0.76469,1.50,1.05
2013.01.03 02:18:48.159,0.7643,0.76465,1.35,1.73
2013.01.03 02:18:48.394,0.7643,0.76465,1.35,1.73
2013.01.03 02:18:49.635,0.76431,0.76465,1.13,1.35
2013.01.03 02:18:53.316,0.7643,0.76462,1.35,1.35
2013.01.03 02:19:32.004,0.76431,0.76464,1.13,1.35
2013.01.03 02:19:32.065,0.76431,0.76464,1.35,1.35
2013.01.03 02:19:33.986,0.76431,0.76464,1.35,1.35
2013.01.03 02:19:34.474,0.76428,0.76468,2.10,1.98
2013.01.03 02:19:37.794,0.76428,0.76468,2.10,1.35
2013.01.03 02:19:39.439,0.76431,0.76468,2.10,1.35
2013.01.03 02:20:03.305,0.7643,0.76468,2.10,1.35
2013.01.03 02:20:43.385,0.7643,0.76469,1.35,1.73
2013.01.03 02:21:16.837,0.76429,0.76465,1.73,1.73
2013.01.03 02:21:16.955,0.76429,0.76465,1.73,1.73
2013.01.03 02:21:17.255,0.7643,0.76465,2.10,1.35
2013.01.03 02:21:17.824,0.7643,0.76468,1.35,1.35
2013.01.03 02:21:23.328,0.7643,0.76468,1.35,1.35
2013.01.03 02:21:28.465,0.76431,0.76471,3.15,1.58
2013.01.03 02:21:28.585,0.76431,0.76471,3.90,1.35
2013.01.03 02:21:29.155,0.76434,0.76471,1.35,1.35
2013.01.03 02:21:33.111,0.76434,0.76471,1.88,1.35
2013.01.03 02:21:33.605,0.76434,0.76469,2.10,1.35
2013.01.03 02:21:34.785,0.76434,0.76472,2.10,1.35
2013.01.03 02:21:35.315,0.76434,0.76469,1.88,1.35
2013.01.03 02:21:39.445,0.76434,0.76471,1.50,1.35
2013.01.03 02:21:39.625,0.76434,0.76471,1.73,1.35
2013.01.03 02:21:43.407,0.76433,0.76471,2.10,1.35
2013.01.03 02:21:46.985,0.76435,0.76474,1.35,1.35
2013.01.03 02:21:47.105,0.7644,0.76474,1.35,1.35
2013.01.03 02:21:47.165,0.7644,0.76474,1.35,1.13
2013.01.03 02:21:47.357,0.76442,0.76474,1.35,1.13
2013.01.03 02:21:47.536,0.7644,0.76474,1.35,1.35
2013.01.03 02:21:47.755,0.7644,0.76474,1.35,1.13
2013.01.03 02:21:47.995,0.76441,0.7648,3.53,1.35
2013.01.03 02:21:48.305,0.76441,0.7648,3.15,1.35
2013.01.03 02:21:48.596,0.76441,0.7648,3.53,1.35
2013.01.03 02:21:49.108,0.76441,0.76479,1.35,1.35
2013.01.03 02:21:51.245,0.76441,0.76479,1.35,1.35
2013.01.03 02:21:51.366,0.76441,0.76478,1.35,1.35
2013.01.03 02:21:51.979,0.76441,0.76478,1.35,1.35
2013.01.03 02:21:52.676,0.7644,0.76478,1.35,1.35
2013.01.03 02:21:52.735,0.7644,0.76479,2.18,1.35
2013.01.03 02:21:52.795,0.7644,0.76479,2.18,1.35
2013.01.03 02:21:53.585,0.76441,0.7648,2.55,1.35
2013.01.03 02:21:54.525,0.76445,0.7648,1.35,1.13
2013.01.03 02:21:54.585,0.76445,0.76484,2.18,1.35
2013.01.03 02:21:57.445,0.7645,0.76481,1.35,1.35
2013.01.03 02:21:57.505,0.7645,0.76481,1.13,1.35
2013.01.03 02:21:57.985,0.7644,0.76481,3.90,1.73
2013.01.03 02:21:58.045,0.76445,0.76478,1.35,1.35
2013.01.03 02:21:58.414,0.76445,0.76478,1.35,1.35
2013.01.03 02:22:02.015,0.76451,0.76483,1.35,1.35
2013.01.03 02:22:02.607,0.7645,0.76485,1.35,1.35
2013.01.03 02:22:03.283,0.7645,0.76487,1.35,1.35
2013.01.03 02:22:05.545,0.7645,0.76487,1.13,1.67
2013.01.03 02:22:05.862,0.76442,0.76481,2.25,1.60
2013.01.03 02:22:05.985,0.76442,0.76481,2.48,1.35
2013.01.03 02:22:06.225,0.76445,0.76481,1.35,1.35
2013.01.03 02:22:06.969,0.76451,0.76482,1.13,1.35
2013.01.03 02:22:07.755,0.76451,0.76484,1.35,1.35
2013.01.03 02:22:07.815,0.7645,0.76484,1.35,1.35
2013.01.03 02:22:08.715,0.7645,0.76486,1.35,1.35
2013.01.03 02:22:09.264,0.7645,0.76486,1.13,1.35
2013.01.03 02:22:09.735,0.76451,0.76483,1.13,1.35
2013.01.03 02:22:10.938,0.76451,0.76485,1.35,1.35
2013.01.03 02:22:10.995,0.7645,0.76485,1.35,1.35
2013.01.03 02:22:11.792,0.7645,0.76487,1.35,1.35
2013.01.03 02:22:13.328,0.7645,0.76486,1.35,1.35
2013.01.03 02:22:13.737,0.7645,0.76486,1.35,1.35
2013.01.03 02:22:16.205,0.7645,0.76486,1.13,1.78
2013.01.03 02:22:16.325,0.76447,0.76484,2.10,1.35
2013.01.03 02:22:16.955,0.7645,0.76484,1.35,1.35
2013.01.03 02:22:17.277,0.7645,0.76486,1.35,1.35
2013.01.03 02:22:20.466,0.7645,0.76486,1.35,1.35
2013.01.03 02:22:20.935,0.7645,0.76488,1.35,1.35
2013.01.03 02:22:21.115,0.76453,0.76488,1.35,1.35
2013.01.03 02:22:21.236,0.76451,0.76488,1.35,1.35
2013.01.03 02:22:21.886,0.7645,0.76488,1.35,1.35
2013.01.03 02:22:22.395,0.7645,0.76487,1.35,1.35
2013.01.03 02:22:22.745,0.76448,0.76487,2.93,1.35
2013.01.03 02:22:22.946,0.76444,0.76481,1.13,1.35
2013.01.03 02:22:24.825,0.76444,0.76481,1.13,1.35
2013.01.03 02:22:27.426,0.76444,0.76481,1.13,1.73
2013.01.03 02:22:27.485,0.76444,0.76475,1.13,1.73
2013.01.03 02:22:27.545,0.76437,0.76474,1.13,1.01
2013.01.03 02:22:28.295,0.76436,0.76475,2.78,1.35
2013.01.03 02:22:29.088,0.76441,0.76474,1.13,1.35
2013.01.03 02:22:33.299,0.76441,0.76475,1.13,1.35
2013.01.03 02:22:33.595,0.76441,0.76475,1.35,1.35
2013.01.03 02:22:37.693,0.76441,0.76473,1.35,1.35
2013.01.03 02:22:37.755,0.76441,0.76473,1.13,1.35
2013.01.03 02:22:39.027,0.76441,0.76473,1.13,1.73
2013.01.03 02:22:39.165,0.76441,0.7647,1.13,1.73
2013.01.03 02:22:41.027,0.76441,0.7647,1.13,1.35
2013.01.03 02:22:41.605,0.76441,0.76471,1.13,1.35
2013.01.03 02:22:43.325,0.76441,0.76472,1.13,1.35
2013.01.03 02:22:43.648,0.76441,0.76472,1.13,1.35
2013.01.03 02:22:52.705,0.76441,0.76471,1.13,1.35
2013.01.03 02:22:53.067,0.7644,0.76471,1.35,1.35
2013.01.03 02:22:53.185,0.76441,0.76471,1.35,1.73
2013.01.03 02:22:53.497,0.76432,0.76467,1.65,1.17
2013.01.03 02:22:53.735,0.76431,0.76464,1.13,1.35
2013.01.03 02:22:54.005,0.7643,0.76464,1.13,1.35
2013.01.03 02:22:54.619,0.76425,0.76464,2.03,1.74
2013.01.03 02:22:54.745,0.76424,0.7646,1.88,1.35
2013.01.03 02:22:55.277,0.76423,0.7646,2.10,1.35
2013.01.03 02:22:55.795,0.76426,0.76461,2.10,1.35
2013.01.03 02:22:56.176,0.76426,0.76461,2.10,1.35
2013.01.03 02:22:57.255,0.76425,0.76461,2.10,1.35
2013.01.03 02:22:58.655,0.76425,0.76461,2.10,1.35
2013.01.03 02:23:02.726,0.76425,0.76461,2.10,1.35
2013.01.03 02:23:11.437,0.76426,0.76463,2.10,1.35
2013.01.03 02:23:13.305,0.76426,0.76464,2.10,1.35
2013.01.03 02:23:13.904,0.76426,0.76464,1.35,1.35
2013.01.03 02:23:23.335,0.76426,0.76464,1.35,1.35
2013.01.03 02:23:35.448,0.76427,0.76463,1.35,1.35
2013.01.03 02:23:36.355,0.7643,0.7646,1.35,1.13
2013.01.03 02:23:37.054,0.7643,0.7646,1.35,1.13
2013.01.03 02:23:41.047,0.7643,0.7646,1.35,1.13
2013.01.03 02:23:43.347,0.76431,0.76468,2.10,1.35
2013.01.03 02:23:44.135,0.76431,0.76469,2.10,1.35
2013.01.03 02:23:46.352,0.7643,0.76469,2.10,1.35
2013.01.03 02:23:51.956,0.76431,0.76471,1.80,1.35
2013.01.03 02:23:52.235,0.76433,0.76471,1.35,1.35
2013.01.03 02:23:52.828,0.76432,0.76472,2.10,1.35
2013.01.03 02:23:53.480,0.76434,0.76472,1.35,1.35
2013.01.03 02:23:54.186,0.76433,0.76469,1.50,1.35
2013.01.03 02:23:54.737,0.76433,0.76469,1.50,1.35
2013.01.03 02:24:04.339,0.76431,0.76465,1.35,1.35
2013.01.03 02:24:23.357,0.76431,0.76465,1.35,1.35
2013.01.03 02:24:38.857,0.76432,0.76469,1.35,1.73
2013.01.03 02:24:43.377,0.76432,0.7647,1.35,1.73
2013.01.03 02:24:44.608,0.76431,0.7647,1.35,1.73
2013.01.03 02:25:01.295,0.76433,0.7647,1.13,1.73
2013.01.03 02:25:02.780,0.76434,0.7647,1.73,1.73
2013.01.03 02:25:03.285,0.76433,0.76473,1.73,1.35
2013.01.03 02:25:03.346,0.76433,0.76473,1.73,1.35
2013.01.03 02:25:03.851,0.76436,0.76473,1.35,1.35
2013.01.03 02:25:07.340,0.76438,0.76473,1.35,1.35
2013.01.03 02:25:07.465,0.76443,0.76477,1.35,1.35
2013.01.03 02:25:07.527,0.76443,0.76477,1.35,1.13
2013.01.03 02:25:07.706,0.76443,0.76477,1.35,1.13
2013.01.03 02:25:07.915,0.76443,0.76477,1.35,1.13
2013.01.03 02:25:07.975,0.76443,0.76477,1.35,1.13
2013.01.03 02:25:08.096,0.76442,0.76477,1.73,1.13
2013.01.03 02:25:08.645,0.76442,0.76479,1.73,1.35
2013.01.03 02:25:11.035,0.76442,0.76479,1.73,1.35
2013.01.03 02:25:12.785,0.76442,0.76479,1.73,1.35
2013.01.03 02:25:13.495,0.76442,0.76479,1.73,1.35
2013.01.03 02:25:20.485,0.76442,0.76481,1.73,1.35
2013.01.03 02:25:21.025,0.76443,0.76481,2.10,1.35
2013.01.03 02:25:21.453,0.76443,0.76481,2.10,1.35
2013.01.03 02:25:23.205,0.76443,0.76481,2.10,1.35
2013.01.03 02:25:23.725,0.76443,0.76479,1.73,1.35
2013.01.03 02:25:24.756,0.76443,0.76479,1.73,1.35
2013.01.03 02:25:24.853,0.76442,0.76479,1.73,1.35
2013.01.03 02:25:25.761,0.76443,0.76479,1.73,1.35
2013.01.03 02:25:26.282,0.76443,0.76479,1.73,1.35
2013.01.03 02:25:26.349,0.76443,0.7648,2.10,1.35
2013.01.03 02:25:26.934,0.76443,0.7648,2.10,1.35
2013.01.03 02:25:27.529,0.76443,0.7648,2.10,1.35
2013.01.03 02:25:34.068,0.76444,0.7648,1.35,1.35
2013.01.03 02:25:34.277,0.76444,0.7648,1.35,1.35
2013.01.03 02:25:34.797,0.76443,0.7648,1.35,1.35
2013.01.03 02:25:34.907,0.76443,0.7648,1.35,1.35
2013.01.03 02:25:35.497,0.76444,0.7648,1.35,1.35
2013.01.03 02:25:36.768,0.76444,0.7648,1.35,1.35
2013.01.03 02:25:39.403,0.76444,0.7648,1.35,1.35
2013.01.03 02:25:41.228,0.76443,0.7648,1.35,1.35
2013.01.03 02:25:43.126,0.76443,0.76481,1.35,1.35
2013.01.03 02:25:43.595,0.76442,0.76481,2.10,1.35
2013.01.03 02:25:44.061,0.76442,0.7648,2.10,1.35
2013.01.03 02:25:45.926,0.76443,0.7648,1.50,1.35
2013.01.03 02:25:46.532,0.7644,0.76477,1.13,1.35
2013.01.03 02:25:53.373,0.7644,0.76477,1.13,1.35
2013.01.03 02:25:53.946,0.7644,0.76477,1.13,1.35
2013.01.03 02:26:26.636,0.76438,0.76472,1.35,1.13
2013.01.03 02:26:33.467,0.76438,0.76472,1.35,1.13
2013.01.03 02:26:43.906,0.7644,0.76476,1.13,1.35
2013.01.03 02:26:51.666,0.76439,0.76476,1.35,1.35
2013.01.03 02:26:57.887,0.7644,0.76476,1.13,1.35
2013.01.03 02:27:04.136,0.7644,0.76476,1.13,1.35
2013.01.03 02:27:12.115,0.76439,0.76476,1.35,1.73
2013.01.03 02:27:13.255,0.76439,0.76477,1.35,1.73
2013.01.03 02:27:15.976,0.7644,0.76477,1.13,1.35
2013.01.03 02:27:16.746,0.76439,0.76477,1.35,1.35
2013.01.03 02:27:43.836,0.76437,0.76477,1.73,1.35
2013.01.03 02:27:54.652,0.76439,0.76477,1.35,1.35
2013.01.03 02:27:54.853,0.76439,0.76477,1.35,1.35
2013.01.03 02:27:55.413,0.7644,0.76477,1.13,1.35
2013.01.03 02:28:17.206,0.76437,0.76476,2.48,1.35
2013.01.03 02:28:30.746,0.76438,0.76476,1.73,1.35
2013.01.03 02:28:33.331,0.76438,0.76476,1.73,1.35
2013.01.03 02:28:35.807,0.76438,0.76476,1.73,1.73
2013.01.03 02:28:39.335,0.76437,0.76476,1.73,1.35
2013.01.03 02:28:42.235,0.76437,0.76476,1.73,1.35
2013.01.03 02:28:42.795,0.7644,0.76478,1.13,1.35
2013.01.03 02:28:45.905,0.76437,0.76477,1.73,1.35
2013.01.03 02:28:57.146,0.76437,0.76475,2.48,1.35
2013.01.03 02:28:57.791,0.76438,0.76475,2.85,1.35
2013.01.03 02:29:09.925,0.76437,0.76473,1.73,1.35
2013.01.03 02:29:11.926,0.76436,0.76472,2.85,1.50
2013.01.03 02:29:32.675,0.76436,0.76472,2.10,1.50
2013.01.03 02:29:34.005,0.76437,0.76473,1.73,1.73
2013.01.03 02:29:37.636,0.76439,0.76473,1.73,1.35
2013.01.03 02:29:47.056,0.76437,0.76473,1.73,1.73
2013.01.03 02:29:47.206,0.76437,0.76471,1.73,1.50
2013.01.03 02:29:47.325,0.76437,0.76471,1.73,1.73
2013.01.03 02:29:47.775,0.76437,0.76471,1.73,1.50
2013.01.03 02:29:48.297,0.76436,0.76471,1.73,1.13
2013.01.03 02:29:53.497,0.76438,0.7647,1.73,1.13
2013.01.03 02:30:03.186,0.76438,0.7647,2.10,1.13
2013.01.03 02:30:03.745,0.76434,0.76471,2.85,1.35
2013.01.03 02:30:04.175,0.76434,0.76472,2.85,1.35
2013.01.03 02:30:53.398,0.76435,0.76471,1.35,1.35
2013.01.03 02:30:59.706,0.76436,0.76472,1.35,1.35
2013.01.03 02:31:00.157,0.76436,0.76472,1.35,1.35
2013.01.03 02:31:13.280,0.76435,0.7647,1.35,1.35
2013.01.03 02:31:20.878,0.76434,0.76467,1.35,1.35
2013.01.03 02:31:21.407,0.76433,0.76467,1.73,1.35
2013.01.03 02:31:21.866,0.76433,0.76467,1.73,1.35
2013.01.03 02:31:23.345,0.76433,0.76467,1.73,1.35
2013.01.03 02:31:28.246,0.76433,0.76467,1.73,1.35
2013.01.03 02:31:29.705,0.76433,0.76466,1.50,1.35
2013.01.03 02:31:30.006,0.76431,0.76463,1.50,1.01
2013.01.03 02:31:43.359,0.76426,0.76463,2.25,2.51
2013.01.03 02:31:53.406,0.76426,0.76463,2.25,2.51
2013.01.03 02:32:22.245,0.76426,0.76463,1.50,1.38
2013.01.03 02:32:22.306,0.76426,0.76466,1.73,1.73
2013.01.03 02:32:22.836,0.76432,0.76466,2.10,1.73
2013.01.03 02:32:23.295,0.76432,0.76467,2.10,1.73
2013.01.03 02:32:24.225,0.76432,0.76469,2.10,1.73
2013.01.03 02:32:47.145,0.76432,0.7647,2.48,1.73
2013.01.03 02:32:47.702,0.76432,0.7647,2.48,1.73
2013.01.03 02:32:47.811,0.76432,0.7647,2.48,1.73
2013.01.03 02:32:47.926,0.76432,0.7647,2.48,1.73
2013.01.03 02:32:48.707,0.76434,0.76472,1.35,1.73
2013.01.03 02:33:03.090,0.76437,0.76472,1.73,1.13
2013.01.03 02:33:03.265,0.76437,0.76476,1.73,1.35
2013.01.03 02:33:03.576,0.76442,0.76476,2.85,1.35
2013.01.03 02:33:04.375,0.76442,0.76477,1.73,1.35
2013.01.03 02:33:16.105,0.76443,0.76477,2.85,1.35
2013.01.03 02:33:16.647,0.76443,0.76481,2.85,1.35
2013.01.03 02:33:20.516,0.76443,0.76481,2.85,1.35
2013.01.03 02:33:20.647,0.76443,0.76478,2.85,1.35
2013.01.03 02:33:23.406,0.76445,0.76483,1.35,1.73
2013.01.03 02:33:26.897,0.76445,0.76484,2.85,1.35
2013.01.03 02:33:42.594,0.76446,0.76482,2.48,1.35
2013.01.03 02:33:49.576,0.76446,0.76483,1.73,1.35
2013.01.03 02:33:50.636,0.76448,0.76483,1.73,1.35
2013.01.03 02:33:50.781,0.76448,0.76483,1.73,1.35
2013.01.03 02:33:51.717,0.76449,0.76484,1.73,1.35
2013.01.03 02:33:53.157,0.76451,0.76483,1.35,1.35
2013.01.03 02:33:54.367,0.76452,0.76485,1.73,1.35
2013.01.03 02:33:55.307,0.76452,0.76485,1.73,1.35
2013.01.03 02:33:56.188,0.76451,0.7649,1.73,1.89
2013.01.03 02:34:01.546,0.76456,0.7649,1.29,1.50
2013.01.03 02:34:01.606,0.76464,0.76496,2.10,1.73
2013.01.03 02:34:01.726,0.76467,0.76497,1.35,1.88
2013.01.03 02:34:02.307,0.76466,0.76497,1.50,2.10
2013.01.03 02:34:02.567,0.76466,0.76497,1.50,1.35
2013.01.03 02:34:14.466,0.76465,0.76502,2.10,1.35
2013.01.03 02:34:14.790,0.76464,0.76501,1.88,1.01
2013.01.03 02:34:15.227,0.76462,0.76499,2.10,1.19
2013.01.03 02:34:15.547,0.76462,0.76499,2.10,1.94
2013.01.03 02:34:23.322,0.76462,0.76499,2.10,1.94
2013.01.03 02:34:23.846,0.76462,0.76498,1.88,1.12
2013.01.03 02:34:32.506,0.76462,0.76499,2.10,1.35
2013.01.03 02:34:32.626,0.76466,0.76501,1.35,1.35
2013.01.03 02:34:33.056,0.7647,0.76502,2.10,1.35
2013.01.03 02:34:33.551,0.76471,0.76508,2.85,1.35
2013.01.03 02:34:35.906,0.76471,0.7651,2.85,1.73
2013.01.03 02:34:36.436,0.76477,0.7651,1.73,1.35
2013.01.03 02:34:37.054,0.76476,0.7651,1.73,1.35
2013.01.03 02:34:37.786,0.76476,0.76508,1.50,1.35
2013.01.03 02:34:47.026,0.7647,0.765,1.50,1.27
2013.01.03 02:34:47.190,0.76466,0.765,1.50,1.65
2013.01.03 02:34:47.966,0.76466,0.765,1.50,1.65
2013.01.03 02:35:33.356,0.76463,0.76499,1.88,1.65
2013.01.03 02:35:37.362,0.76463,0.76499,2.10,1.35
2013.01.03 02:35:39.066,0.76462,0.76497,2.85,1.35
2013.01.03 02:35:40.934,0.76462,0.76497,1.88,1.73
2013.01.03 02:35:41.531,0.76462,0.76497,1.88,1.73
2013.01.03 02:35:42.086,0.76462,0.76497,2.10,1.35
2013.01.03 02:35:43.316,0.76462,0.76498,2.10,1.35
2013.01.03 02:35:51.626,0.76461,0.76498,2.85,1.35
2013.01.03 02:35:51.690,0.76461,0.765,4.28,1.35
2013.01.03 02:35:53.306,0.76464,0.76499,2.10,1.35
2013.01.03 02:35:58.966,0.76464,0.76502,2.10,1.35
2013.01.03 02:35:59.097,0.76464,0.76502,2.10,1.35
2013.01.03 02:35:59.156,0.76466,0.76502,2.10,1.35
2013.01.03 02:35:59.276,0.7647,0.76503,2.10,1.13
2013.01.03 02:35:59.686,0.76473,0.76506,1.35,1.13
2013.01.03 02:35:59.902,0.76474,0.76511,1.35,1.35
2013.01.03 02:36:00.226,0.76473,0.76511,1.35,1.73
2013.01.03 02:36:03.326,0.76473,0.76512,1.35,1.73
2013.01.03 02:36:03.536,0.76472,0.76512,2.10,1.35
2013.01.03 02:36:04.297,0.76471,0.7651,2.10,1.35
2013.01.03 02:36:05.540,0.76474,0.76512,1.35,1.73
2013.01.03 02:36:13.428,0.76476,0.76512,1.73,1.35
2013.01.03 02:36:14.106,0.7648,0.76512,1.35,1.50
2013.01.03 02:36:14.346,0.76481,0.76517,1.13,1.78
2013.01.03 02:36:15.286,0.76479,0.76517,2.10,1.03
2013.01.03 02:36:15.346,0.76479,0.76518,2.10,1.35
2013.01.03 02:36:17.716,0.76484,0.7652,1.73,1.35
2013.01.03 02:36:17.976,0.76485,0.7652,1.73,1.88
2013.01.03 02:36:19.067,0.76487,0.76524,1.35,1.73
2013.01.03 02:36:24.766,0.76489,0.76525,1.35,1.73
2013.01.03 02:36:43.311,0.76489,0.76524,1.35,1.35
2013.01.03 02:36:47.866,0.76488,0.76525,2.10,1.35
2013.01.03 02:36:48.026,0.76488,0.76526,2.10,1.88
2013.01.03 02:36:48.266,0.76493,0.7653,1.73,1.73
2013.01.03 02:36:48.576,0.76493,0.7653,1.50,1.73
2013.01.03 02:36:48.696,0.76493,0.76531,1.88,1.73
2013.01.03 02:36:49.546,0.76493,0.7653,1.50,1.19
2013.01.03 02:36:49.666,0.76493,0.76531,1.73,1.35
2013.01.03 02:36:50.269,0.76493,0.7653,1.73,1.35
2013.01.03 02:36:50.809,0.76493,0.76528,1.73,1.35
2013.01.03 02:36:51.538,0.76493,0.76528,1.73,1.35
2013.01.03 02:36:52.648,0.76494,0.76529,1.50,1.35
2013.01.03 02:36:53.038,0.76494,0.76531,1.73,1.35
2013.01.03 02:36:53.406,0.76494,0.76531,1.50,1.35
2013.01.03 02:36:53.767,0.76494,0.76528,1.50,1.35
2013.01.03 02:36:53.957,0.76494,0.76528,1.50,1.35
2013.01.03 02:36:54.063,0.76494,0.76528,1.50,1.35
2013.01.03 02:36:54.248,0.76489,0.76528,3.00,1.35
2013.01.03 02:36:54.697,0.76489,0.76528,3.00,1.83
2013.01.03 02:36:54.756,0.76488,0.76527,2.10,1.35
2013.01.03 02:37:01.906,0.7649,0.76524,1.13,1.35
2013.01.03 02:37:02.576,0.76486,0.7652,1.13,1.35
2013.01.03 02:37:02.756,0.76486,0.76517,1.13,1.34
2013.01.03 02:37:06.923,0.76481,0.76514,1.13,1.35
2013.01.03 02:37:07.047,0.76481,0.76512,1.13,1.12
2013.01.03 02:37:08.018,0.76477,0.76512,1.50,1.87
2013.01.03 02:37:13.300,0.76477,0.76512,1.50,1.87
2013.01.03 02:37:15.766,0.76472,0.76508,2.25,1.21
2013.01.03 02:37:16.324,0.76471,0.76508,1.88,1.96
2013.01.03 02:37:16.619,0.76471,0.76508,2.10,1.35
2013.01.03 02:37:20.336,0.76472,0.76511,2.10,1.35
2013.01.03 02:37:20.456,0.76475,0.76511,1.73,1.35
2013.01.03 02:37:21.816,0.76475,0.76513,1.73,1.35
2013.01.03 02:37:22.076,0.76481,0.76514,1.13,1.35
2013.01.03 02:37:25.884,0.76481,0.76516,1.13,1.62
2013.01.03 02:37:26.936,0.76481,0.76518,1.13,1.62
2013.01.03 02:37:26.996,0.76482,0.76518,1.13,1.35
2013.01.03 02:37:27.306,0.7648,0.76518,1.13,1.62
2013.01.03 02:37:27.995,0.7648,0.76516,1.13,1.62
2013.01.03 02:37:31.973,0.7648,0.76516,1.13,1.62
2013.01.03 02:37:36.276,0.76481,0.76519,1.50,1.62
2013.01.03 02:37:36.336,0.76481,0.76519,1.73,1.96
2013.01.03 02:37:37.326,0.76481,0.76516,1.13,1.62
2013.01.03 02:37:38.227,0.76478,0.76515,1.13,1.62
2013.01.03 02:37:43.396,0.76478,0.76514,1.13,1.35
2013.01.03 02:37:44.396,0.76478,0.76511,1.13,1.10
2013.01.03 02:37:44.516,0.76478,0.76511,1.13,1.10
2013.01.03 02:37:48.056,0.76477,0.76512,1.35,1.35
2013.01.03 02:37:49.188,0.76477,0.76511,1.35,1.35
2013.01.03 02:37:49.246,0.76477,0.76511,1.13,1.78
2013.01.03 02:38:01.747,0.76473,0.76511,1.50,1.03
2013.01.03 02:38:01.806,0.76473,0.76513,1.73,1.35
2013.01.03 02:38:01.986,0.76475,0.76513,1.35,1.35
2013.01.03 02:38:03.269,0.76476,0.76514,1.35,1.35
2013.01.03 02:38:05.141,0.76478,0.76511,1.13,1.35
2013.01.03 02:38:05.316,0.76474,0.76511,1.13,1.60
2013.01.03 02:38:06.486,0.7648,0.76516,1.50,1.60
2013.01.03 02:38:07.047,0.76481,0.76516,2.10,1.35
2013.01.03 02:38:07.448,0.7648,0.76517,2.10,1.35
2013.01.03 02:38:09.996,0.7648,0.76515,2.10,1.35
2013.01.03 02:38:10.426,0.76479,0.76515,2.63,1.35
2013.01.03 02:38:13.282,0.76479,0.76515,2.63,1.35
2013.01.03 02:38:14.216,0.76478,0.76511,1.50,1.08
2013.01.03 02:38:14.897,0.76479,0.76511,1.50,1.08
2013.01.03 02:38:17.640,0.76479,0.76511,1.50,1.08
2013.01.03 02:38:17.756,0.76478,0.76514,1.50,1.35
2013.01.03 02:38:18.096,0.76478,0.76514,1.50,1.60
2013.01.03 02:38:18.502,0.76478,0.76514,1.50,1.35
2013.01.03 02:38:19.044,0.76478,0.76515,1.50,1.35
2013.01.03 02:38:20.529,0.76478,0.76512,1.50,1.74
2013.01.03 02:38:23.227,0.76477,0.76512,1.13,1.35
2013.01.03 02:38:23.777,0.76479,0.76515,1.50,1.35
2013.01.03 02:38:25.017,0.76476,0.76512,1.13,1.69
2013.01.03 02:38:28.556,0.76479,0.76515,1.50,1.87
2013.01.03 02:38:30.216,0.76476,0.76513,1.35,1.35
2013.01.03 02:38:30.276,0.76476,0.76511,1.13,1.23
2013.01.03 02:38:32.496,0.76476,0.76506,1.13,1.26
2013.01.03 02:38:33.478,0.76471,0.76506,1.88,1.26
2013.01.03 02:38:41.736,0.7647,0.76509,2.10,1.35
2013.01.03 02:38:41.935,0.76472,0.76509,1.35,1.35
2013.01.03 02:38:44.006,0.76473,0.76511,1.88,1.83
2013.01.03 02:38:45.566,0.76476,0.76511,1.35,1.35
2013.01.03 02:38:45.637,0.76476,0.76514,1.35,1.35
2013.01.03 02:38:47.032,0.76473,0.76512,1.88,1.62
2013.01.03 02:38:47.947,0.76473,0.7651,1.88,1.35
2013.01.03 02:38:53.239,0.76473,0.76511,1.88,1.62
2013.01.03 02:38:53.776,0.76473,0.76506,1.88,1.17
2013.01.03 02:38:54.437,0.7647,0.76505,1.88,1.17
2013.01.03 02:39:02.956,0.7647,0.76505,1.88,1.17
2013.01.03 02:39:03.076,0.76473,0.76509,2.85,1.35
2013.01.03 02:39:04.008,0.76473,0.7651,2.85,1.05
2013.01.03 02:39:06.276,0.76473,0.76508,2.63,1.67
2013.01.03 02:39:06.926,0.7647,0.76508,1.13,1.94
2013.01.03 02:39:13.277,0.7647,0.76508,1.13,1.94
2013.01.03 02:39:16.917,0.7647,0.76503,1.50,1.12
2013.01.03 02:39:17.266,0.7647,0.76504,1.50,1.35
2013.01.03 02:39:17.898,0.7647,0.76504,1.50,1.35
2013.01.03 02:39:18.567,0.7647,0.76505,1.50,1.35
2013.01.03 02:39:20.868,0.7647,0.76505,1.73,1.35
2013.01.03 02:39:20.927,0.76474,0.76505,1.50,1.35
2013.01.03 02:39:20.986,0.76475,0.76509,1.50,1.35
2013.01.03 02:39:21.046,0.76474,0.76509,1.73,1.35
2013.01.03 02:39:21.107,0.76474,0.76509,1.73,1.35
2013.01.03 02:39:22.026,0.76477,0.76509,1.35,1.35
2013.01.03 02:39:23.107,0.76477,0.76514,1.35,1.35
2013.01.03 02:39:29.148,0.76477,0.76513,1.35,1.35
2013.01.03 02:39:29.676,0.76476,0.76513,1.13,1.35
2013.01.03 02:39:30.139,0.76474,0.76511,1.73,1.35
2013.01.03 02:39:31.156,0.76479,0.76515,1.58,1.05
2013.01.03 02:39:31.336,0.76489,0.76521,1.35,1.13
2013.01.03 02:39:31.457,0.76489,0.76521,1.13,1.35
2013.01.03 02:39:31.576,0.76485,0.76521,2.63,1.35
2013.01.03 02:39:31.817,0.76487,0.76521,1.35,1.35
2013.01.03 02:39:31.936,0.76492,0.76521,1.50,1.35
2013.01.03 02:39:32.248,0.76494,0.76532,1.47,1.35
2013.01.03 02:39:32.307,0.76496,0.76532,1.73,1.35
2013.01.03 02:39:32.818,0.76496,0.76532,1.73,1.35
2013.01.03 02:39:36.527,0.76496,0.76532,1.73,1.35
2013.01.03 02:39:36.786,0.76497,0.76531,1.73,1.35
2013.01.03 02:39:36.977,0.76497,0.76531,1.73,1.13
2013.01.03 02:39:46.097,0.76497,0.76533,1.73,1.35
2013.01.03 02:39:48.628,0.76497,0.76537,1.73,1.35
2013.01.03 02:39:51.667,0.76499,0.76533,1.35,1.13
2013.01.03 02:39:51.787,0.76497,0.76533,1.73,1.35
2013.01.03 02:39:52.326,0.76501,0.76533,1.73,1.13
2013.01.03 02:39:52.868,0.76501,0.76535,1.73,1.35
2013.01.03 02:39:53.748,0.76501,0.76536,1.73,1.35
2013.01.03 02:39:58.604,0.76501,0.76534,1.73,1.35
2013.01.03 02:39:58.668,0.76501,0.76534,1.73,1.35
2013.01.03 02:39:59.278,0.76501,0.76534,1.73,1.35
2013.01.03 02:40:03.428,0.76501,0.76534,1.50,1.35
2013.01.03 02:40:04.317,0.76496,0.76534,1.50,1.94
2013.01.03 02:40:04.436,0.76496,0.76531,1.50,1.35
2013.01.03 02:40:05.408,0.76496,0.76533,1.73,1.35
2013.01.03 02:40:06.567,0.76495,0.7653,1.73,1.35
2013.01.03 02:40:06.626,0.76496,0.7653,1.50,1.35
2013.01.03 02:40:08.218,0.76496,0.76533,1.50,1.17
2013.01.03 02:40:10.706,0.76496,0.76533,1.50,1.17
2013.01.03 02:40:10.767,0.76496,0.76538,1.50,2.30
2013.01.03 02:40:11.007,0.7649,0.76531,1.50,1.14
2013.01.03 02:40:11.537,0.76495,0.76538,1.73,1.62
2013.01.03 02:40:11.998,0.76491,0.7654,1.73,1.62
2013.01.03 02:40:12.495,0.76491,0.76538,1.73,1.35
2013.01.03 02:40:12.676,0.76491,0.76537,1.73,1.67
2013.01.03 02:40:22.134,0.76491,0.76537,1.73,1.65
2013.01.03 02:40:24.768,0.76491,0.76513,1.73,3.75
2013.01.03 02:40:25.104,0.76486,0.76534,1.73,1.65
2013.01.03 02:40:26.326,0.76486,0.76533,1.73,1.65
2013.01.03 02:40:28.517,0.76486,0.76533,1.73,1.35
2013.01.03 02:40:28.726,0.76491,0.7653,1.35,1.08
2013.01.03 02:40:29.456,0.76485,0.7653,1.73,1.08
2013.01.03 02:40:29.516,0.76485,0.7653,3.23,1.08
2013.01.03 02:40:33.240,0.76486,0.7653,1.35,1.08
2013.01.03 02:40:40.246,0.76489,0.7653,1.73,1.08
2013.01.03 02:40:44.197,0.7649,0.7653,1.73,1.08
2013.01.03 02:40:46.716,0.76485,0.7653,1.73,1.08
2013.01.03 02:40:47.403,0.76485,0.76524,1.73,1.14
2013.01.03 02:40:47.717,0.76485,0.76524,1.73,1.14
2013.01.03 02:40:53.927,0.76479,0.76531,3.60,2.03
2013.01.03 02:40:54.307,0.76479,0.76515,1.50,1.19
2013.01.03 02:40:57.467,0.76479,0.76523,1.73,1.17
2013.01.03 02:40:57.527,0.76474,0.76523,1.73,1.17
2013.01.03 02:40:57.707,0.76474,0.76523,1.73,1.17
2013.01.03 02:40:57.827,0.76476,0.76526,1.34,1.71
2013.01.03 02:40:58.388,0.76484,0.7653,1.73,1.71
2013.01.03 02:41:00.556,0.76487,0.7653,1.73,1.78
2013.01.03 02:41:00.736,0.7649,0.7653,1.73,1.03
2013.01.03 02:41:01.577,0.7649,0.76532,1.50,1.60
2013.01.03 02:41:02.766,0.76483,0.7652,2.25,1.19
2013.01.03 02:41:03.007,0.76478,0.76515,1.73,1.19
2013.01.03 02:41:03.666,0.76478,0.76515,1.73,1.19
2013.01.03 02:41:08.756,0.76478,0.76515,1.73,1.19
2013.01.03 02:41:09.016,0.76482,0.7652,1.73,1.17
2013.01.03 02:41:09.136,0.76482,0.76524,1.73,1.26
2013.01.03 02:41:10.527,0.76484,0.76524,1.73,1.26
2013.01.03 02:41:10.587,0.76484,0.7653,1.50,1.62
2013.01.03 02:41:10.826,0.76478,0.76524,1.73,2.00
2013.01.03 02:41:13.523,0.76478,0.76523,1.50,1.74
2013.01.03 02:41:14.456,0.76479,0.76523,1.50,1.74
2013.01.03 02:41:24.111,0.76478,0.76523,1.50,1.74
2013.01.03 02:41:24.436,0.76479,0.76523,1.50,1.74
2013.01.03 02:41:24.746,0.76478,0.76519,1.73,1.23
2013.01.03 02:41:31.662,0.76478,0.76519,1.73,1.23
2013.01.03 02:41:32.007,0.76478,0.76519,1.73,1.23
2013.01.03 02:41:32.208,0.7648,0.76519,1.13,1.23
2013.01.03 02:41:32.466,0.7648,0.76526,1.35,1.35
2013.01.03 02:41:32.526,0.76483,0.76526,1.73,1.35
2013.01.03 02:41:33.201,0.76483,0.76527,1.73,1.26
2013.01.03 02:41:36.987,0.76483,0.76525,1.73,1.14
2013.01.03 02:41:37.787,0.76479,0.76524,1.50,1.54
2013.01.03 02:41:37.847,0.76479,0.76515,1.50,1.10
2013.01.03 02:41:43.246,0.76479,0.76523,1.73,1.32
2013.01.03 02:41:43.528,0.76483,0.76527,1.50,1.69
2013.01.03 02:41:43.857,0.76483,0.76524,1.73,1.12
2013.01.03 02:41:44.636,0.76483,0.76524,1.73,1.12
2013.01.03 02:41:46.989,0.76483,0.76524,1.73,1.50
2013.01.03 02:41:47.305,0.76478,0.76515,1.73,1.23
2013.01.03 02:41:47.955,0.76478,0.76515,1.73,1.23
2013.01.03 02:41:53.337,0.76478,0.76515,1.73,1.23
2013.01.03 02:41:53.457,0.76485,0.7652,1.50,1.19
2013.01.03 02:41:53.576,0.76482,0.7652,1.73,1.19
2013.01.03 02:41:53.756,0.76483,0.76527,1.73,1.71
2013.01.03 02:41:53.876,0.76485,0.76527,1.73,1.71
2013.01.03 02:41:53.997,0.76486,0.76527,2.10,1.35
2013.01.03 02:41:54.247,0.76485,0.76525,2.10,1.26
2013.01.03 02:41:54.427,0.76486,0.76533,1.73,1.34
2013.01.03 02:41:54.486,0.76486,0.76533,1.73,1.34
2013.01.03 02:41:55.077,0.7649,0.76533,1.35,1.34
2013.01.03 02:41:57.157,0.7649,0.76533,1.35,1.34
2013.01.03 02:41:57.466,0.76491,0.76533,1.13,1.32
2013.01.03 02:42:07.487,0.76486,0.76533,1.73,2.07
2013.01.03 02:42:21.047,0.76486,0.76534,1.73,1.28
2013.01.03 02:42:21.227,0.7649,0.76529,1.35,1.03
2013.01.03 02:42:21.287,0.7649,0.76524,1.13,1.21
2013.01.03 02:42:21.807,0.76486,0.76524,1.73,1.21
2013.01.03 02:42:21.984,0.76486,0.76524,1.73,1.21
2013.01.03 02:42:23.666,0.76486,0.76524,1.73,1.21
2013.01.03 02:42:23.846,0.76481,0.76514,1.35,4.35
2013.01.03 02:42:28.297,0.76481,0.76527,1.73,1.20
2013.01.03 02:42:33.308,0.76481,0.76527,1.73,1.20
2013.01.03 02:42:46.594,0.76481,0.76527,1.73,1.95
2013.01.03 02:42:47.195,0.7648,0.76527,1.73,1.95
2013.01.03 02:42:57.497,0.7648,0.76524,1.73,1.20
2013.01.03 02:42:57.557,0.76481,0.76524,1.73,1.20
2013.01.03 02:43:03.314,0.7648,0.76516,1.50,1.01
2013.01.03 02:43:05.977,0.76478,0.76516,1.50,1.01
2013.01.03 02:43:26.846,0.76478,0.76516,1.50,1.01
2013.01.03 02:43:27.176,0.76482,0.76527,1.73,1.65
2013.01.03 02:43:27.258,0.76482,0.76527,1.73,1.65
2013.01.03 02:43:33.458,0.76482,0.76527,1.73,1.65
2013.01.03 02:43:41.696,0.76482,0.76527,1.73,1.74
2013.01.03 02:43:41.817,0.76481,0.76527,1.73,1.74
2013.01.03 02:43:41.937,0.76484,0.76527,1.73,1.74
2013.01.03 02:43:41.998,0.76486,0.76528,1.73,1.59
2013.01.03 02:43:42.597,0.76489,0.76531,1.13,1.74
2013.01.03 02:43:57.016,0.76491,0.76532,1.13,1.36
2013.01.03 02:44:09.297,0.7649,0.76535,1.50,2.39
2013.01.03 02:44:09.357,0.7649,0.76535,1.73,1.67
2013.01.03 02:44:13.353,0.7649,0.76537,1.73,1.67
2013.01.03 02:44:13.859,0.76492,0.76537,1.73,1.69
2013.01.03 02:44:14.397,0.76495,0.76539,1.73,1.54
2013.01.03 02:44:14.457,0.76497,0.76537,1.50,2.07
2013.01.03 02:44:14.517,0.76497,0.76537,1.73,1.73
2013.01.03 02:44:14.817,0.76497,0.76539,1.73,1.32
2013.01.03 02:44:15.336,0.76501,0.76549,1.50,1.98
2013.01.03 02:44:33.228,0.76502,0.76542,1.50,1.27
2013.01.03 02:44:33.555,0.76502,0.76542,1.50,1.27
2013.01.03 02:44:34.267,0.76496,0.76542,1.73,1.27
2013.01.03 02:44:35.757,0.76496,0.76539,1.73,1.03
2013.01.03 02:44:35.817,0.76501,0.76539,1.50,1.03
2013.01.03 02:44:36.707,0.76502,0.76539,1.50,1.03
2013.01.03 02:44:36.767,0.76503,0.76545,1.73,1.58
2013.01.03 02:44:39.029,0.76507,0.76539,1.50,1.17
2013.01.03 02:44:39.357,0.76501,0.76539,1.50,1.17
2013.01.03 02:44:39.507,0.76501,0.7655,1.73,1.62
2013.01.03 02:44:39.628,0.76505,0.7655,1.50,1.62
2013.01.03 02:44:43.458,0.76507,0.7655,1.50,1.62
2013.01.03 02:44:55.677,0.76505,0.76546,1.50,1.25
2013.01.03 02:44:56.143,0.76505,0.76539,1.50,1.01
2013.01.03 02:44:59.830,0.76503,0.76539,1.50,1.01
2013.01.03 02:45:08.542,0.76503,0.76539,1.50,1.01
2013.01.03 02:45:08.777,0.76504,0.76539,1.73,1.35
2013.01.03 02:45:09.028,0.76506,0.76546,1.50,1.29
2013.01.03 02:45:15.507,0.76508,0.7655,1.73,1.35
2013.01.03 02:45:15.566,0.76508,0.76549,1.35,1.35
2013.01.03 02:45:15.749,0.76514,0.76549,1.13,1.76
2013.01.03 02:45:15.955,0.76513,0.76553,1.73,1.03
2013.01.03 02:45:16.476,0.76514,0.7655,1.13,1.35
2013.01.03 02:45:17.676,0.76513,0.7655,1.35,1.35
2013.01.03 02:45:17.836,0.76513,0.7655,1.13,1.85
2013.01.03 02:45:18.427,0.76512,0.76548,1.50,1.10
2013.01.03 02:45:19.134,0.76509,0.76548,1.73,1.10
2013.01.03 02:45:27.316,0.76509,0.76552,1.73,1.62
2013.01.03 02:45:30.556,0.76509,0.76549,1.73,1.35
2013.01.03 02:45:35.140,0.76511,0.76549,1.73,1.35
2013.01.03 02:45:45.690,0.76511,0.76549,1.73,1.35
2013.01.03 02:45:49.327,0.76511,0.76549,1.73,1.35
2013.01.03 02:46:12.436,0.7651,0.76548,1.73,1.35
2013.01.03 02:46:12.872,0.7651,0.76548,1.73,1.35
2013.01.03 02:46:16.877,0.76514,0.76552,1.73,1.10
2013.01.03 02:46:22.566,0.76515,0.76557,1.73,1.05
2013.01.03 02:46:23.191,0.76515,0.76557,1.73,1.05
2013.01.03 02:46:25.101,0.76515,0.76557,1.73,1.10
2013.01.03 02:46:27.196,0.76515,0.76559,1.73,1.20
2013.01.03 02:46:28.315,0.76515,0.76558,1.73,1.61
2013.01.03 02:46:36.606,0.76514,0.76557,1.73,1.03
2013.01.03 02:46:36.726,0.76511,0.76553,2.48,1.14
2013.01.03 02:46:36.976,0.76511,0.7655,2.48,1.08
2013.01.03 02:46:37.439,0.76511,0.76556,1.73,1.60
2013.01.03 02:46:37.807,0.7651,0.76553,1.73,1.35
2013.01.03 02:46:37.951,0.7651,0.76553,1.73,1.35
2013.01.03 02:46:38.327,0.7651,0.76553,1.73,1.35
2013.01.03 02:46:40.556,0.7651,0.76555,1.73,1.74
2013.01.03 02:46:40.677,0.76516,0.76555,1.47,1.13
2013.01.03 02:46:43.746,0.76523,0.76566,1.73,1.35
2013.01.03 02:46:44.087,0.76523,0.76566,1.73,1.35
2013.01.03 02:46:45.407,0.76524,0.76562,1.73,1.23
2013.01.03 02:46:45.973,0.76523,0.76562,1.73,1.23
2013.01.03 02:46:46.657,0.76522,0.76562,1.73,1.23
2013.01.03 02:46:55.327,0.76524,0.76568,1.73,1.83
2013.01.03 02:46:55.887,0.76524,0.76568,1.73,1.83
2013.01.03 02:46:56.895,0.76524,0.76568,1.73,1.83
2013.01.03 02:47:04.647,0.76525,0.76568,1.73,1.83
2013.01.03 02:47:04.827,0.76528,0.76573,1.73,1.62
2013.01.03 02:47:06.897,0.76528,0.76573,1.73,1.35
2013.01.03 02:47:09.063,0.76529,0.76575,1.73,1.60
2013.01.03 02:47:09.814,0.76529,0.76575,1.73,1.67
2013.01.03 02:47:12.008,0.76529,0.76575,1.73,1.35
2013.01.03 02:47:14.855,0.76529,0.76571,1.73,1.14
2013.01.03 02:47:20.066,0.76525,0.76568,1.73,1.14
2013.01.03 02:47:20.827,0.76525,0.76568,1.73,1.14
2013.01.03 02:47:31.516,0.76525,0.7657,1.73,1.35
2013.01.03 02:47:31.636,0.76527,0.76572,1.73,1.35
2013.01.03 02:47:32.225,0.76527,0.76572,1.73,1.35
2013.01.03 02:47:33.307,0.76531,0.76576,1.73,1.74
2013.01.03 02:47:33.734,0.76534,0.76576,1.73,1.21
2013.01.03 02:47:34.414,0.76534,0.76576,1.73,1.21
2013.01.03 02:47:34.636,0.76534,0.76576,1.73,1.21
2013.01.03 02:47:39.996,0.76535,0.76578,1.73,1.35
2013.01.03 02:47:44.489,0.76538,0.7658,1.73,1.23
2013.01.03 02:47:44.607,0.76535,0.76578,1.73,1.35
2013.01.03 02:47:44.866,0.76535,0.76578,1.73,1.35
2013.01.03 02:47:45.539,0.76535,0.76578,1.73,1.35
2013.01.03 02:47:45.604,0.76535,0.76578,1.73,1.35
2013.01.03 02:47:50.086,0.76532,0.76578,1.73,1.35
2013.01.03 02:47:50.146,0.76532,0.76578,1.73,1.71
2013.01.03 02:48:14.914,0.76527,0.76572,1.73,1.71
2013.01.03 02:48:30.706,0.76527,0.76572,1.73,1.71
2013.01.03 02:48:38.006,0.76528,0.76572,1.73,1.71
2013.01.03 02:48:38.066,0.76528,0.76568,1.73,1.23
2013.01.03 02:48:38.277,0.76528,0.76568,1.73,1.23
2013.01.03 02:48:46.356,0.76526,0.76564,1.50,1.17
2013.01.03 02:48:46.438,0.76526,0.76564,1.50,1.17
2013.01.03 02:48:52.176,0.76526,0.76564,1.50,1.17
2013.01.03 02:48:52.497,0.76526,0.76567,1.73,1.08
2013.01.03 02:48:52.736,0.76525,0.76567,1.73,1.08
2013.01.03 02:48:53.926,0.76526,0.76567,1.73,1.08
2013.01.03 02:48:54.287,0.76525,0.76564,1.50,1.08
2013.01.03 02:49:00.827,0.76525,0.76564,1.50,1.08
2013.01.03 02:49:06.643,0.76523,0.76564,1.73,1.08
2013.01.03 02:49:39.038,0.76523,0.76564,1.73,1.08
2013.01.03 02:49:39.480,0.76523,0.76564,1.73,1.08
2013.01.03 02:49:44.157,0.76523,0.76564,1.73,1.08
2013.01.03 02:49:48.263,0.76522,0.76564,1.73,1.08
2013.01.03 02:49:55.473,0.76522,0.76564,1.73,1.08
2013.01.03 02:50:03.329,0.76522,0.76565,1.73,1.03
2013.01.03 02:50:04.056,0.7652,0.76565,1.73,1.58
2013.01.03 02:50:04.612,0.7652,0.76565,1.73,1.58
2013.01.03 02:50:05.266,0.7652,0.76565,1.73,1.35
2013.01.03 02:50:30.146,0.76519,0.76563,2.11,1.35
2013.01.03 02:50:30.437,0.76519,0.76563,2.11,1.35
2013.01.03 02:50:30.846,0.76519,0.76563,1.73,1.35
2013.01.03 02:50:31.777,0.76519,0.76563,1.73,1.35
2013.01.03 02:50:34.053,0.7652,0.76564,1.73,1.35
2013.01.03 02:50:34.247,0.76521,0.76565,1.73,1.35
2013.01.03 02:50:34.854,0.76521,0.76565,1.73,1.35
2013.01.03 02:50:35.758,0.76521,0.76565,2.33,1.35
2013.01.03 02:50:35.877,0.76521,0.76565,2.33,1.35
2013.01.03 02:50:36.696,0.76527,0.76571,2.48,1.58
2013.01.03 02:50:36.816,0.76527,0.76571,2.48,1.71
2013.01.03 02:50:38.918,0.76523,0.76565,1.50,1.35
2013.01.03 02:50:39.448,0.76524,0.76565,1.32,1.35
2013.01.03 02:50:41.398,0.76527,0.7657,1.20,1.35
2013.01.03 02:50:42.316,0.76525,0.7657,1.41,1.35
2013.01.03 02:50:50.604,0.76525,0.76565,1.41,1.35
2013.01.03 02:50:56.517,0.76524,0.76564,1.36,1.35
2013.01.03 02:50:56.637,0.76522,0.76564,2.36,1.35
2013.01.03 02:50:56.697,0.76522,0.76564,2.36,1.35
2013.01.03 02:50:56.929,0.76522,0.76564,1.73,1.35
2013.01.03 02:50:57.502,0.76522,0.76564,1.73,1.35
2013.01.03 02:50:59.206,0.76522,0.76564,1.73,1.35
2013.01.03 02:51:03.616,0.76523,0.76566,1.73,1.35
2013.01.03 02:51:04.028,0.76523,0.76566,2.38,1.35
2013.01.03 02:51:04.141,0.76523,0.76566,1.73,1.35
2013.01.03 02:51:04.317,0.7653,0.76576,1.73,1.62
2013.01.03 02:51:18.817,0.7653,0.76576,1.73,1.71
2013.01.03 02:51:18.877,0.76529,0.76577,1.73,1.71
2013.01.03 02:51:21.820,0.76534,0.76577,1.73,1.71
2013.01.03 02:51:25.856,0.76535,0.7658,1.73,1.62
2013.01.03 02:51:25.977,0.76535,0.7658,1.73,1.85
2013.01.03 02:51:27.088,0.76532,0.76572,1.56,1.35
2013.01.03 02:51:32.570,0.76532,0.76575,1.56,1.35
2013.01.03 02:51:32.628,0.76537,0.76575,1.43,1.35
2013.01.03 02:51:36.710,0.7654,0.76586,1.73,1.35
2013.01.03 02:51:36.822,0.7654,0.76586,1.73,1.35
2013.01.03 02:51:37.266,0.76543,0.76589,1.73,1.35
2013.01.03 02:51:37.666,0.76543,0.76589,1.73,1.35
2013.01.03 02:51:39.007,0.76539,0.76582,1.73,1.35
2013.01.03 02:51:39.158,0.76539,0.76582,1.73,1.35
2013.01.03 02:51:40.058,0.76539,0.76582,1.73,1.35
2013.01.03 02:51:40.948,0.76538,0.76581,1.73,1.35
2013.01.03 02:51:41.182,0.76538,0.76581,1.73,1.35
2013.01.03 02:51:42.470,0.76536,0.76579,1.50,1.35
2013.01.03 02:51:42.647,0.76536,0.76577,1.50,1.35
2013.01.03 02:51:42.974,0.7654,0.76577,1.54,1.35
2013.01.03 02:51:43.488,0.7654,0.76578,1.54,1.35
2013.01.03 02:51:43.746,0.7654,0.76578,1.54,1.35
2013.01.03 02:51:44.232,0.76537,0.76578,1.38,1.35
2013.01.03 02:51:44.477,0.76539,0.76579,1.47,1.35
2013.01.03 02:51:45.009,0.76539,0.76579,1.47,1.35
2013.01.03 02:51:46.756,0.76539,0.76579,1.47,1.35
2013.01.03 02:51:47.258,0.76539,0.76579,1.47,1.35
2013.01.03 02:51:52.328,0.76534,0.76579,2.22,1.35
2013.01.03 02:51:52.386,0.76534,0.76579,2.22,1.35
2013.01.03 02:51:53.997,0.76533,0.76576,1.73,1.35
2013.01.03 02:51:55.377,0.7653,0.76574,1.73,1.13
2013.01.03 02:52:00.567,0.7653,0.76576,1.73,1.13
2013.01.03 02:52:01.607,0.76528,0.76577,1.73,1.13
2013.01.03 02:52:03.250,0.7653,0.76577,1.73,1.13
2013.01.03 02:52:04.257,0.7654,0.76585,1.50,1.35
2013.01.03 02:52:04.377,0.7654,0.76585,1.50,1.13
2013.01.03 02:52:04.976,0.7654,0.76585,1.50,1.35
2013.01.03 02:52:05.050,0.7654,0.76585,1.50,1.35
2013.01.03 02:52:10.110,0.7654,0.76583,1.50,1.13
2013.01.03 02:52:11.596,0.7654,0.76583,1.50,1.13
2013.01.03 02:52:12.096,0.7654,0.76583,1.50,1.13
2013.01.03 02:52:12.647,0.76541,0.76587,1.50,1.35
2013.01.03 02:52:13.160,0.76541,0.76587,1.73,1.13
2013.01.03 02:52:13.700,0.7655,0.76593,1.50,1.13
2013.01.03 02:52:14.048,0.7655,0.76593,1.50,1.13
2013.01.03 02:52:14.364,0.7655,0.76596,1.35,1.13
2013.01.03 02:52:14.430,0.76556,0.76602,1.13,1.35
2013.01.03 02:52:14.566,0.76556,0.76602,1.13,1.35
2013.01.03 02:52:14.869,0.76556,0.76603,1.50,1.35
2013.01.03 02:52:15.217,0.76556,0.7661,1.50,1.61
2013.01.03 02:52:15.337,0.76556,0.7661,1.13,1.98
2013.01.03 02:52:15.457,0.76569,0.76606,1.13,1.35
2013.01.03 02:52:15.772,0.76569,0.76611,1.88,1.13
2013.01.03 02:52:15.898,0.76569,0.76611,1.13,1.13
2013.01.03 02:52:16.349,0.76569,0.76611,1.13,1.13
2013.01.03 02:52:16.407,0.7656,0.76606,1.35,1.13
2013.01.03 02:52:16.739,0.7656,0.76608,1.35,1.88
2013.01.03 02:52:17.478,0.76571,0.76608,1.13,1.13
2013.01.03 02:52:18.409,0.7656,0.76606,1.73,1.13
2013.01.03 02:52:19.298,0.7656,0.76606,1.73,1.13
2013.01.03 02:52:19.618,0.7656,0.76606,1.73,1.13
2013.01.03 02:52:20.018,0.7656,0.76606,1.73,1.13
2013.01.03 02:52:20.153,0.7656,0.76606,1.73,1.13
2013.01.03 02:52:20.277,0.76561,0.76606,1.35,1.13
2013.01.03 02:52:21.020,0.7656,0.76604,1.73,1.13
2013.01.03 02:52:21.357,0.7656,0.76604,1.50,1.13
2013.01.03 02:52:21.890,0.76556,0.76598,1.73,1.13
2013.01.03 02:52:22.658,0.76556,0.766,1.73,1.13
2013.01.03 02:52:22.728,0.76557,0.76598,1.73,1.13
2013.01.03 02:52:23.030,0.76557,0.76602,1.73,1.13
2013.01.03 02:52:24.126,0.76555,0.76602,1.13,1.13
2013.01.03 02:52:24.657,0.76557,0.76602,1.13,1.13
2013.01.03 02:52:25.617,0.7656,0.76609,1.13,1.50
2013.01.03 02:52:26.357,0.76571,0.76612,1.13,1.50
2013.01.03 02:52:26.656,0.7656,0.76608,1.13,1.50
2013.01.03 02:52:26.728,0.7656,0.76609,1.50,1.50
2013.01.03 02:52:27.377,0.7656,0.76602,1.50,1.50
2013.01.03 02:52:27.496,0.7656,0.76602,1.13,1.50
2013.01.03 02:52:28.047,0.76558,0.76602,1.13,1.50
2013.01.03 02:52:28.677,0.76554,0.76602,1.13,1.50
2013.01.03 02:52:29.132,0.76554,0.76603,1.50,1.50
2013.01.03 02:52:29.516,0.76554,0.76598,1.50,2.25
2013.01.03 02:52:29.576,0.76551,0.76598,1.88,1.50
2013.01.03 02:52:29.891,0.76551,0.76593,1.13,1.50
2013.01.03 02:52:30.717,0.76544,0.76598,1.13,1.50
2013.01.03 02:52:31.239,0.76533,0.76588,1.13,2.63
2013.01.03 02:52:31.417,0.76533,0.76588,1.13,2.63
2013.01.03 02:52:31.937,0.76545,0.76591,1.13,1.50
2013.01.03 02:52:33.216,0.76545,0.76592,1.13,1.50
2013.01.03 02:52:33.868,0.76548,0.76593,1.13,1.50
2013.01.03 02:52:34.408,0.7655,0.76597,1.13,1.50
2013.01.03 02:52:35.389,0.76552,0.76597,1.13,1.50
2013.01.03 02:52:37.367,0.76545,0.76591,1.13,1.50
2013.01.03 02:52:42.038,0.76548,0.76592,1.13,1.50
2013.01.03 02:52:42.477,0.76548,0.766,1.35,1.73
2013.01.03 02:52:42.996,0.76556,0.76602,1.13,1.73
2013.01.03 02:52:44.044,0.76555,0.76601,1.13,1.73
2013.01.03 02:52:46.518,0.76558,0.76601,1.13,1.73
2013.01.03 02:52:47.388,0.76556,0.76601,1.13,1.73
2013.01.03 02:52:48.407,0.76558,0.76603,1.13,1.73
2013.01.03 02:52:48.526,0.76558,0.76603,1.13,1.73
2013.01.03 02:52:48.811,0.76557,0.76603,1.13,1.73
2013.01.03 02:52:49.227,0.76557,0.76603,1.13,1.73
2013.01.03 02:52:53.244,0.76553,0.766,1.13,1.35
2013.01.03 02:52:53.838,0.76553,0.76599,1.13,2.10
2013.01.03 02:52:54.443,0.76553,0.76605,1.13,2.93
2013.01.03 02:52:54.787,0.76556,0.76603,1.13,1.35
2013.01.03 02:52:55.430,0.76557,0.76604,1.13,1.35
2013.01.03 02:52:56.327,0.7656,0.76604,1.13,1.35
2013.01.03 02:52:56.446,0.7656,0.76604,1.13,1.73
2013.01.03 02:52:56.728,0.7656,0.76604,1.13,1.73
2013.01.03 02:52:57.394,0.7656,0.76604,1.13,1.73
2013.01.03 02:53:00.677,0.76562,0.76604,1.13,1.73
2013.01.03 02:53:00.917,0.76562,0.76606,1.13,1.73
2013.01.03 02:53:01.228,0.76562,0.76611,1.13,1.73
2013.01.03 02:53:01.587,0.76562,0.7661,1.13,2.10
2013.01.03 02:53:01.646,0.76562,0.7661,1.13,2.10
2013.01.03 02:53:02.196,0.76566,0.76612,1.13,1.73
2013.01.03 02:53:04.347,0.7656,0.76604,1.13,1.73
2013.01.03 02:53:04.758,0.7656,0.76604,1.13,1.73
2013.01.03 02:53:06.171,0.76559,0.76605,1.13,1.73
2013.01.03 02:53:07.160,0.7656,0.76604,1.13,1.73
2013.01.03 02:53:07.665,0.7656,0.76605,1.13,1.73
2013.01.03 02:53:08.210,0.7656,0.76605,1.13,1.73
2013.01.03 02:53:08.727,0.7656,0.76605,1.13,1.73
2013.01.03 02:53:09.266,0.76559,0.76604,1.13,1.73
2013.01.03 02:53:09.888,0.76559,0.76605,1.13,1.73
2013.01.03 02:53:10.438,0.76558,0.76604,1.13,1.73
2013.01.03 02:53:10.948,0.76558,0.76609,1.13,1.73
2013.01.03 02:53:13.178,0.7656,0.76607,1.13,1.73
2013.01.03 02:53:18.289,0.7656,0.76607,1.13,1.73
2013.01.03 02:53:18.347,0.7656,0.76606,1.13,1.73
2013.01.03 02:53:18.897,0.76557,0.76605,1.13,1.73
2013.01.03 02:53:19.548,0.76558,0.76605,1.13,1.73
2013.01.03 02:53:19.871,0.76558,0.76604,1.13,1.73
2013.01.03 02:53:20.427,0.76558,0.76606,1.13,1.73
2013.01.03 02:53:20.539,0.7656,0.76606,1.13,1.73
2013.01.03 02:53:24.047,0.76559,0.76604,1.13,1.50
2013.01.03 02:53:24.352,0.76564,0.76607,1.13,1.50
2013.01.03 02:53:24.417,0.76564,0.76607,1.13,1.50
2013.01.03 02:53:24.968,0.76564,0.76607,1.13,1.50
2013.01.03 02:53:25.497,0.7656,0.76605,1.13,1.50
2013.01.03 02:53:25.837,0.7656,0.76605,1.13,1.50
2013.01.03 02:53:25.899,0.7656,0.76605,1.13,1.50
2013.01.03 02:53:27.525,0.76559,0.76604,1.13,1.73
2013.01.03 02:53:28.645,0.76559,0.76602,1.13,1.50
2013.01.03 02:53:36.058,0.76558,0.76603,1.13,1.73
2013.01.03 02:53:36.927,0.76558,0.76603,1.13,1.50
2013.01.03 02:53:37.332,0.76558,0.76603,1.13,1.50
2013.01.03 02:53:37.637,0.76564,0.76608,1.13,1.73
2013.01.03 02:53:37.758,0.76564,0.76608,1.13,1.73
2013.01.03 02:53:38.057,0.76564,0.76608,1.13,1.73
2013.01.03 02:53:39.487,0.76555,0.766,1.35,1.50
2013.01.03 02:53:40.184,0.76555,0.76605,1.35,1.50
2013.01.03 02:53:40.478,0.76557,0.76604,1.35,1.50
2013.01.03 02:53:40.944,0.76557,0.76604,1.35,1.50
2013.01.03 02:53:42.069,0.76557,0.76604,1.35,1.50
2013.01.03 02:53:42.678,0.7656,0.76604,1.35,1.50
2013.01.03 02:53:43.072,0.7656,0.76608,1.35,1.50
2013.01.03 02:53:43.377,0.7656,0.76611,1.74,2.40
2013.01.03 02:53:43.677,0.76571,0.76619,1.74,1.13
2013.01.03 02:53:44.117,0.76571,0.76618,1.74,1.13
2013.01.03 02:53:44.559,0.76577,0.76619,1.35,1.13
2013.01.03 02:53:45.088,0.76577,0.76626,1.35,1.50
2013.01.03 02:53:45.299,0.76577,0.76626,1.35,1.50
2013.01.03 02:53:45.618,0.76579,0.7663,1.67,1.50
2013.01.03 02:53:45.798,0.76582,0.7663,1.23,1.50
2013.01.03 02:53:46.127,0.76582,0.76631,1.23,2.40
2013.01.03 02:53:46.309,0.76582,0.76631,1.23,2.40
2013.01.03 02:53:46.548,0.76596,0.76648,1.13,2.48
2013.01.03 02:53:47.090,0.76596,0.7665,1.35,1.58
2013.01.03 02:53:47.717,0.76603,0.76651,1.35,1.50
2013.01.03 02:53:48.100,0.76603,0.76655,1.73,2.63
2013.01.03 02:53:48.648,0.76603,0.76657,1.35,2.33
2013.01.03 02:53:48.828,0.76603,0.76657,1.35,2.33
2013.01.03 02:53:49.199,0.76603,0.76657,1.83,2.33
2013.01.03 02:53:49.692,0.76603,0.76657,1.83,2.33
2013.01.03 02:53:49.757,0.76617,0.7667,1.13,3.75
2013.01.03 02:53:50.188,0.76617,0.7667,1.13,3.00
2013.01.03 02:53:50.597,0.76619,0.76671,1.35,2.70
2013.01.03 02:53:50.808,0.76619,0.76671,1.35,2.70
2013.01.03 02:53:50.928,0.76619,0.76671,1.35,2.70
2013.01.03 02:53:51.572,0.7662,0.76674,1.35,1.50
2013.01.03 02:53:52.167,0.7662,0.7667,1.13,1.54
2013.01.03 02:53:52.482,0.7662,0.76666,1.13,1.73
2013.01.03 02:53:52.548,0.7662,0.76665,1.13,1.73
2013.01.03 02:53:52.727,0.7662,0.76669,1.50,1.73
2013.01.03 02:53:52.847,0.76622,0.76669,1.13,1.73
2013.01.03 02:53:53.146,0.7662,0.76667,1.50,1.73
2013.01.03 02:53:53.209,0.76622,0.76668,1.13,1.73
2013.01.03 02:53:53.762,0.76619,0.76665,1.13,2.48
2013.01.03 02:53:53.977,0.76619,0.76665,1.13,1.73
2013.01.03 02:53:54.097,0.76619,0.76665,1.13,1.73
2013.01.03 02:53:54.327,0.76619,0.76665,1.13,1.73
2013.01.03 02:53:55.022,0.76616,0.76666,1.13,1.50
2013.01.03 02:53:56.595,0.7662,0.76666,1.13,1.50
2013.01.03 02:53:57.586,0.76618,0.76668,1.13,1.50
2013.01.03 02:53:58.079,0.76618,0.76668,1.13,1.50
2013.01.03 02:53:58.318,0.76618,0.76666,1.13,1.50
2013.01.03 02:53:58.607,0.76618,0.76666,1.13,1.50
2013.01.03 02:53:59.309,0.76618,0.76661,1.13,1.50
2013.01.03 02:53:59.427,0.7661,0.76661,1.13,1.50
2013.01.03 02:53:59.568,0.76605,0.76657,1.13,1.50
2013.01.03 02:54:00.099,0.76605,0.76657,1.13,1.50
2013.01.03 02:54:00.630,0.76604,0.76657,1.13,1.50
2013.01.03 02:54:00.877,0.76604,0.76655,1.13,1.50
2013.01.03 02:54:01.057,0.76604,0.76655,1.13,1.50
2013.01.03 02:54:01.242,0.76604,0.76655,1.13,1.50
2013.01.03 02:54:01.627,0.76603,0.76655,1.13,1.50
2013.01.03 02:54:02.178,0.76603,0.76656,1.13,2.93
2013.01.03 02:54:02.527,0.76603,0.76656,1.13,2.93
2013.01.03 02:54:02.648,0.76611,0.76659,1.50,1.50
2013.01.03 02:54:03.594,0.76611,0.76661,1.13,1.50
2013.01.03 02:54:04.237,0.76609,0.76661,1.13,1.50
2013.01.03 02:54:04.584,0.76611,0.7666,1.13,1.50
2013.01.03 02:54:05.314,0.76608,0.7666,1.13,1.50
2013.01.03 02:54:05.844,0.76608,0.7666,1.13,1.50
2013.01.03 02:54:06.578,0.76608,0.7666,1.13,1.50
2013.01.03 02:54:07.127,0.76608,0.7666,1.13,1.50
2013.01.03 02:54:07.611,0.76605,0.76661,2.70,1.50
2013.01.03 02:54:09.669,0.76607,0.76661,1.13,1.50
2013.01.03 02:54:10.262,0.7661,0.76661,1.13,1.50
2013.01.03 02:54:11.887,0.76611,0.7666,1.13,1.50
2013.01.03 02:54:13.379,0.76608,0.76661,1.13,1.50
2013.01.03 02:54:13.904,0.76607,0.76661,1.13,1.50
2013.01.03 02:54:13.969,0.76603,0.76656,1.13,1.50
2013.01.03 02:54:14.337,0.76603,0.76657,1.13,1.50
2013.01.03 02:54:14.697,0.76608,0.76659,1.13,1.50
2013.01.03 02:54:15.329,0.76608,0.76659,1.35,1.50
2013.01.03 02:54:16.898,0.76607,0.76658,1.35,1.50
2013.01.03 02:54:17.626,0.76607,0.76658,1.35,1.50
2013.01.03 02:54:19.278,0.76608,0.76658,1.35,1.50
2013.01.03 02:54:19.797,0.76608,0.76658,1.35,1.73
2013.01.03 02:54:23.678,0.76607,0.76659,1.35,1.73
2013.01.03 02:54:23.826,0.76607,0.76659,1.35,1.73
2013.01.03 02:54:25.427,0.76606,0.76654,1.13,1.73
2013.01.03 02:54:25.548,0.76604,0.76654,1.35,1.73
2013.01.03 02:54:26.113,0.76604,0.76653,1.13,1.73
2013.01.03 02:54:26.572,0.76602,0.76653,1.35,1.73
2013.01.03 02:54:27.319,0.76602,0.76653,1.35,1.73
2013.01.03 02:54:28.678,0.76602,0.76651,1.13,1.73
2013.01.03 02:54:28.809,0.766,0.76652,1.35,1.73
2013.01.03 02:54:29.188,0.766,0.7665,1.35,1.73
2013.01.03 02:54:29.588,0.766,0.76651,1.35,1.73
2013.01.03 02:54:29.947,0.766,0.76651,1.35,1.73
2013.01.03 02:54:31.789,0.76608,0.76657,1.13,1.73
2013.01.03 02:54:32.137,0.76613,0.76658,1.13,1.73
2013.01.03 02:54:32.198,0.76613,0.76658,1.13,1.73
2013.01.03 02:54:32.437,0.76613,0.76659,1.13,1.41
2013.01.03 02:54:32.989,0.76614,0.76658,1.13,1.73
2013.01.03 02:54:33.834,0.76612,0.76657,1.13,1.73
2013.01.03 02:54:34.623,0.76612,0.76657,1.13,1.73
2013.01.03 02:54:34.957,0.76612,0.76657,1.13,1.73
2013.01.03 02:54:35.778,0.76612,0.76657,1.13,1.73
2013.01.03 02:54:36.319,0.76612,0.76657,1.13,1.73
2013.01.03 02:54:37.937,0.76612,0.76656,1.13,1.73
2013.01.03 02:54:38.023,0.76612,0.76656,1.13,1.50
2013.01.03 02:54:38.088,0.76612,0.76662,1.13,1.73
2013.01.03 02:54:38.898,0.76617,0.76662,1.13,1.73
2013.01.03 02:54:41.097,0.76617,0.76662,1.13,1.73
2013.01.03 02:54:41.220,0.76619,0.76663,1.13,1.73
2013.01.03 02:54:41.338,0.76619,0.76663,1.13,1.73
2013.01.03 02:54:41.868,0.76619,0.76663,1.13,1.73
2013.01.03 02:54:43.059,0.76618,0.76664,1.13,1.73
2013.01.03 02:54:43.297,0.7662,0.76665,1.13,1.73
2013.01.03 02:54:43.357,0.7662,0.76665,1.13,1.73
2013.01.03 02:54:43.858,0.7662,0.76669,1.13,1.73
2013.01.03 02:54:44.309,0.76621,0.76669,1.13,1.73
2013.01.03 02:54:45.243,0.76621,0.76669,1.13,1.73
2013.01.03 02:54:46.258,0.76614,0.76668,3.15,1.73
2013.01.03 02:54:47.287,0.76617,0.76667,1.35,1.73
2013.01.03 02:54:49.208,0.76618,0.76666,1.13,1.73
2013.01.03 02:54:49.273,0.76617,0.76664,1.13,1.73
2013.01.03 02:54:49.409,0.76617,0.76664,1.13,1.73
2013.01.03 02:54:50.053,0.76614,0.76664,1.13,1.73
2013.01.03 02:54:50.537,0.76611,0.76661,1.35,2.48
2013.01.03 02:54:52.907,0.76611,0.76661,1.13,1.73
2013.01.03 02:54:53.423,0.76615,0.7666,1.13,1.73
2013.01.03 02:54:53.949,0.76612,0.76661,1.13,2.48
2013.01.03 02:54:54.007,0.76606,0.7666,1.35,1.73
2013.01.03 02:54:54.591,0.76606,0.7666,1.35,1.73
2013.01.03 02:54:54.917,0.76606,0.76659,1.35,1.73
2013.01.03 02:54:55.599,0.76608,0.76659,1.13,1.73
2013.01.03 02:54:56.119,0.76609,0.7666,1.13,2.10
2013.01.03 02:54:56.647,0.76609,0.7666,1.13,2.10
2013.01.03 02:54:57.017,0.76609,0.7666,1.13,2.10
2013.01.03 02:54:57.487,0.7661,0.76658,1.35,1.73
2013.01.03 02:54:57.939,0.76612,0.7666,1.13,2.10
2013.01.03 02:54:58.937,0.76616,0.76665,1.13,1.73
2013.01.03 02:54:59.057,0.76619,0.76668,1.13,1.73
2013.01.03 02:54:59.988,0.76619,0.76668,1.13,1.73
2013.01.03 02:55:00.838,0.7662,0.76675,2.85,1.27
2013.01.03 02:55:01.018,0.76624,0.76676,2.10,1.73
2013.01.03 02:55:01.157,0.76625,0.76676,1.13,1.73
2013.01.03 02:55:01.218,0.76625,0.76676,1.35,1.73
2013.01.03 02:55:01.517,0.76623,0.76676,1.35,1.50
2013.01.03 02:55:01.937,0.76622,0.76672,1.35,1.50
2013.01.03 02:55:02.157,0.76622,0.76672,1.35,1.50
2013.01.03 02:55:02.588,0.76622,0.76672,1.35,1.50
2013.01.03 02:55:03.247,0.76627,0.76672,1.35,1.50
2013.01.03 02:55:04.587,0.76623,0.76678,1.35,3.60
2013.01.03 02:55:05.549,0.76623,0.76678,1.35,2.03
2013.01.03 02:55:05.859,0.76624,0.76678,1.08,1.80
2013.01.03 02:55:05.977,0.76623,0.76677,1.35,1.73
2013.01.03 02:55:06.045,0.76623,0.76677,1.94,1.50
2013.01.03 02:55:06.217,0.76628,0.76681,1.35,2.48
2013.01.03 02:55:07.207,0.76628,0.76683,1.35,3.53
2013.01.03 02:55:09.253,0.76629,0.76684,1.35,2.48
2013.01.03 02:55:09.378,0.76629,0.76686,1.35,1.73
2013.01.03 02:55:09.738,0.76636,0.76688,1.36,1.95
2013.01.03 02:55:10.040,0.76629,0.76684,1.35,1.50
2013.01.03 02:55:10.253,0.76631,0.76684,1.35,2.48
2013.01.03 02:55:10.829,0.76631,0.76684,1.35,1.73
2013.01.03 02:55:11.228,0.76634,0.76688,1.35,1.73
2013.01.03 02:55:13.029,0.76631,0.76687,1.35,1.73
2013.01.03 02:55:13.580,0.7663,0.76684,1.35,1.73
2013.01.03 02:55:13.907,0.7663,0.76682,1.58,1.50
2013.01.03 02:55:14.027,0.7663,0.76682,1.35,1.50
2013.01.03 02:55:14.367,0.76633,0.76687,1.35,2.25
2013.01.03 02:55:14.919,0.76633,0.76687,1.35,2.25
2013.01.03 02:55:15.594,0.76636,0.7669,1.19,1.88
2013.01.03 02:55:15.657,0.76638,0.76692,1.35,2.25
2013.01.03 02:55:16.938,0.76638,0.76693,1.69,2.55
2013.01.03 02:55:16.998,0.76639,0.76693,1.69,1.50
2013.01.03 02:55:19.047,0.76639,0.76695,1.35,1.50
2013.01.03 02:55:19.107,0.76636,0.76695,1.10,1.50
2013.01.03 02:55:19.397,0.76639,0.76697,1.01,1.73
2013.01.03 02:55:19.717,0.76636,0.76697,1.17,1.73
2013.01.03 02:55:20.090,0.76636,0.76697,1.92,1.73
2013.01.03 02:55:20.624,0.76636,0.76696,1.92,1.73
2013.01.03 02:55:22.259,0.76636,0.76701,1.58,1.73
2013.01.03 02:55:22.807,0.76639,0.76701,1.35,1.73
2013.01.03 02:55:23.337,0.76642,0.76705,1.19,1.73
2013.01.03 02:55:23.888,0.76642,0.76703,1.19,1.73
2013.01.03 02:55:24.394,0.76638,0.76703,1.71,1.73
2013.01.03 02:55:24.547,0.76643,0.76703,1.17,1.73
2013.01.03 02:55:25.397,0.76643,0.76705,1.17,1.73
2013.01.03 02:55:26.047,0.76641,0.76704,1.35,2.10
2013.01.03 02:55:26.573,0.76641,0.76704,1.35,2.10
2013.01.03 02:55:29.673,0.76641,0.76704,1.74,1.73
2013.01.03 02:55:31.843,0.76641,0.76704,1.62,1.73
2013.01.03 02:55:32.067,0.76641,0.76704,1.35,1.73
2013.01.03 02:55:32.647,0.76645,0.76704,1.12,1.73
2013.01.03 02:55:33.203,0.76645,0.76709,1.12,1.73
2013.01.03 02:55:33.717,0.76648,0.76707,1.35,1.73
2013.01.03 02:55:34.998,0.76648,0.7671,1.35,1.73
2013.01.03 02:55:35.898,0.76643,0.76706,1.73,1.35
2013.01.03 02:55:36.389,0.76641,0.76697,1.35,1.35
2013.01.03 02:55:38.655,0.76637,0.76695,1.35,1.35
2013.01.03 02:55:38.838,0.76637,0.76695,1.35,1.35
2013.01.03 02:55:40.677,0.76637,0.76693,1.35,1.35
2013.01.03 02:55:41.212,0.76637,0.76693,1.35,1.35
2013.01.03 02:55:42.107,0.76636,0.76692,1.35,1.35
2013.01.03 02:55:42.299,0.76636,0.76692,1.35,1.35
2013.01.03 02:55:42.501,0.76636,0.76692,1.35,1.35
2013.01.03 02:55:43.478,0.76636,0.76694,1.35,1.35
2013.01.03 02:55:44.332,0.76635,0.76692,1.35,1.35
2013.01.03 02:55:45.379,0.76635,0.76692,1.35,1.35
2013.01.03 02:55:45.717,0.76635,0.76692,1.35,1.35
2013.01.03 02:55:48.163,0.76634,0.76697,1.35,1.25
2013.01.03 02:55:50.122,0.76634,0.76697,1.35,1.25
2013.01.03 02:55:50.810,0.76634,0.76695,1.35,1.35
2013.01.03 02:55:51.957,0.76634,0.76695,1.35,1.73
2013.01.03 02:55:52.138,0.76631,0.76696,1.35,2.10
2013.01.03 02:55:52.357,0.76631,0.76695,1.35,2.10
2013.01.03 02:55:52.992,0.76631,0.76696,1.35,1.73
2013.01.03 02:55:54.982,0.76632,0.76693,1.35,1.73
2013.01.03 02:55:55.047,0.76632,0.76693,1.35,1.73
2013.01.03 02:55:55.408,0.76631,0.76693,1.35,1.73
2013.01.03 02:55:55.558,0.76631,0.76694,1.35,2.25
2013.01.03 02:55:56.304,0.76631,0.76692,1.35,1.50
2013.01.03 02:55:59.308,0.76625,0.7669,1.35,1.35
2013.01.03 02:55:59.881,0.76625,0.76689,1.35,2.10
2013.01.03 02:56:00.277,0.76625,0.76689,1.35,2.10
2013.01.03 02:56:00.969,0.76626,0.76689,1.35,2.10
2013.01.03 02:56:03.200,0.76625,0.76689,1.35,2.10
2013.01.03 02:56:03.631,0.76624,0.7669,1.35,1.35
2013.01.03 02:56:04.257,0.76624,0.76689,1.35,1.35
2013.01.03 02:56:04.993,0.76623,0.76689,1.35,1.35
2013.01.03 02:56:06.067,0.76624,0.76689,1.35,1.73
2013.01.03 02:56:06.680,0.76623,0.76689,1.35,2.10
2013.01.03 02:56:08.077,0.76623,0.76689,1.35,2.10
2013.01.03 02:56:11.347,0.76624,0.76688,1.35,1.73
2013.01.03 02:56:12.352,0.76629,0.76688,1.35,1.73
2013.01.03 02:56:12.477,0.76629,0.7669,1.35,1.35
2013.01.03 02:56:12.798,0.76629,0.76694,1.35,1.47
2013.01.03 02:56:13.098,0.76629,0.7669,1.13,1.35
2013.01.03 02:56:14.000,0.76625,0.76691,1.35,1.73
2013.01.03 02:56:14.297,0.76625,0.76689,1.35,1.23
2013.01.03 02:56:14.357,0.76625,0.76689,1.35,1.60
2013.01.03 02:56:14.719,0.76623,0.76679,1.35,1.35
2013.01.03 02:56:15.167,0.76623,0.76679,1.35,1.35
2013.01.03 02:56:15.458,0.76623,0.76679,1.35,1.35
2013.01.03 02:56:17.588,0.76624,0.76687,1.35,1.45
2013.01.03 02:56:17.788,0.76624,0.76687,1.35,1.45
2013.01.03 02:56:17.947,0.76624,0.7669,1.35,2.10
2013.01.03 02:56:18.008,0.76624,0.76687,1.35,1.41
2013.01.03 02:56:19.246,0.76625,0.76687,1.35,1.41
2013.01.03 02:56:19.429,0.76625,0.76689,1.35,1.35
2013.01.03 02:56:19.568,0.76625,0.7669,1.35,1.35
2013.01.03 02:56:20.496,0.76624,0.76689,1.35,1.63
2013.01.03 02:56:20.948,0.76624,0.76689,1.35,1.63
2013.01.03 02:56:21.258,0.76627,0.7669,1.35,1.35
2013.01.03 02:56:21.591,0.76627,0.7669,1.35,1.98
2013.01.03 02:56:21.829,0.76627,0.7669,1.35,2.10
2013.01.03 02:56:22.181,0.76627,0.76689,1.35,1.73
2013.01.03 02:56:22.687,0.76624,0.76689,1.35,1.47
2013.01.03 02:56:23.189,0.76624,0.76689,1.35,1.73
2013.01.03 02:56:23.740,0.76624,0.76689,1.35,1.73
2013.01.03 02:56:23.918,0.76624,0.76687,1.35,1.50
2013.01.03 02:56:24.363,0.76622,0.76687,1.35,1.32
2013.01.03 02:56:24.577,0.76622,0.76686,1.35,2.10
2013.01.03 02:56:24.638,0.76622,0.76686,1.35,2.10
2013.01.03 02:56:25.188,0.7662,0.76683,1.35,1.35
2013.01.03 02:56:26.039,0.7662,0.76683,1.35,1.35
2013.01.03 02:56:26.852,0.7662,0.76683,1.35,1.35
2013.01.03 02:56:27.097,0.7662,0.7668,1.35,1.35
2013.01.03 02:56:27.929,0.76616,0.76678,1.35,1.35
2013.01.03 02:56:28.554,0.76616,0.76678,1.35,1.35
2013.01.03 02:56:28.622,0.76616,0.76678,1.35,1.73
2013.01.03 02:56:28.687,0.76616,0.76678,1.35,1.73
2013.01.03 02:56:28.989,0.76616,0.76678,1.35,1.73
2013.01.03 02:56:29.529,0.76616,0.76676,1.35,1.35
2013.01.03 02:56:30.879,0.76616,0.76676,1.35,1.73
2013.01.03 02:56:32.208,0.76615,0.76676,1.58,1.73
2013.01.03 02:56:33.337,0.76615,0.76675,1.35,1.73
2013.01.03 02:56:33.957,0.76617,0.76675,1.35,1.73
2013.01.03 02:56:36.307,0.76617,0.76676,1.35,1.73
2013.01.03 02:56:37.208,0.76615,0.76675,1.35,1.73
2013.01.03 02:56:38.457,0.76615,0.76676,1.35,2.10
2013.01.03 02:56:39.748,0.76617,0.76676,1.35,2.10
2013.01.03 02:56:40.568,0.76617,0.76673,1.35,1.73
2013.01.03 02:56:41.408,0.76617,0.76673,1.35,1.73
2013.01.03 02:56:41.985,0.76612,0.76667,1.35,1.73
2013.01.03 02:56:46.298,0.7661,0.76668,1.35,1.73
2013.01.03 02:56:50.169,0.7661,0.7667,1.35,1.73
2013.01.03 02:56:51.569,0.7661,0.7667,1.69,1.50
2013.01.03 02:56:51.688,0.76613,0.7667,1.35,1.50
2013.01.03 02:56:51.748,0.76613,0.7667,1.35,1.73
2013.01.03 02:56:51.807,0.76613,0.7667,1.35,1.73
2013.01.03 02:56:52.412,0.76613,0.76669,1.35,1.73
2013.01.03 02:56:52.780,0.76612,0.76669,1.35,1.73
2013.01.03 02:56:55.378,0.76607,0.7667,1.35,1.73
2013.01.03 02:56:57.603,0.76607,0.7667,1.35,1.73
2013.01.03 02:56:58.168,0.76607,0.7667,1.35,1.73
2013.01.03 02:56:58.761,0.76607,0.7667,1.35,1.35
2013.01.03 02:56:59.137,0.7661,0.7667,1.35,1.35
2013.01.03 02:57:02.629,0.76612,0.7667,1.35,1.35
2013.01.03 02:57:04.777,0.76612,0.7667,1.35,1.35
2013.01.03 02:57:06.340,0.76612,0.76669,1.35,1.35
2013.01.03 02:57:08.164,0.76612,0.7667,1.35,1.73
2013.01.03 02:57:12.869,0.76612,0.7667,1.35,1.35
2013.01.03 02:57:13.372,0.76613,0.7667,1.35,1.35
2013.01.03 02:57:15.539,0.76613,0.76669,1.35,1.35
2013.01.03 02:57:23.387,0.76612,0.76669,1.35,1.35
2013.01.03 02:57:23.447,0.76612,0.7667,1.35,1.35
2013.01.03 02:57:23.608,0.76612,0.7667,1.35,1.35
2013.01.03 02:57:23.789,0.76612,0.76669,1.35,2.10
2013.01.03 02:57:24.322,0.76608,0.76669,1.35,2.10
2013.01.03 02:57:25.207,0.76608,0.7667,1.35,2.10
2013.01.03 02:57:27.129,0.76608,0.7667,1.35,2.10
2013.01.03 02:57:28.707,0.76608,0.7667,1.35,2.10
2013.01.03 02:57:30.977,0.76595,0.76666,1.23,1.73
2013.01.03 02:57:31.687,0.76599,0.7666,1.26,1.35
2013.01.03 02:57:32.048,0.766,0.7666,1.35,1.35
2013.01.03 02:57:33.428,0.766,0.76659,1.35,1.35
2013.01.03 02:57:33.966,0.766,0.76659,1.35,1.35
2013.01.03 02:57:34.087,0.766,0.76659,1.35,1.35
2013.01.03 02:57:34.147,0.766,0.7666,1.35,1.35
2013.01.03 02:57:36.777,0.766,0.7666,1.35,1.35
2013.01.03 02:57:38.259,0.766,0.7666,1.35,1.35
2013.01.03 02:57:38.497,0.766,0.7666,1.35,1.35
2013.01.03 02:57:38.617,0.766,0.7666,1.35,1.35
2013.01.03 02:57:39.187,0.766,0.76662,1.35,1.73
2013.01.03 02:57:39.708,0.76601,0.76663,1.35,2.31
2013.01.03 02:57:40.689,0.766,0.7666,1.35,1.35
2013.01.03 02:57:41.027,0.766,0.7666,1.35,1.35
2013.01.03 02:57:41.590,0.76599,0.7666,1.35,1.35
2013.01.03 02:57:43.002,0.76599,0.7666,1.35,1.35
2013.01.03 02:57:43.519,0.766,0.7666,1.35,1.35
2013.01.03 02:57:43.767,0.766,0.76658,1.87,1.50
2013.01.03 02:57:44.538,0.76605,0.76659,1.35,1.50
2013.01.03 02:57:45.039,0.76605,0.76659,1.35,1.50
2013.01.03 02:57:45.428,0.76601,0.76658,1.35,1.50
2013.01.03 02:57:45.689,0.76601,0.76658,1.35,1.50
2013.01.03 02:57:45.867,0.76601,0.76658,1.35,1.73
2013.01.03 02:57:46.727,0.76601,0.76658,1.35,1.73
2013.01.03 02:57:47.419,0.76601,0.7666,1.35,1.35
2013.01.03 02:57:50.856,0.76601,0.7666,1.35,1.35
2013.01.03 02:57:51.267,0.76604,0.7666,1.35,1.35
2013.01.03 02:57:51.369,0.76604,0.76659,1.35,1.35
2013.01.03 02:57:51.727,0.76604,0.76659,1.67,1.13
2013.01.03 02:57:52.257,0.76606,0.76662,1.67,1.13
2013.01.03 02:57:53.287,0.76606,0.76662,1.67,1.13
2013.01.03 02:57:53.709,0.76609,0.76663,1.35,1.13
2013.01.03 02:57:54.067,0.76609,0.76663,1.35,1.13
2013.01.03 02:57:54.227,0.76609,0.76663,1.35,1.13
2013.01.03 02:57:54.362,0.76609,0.76663,1.35,1.13
2013.01.03 02:57:54.867,0.76606,0.7666,1.78,1.13
2013.01.03 02:57:54.932,0.76606,0.7666,1.78,1.13
2013.01.03 02:57:55.268,0.76606,0.7666,1.78,1.13
2013.01.03 02:57:55.965,0.76611,0.76665,1.35,1.13
2013.01.03 02:57:56.601,0.7661,0.7667,1.35,1.35
2013.01.03 02:57:59.798,0.7661,0.76668,1.35,1.35
2013.01.03 02:58:00.097,0.7661,0.76664,1.35,1.35
2013.01.03 02:58:00.397,0.7661,0.76669,1.35,1.35
2013.01.03 02:58:01.122,0.76611,0.76669,1.35,1.73
2013.01.03 02:58:01.898,0.76611,0.76669,1.35,1.35
2013.01.03 02:58:02.409,0.76611,0.76669,1.35,1.35
2013.01.03 02:58:03.078,0.7661,0.76669,1.35,1.35
2013.01.03 02:58:03.257,0.7661,0.76669,1.35,1.35
2013.01.03 02:58:03.617,0.7661,0.76669,1.35,1.73
2013.01.03 02:58:03.737,0.7661,0.7667,1.95,1.35
2013.01.03 02:58:03.980,0.76613,0.7667,1.73,1.35
2013.01.03 02:58:04.257,0.76613,0.7667,1.35,1.35
2013.01.03 02:58:04.346,0.76613,0.76676,1.35,1.73
2013.01.03 02:58:05.032,0.76614,0.76676,1.35,1.73
2013.01.03 02:58:05.817,0.76614,0.76672,1.35,1.73
2013.01.03 02:58:06.177,0.76612,0.76674,1.35,1.35
2013.01.03 02:58:06.697,0.76612,0.76675,1.94,1.73
2013.01.03 02:58:07.247,0.76614,0.76676,1.35,1.73
2013.01.03 02:58:07.537,0.76614,0.76676,1.35,1.73
2013.01.03 02:58:08.198,0.76616,0.76677,1.35,1.73
2013.01.03 02:58:08.707,0.76616,0.76675,1.35,1.73
2013.01.03 02:58:08.917,0.76618,0.76678,1.35,1.73
2013.01.03 02:58:09.157,0.76618,0.7668,1.35,2.48
2013.01.03 02:58:09.517,0.7662,0.76681,1.10,1.73
2013.01.03 02:58:10.098,0.76619,0.76681,1.35,1.73
2013.01.03 02:58:10.707,0.76619,0.76683,1.58,1.73
2013.01.03 02:58:10.988,0.7663,0.76686,1.35,1.73
2013.01.03 02:58:11.757,0.7663,0.76686,1.35,1.88
2013.01.03 02:58:11.907,0.7663,0.76686,1.35,2.10
2013.01.03 02:58:12.417,0.76625,0.76686,1.35,2.10
2013.01.03 02:58:12.478,0.76625,0.76685,1.35,1.35
2013.01.03 02:58:13.178,0.76622,0.76685,1.35,1.35
2013.01.03 02:58:13.357,0.76622,0.76678,1.35,1.35
2013.01.03 02:58:13.867,0.76622,0.76678,1.35,1.35
2013.01.03 02:58:15.257,0.7662,0.76678,1.35,1.35
2013.01.03 02:58:16.460,0.76617,0.76678,1.89,1.35
2013.01.03 02:58:16.977,0.76618,0.7668,1.26,1.35
2013.01.03 02:58:17.467,0.76621,0.7668,1.73,1.35
2013.01.03 02:58:18.707,0.76624,0.7668,1.35,1.35
2013.01.03 02:58:18.780,0.76624,0.76684,1.35,1.35
2013.01.03 02:58:19.498,0.76627,0.76688,1.08,1.95
2013.01.03 02:58:19.667,0.76627,0.76688,1.83,1.95
2013.01.03 02:58:20.400,0.76627,0.76687,1.83,1.35
2013.01.03 02:58:20.979,0.76627,0.76687,1.83,1.35
2013.01.03 02:58:21.928,0.76627,0.76687,1.08,1.35
2013.01.03 02:58:23.271,0.76627,0.76687,1.83,1.35
2013.01.03 02:58:24.090,0.76627,0.76687,1.83,1.35
2013.01.03 02:58:24.208,0.76627,0.76687,1.83,1.35
2013.01.03 02:58:26.019,0.76627,0.76687,1.83,1.35
2013.01.03 02:58:26.889,0.76624,0.76686,1.60,2.10
2013.01.03 02:58:27.415,0.76624,0.76686,1.67,2.10
2013.01.03 02:58:28.092,0.76626,0.76686,1.67,2.10
2013.01.03 02:58:28.389,0.76626,0.76687,1.67,2.10
2013.01.03 02:58:29.587,0.76626,0.76687,1.58,2.10
2013.01.03 02:58:29.648,0.76626,0.76687,1.58,2.10
2013.01.03 02:58:29.852,0.76626,0.76683,1.35,2.10
2013.01.03 02:58:30.190,0.76626,0.76682,1.35,1.73
2013.01.03 02:58:30.327,0.76626,0.76683,1.35,1.73
2013.01.03 02:58:30.648,0.76624,0.76683,1.35,1.73
2013.01.03 02:58:30.767,0.76624,0.76683,1.35,1.73
2013.01.03 02:58:31.454,0.76624,0.76681,1.35,1.35
2013.01.03 02:58:32.123,0.76623,0.76677,1.35,1.73
2013.01.03 02:58:33.399,0.76621,0.76677,1.35,1.73
2013.01.03 02:58:34.292,0.76621,0.76678,1.35,1.73
2013.01.03 02:58:34.537,0.76621,0.76677,1.35,1.73
2013.01.03 02:58:34.849,0.76621,0.76677,1.35,1.73
2013.01.03 02:58:35.027,0.76616,0.76672,1.35,1.73
2013.01.03 02:58:35.538,0.76616,0.76673,1.35,2.10
2013.01.03 02:58:35.597,0.76616,0.76673,1.35,2.10
2013.01.03 02:58:37.468,0.76614,0.76673,1.35,2.10
2013.01.03 02:58:37.709,0.76614,0.76673,1.35,2.10
2013.01.03 02:58:37.917,0.76614,0.76669,1.35,1.73
2013.01.03 02:58:38.611,0.76612,0.76669,1.35,1.73
2013.01.03 02:58:40.079,0.76612,0.76671,1.35,1.73
2013.01.03 02:58:41.098,0.76612,0.76669,1.35,1.73
2013.01.03 02:58:42.037,0.76612,0.76667,1.35,1.73
2013.01.03 02:58:42.938,0.7661,0.76667,1.35,1.73
2013.01.03 02:58:43.058,0.7661,0.76667,1.35,1.73
2013.01.03 02:58:43.825,0.7661,0.76667,1.35,1.73
2013.01.03 02:58:45.188,0.7661,0.76668,1.35,1.73
2013.01.03 02:58:48.047,0.7661,0.76666,1.35,1.73
2013.01.03 02:58:48.168,0.7661,0.76666,1.13,1.73
2013.01.03 02:58:48.350,0.7661,0.76666,1.35,1.35
2013.01.03 02:58:48.407,0.76597,0.76661,1.74,1.35
2013.01.03 02:58:49.188,0.76607,0.76662,1.35,1.13
2013.01.03 02:58:49.829,0.76607,0.76663,1.35,1.35
2013.01.03 02:58:50.940,0.76607,0.76662,1.35,1.13
2013.01.03 02:58:51.529,0.76607,0.76662,1.35,1.13
2013.01.03 02:58:53.479,0.76614,0.76669,1.35,1.58
2013.01.03 02:58:53.598,0.76614,0.76669,1.35,1.58
2013.01.03 02:58:53.958,0.76616,0.76669,1.35,1.58
2013.01.03 02:58:54.021,0.76616,0.76669,1.35,1.58
2013.01.03 02:58:54.525,0.76613,0.76669,1.35,1.58
2013.01.03 02:58:55.196,0.76613,0.76669,1.35,1.58
2013.01.03 02:58:55.349,0.76613,0.76669,1.35,1.20
2013.01.03 02:58:57.153,0.76613,0.76671,1.35,1.20
2013.01.03 02:58:59.397,0.76613,0.76671,1.73,1.20
2013.01.03 02:58:59.937,0.76613,0.76669,1.35,1.20
2013.01.03 02:59:00.519,0.76613,0.76669,1.35,1.20
2013.01.03 02:59:00.680,0.76613,0.76669,1.35,1.20
2013.01.03 02:59:02.949,0.76611,0.76669,1.35,1.20
2013.01.03 02:59:03.358,0.7661,0.76669,1.35,1.20
2013.01.03 02:59:05.629,0.76609,0.76667,1.35,1.35
2013.01.03 02:59:07.818,0.76609,0.76668,1.35,1.73
2013.01.03 02:59:08.267,0.76607,0.76663,1.35,1.95
2013.01.03 02:59:08.507,0.76607,0.76665,1.35,1.58
2013.01.03 02:59:09.938,0.76606,0.76663,1.35,1.73
2013.01.03 02:59:12.727,0.76601,0.76662,1.74,1.95
2013.01.03 02:59:12.958,0.76601,0.76662,1.35,2.91
2013.01.03 02:59:13.609,0.766,0.7666,1.35,1.73
2013.01.03 02:59:15.266,0.76599,0.76659,1.35,1.35
2013.01.03 02:59:15.707,0.76599,0.76659,1.35,2.09
2013.01.03 02:59:16.848,0.76597,0.76656,1.35,1.35
2013.01.03 02:59:18.447,0.76593,0.76652,1.35,1.73
2013.01.03 02:59:18.507,0.76593,0.76652,1.35,1.73
2013.01.03 02:59:18.567,0.76593,0.76652,1.35,1.73
2013.01.03 02:59:18.837,0.76593,0.76647,1.35,2.10
2013.01.03 02:59:19.124,0.76593,0.76647,1.13,2.10
2013.01.03 02:59:20.472,0.76588,0.76644,1.67,1.43
2013.01.03 02:59:21.717,0.76594,0.76644,1.05,1.45
2013.01.03 02:59:22.299,0.76587,0.76646,1.74,1.45
2013.01.03 02:59:24.469,0.76597,0.76647,1.03,2.20
2013.01.03 02:59:27.509,0.76599,0.76649,1.08,1.27
2013.01.03 02:59:28.042,0.76599,0.76651,1.19,1.45
2013.01.03 02:59:29.038,0.76594,0.7665,1.28,1.23
2013.01.03 02:59:34.788,0.76605,0.76651,1.01,1.29
2013.01.03 02:59:37.058,0.76607,0.76653,1.08,2.12
2013.01.03 02:59:37.177,0.766,0.76654,1.62,1.58
2013.01.03 02:59:39.057,0.76611,0.76655,1.23,1.58
2013.01.03 02:59:40.637,0.76613,0.76656,1.03,1.58
2013.01.03 02:59:40.757,0.76607,0.76655,1.05,1.46
2013.01.03 02:59:41.428,0.76609,0.76656,1.08,1.58
2013.01.03 02:59:41.492,0.76599,0.76653,1.67,1.14
2013.01.03 02:59:42.023,0.76605,0.76653,1.17,1.14
2013.01.03 02:59:42.347,0.76608,0.76654,1.23,1.48
2013.01.03 02:59:42.687,0.76606,0.76654,1.05,1.21
2013.01.03 02:59:43.254,0.76607,0.76655,1.26,1.39
2013.01.03 02:59:43.914,0.76608,0.76654,1.12,1.12
2013.01.03 02:59:44.061,0.7661,0.76657,1.03,2.21
2013.01.03 02:59:44.238,0.76611,0.76658,1.05,1.73
2013.01.03 02:59:48.087,0.76614,0.76662,1.23,2.09
2013.01.03 02:59:48.659,0.76614,0.76662,1.21,1.73
2013.01.03 02:59:50.360,0.76605,0.76661,1.23,1.41
2013.01.03 02:59:50.740,0.76615,0.76661,1.26,1.73
2013.01.03 02:59:52.339,0.76618,0.76661,1.01,1.35
2013.01.03 02:59:52.593,0.7661,0.76661,1.44,1.35
2013.01.03 02:59:53.580,0.76619,0.76661,1.01,1.35
2013.01.03 02:59:54.127,0.76618,0.76661,1.01,1.35
2013.01.03 02:59:54.428,0.76621,0.76666,1.61,1.73
2013.01.03 02:59:54.998,0.7661,0.76663,1.44,1.35
2013.01.03 02:59:55.578,0.76609,0.76661,1.41,1.35
