2012.03.19 14:00:00.332,0.75674,0.75715,1.13,1.13
2012.03.19 14:00:00.847,0.75683,0.75709,2.25,2.25
2012.03.19 14:00:01.238,0.7568,0.75706,2.25,3.00
2012.03.19 14:00:01.312,0.7568,0.75706,2.25,2.25
2012.03.19 14:00:01.429,0.75684,0.75708,2.25,2.25
2012.03.19 14:00:02.025,0.75686,0.7571,2.25,1.35
2012.03.19 14:00:02.161,0.75686,0.75711,2.25,2.25
2012.03.19 14:00:02.540,0.75684,0.75711,2.25,3.00
2012.03.19 14:00:03.168,0.75683,0.75709,2.25,3.00
2012.03.19 14:00:03.621,0.75685,0.75712,2.25,3.00
2012.03.19 14:00:04.087,0.75687,0.75711,2.25,3.00
2012.03.19 14:00:04.367,0.75687,0.75711,2.25,3.00
2012.03.19 14:00:04.602,0.75687,0.75711,2.25,3.00
2012.03.19 14:00:04.807,0.75686,0.75712,2.25,3.00
2012.03.19 14:00:05.578,0.75686,0.75712,2.25,3.00
2012.03.19 14:00:05.881,0.75689,0.75715,2.25,3.00
2012.03.19 14:00:06.009,0.75691,0.75716,2.25,1.35
2012.03.19 14:00:06.255,0.75692,0.75716,2.25,1.35
2012.03.19 14:00:06.324,0.75689,0.75713,2.25,3.00
2012.03.19 14:00:06.574,0.75689,0.75713,2.25,3.00
2012.03.19 14:00:06.649,0.75684,0.75711,2.25,3.00
2012.03.19 14:00:08.052,0.75687,0.75711,2.25,3.00
2012.03.19 14:00:08.113,0.75687,0.75711,2.25,2.25
2012.03.19 14:00:08.182,0.75685,0.75711,2.25,3.00
2012.03.19 14:00:08.242,0.75677,0.75716,1.13,1.35
2012.03.19 14:00:08.302,0.75677,0.7572,1.73,1.13
2012.03.19 14:00:08.734,0.7569,0.75716,2.25,3.00
2012.03.19 14:00:09.034,0.7569,0.75716,2.25,3.00
2012.03.19 14:00:09.353,0.75688,0.75715,2.25,3.00
2012.03.19 14:00:09.886,0.75687,0.75713,2.25,3.00
2012.03.19 14:00:10.573,0.75689,0.75713,2.25,3.00
2012.03.19 14:00:11.111,0.75687,0.75713,2.25,3.00
2012.03.19 14:00:11.231,0.75689,0.75714,2.25,3.00
2012.03.19 14:00:11.532,0.75691,0.75715,2.25,3.00
2012.03.19 14:00:11.635,0.75687,0.75711,2.25,3.00
2012.03.19 14:00:12.175,0.75688,0.75712,2.25,3.00
2012.03.19 14:00:12.467,0.75681,0.75725,1.35,1.35
2012.03.19 14:00:12.607,0.75681,0.75725,1.35,1.35
2012.03.19 14:00:12.881,0.75686,0.75716,2.63,3.00
2012.03.19 14:00:13.153,0.75686,0.75716,2.25,3.00
2012.03.19 14:00:13.344,0.75678,0.75715,2.25,3.00
2012.03.19 14:00:13.965,0.75677,0.75707,2.25,3.00
2012.03.19 14:00:14.031,0.75673,0.757,2.25,2.25
2012.03.19 14:00:14.302,0.75668,0.75696,3.38,2.25
2012.03.19 14:00:14.421,0.75668,0.75698,3.38,2.25
2012.03.19 14:00:14.482,0.75674,0.757,2.25,2.25
2012.03.19 14:00:15.036,0.75676,0.757,2.25,2.25
2012.03.19 14:00:17.042,0.75675,0.75701,2.25,2.25
2012.03.19 14:00:17.550,0.75673,0.757,2.25,2.25
2012.03.19 14:00:17.799,0.7567,0.75695,2.25,2.25
2012.03.19 14:00:17.865,0.75668,0.75694,2.63,2.25
2012.03.19 14:00:18.058,0.75668,0.75693,1.13,2.25
2012.03.19 14:00:18.182,0.75667,0.75693,2.25,2.25
2012.03.19 14:00:18.483,0.75667,0.75691,2.25,2.25
2012.03.19 14:00:19.230,0.75666,0.75692,2.25,2.25
2012.03.19 14:00:20.071,0.75668,0.75692,2.25,2.25
2012.03.19 14:00:21.450,0.75667,0.75691,2.25,2.25
2012.03.19 14:00:23.701,0.7567,0.75695,2.25,3.00
2012.03.19 14:00:23.763,0.75667,0.75691,2.25,2.25
2012.03.19 14:00:24.623,0.75665,0.75691,2.25,2.25
2012.03.19 14:00:24.693,0.7566,0.75686,3.00,2.25
2012.03.19 14:00:24.762,0.7566,0.75686,2.25,2.25
2012.03.19 14:00:25.260,0.7566,0.75686,3.00,2.25
2012.03.19 14:00:26.063,0.75659,0.75683,3.00,2.25
2012.03.19 14:00:26.166,0.75662,0.75686,3.00,2.25
2012.03.19 14:00:26.378,0.75663,0.7569,2.25,2.25
2012.03.19 14:00:26.501,0.75661,0.75687,3.00,2.25
2012.03.19 14:00:28.052,0.75661,0.75687,2.25,2.25
2012.03.19 14:00:28.390,0.75659,0.75684,3.00,2.25
2012.03.19 14:00:28.466,0.75661,0.75687,3.00,2.25
2012.03.19 14:00:29.158,0.75661,0.75687,3.00,2.25
2012.03.19 14:00:30.554,0.75661,0.75685,3.00,2.25
2012.03.19 14:00:31.124,0.7566,0.75686,3.00,2.25
2012.03.19 14:00:31.480,0.75662,0.75688,3.00,2.25
2012.03.19 14:00:31.693,0.75669,0.75693,2.25,2.25
2012.03.19 14:00:31.752,0.75669,0.75693,3.00,2.25
2012.03.19 14:00:32.235,0.75673,0.75699,2.25,2.85
2012.03.19 14:00:33.884,0.75673,0.75699,2.25,3.00
2012.03.19 14:00:35.105,0.75673,0.75699,2.25,2.25
2012.03.19 14:00:35.751,0.75671,0.75697,3.00,2.25
2012.03.19 14:00:36.165,0.75674,0.75698,2.25,2.25
2012.03.19 14:00:37.931,0.75673,0.75697,2.25,2.25
2012.03.19 14:00:38.235,0.75671,0.75695,2.25,2.25
2012.03.19 14:00:40.590,0.75673,0.75697,2.25,2.25
2012.03.19 14:00:43.154,0.75673,0.75697,2.25,3.00
2012.03.19 14:00:43.221,0.75667,0.75695,2.63,3.00
2012.03.19 14:00:43.627,0.75664,0.75688,2.25,2.25
2012.03.19 14:00:48.923,0.75662,0.75688,2.25,2.25
2012.03.19 14:00:49.425,0.75663,0.75689,2.25,3.00
2012.03.19 14:00:49.982,0.75662,0.75686,2.25,2.25
2012.03.19 14:00:51.520,0.75662,0.75688,3.00,2.25
2012.03.19 14:00:52.177,0.75663,0.75689,2.25,3.00
2012.03.19 14:00:53.041,0.75662,0.75688,2.25,3.00
2012.03.19 14:00:53.261,0.75664,0.75688,2.25,3.00
2012.03.19 14:00:55.330,0.75663,0.75687,2.25,2.25
2012.03.19 14:00:55.967,0.75662,0.75686,2.25,2.25
2012.03.19 14:00:56.415,0.75665,0.75693,3.00,2.25
2012.03.19 14:00:56.543,0.75671,0.75695,2.25,3.00
2012.03.19 14:00:58.850,0.75668,0.75695,2.25,3.00
2012.03.19 14:00:59.611,0.75672,0.75698,2.25,3.00
2012.03.19 14:00:59.670,0.75672,0.75698,2.25,3.00
2012.03.19 14:00:59.731,0.75667,0.75693,3.00,2.25
2012.03.19 14:01:00.294,0.7567,0.75696,2.25,2.25
2012.03.19 14:01:00.601,0.7567,0.75696,2.25,3.00
2012.03.19 14:01:00.710,0.75668,0.75695,2.25,3.00
2012.03.19 14:01:01.162,0.75668,0.75695,2.25,3.00
2012.03.19 14:01:01.687,0.75668,0.75695,2.25,3.00
2012.03.19 14:01:02.462,0.75668,0.75694,2.25,3.00
2012.03.19 14:01:02.674,0.75668,0.75694,2.25,3.00
2012.03.19 14:01:02.803,0.75672,0.75698,2.25,3.00
2012.03.19 14:01:03.053,0.75669,0.75693,2.25,2.25
2012.03.19 14:01:03.350,0.75669,0.75696,2.25,2.25
2012.03.19 14:01:04.530,0.75669,0.75694,2.25,2.25
2012.03.19 14:01:05.079,0.75667,0.75691,2.25,2.25
2012.03.19 14:01:05.411,0.75672,0.75696,2.25,3.00
2012.03.19 14:01:05.592,0.75667,0.75691,2.25,2.25
2012.03.19 14:01:06.642,0.7567,0.75695,2.25,3.00
2012.03.19 14:01:07.088,0.75668,0.75695,2.25,2.25
2012.03.19 14:01:07.212,0.75673,0.75699,2.25,2.25
2012.03.19 14:01:07.733,0.75673,0.75699,2.25,3.00
2012.03.19 14:01:07.865,0.75669,0.75693,2.25,2.25
2012.03.19 14:01:08.301,0.75671,0.75695,2.25,3.00
2012.03.19 14:01:09.762,0.75669,0.75693,2.25,2.25
2012.03.19 14:01:10.566,0.75666,0.75692,2.25,2.25
2012.03.19 14:01:10.635,0.75664,0.75691,2.25,2.25
2012.03.19 14:01:12.985,0.75665,0.7569,2.25,2.25
2012.03.19 14:01:14.558,0.75665,0.75691,2.25,2.25
2012.03.19 14:01:14.686,0.75664,0.75689,2.25,2.25
2012.03.19 14:01:15.804,0.75662,0.75688,2.25,2.25
2012.03.19 14:01:15.873,0.7566,0.75684,2.25,2.25
2012.03.19 14:01:16.108,0.75659,0.75686,2.25,2.25
2012.03.19 14:01:16.452,0.7566,0.75684,2.25,2.25
2012.03.19 14:01:16.880,0.7566,0.75685,3.00,2.25
2012.03.19 14:01:19.171,0.7566,0.75685,2.25,2.25
2012.03.19 14:01:19.714,0.75659,0.75686,2.25,2.25
2012.03.19 14:01:19.950,0.75659,0.75683,2.25,2.25
2012.03.19 14:01:20.272,0.7566,0.75685,2.25,2.25
2012.03.19 14:01:22.969,0.7566,0.75684,2.25,2.25
2012.03.19 14:01:23.800,0.7565,0.75689,1.13,1.13
2012.03.19 14:01:24.140,0.7565,0.75689,1.13,1.13
2012.03.19 14:01:24.473,0.7565,0.75689,1.13,1.13
2012.03.19 14:01:24.831,0.75652,0.75691,1.13,1.13
2012.03.19 14:01:24.951,0.75652,0.75691,1.13,1.13
2012.03.19 14:01:25.011,0.7566,0.75684,2.25,3.00
2012.03.19 14:01:26.591,0.7566,0.75684,2.25,2.25
2012.03.19 14:01:34.026,0.75659,0.75686,2.25,2.25
2012.03.19 14:01:35.231,0.7566,0.75684,2.25,2.25
2012.03.19 14:01:36.664,0.75659,0.75683,2.25,2.25
2012.03.19 14:01:38.532,0.7566,0.75685,2.25,2.25
2012.03.19 14:01:40.714,0.7566,0.75685,3.00,2.25
2012.03.19 14:01:41.554,0.7566,0.75685,2.25,2.25
2012.03.19 14:01:41.921,0.7566,0.75685,3.00,2.25
2012.03.19 14:01:42.364,0.7566,0.75685,2.25,2.25
2012.03.19 14:01:42.736,0.75658,0.75682,2.25,2.25
2012.03.19 14:01:43.264,0.75654,0.7568,3.00,2.25
2012.03.19 14:01:44.503,0.75654,0.75678,3.00,2.25
2012.03.19 14:01:45.036,0.75652,0.75679,3.00,2.25
2012.03.19 14:01:47.553,0.75649,0.75673,3.00,2.25
2012.03.19 14:01:47.772,0.75652,0.75679,3.00,2.25
2012.03.19 14:01:47.971,0.75652,0.75679,3.00,2.63
2012.03.19 14:01:48.033,0.75649,0.75673,3.00,2.25
2012.03.19 14:01:48.713,0.75649,0.75673,3.00,2.25
2012.03.19 14:01:48.770,0.75652,0.75679,3.00,2.25
2012.03.19 14:01:49.390,0.75652,0.75679,3.00,2.25
2012.03.19 14:01:50.355,0.75653,0.75679,2.25,2.25
2012.03.19 14:01:50.482,0.75657,0.75681,2.25,2.25
2012.03.19 14:01:50.833,0.75652,0.75676,3.00,2.25
2012.03.19 14:01:54.315,0.75656,0.75682,2.25,2.25
2012.03.19 14:01:54.679,0.75647,0.75687,1.13,1.35
2012.03.19 14:01:54.937,0.75654,0.75678,2.25,2.25
2012.03.19 14:01:55.854,0.7565,0.75674,2.25,2.25
2012.03.19 14:01:56.592,0.7565,0.75674,3.00,2.25
2012.03.19 14:01:57.585,0.7565,0.75674,3.00,2.25
2012.03.19 14:01:58.024,0.75653,0.75679,3.00,2.25
2012.03.19 14:02:02.736,0.75653,0.75679,2.25,2.25
2012.03.19 14:02:03.884,0.75653,0.75679,3.00,2.25
2012.03.19 14:02:03.994,0.75658,0.75684,2.25,2.25
2012.03.19 14:02:04.215,0.75654,0.75678,3.00,2.25
2012.03.19 14:02:04.878,0.75654,0.75678,2.25,2.25
2012.03.19 14:02:05.266,0.75653,0.75678,3.00,2.25
2012.03.19 14:02:05.330,0.75656,0.7568,3.00,2.25
2012.03.19 14:02:05.669,0.75657,0.75681,3.00,2.25
2012.03.19 14:02:05.731,0.75657,0.75681,3.00,2.25
2012.03.19 14:02:06.138,0.75654,0.75678,3.00,2.25
2012.03.19 14:02:06.701,0.75654,0.75678,3.00,2.25
2012.03.19 14:02:07.037,0.75657,0.75683,2.25,2.25
2012.03.19 14:02:07.105,0.75659,0.75683,2.25,2.25
2012.03.19 14:02:09.457,0.75658,0.75682,2.25,2.25
2012.03.19 14:02:09.619,0.75654,0.75681,2.25,2.25
2012.03.19 14:02:09.935,0.75655,0.75679,2.25,2.25
2012.03.19 14:02:10.444,0.75655,0.75679,3.00,2.25
2012.03.19 14:02:10.803,0.75654,0.75681,3.00,2.25
2012.03.19 14:02:11.038,0.75657,0.75683,2.25,3.00
2012.03.19 14:02:11.614,0.75656,0.75682,3.00,2.25
2012.03.19 14:02:11.821,0.75656,0.7568,3.00,2.25
2012.03.19 14:02:12.169,0.75654,0.75681,2.25,2.25
2012.03.19 14:02:12.293,0.75651,0.75677,3.00,2.25
2012.03.19 14:02:15.554,0.75655,0.7568,2.25,2.25
2012.03.19 14:02:15.921,0.75657,0.75681,2.25,2.25
2012.03.19 14:02:16.330,0.75649,0.75673,3.00,2.25
2012.03.19 14:02:19.290,0.75653,0.75678,2.25,2.25
2012.03.19 14:02:19.351,0.75653,0.75678,3.00,2.25
2012.03.19 14:02:19.734,0.75653,0.75678,2.25,2.25
2012.03.19 14:02:19.811,0.75658,0.75682,2.25,2.25
2012.03.19 14:02:19.875,0.75655,0.75681,2.25,2.25
2012.03.19 14:02:20.332,0.7565,0.75678,3.00,2.25
2012.03.19 14:02:20.700,0.75655,0.7568,2.25,2.25
2012.03.19 14:02:22.147,0.75655,0.7568,3.00,2.25
2012.03.19 14:02:22.332,0.75659,0.75685,2.25,2.25
2012.03.19 14:02:22.392,0.75659,0.75685,2.25,3.00
2012.03.19 14:02:22.641,0.75655,0.7568,2.25,2.25
2012.03.19 14:02:24.202,0.75655,0.75681,2.25,2.25
2012.03.19 14:02:29.915,0.75655,0.75681,3.00,2.25
2012.03.19 14:02:30.409,0.75653,0.75681,2.63,2.25
2012.03.19 14:02:30.479,0.75657,0.75687,2.25,3.00
2012.03.19 14:02:30.741,0.75657,0.75687,3.00,2.25
2012.03.19 14:02:32.447,0.75657,0.75687,2.25,3.00
2012.03.19 14:02:32.672,0.75655,0.75685,2.25,3.00
2012.03.19 14:02:32.934,0.75655,0.75685,3.00,2.25
2012.03.19 14:02:33.384,0.75655,0.75685,2.63,3.00
2012.03.19 14:02:33.765,0.75658,0.75684,2.25,2.25
2012.03.19 14:02:34.184,0.75657,0.75681,3.00,2.25
2012.03.19 14:02:34.428,0.75655,0.7568,2.25,2.25
2012.03.19 14:02:35.476,0.75655,0.7568,3.00,2.25
2012.03.19 14:02:36.664,0.75655,0.75681,3.00,2.25
2012.03.19 14:02:37.613,0.75655,0.75681,2.25,2.25
2012.03.19 14:02:38.226,0.75655,0.75681,3.00,2.25
2012.03.19 14:02:38.463,0.75655,0.75681,2.25,2.25
2012.03.19 14:02:38.760,0.75659,0.75686,2.25,2.25
2012.03.19 14:02:39.039,0.7566,0.75684,2.25,2.25
2012.03.19 14:02:39.673,0.75659,0.75683,2.25,3.00
2012.03.19 14:02:39.737,0.75656,0.75682,2.25,2.25
2012.03.19 14:02:39.802,0.75655,0.7568,2.25,2.25
2012.03.19 14:02:41.129,0.75655,0.7568,3.00,2.25
2012.03.19 14:02:41.655,0.75655,0.75681,2.25,2.25
2012.03.19 14:02:47.951,0.75655,0.7568,2.25,2.25
2012.03.19 14:02:57.741,0.75657,0.75683,2.25,2.25
2012.03.19 14:02:57.850,0.75654,0.75681,2.25,2.25
2012.03.19 14:02:58.711,0.75656,0.7568,2.25,2.25
2012.03.19 14:02:59.254,0.75656,0.75682,2.25,2.25
2012.03.19 14:03:00.572,0.75655,0.75681,2.25,2.25
2012.03.19 14:03:01.714,0.75654,0.75681,2.25,2.25
2012.03.19 14:03:06.216,0.75653,0.75677,2.25,2.25
2012.03.19 14:03:06.721,0.75652,0.75676,3.00,2.25
2012.03.19 14:03:07.384,0.75652,0.75678,3.00,2.25
2012.03.19 14:03:08.218,0.75651,0.75677,2.25,2.25
2012.03.19 14:03:13.272,0.75653,0.75677,2.25,2.25
2012.03.19 14:03:13.546,0.75655,0.7568,2.25,2.25
2012.03.19 14:03:14.205,0.75655,0.7568,2.25,3.00
2012.03.19 14:03:14.394,0.75645,0.75671,3.00,2.25
2012.03.19 14:03:14.604,0.75649,0.75679,2.25,3.00
2012.03.19 14:03:14.679,0.75649,0.75677,2.63,2.25
2012.03.19 14:03:15.002,0.75654,0.75681,2.25,2.25
2012.03.19 14:03:20.415,0.75654,0.75681,2.25,3.00
2012.03.19 14:03:20.950,0.75654,0.75681,2.25,2.25
2012.03.19 14:03:21.465,0.75654,0.75681,2.25,3.00
2012.03.19 14:03:21.735,0.75654,0.75681,2.25,2.25
2012.03.19 14:03:22.287,0.75654,0.75681,2.25,3.00
2012.03.19 14:03:22.821,0.75654,0.75678,2.25,2.25
2012.03.19 14:03:22.929,0.75651,0.75676,2.25,2.25
2012.03.19 14:03:23.925,0.7565,0.75675,2.25,2.25
2012.03.19 14:03:26.213,0.75652,0.75676,2.25,2.25
2012.03.19 14:03:27.317,0.7565,0.75677,3.00,2.25
2012.03.19 14:03:28.178,0.7565,0.75677,2.25,2.25
2012.03.19 14:03:30.148,0.7565,0.75677,3.00,2.25
2012.03.19 14:03:31.195,0.7565,0.75677,2.25,2.25
2012.03.19 14:03:31.727,0.75651,0.75677,2.25,2.25
2012.03.19 14:03:32.280,0.7565,0.75675,2.25,2.25
2012.03.19 14:03:32.592,0.7565,0.75675,3.00,2.25
2012.03.19 14:03:33.079,0.75648,0.75674,2.25,2.25
2012.03.19 14:03:33.156,0.7565,0.75675,2.25,2.25
2012.03.19 14:03:35.655,0.7565,0.75675,3.00,2.25
2012.03.19 14:03:38.089,0.75647,0.75671,3.00,2.25
2012.03.19 14:03:38.212,0.75645,0.75672,3.00,2.25
2012.03.19 14:03:38.331,0.75649,0.75675,2.25,2.25
2012.03.19 14:03:39.142,0.75649,0.75676,2.25,2.25
2012.03.19 14:03:39.859,0.75649,0.75676,3.00,2.25
2012.03.19 14:03:41.439,0.75649,0.75676,2.25,2.25
2012.03.19 14:03:43.290,0.75646,0.7567,3.00,2.25
2012.03.19 14:03:43.591,0.7564,0.75667,3.00,2.25
2012.03.19 14:03:43.711,0.75646,0.7567,3.00,2.25
2012.03.19 14:03:46.572,0.75646,0.7567,2.25,2.25
2012.03.19 14:03:46.918,0.75649,0.75676,2.25,2.25
2012.03.19 14:03:47.102,0.75649,0.75676,3.00,2.25
2012.03.19 14:03:47.248,0.75649,0.75676,2.25,2.25
2012.03.19 14:03:49.235,0.75649,0.75676,3.00,2.25
2012.03.19 14:03:49.453,0.75649,0.75676,2.25,2.25
2012.03.19 14:03:51.958,0.75646,0.75671,3.00,2.25
2012.03.19 14:03:52.246,0.75645,0.75672,2.25,2.25
2012.03.19 14:03:52.382,0.75646,0.7567,3.00,2.25
2012.03.19 14:03:53.050,0.75641,0.75666,3.00,2.25
2012.03.19 14:03:53.464,0.75638,0.75662,3.00,2.25
2012.03.19 14:03:57.574,0.75638,0.75664,3.00,2.25
2012.03.19 14:03:57.985,0.75642,0.75666,2.25,2.25
2012.03.19 14:03:58.116,0.75642,0.75668,3.00,2.25
2012.03.19 14:03:58.301,0.75644,0.75668,2.25,2.25
2012.03.19 14:03:58.693,0.75646,0.75671,2.25,2.25
2012.03.19 14:03:59.013,0.75644,0.75668,2.25,2.25
2012.03.19 14:03:59.096,0.75646,0.75671,2.25,2.25
2012.03.19 14:03:59.224,0.75644,0.75668,3.00,2.25
2012.03.19 14:03:59.804,0.75642,0.75668,3.00,2.25
2012.03.19 14:04:00.103,0.75641,0.75666,3.00,2.25
2012.03.19 14:04:00.658,0.75642,0.75666,3.00,2.25
2012.03.19 14:04:01.736,0.7564,0.75664,3.00,2.25
2012.03.19 14:04:02.578,0.7564,0.75667,3.00,2.25
2012.03.19 14:04:03.407,0.75642,0.75677,3.38,2.25
2012.03.19 14:04:03.497,0.75646,0.75673,3.00,2.25
2012.03.19 14:04:03.722,0.75652,0.75679,3.00,2.25
2012.03.19 14:04:05.391,0.75654,0.7568,2.25,2.25
2012.03.19 14:04:05.794,0.75657,0.75683,2.25,3.00
2012.03.19 14:04:06.851,0.75658,0.75683,2.25,3.00
2012.03.19 14:04:08.754,0.75658,0.75683,2.25,3.00
2012.03.19 14:04:09.111,0.75654,0.7568,2.25,2.25
2012.03.19 14:04:09.244,0.75651,0.75675,2.25,2.25
2012.03.19 14:04:10.076,0.7565,0.75677,2.25,2.25
2012.03.19 14:04:11.021,0.7565,0.75677,3.00,2.25
2012.03.19 14:04:12.603,0.7565,0.75677,2.25,2.25
2012.03.19 14:04:14.941,0.7565,0.75677,3.00,2.25
2012.03.19 14:04:15.263,0.75648,0.75672,2.25,2.25
2012.03.19 14:04:15.652,0.75646,0.75673,3.00,2.25
2012.03.19 14:04:15.820,0.75646,0.75673,3.00,2.25
2012.03.19 14:04:15.941,0.75646,0.75673,3.00,2.25
2012.03.19 14:04:16.002,0.75646,0.75673,3.00,2.25
2012.03.19 14:04:16.062,0.75648,0.75672,2.25,2.25
2012.03.19 14:04:16.260,0.75648,0.75674,2.25,2.25
2012.03.19 14:04:17.691,0.75649,0.75675,2.25,2.25
2012.03.19 14:04:20.231,0.75649,0.75675,3.00,2.25
2012.03.19 14:04:20.540,0.75649,0.75675,2.25,2.25
2012.03.19 14:04:27.635,0.75651,0.75675,2.25,2.25
2012.03.19 14:04:27.797,0.7565,0.75677,2.25,2.25
2012.03.19 14:04:28.804,0.7565,0.75676,2.25,3.00
2012.03.19 14:04:32.323,0.75647,0.75673,2.25,2.25
2012.03.19 14:04:32.445,0.75645,0.75671,2.25,2.25
2012.03.19 14:04:33.957,0.75645,0.75671,3.00,2.25
2012.03.19 14:04:34.688,0.75645,0.75671,2.25,2.25
2012.03.19 14:04:35.004,0.75644,0.75668,2.25,2.25
2012.03.19 14:04:35.437,0.75642,0.75667,3.00,2.25
2012.03.19 14:04:36.014,0.75642,0.75668,3.00,2.25
2012.03.19 14:04:38.923,0.75638,0.75662,2.25,2.25
2012.03.19 14:04:40.895,0.75636,0.75663,3.00,2.25
2012.03.19 14:04:45.375,0.75636,0.75663,3.00,2.25
2012.03.19 14:04:46.461,0.75636,0.75663,2.25,2.25
2012.03.19 14:04:46.522,0.75632,0.75658,2.85,2.25
2012.03.19 14:04:46.841,0.75627,0.75653,3.00,2.25
2012.03.19 14:04:47.923,0.75628,0.75654,3.00,2.25
2012.03.19 14:04:49.678,0.75627,0.75653,3.00,2.25
2012.03.19 14:04:50.754,0.75627,0.75653,3.00,2.25
2012.03.19 14:04:51.106,0.75627,0.75653,3.00,2.25
2012.03.19 14:04:51.626,0.75627,0.75653,3.00,2.25
2012.03.19 14:04:51.694,0.75625,0.75649,3.00,2.25
2012.03.19 14:04:51.983,0.75633,0.75657,2.25,2.25
2012.03.19 14:04:52.615,0.75631,0.75658,2.25,2.25
2012.03.19 14:04:53.965,0.75631,0.75658,3.00,2.25
2012.03.19 14:04:54.483,0.75631,0.75658,2.25,3.00
2012.03.19 14:04:54.543,0.75637,0.75661,2.25,3.00
2012.03.19 14:04:54.602,0.75637,0.75661,2.25,2.25
2012.03.19 14:04:59.312,0.75636,0.7566,2.25,2.25
2012.03.19 14:05:00.094,0.75636,0.7566,2.25,3.00
2012.03.19 14:05:00.309,0.75636,0.7566,2.25,2.25
2012.03.19 14:05:00.431,0.75634,0.75661,2.25,2.25
2012.03.19 14:05:00.552,0.75635,0.75659,2.25,2.25
2012.03.19 14:05:03.232,0.75635,0.7566,2.25,2.25
2012.03.19 14:05:04.262,0.75635,0.75659,2.25,2.25
2012.03.19 14:05:05.276,0.75634,0.75661,2.25,2.25
2012.03.19 14:05:11.342,0.75631,0.75655,3.00,2.25
2012.03.19 14:05:11.878,0.75625,0.75652,3.00,2.25
2012.03.19 14:05:12.747,0.75629,0.75653,2.25,2.25
2012.03.19 14:05:13.616,0.75629,0.75655,2.25,2.25
2012.03.19 14:05:14.062,0.75624,0.7565,2.25,2.25
2012.03.19 14:05:14.406,0.75624,0.75648,2.25,2.25
2012.03.19 14:05:16.053,0.75619,0.75645,2.25,2.25
2012.03.19 14:05:17.635,0.75619,0.75645,3.00,2.25
2012.03.19 14:05:18.074,0.75619,0.75645,3.00,2.25
2012.03.19 14:05:18.375,0.7562,0.75645,1.13,2.25
2012.03.19 14:05:18.458,0.75624,0.7565,2.25,2.25
2012.03.19 14:05:19.373,0.75619,0.75647,3.00,2.25
2012.03.19 14:05:19.738,0.75623,0.75649,2.25,3.00
2012.03.19 14:05:20.104,0.75615,0.75641,3.00,2.25
2012.03.19 14:05:20.653,0.75615,0.75639,3.00,2.25
2012.03.19 14:05:21.261,0.75615,0.75639,2.25,2.25
2012.03.19 14:05:21.650,0.7561,0.75635,3.00,2.25
2012.03.19 14:05:21.894,0.75614,0.7564,2.25,2.25
2012.03.19 14:05:21.963,0.75612,0.75637,3.00,2.25
2012.03.19 14:05:22.561,0.75614,0.75638,2.25,2.25
2012.03.19 14:05:22.627,0.75612,0.75638,3.00,2.25
2012.03.19 14:05:23.555,0.75612,0.75638,3.00,2.25
2012.03.19 14:05:23.687,0.75615,0.75639,2.25,2.25
2012.03.19 14:05:23.754,0.75613,0.75639,2.25,2.25
2012.03.19 14:05:24.286,0.75615,0.75639,2.25,2.25
2012.03.19 14:05:25.328,0.75615,0.75639,3.00,2.25
2012.03.19 14:05:25.989,0.75619,0.75645,2.25,2.25
2012.03.19 14:05:26.827,0.75616,0.75643,2.25,2.25
2012.03.19 14:05:28.480,0.75615,0.75639,2.25,2.25
2012.03.19 14:05:29.033,0.75613,0.75639,2.85,2.25
2012.03.19 14:05:32.907,0.75613,0.75639,2.25,2.25
2012.03.19 14:05:33.262,0.75615,0.75639,2.25,2.25
2012.03.19 14:05:36.292,0.75617,0.75641,2.25,2.25
2012.03.19 14:05:36.385,0.75615,0.75641,2.25,2.25
2012.03.19 14:05:38.777,0.75614,0.7564,2.25,2.25
2012.03.19 14:05:38.842,0.75614,0.75638,2.25,2.25
2012.03.19 14:05:41.126,0.75616,0.7564,2.25,2.25
2012.03.19 14:05:45.374,0.75616,0.75642,2.25,2.25
2012.03.19 14:05:45.707,0.75616,0.75642,3.00,2.25
2012.03.19 14:05:45.773,0.75619,0.75643,2.25,2.25
2012.03.19 14:05:47.944,0.75618,0.75642,2.25,2.25
2012.03.19 14:05:48.286,0.75615,0.75641,2.25,2.25
2012.03.19 14:05:49.642,0.75615,0.75639,2.25,2.25
2012.03.19 14:05:50.107,0.75617,0.75641,2.25,2.25
2012.03.19 14:05:50.502,0.75615,0.7564,2.63,2.25
2012.03.19 14:05:51.345,0.75614,0.75639,2.85,2.25
2012.03.19 14:05:52.166,0.75614,0.75638,2.25,2.25
2012.03.19 14:05:52.516,0.75617,0.75642,2.25,2.25
2012.03.19 14:05:53.336,0.75617,0.75643,2.25,2.25
2012.03.19 14:05:58.289,0.75619,0.75643,2.25,2.25
2012.03.19 14:05:59.064,0.75618,0.75642,2.25,2.25
2012.03.19 14:06:00.992,0.75617,0.75642,2.25,2.25
2012.03.19 14:06:02.037,0.75618,0.75642,2.25,2.25
2012.03.19 14:06:04.877,0.75617,0.75642,2.25,2.25
2012.03.19 14:06:05.780,0.75618,0.75642,2.25,2.25
2012.03.19 14:06:06.176,0.75614,0.75638,2.85,2.25
2012.03.19 14:06:07.520,0.75612,0.75638,2.25,2.25
2012.03.19 14:06:07.880,0.7561,0.75635,2.25,2.25
2012.03.19 14:06:08.920,0.75611,0.75635,2.25,2.25
2012.03.19 14:06:09.593,0.75609,0.75636,2.25,2.25
2012.03.19 14:06:10.179,0.75606,0.75632,3.98,2.25
2012.03.19 14:06:11.411,0.75606,0.75632,2.25,2.25
2012.03.19 14:06:12.752,0.75606,0.75633,2.25,3.00
2012.03.19 14:06:14.338,0.75605,0.75631,2.63,2.25
2012.03.19 14:06:16.129,0.75608,0.75636,2.25,2.25
2012.03.19 14:06:16.271,0.75606,0.75636,3.00,2.25
2012.03.19 14:06:16.332,0.75606,0.75636,2.25,3.00
2012.03.19 14:06:16.557,0.75606,0.75636,3.00,2.25
2012.03.19 14:06:16.622,0.75612,0.75638,2.25,3.00
2012.03.19 14:06:16.938,0.7561,0.75636,2.25,3.00
2012.03.19 14:06:17.002,0.7561,0.75636,2.25,2.25
2012.03.19 14:06:17.491,0.75607,0.75634,2.25,3.00
2012.03.19 14:06:17.859,0.75609,0.75633,2.25,2.25
2012.03.19 14:06:18.329,0.75609,0.75635,2.25,2.25
2012.03.19 14:06:18.544,0.75609,0.75635,2.25,3.00
2012.03.19 14:06:19.334,0.75613,0.75637,2.25,2.25
2012.03.19 14:06:21.067,0.75611,0.75637,2.25,2.25
2012.03.19 14:06:21.281,0.75613,0.75637,2.25,2.25
2012.03.19 14:06:22.187,0.75613,0.75637,3.00,2.25
2012.03.19 14:06:22.371,0.75617,0.75642,2.25,2.25
2012.03.19 14:06:22.431,0.7562,0.7565,2.25,3.00
2012.03.19 14:06:22.799,0.75617,0.75642,2.25,2.25
2012.03.19 14:06:27.261,0.75618,0.75644,2.25,3.00
2012.03.19 14:06:27.546,0.7562,0.75644,2.25,3.00
2012.03.19 14:06:28.233,0.75619,0.75643,2.25,2.25
2012.03.19 14:06:28.989,0.75622,0.75646,2.25,3.00
2012.03.19 14:06:29.398,0.75622,0.75646,2.25,2.25
2012.03.19 14:06:29.467,0.75622,0.75648,2.25,3.00
2012.03.19 14:06:29.945,0.75624,0.75648,2.25,3.00
2012.03.19 14:06:30.225,0.75615,0.75639,3.23,3.00
2012.03.19 14:06:30.296,0.75617,0.75645,2.25,3.00
2012.03.19 14:06:30.541,0.75613,0.75639,2.25,3.00
2012.03.19 14:06:30.881,0.75616,0.75646,2.25,3.00
2012.03.19 14:06:30.992,0.75614,0.75638,2.25,2.25
2012.03.19 14:06:35.475,0.75612,0.75637,2.25,2.25
2012.03.19 14:06:35.919,0.75614,0.75638,2.25,3.00
2012.03.19 14:06:36.029,0.75612,0.75638,2.25,3.00
2012.03.19 14:06:36.676,0.75614,0.75638,2.25,3.00
2012.03.19 14:06:37.263,0.75615,0.75639,2.25,2.25
2012.03.19 14:06:38.261,0.75614,0.75638,2.25,2.25
2012.03.19 14:06:46.390,0.75615,0.75639,2.25,3.00
2012.03.19 14:06:47.094,0.75615,0.75639,2.25,3.00
2012.03.19 14:06:48.302,0.75616,0.7564,2.25,2.25
2012.03.19 14:06:48.789,0.75614,0.7564,2.25,3.00
2012.03.19 14:06:49.521,0.75614,0.7564,2.25,2.25
2012.03.19 14:06:49.997,0.75618,0.75644,2.25,3.00
2012.03.19 14:06:50.312,0.75612,0.75642,2.85,3.00
2012.03.19 14:06:50.565,0.75614,0.75642,2.25,3.00
2012.03.19 14:06:51.392,0.75614,0.75644,2.25,3.00
2012.03.19 14:06:52.888,0.75614,0.75644,2.63,3.00
2012.03.19 14:06:53.425,0.75621,0.75645,2.25,3.00
2012.03.19 14:06:53.494,0.75615,0.75643,2.25,3.00
2012.03.19 14:06:53.762,0.7562,0.75646,2.25,2.25
2012.03.19 14:06:54.542,0.7562,0.75646,2.25,3.00
2012.03.19 14:06:54.815,0.75615,0.75643,2.25,3.00
2012.03.19 14:06:54.882,0.75615,0.75643,2.25,3.00
2012.03.19 14:06:55.353,0.75615,0.75643,2.25,3.00
2012.03.19 14:06:55.476,0.75613,0.75643,2.25,3.00
2012.03.19 14:06:56.533,0.75617,0.75647,2.25,3.00
2012.03.19 14:06:57.361,0.75612,0.75652,1.73,1.13
2012.03.19 14:06:57.423,0.75613,0.75652,1.13,1.13
2012.03.19 14:06:59.215,0.75617,0.75647,3.00,2.25
2012.03.19 14:06:59.646,0.75619,0.75647,2.25,2.25
2012.03.19 14:07:00.986,0.75619,0.75649,2.25,3.00
2012.03.19 14:07:02.190,0.75618,0.75648,2.25,3.00
2012.03.19 14:07:02.675,0.75618,0.75646,2.25,2.25
2012.03.19 14:07:03.195,0.75618,0.75648,2.25,3.00
2012.03.19 14:07:03.263,0.75618,0.75648,2.25,3.00
2012.03.19 14:07:04.703,0.75618,0.75648,2.25,3.00
2012.03.19 14:07:04.763,0.75618,0.75648,2.25,3.00
2012.03.19 14:07:05.039,0.75618,0.75648,2.25,2.25
2012.03.19 14:07:05.362,0.75618,0.75648,2.25,3.00
2012.03.19 14:07:05.425,0.75618,0.75648,2.25,2.25
2012.03.19 14:07:06.422,0.7562,0.75648,2.25,2.25
2012.03.19 14:07:12.853,0.75619,0.75647,2.25,2.25
2012.03.19 14:07:15.414,0.75619,0.75647,2.25,3.00
2012.03.19 14:07:19.456,0.75617,0.75647,2.63,3.00
2012.03.19 14:07:19.642,0.75617,0.75647,3.38,2.25
2012.03.19 14:07:19.702,0.7562,0.75648,2.25,3.00
2012.03.19 14:07:20.185,0.75621,0.75651,3.00,2.25
2012.03.19 14:07:20.252,0.75624,0.75654,2.25,3.00
2012.03.19 14:07:20.312,0.75622,0.7565,2.25,3.00
2012.03.19 14:07:20.373,0.75622,0.7565,2.25,2.25
2012.03.19 14:07:21.613,0.75622,0.7565,2.25,3.00
2012.03.19 14:07:22.226,0.75621,0.75649,2.25,3.00
2012.03.19 14:07:22.417,0.75618,0.75648,2.85,3.00
2012.03.19 14:07:22.549,0.7562,0.75646,2.25,2.25
2012.03.19 14:07:23.112,0.7562,0.75647,3.00,2.25
2012.03.19 14:07:23.177,0.75626,0.75653,2.25,2.25
2012.03.19 14:07:23.394,0.75624,0.75654,2.25,3.00
2012.03.19 14:07:23.924,0.75626,0.75653,2.25,3.00
2012.03.19 14:07:26.228,0.75628,0.75658,2.25,3.00
2012.03.19 14:07:27.212,0.75621,0.7566,1.13,1.13
2012.03.19 14:07:28.021,0.75624,0.75661,1.13,1.35
2012.03.19 14:07:29.328,0.75629,0.75659,2.25,3.00
2012.03.19 14:07:29.706,0.75631,0.75661,2.25,3.00
2012.03.19 14:07:31.505,0.7563,0.75658,2.25,2.25
2012.03.19 14:07:33.161,0.7563,0.7566,2.25,3.00
2012.03.19 14:07:33.640,0.75633,0.75661,2.25,3.00
2012.03.19 14:07:35.082,0.75629,0.75655,2.25,2.25
2012.03.19 14:07:35.421,0.75629,0.75655,2.25,3.00
2012.03.19 14:07:35.481,0.75624,0.75652,2.25,2.25
2012.03.19 14:07:36.991,0.75624,0.75652,3.00,2.25
2012.03.19 14:07:37.214,0.75624,0.75652,2.25,2.25
2012.03.19 14:07:37.285,0.75621,0.75646,3.00,2.25
2012.03.19 14:07:38.125,0.75621,0.75646,3.00,2.25
2012.03.19 14:07:39.218,0.75622,0.75646,2.25,2.25
2012.03.19 14:07:41.656,0.75622,0.75648,2.25,2.25
2012.03.19 14:07:42.244,0.75627,0.75651,3.00,2.25
2012.03.19 14:07:42.844,0.75625,0.75652,3.00,2.25
2012.03.19 14:07:44.185,0.75625,0.75651,3.00,2.25
2012.03.19 14:07:45.195,0.75625,0.75651,2.25,2.25
2012.03.19 14:07:45.837,0.75625,0.75652,3.00,2.25
2012.03.19 14:07:46.184,0.75629,0.75655,2.25,2.25
2012.03.19 14:07:46.560,0.75627,0.75653,3.00,2.25
2012.03.19 14:07:47.688,0.75627,0.75651,2.25,2.25
2012.03.19 14:07:48.333,0.75627,0.75653,2.25,2.25
2012.03.19 14:07:48.399,0.7563,0.75654,2.25,2.25
2012.03.19 14:07:49.001,0.75631,0.75657,2.25,3.00
2012.03.19 14:07:49.598,0.7563,0.75657,2.25,3.00
2012.03.19 14:07:50.142,0.75629,0.75655,2.25,3.00
2012.03.19 14:07:50.442,0.7563,0.75655,2.25,2.25
2012.03.19 14:07:52.648,0.7563,0.75654,2.25,2.25
2012.03.19 14:07:52.774,0.75626,0.75652,3.00,2.25
2012.03.19 14:07:53.645,0.75627,0.75651,2.25,2.25
2012.03.19 14:07:54.648,0.75626,0.7565,3.00,2.25
2012.03.19 14:07:55.284,0.75625,0.75652,3.00,2.25
2012.03.19 14:07:55.910,0.75625,0.75652,3.00,2.25
2012.03.19 14:07:56.984,0.75631,0.75656,2.25,2.25
2012.03.19 14:07:57.448,0.75634,0.75658,2.25,2.25
2012.03.19 14:07:57.598,0.75632,0.75658,2.25,2.25
2012.03.19 14:07:57.661,0.75629,0.75653,2.25,2.25
2012.03.19 14:07:58.912,0.75634,0.75658,2.25,2.25
2012.03.19 14:07:59.473,0.75635,0.7566,2.25,2.25
2012.03.19 14:08:00.246,0.75637,0.75661,2.25,2.25
2012.03.19 14:08:00.802,0.75639,0.75665,2.25,3.00
2012.03.19 14:08:01.419,0.7564,0.75665,2.25,3.00
2012.03.19 14:08:02.120,0.75635,0.75661,2.25,3.00
2012.03.19 14:08:02.247,0.75621,0.75647,3.00,2.25
2012.03.19 14:08:02.867,0.75623,0.75647,2.25,2.25
2012.03.19 14:08:03.452,0.75622,0.75648,2.25,2.25
2012.03.19 14:08:05.556,0.75621,0.75645,3.00,2.25
2012.03.19 14:08:07.712,0.75619,0.75646,3.00,2.25
2012.03.19 14:08:07.777,0.75624,0.75651,2.25,2.25
2012.03.19 14:08:08.924,0.75625,0.75653,2.25,2.25
2012.03.19 14:08:09.039,0.75624,0.75651,2.25,2.25
2012.03.19 14:08:09.639,0.75624,0.75652,2.25,2.25
2012.03.19 14:08:12.882,0.75624,0.75654,2.25,3.00
2012.03.19 14:08:13.001,0.75626,0.75654,2.25,3.00
2012.03.19 14:08:13.089,0.75623,0.75652,2.25,2.25
2012.03.19 14:08:13.153,0.75623,0.75652,3.00,2.25
2012.03.19 14:08:13.385,0.75623,0.75652,2.25,2.25
2012.03.19 14:08:13.774,0.75618,0.75648,3.00,2.25
2012.03.19 14:08:14.276,0.75617,0.75647,3.00,2.25
2012.03.19 14:08:14.998,0.75617,0.75647,3.00,2.25
2012.03.19 14:08:15.143,0.75622,0.7565,2.25,2.25
2012.03.19 14:08:15.988,0.7562,0.75648,3.00,2.25
2012.03.19 14:08:17.541,0.75623,0.75652,2.25,2.25
2012.03.19 14:08:18.451,0.75623,0.75652,2.25,3.00
2012.03.19 14:08:18.841,0.75619,0.75646,2.25,2.25
2012.03.19 14:08:20.438,0.75619,0.75646,3.00,2.25
2012.03.19 14:08:20.828,0.75625,0.75653,3.00,2.25
2012.03.19 14:08:20.993,0.75625,0.75653,2.25,2.25
2012.03.19 14:08:21.051,0.75622,0.75646,2.25,2.25
2012.03.19 14:08:21.306,0.7562,0.75645,2.25,2.25
2012.03.19 14:08:22.115,0.75624,0.75651,2.25,3.00
2012.03.19 14:08:22.665,0.75623,0.75652,2.25,3.00
2012.03.19 14:08:23.412,0.75623,0.75652,2.25,2.25
2012.03.19 14:08:23.924,0.75624,0.75654,2.25,3.00
2012.03.19 14:08:24.669,0.75622,0.75646,2.25,2.25
2012.03.19 14:08:25.131,0.75622,0.75648,2.25,3.00
2012.03.19 14:08:25.873,0.75621,0.75647,2.25,2.25
2012.03.19 14:08:25.937,0.75621,0.75647,3.00,2.25
2012.03.19 14:08:26.401,0.75628,0.75654,2.25,3.00
2012.03.19 14:08:27.509,0.75624,0.75648,2.63,2.25
2012.03.19 14:08:27.724,0.75628,0.75654,2.25,3.00
2012.03.19 14:08:27.944,0.75624,0.75648,2.63,2.25
2012.03.19 14:08:32.346,0.75628,0.75654,2.25,3.00
2012.03.19 14:08:36.006,0.75628,0.75654,2.25,3.00
2012.03.19 14:08:36.074,0.75628,0.75654,2.25,3.00
2012.03.19 14:08:36.635,0.75629,0.75653,2.25,3.00
2012.03.19 14:08:37.488,0.75629,0.75653,2.25,2.25
2012.03.19 14:08:37.853,0.75627,0.75651,2.25,2.25
2012.03.19 14:08:38.034,0.75622,0.75648,2.25,3.00
2012.03.19 14:08:38.106,0.75619,0.75646,2.25,2.25
2012.03.19 14:08:38.173,0.75619,0.75646,3.00,2.25
2012.03.19 14:08:38.310,0.75622,0.75649,2.25,2.25
2012.03.19 14:08:38.717,0.75628,0.75652,2.25,2.25
2012.03.19 14:08:38.811,0.75628,0.75654,2.25,3.00
2012.03.19 14:08:38.871,0.75628,0.75654,2.25,3.00
2012.03.19 14:08:39.193,0.75627,0.75653,2.25,2.25
2012.03.19 14:08:39.856,0.75627,0.75653,2.25,3.00
2012.03.19 14:08:40.904,0.75627,0.75653,2.25,2.25
2012.03.19 14:08:41.235,0.7563,0.75654,2.25,3.00
2012.03.19 14:08:43.259,0.75627,0.75653,2.25,2.25
2012.03.19 14:08:43.567,0.75625,0.75651,2.25,2.25
2012.03.19 14:08:44.464,0.75627,0.75651,2.25,2.25
2012.03.19 14:08:44.985,0.75625,0.75651,2.25,2.25
2012.03.19 14:08:45.189,0.75625,0.75651,3.00,2.25
2012.03.19 14:08:45.307,0.75625,0.75651,2.25,2.25
2012.03.19 14:08:45.663,0.75624,0.75648,2.25,2.25
2012.03.19 14:08:45.832,0.75621,0.75647,3.00,2.25
2012.03.19 14:08:45.994,0.75623,0.75649,2.25,2.25
2012.03.19 14:08:48.142,0.75625,0.7565,2.25,3.00
2012.03.19 14:08:48.873,0.75624,0.75648,2.25,2.25
2012.03.19 14:08:49.834,0.75625,0.75649,2.25,3.00
2012.03.19 14:08:58.868,0.75625,0.75649,2.25,3.00
2012.03.19 14:09:00.078,0.75617,0.75647,3.60,2.25
2012.03.19 14:09:00.149,0.75613,0.75641,2.10,2.25
2012.03.19 14:09:00.217,0.75611,0.75641,3.00,2.25
2012.03.19 14:09:00.355,0.75611,0.75641,2.25,3.00
2012.03.19 14:09:00.423,0.75609,0.75638,2.25,3.00
2012.03.19 14:09:00.917,0.75609,0.75639,3.00,2.25
2012.03.19 14:09:01.133,0.7561,0.7564,2.25,3.00
2012.03.19 14:09:01.697,0.75611,0.7564,1.13,2.25
2012.03.19 14:09:01.826,0.75616,0.75646,3.00,2.25
2012.03.19 14:09:01.956,0.75617,0.75647,2.25,3.00
2012.03.19 14:09:02.290,0.75615,0.75642,2.25,2.25
2012.03.19 14:09:05.785,0.75612,0.75642,2.25,2.25
2012.03.19 14:09:06.372,0.75615,0.75643,2.25,2.25
2012.03.19 14:09:08.734,0.75616,0.75644,2.25,3.00
2012.03.19 14:09:10.483,0.75616,0.75644,2.25,3.00
2012.03.19 14:09:10.813,0.75616,0.75644,2.25,3.00
2012.03.19 14:09:10.876,0.75613,0.75637,2.25,2.25
2012.03.19 14:09:12.666,0.75613,0.75639,2.25,3.00
2012.03.19 14:09:13.388,0.75614,0.75638,2.25,2.25
2012.03.19 14:09:13.833,0.75612,0.75638,2.25,2.25
2012.03.19 14:09:14.059,0.7561,0.75636,3.00,2.25
2012.03.19 14:09:14.198,0.7561,0.75636,2.25,2.25
2012.03.19 14:09:15.503,0.75604,0.75634,2.85,3.00
2012.03.19 14:09:15.647,0.75604,0.75634,2.25,3.00
2012.03.19 14:09:15.853,0.756,0.75626,3.00,2.25
2012.03.19 14:09:16.517,0.756,0.75625,3.00,2.25
2012.03.19 14:09:17.239,0.756,0.75625,2.25,2.25
2012.03.19 14:09:17.349,0.75602,0.75628,2.25,3.00
2012.03.19 14:09:18.545,0.75604,0.75628,2.25,3.00
2012.03.19 14:09:18.678,0.75602,0.75628,2.25,3.00
2012.03.19 14:09:19.275,0.75602,0.75626,3.00,2.25
2012.03.19 14:09:19.342,0.75602,0.75628,3.00,2.25
2012.03.19 14:09:19.866,0.75604,0.75628,2.25,2.25
2012.03.19 14:09:20.232,0.75603,0.7563,3.23,2.25
2012.03.19 14:09:20.292,0.75609,0.75633,2.25,2.25
2012.03.19 14:09:20.388,0.75607,0.75633,2.25,2.25
2012.03.19 14:09:21.273,0.75603,0.75629,2.85,2.25
2012.03.19 14:09:21.442,0.75603,0.75629,2.25,3.00
2012.03.19 14:09:21.563,0.75591,0.75626,1.13,2.25
2012.03.19 14:09:22.107,0.75591,0.75625,1.13,2.25
2012.03.19 14:09:22.798,0.75591,0.75625,1.13,3.00
2012.03.19 14:09:24.023,0.7559,0.75622,1.35,2.25
2012.03.19 14:09:24.518,0.75588,0.75622,1.13,2.25
2012.03.19 14:09:24.871,0.75585,0.75621,3.00,2.25
2012.03.19 14:09:24.938,0.75591,0.75619,3.00,2.25
2012.03.19 14:09:25.398,0.75591,0.75619,3.00,2.25
2012.03.19 14:09:25.742,0.75598,0.75622,2.25,2.25
2012.03.19 14:09:25.867,0.75599,0.75626,2.25,2.25
2012.03.19 14:09:26.183,0.75601,0.75625,2.25,2.25
2012.03.19 14:09:26.877,0.75594,0.75624,3.00,2.25
2012.03.19 14:09:27.107,0.75596,0.75626,3.00,2.25
2012.03.19 14:09:27.380,0.75596,0.75626,3.00,2.25
2012.03.19 14:09:27.445,0.75598,0.75628,2.25,2.25
2012.03.19 14:09:27.825,0.756,0.75628,3.00,2.25
2012.03.19 14:09:28.696,0.75601,0.75629,2.25,3.00
2012.03.19 14:09:29.236,0.75601,0.75629,3.00,2.25
2012.03.19 14:09:30.323,0.75601,0.75629,2.25,3.00
2012.03.19 14:09:31.014,0.75602,0.7563,3.00,2.25
2012.03.19 14:09:32.552,0.75603,0.7563,2.25,2.25
2012.03.19 14:09:33.762,0.75602,0.7563,3.00,2.25
2012.03.19 14:09:35.115,0.75597,0.75627,3.38,2.25
2012.03.19 14:09:35.363,0.75597,0.75627,3.00,2.25
2012.03.19 14:09:35.423,0.75597,0.75627,3.38,2.25
2012.03.19 14:09:36.455,0.75604,0.75628,3.00,2.25
2012.03.19 14:09:36.674,0.75604,0.75628,2.25,2.25
2012.03.19 14:09:37.501,0.75598,0.75626,3.00,2.25
2012.03.19 14:09:38.983,0.75598,0.75626,3.00,2.25
2012.03.19 14:09:39.270,0.75601,0.75629,3.00,2.25
2012.03.19 14:09:39.345,0.75603,0.7563,2.25,2.25
2012.03.19 14:09:39.709,0.75601,0.75631,3.00,2.25
2012.03.19 14:09:39.873,0.75601,0.75629,3.00,2.25
2012.03.19 14:09:40.187,0.75603,0.75629,1.13,2.25
2012.03.19 14:09:40.252,0.75607,0.75631,2.25,2.25
2012.03.19 14:09:42.913,0.75603,0.7563,2.25,2.25
2012.03.19 14:09:43.318,0.75606,0.7563,2.25,2.25
2012.03.19 14:09:43.391,0.75604,0.7563,2.25,2.25
2012.03.19 14:09:44.151,0.75604,0.75628,2.25,2.25
2012.03.19 14:09:44.806,0.75604,0.75628,3.00,2.25
2012.03.19 14:09:44.878,0.75605,0.75631,3.00,2.25
2012.03.19 14:09:45.005,0.75608,0.75634,2.25,2.25
2012.03.19 14:09:46.635,0.75607,0.75633,2.25,2.25
2012.03.19 14:09:46.728,0.75607,0.75631,2.25,2.25
2012.03.19 14:09:47.458,0.75603,0.7563,3.00,2.25
2012.03.19 14:09:47.896,0.75603,0.7563,2.25,2.25
2012.03.19 14:09:48.067,0.75607,0.75631,2.25,2.25
2012.03.19 14:09:48.933,0.75604,0.75628,2.25,2.25
2012.03.19 14:09:50.757,0.75604,0.75628,3.00,2.25
2012.03.19 14:09:50.884,0.75604,0.75628,2.25,2.25
2012.03.19 14:09:51.037,0.75602,0.75626,2.25,2.25
2012.03.19 14:09:51.522,0.75605,0.75631,2.25,2.25
2012.03.19 14:09:52.082,0.75605,0.75631,3.00,2.25
2012.03.19 14:09:52.262,0.75608,0.75632,2.25,2.25
2012.03.19 14:09:54.054,0.75609,0.75635,2.25,2.25
2012.03.19 14:09:54.178,0.75609,0.75635,3.00,2.25
2012.03.19 14:09:54.517,0.75609,0.75635,2.25,2.25
2012.03.19 14:09:54.726,0.75609,0.75635,3.00,2.25
2012.03.19 14:09:55.379,0.75611,0.75635,2.25,2.25
2012.03.19 14:09:56.199,0.7561,0.75636,2.25,2.25
2012.03.19 14:09:57.580,0.75609,0.75635,2.25,2.25
2012.03.19 14:09:58.335,0.75609,0.75634,2.25,2.25
2012.03.19 14:10:00.504,0.7561,0.75634,2.25,2.25
2012.03.19 14:10:00.609,0.75613,0.75638,2.25,2.25
2012.03.19 14:10:01.512,0.75612,0.75638,2.25,2.25
2012.03.19 14:10:01.843,0.75612,0.75636,3.00,2.25
2012.03.19 14:10:08.662,0.75606,0.75632,3.00,2.25
2012.03.19 14:10:09.367,0.75606,0.7563,3.38,2.25
2012.03.19 14:10:09.614,0.75611,0.75635,2.25,2.25
2012.03.19 14:10:10.886,0.7561,0.75636,2.25,2.25
2012.03.19 14:10:11.435,0.75609,0.75635,2.25,2.25
2012.03.19 14:10:11.501,0.75609,0.75635,3.00,2.25
2012.03.19 14:10:12.033,0.75609,0.75635,2.25,2.25
2012.03.19 14:10:12.223,0.75608,0.75632,2.25,2.25
2012.03.19 14:10:13.073,0.75606,0.75633,3.00,2.25
2012.03.19 14:10:13.325,0.75604,0.75628,3.00,2.25
2012.03.19 14:10:13.457,0.75609,0.75633,2.25,2.25
2012.03.19 14:10:15.522,0.75606,0.7563,3.00,2.25
2012.03.19 14:10:16.397,0.75608,0.75632,2.25,2.25
2012.03.19 14:10:16.522,0.75608,0.75634,2.25,2.25
2012.03.19 14:10:16.893,0.75606,0.75632,2.25,2.25
2012.03.19 14:10:17.591,0.75612,0.75636,2.25,2.25
2012.03.19 14:10:17.657,0.75609,0.75639,2.25,3.00
2012.03.19 14:10:18.034,0.75608,0.75638,2.25,3.00
2012.03.19 14:10:18.150,0.75604,0.75634,2.25,3.00
2012.03.19 14:10:18.724,0.75606,0.75636,2.25,3.00
2012.03.19 14:10:18.918,0.75607,0.75637,2.25,2.25
2012.03.19 14:10:18.983,0.75609,0.75639,2.25,3.00
2012.03.19 14:10:20.483,0.75609,0.75639,2.25,3.00
2012.03.19 14:10:20.566,0.75606,0.75632,2.25,2.25
2012.03.19 14:10:21.877,0.75606,0.75632,3.00,2.25
2012.03.19 14:10:22.072,0.75606,0.75632,3.38,2.25
2012.03.19 14:10:22.136,0.75613,0.75639,2.25,2.25
2012.03.19 14:10:22.722,0.75614,0.75641,2.25,3.00
2012.03.19 14:10:23.066,0.75614,0.75641,2.25,2.25
2012.03.19 14:10:23.302,0.75614,0.75641,2.25,3.00
2012.03.19 14:10:23.399,0.75614,0.75641,2.25,2.25
2012.03.19 14:10:24.972,0.75614,0.75641,3.00,2.25
2012.03.19 14:10:25.089,0.75617,0.75643,3.00,2.25
2012.03.19 14:10:29.180,0.75619,0.75643,2.25,3.00
2012.03.19 14:10:29.624,0.75617,0.75643,2.25,3.00
2012.03.19 14:10:30.338,0.75616,0.75642,2.25,2.25
2012.03.19 14:10:30.403,0.75616,0.75642,2.25,3.00
2012.03.19 14:10:30.524,0.75616,0.75642,2.25,2.25
2012.03.19 14:10:30.734,0.75615,0.7564,2.25,2.25
2012.03.19 14:10:34.116,0.75613,0.75639,2.25,2.25
2012.03.19 14:10:34.651,0.75613,0.75639,3.00,2.25
2012.03.19 14:10:35.341,0.75613,0.7564,3.00,2.25
2012.03.19 14:10:39.614,0.75613,0.75639,3.00,2.25
2012.03.19 14:10:43.737,0.75617,0.75643,2.25,2.25
2012.03.19 14:10:43.804,0.75617,0.75643,3.00,2.25
2012.03.19 14:10:43.932,0.75618,0.75644,2.25,2.25
2012.03.19 14:10:44.691,0.75619,0.75644,2.25,2.25
2012.03.19 14:10:45.964,0.75621,0.75645,2.25,2.25
2012.03.19 14:10:47.123,0.75621,0.75647,3.00,2.25
2012.03.19 14:10:52.943,0.75622,0.75648,2.25,2.25
2012.03.19 14:10:54.052,0.75617,0.75645,3.00,2.25
2012.03.19 14:10:54.173,0.75617,0.75645,2.25,3.00
2012.03.19 14:10:54.468,0.7561,0.75644,1.13,3.00
2012.03.19 14:10:57.266,0.75609,0.75644,3.00,2.25
2012.03.19 14:10:57.334,0.75609,0.75644,3.00,3.00
2012.03.19 14:10:57.405,0.75615,0.75643,2.25,2.25
2012.03.19 14:10:58.855,0.75615,0.75643,3.00,2.25
2012.03.19 14:10:58.988,0.75615,0.75645,3.00,2.25
2012.03.19 14:10:59.685,0.75616,0.75646,3.00,2.25
2012.03.19 14:11:00.761,0.75615,0.75643,2.25,3.00
2012.03.19 14:11:02.090,0.75615,0.75643,3.00,2.25
2012.03.19 14:11:04.237,0.75615,0.75643,2.25,3.00
2012.03.19 14:11:04.489,0.75615,0.75645,3.00,2.25
2012.03.19 14:11:04.971,0.75616,0.75646,3.00,2.25
2012.03.19 14:11:06.378,0.75616,0.75646,3.00,2.25
2012.03.19 14:11:08.316,0.75616,0.75646,3.00,2.25
2012.03.19 14:11:08.435,0.75616,0.75644,3.00,2.25
2012.03.19 14:11:11.412,0.75614,0.75642,3.00,2.25
2012.03.19 14:11:12.745,0.75615,0.75643,3.00,2.25
2012.03.19 14:11:13.226,0.75615,0.75645,3.00,2.25
2012.03.19 14:11:14.499,0.75615,0.75643,3.00,2.25
2012.03.19 14:11:16.092,0.75616,0.75644,3.00,2.25
2012.03.19 14:11:16.512,0.75612,0.75638,3.00,2.25
2012.03.19 14:11:17.365,0.75607,0.75635,3.00,2.25
2012.03.19 14:11:17.435,0.75607,0.75635,3.00,2.25
2012.03.19 14:11:17.584,0.75613,0.75637,2.25,2.25
2012.03.19 14:11:17.796,0.75607,0.75633,3.00,2.25
2012.03.19 14:11:17.861,0.75607,0.75633,3.00,2.25
2012.03.19 14:11:17.923,0.75606,0.75636,3.00,2.25
2012.03.19 14:11:18.354,0.75603,0.75629,3.00,2.25
2012.03.19 14:11:18.643,0.75603,0.75629,2.25,2.25
2012.03.19 14:11:19.128,0.75603,0.75627,2.25,2.25
2012.03.19 14:11:19.341,0.75605,0.75631,2.25,2.25
2012.03.19 14:11:20.018,0.75603,0.7563,3.00,2.25
2012.03.19 14:11:20.839,0.75603,0.7563,2.25,2.25
2012.03.19 14:11:21.120,0.75603,0.7563,3.00,2.25
2012.03.19 14:11:21.969,0.75607,0.75631,2.25,2.25
2012.03.19 14:11:22.709,0.75604,0.75629,3.00,2.25
2012.03.19 14:11:25.004,0.75604,0.7563,3.00,2.25
2012.03.19 14:11:26.586,0.75605,0.75631,3.00,2.25
2012.03.19 14:11:32.316,0.75605,0.75629,3.00,2.25
2012.03.19 14:11:35.945,0.75605,0.75631,3.00,2.25
2012.03.19 14:11:36.737,0.75605,0.75631,2.25,2.25
2012.03.19 14:11:36.863,0.75598,0.75637,1.35,1.13
2012.03.19 14:11:36.924,0.7559,0.75633,1.13,1.73
2012.03.19 14:11:37.063,0.7559,0.75634,1.13,3.60
2012.03.19 14:11:37.888,0.7559,0.75633,1.13,1.73
2012.03.19 14:11:38.762,0.75591,0.75633,1.13,1.13
2012.03.19 14:11:39.427,0.75593,0.75629,3.00,2.25
2012.03.19 14:11:39.926,0.75602,0.7563,3.00,2.25
2012.03.19 14:11:40.353,0.75602,0.7563,3.00,2.25
2012.03.19 14:11:40.472,0.75602,0.7563,3.00,2.25
2012.03.19 14:11:40.591,0.75607,0.75633,3.00,2.25
2012.03.19 14:11:44.313,0.75608,0.75634,2.25,2.25
2012.03.19 14:11:45.942,0.75608,0.75634,2.25,3.00
2012.03.19 14:11:46.871,0.75608,0.75634,2.25,2.25
2012.03.19 14:11:56.699,0.75608,0.75634,2.25,3.00
2012.03.19 14:11:56.887,0.75599,0.75626,2.25,2.25
2012.03.19 14:11:57.088,0.75601,0.75627,2.25,2.25
2012.03.19 14:11:58.766,0.75598,0.75628,3.00,2.25
2012.03.19 14:11:58.833,0.75598,0.75628,2.25,2.25
2012.03.19 14:11:58.893,0.75599,0.75629,2.25,3.00
2012.03.19 14:11:59.014,0.75582,0.75608,3.38,2.25
2012.03.19 14:11:59.247,0.75591,0.75616,3.00,2.25
2012.03.19 14:11:59.316,0.7559,0.75614,3.00,2.25
2012.03.19 14:11:59.443,0.75594,0.75619,2.25,2.85
2012.03.19 14:11:59.503,0.75594,0.75619,2.25,2.25
2012.03.19 14:11:59.792,0.75589,0.75615,3.00,2.25
2012.03.19 14:12:00.104,0.75589,0.75615,2.25,2.25
2012.03.19 14:12:00.334,0.75591,0.75616,2.25,2.25
2012.03.19 14:12:02.207,0.75589,0.75615,2.25,2.25
2012.03.19 14:12:02.278,0.75593,0.7562,2.25,2.25
2012.03.19 14:12:02.405,0.75592,0.75618,3.00,2.25
2012.03.19 14:12:02.748,0.75592,0.75618,3.00,2.25
2012.03.19 14:12:03.298,0.75592,0.75618,2.25,2.25
2012.03.19 14:12:06.675,0.75593,0.75617,2.25,2.25
2012.03.19 14:12:12.830,0.75588,0.75612,3.00,2.25
2012.03.19 14:12:13.412,0.75587,0.75611,3.00,2.25
2012.03.19 14:12:13.775,0.75587,0.75611,3.00,2.25
2012.03.19 14:12:14.134,0.75582,0.75607,3.00,2.25
2012.03.19 14:12:14.245,0.75587,0.75611,3.00,2.25
2012.03.19 14:12:17.766,0.75585,0.7561,3.00,2.25
2012.03.19 14:12:20.647,0.75585,0.7561,3.00,2.25
2012.03.19 14:12:27.770,0.75585,0.75611,3.00,2.25
2012.03.19 14:12:28.452,0.75587,0.75613,3.00,2.25
2012.03.19 14:12:30.336,0.75588,0.75614,2.25,2.25
2012.03.19 14:12:30.574,0.75589,0.75616,2.25,2.25
2012.03.19 14:12:30.693,0.75592,0.75616,2.25,2.25
2012.03.19 14:12:32.752,0.75592,0.75618,2.25,2.25
2012.03.19 14:12:34.047,0.75588,0.75612,3.00,2.25
2012.03.19 14:12:34.177,0.75588,0.75612,2.25,2.25
2012.03.19 14:12:41.863,0.75588,0.75612,3.00,2.25
2012.03.19 14:12:42.066,0.75597,0.75622,2.25,2.25
2012.03.19 14:12:42.406,0.75593,0.75617,2.25,2.25
2012.03.19 14:12:43.494,0.75591,0.75617,3.00,2.25
2012.03.19 14:12:45.075,0.7559,0.75616,3.00,2.25
2012.03.19 14:12:45.182,0.75594,0.75618,2.25,2.25
2012.03.19 14:12:45.496,0.75588,0.75615,2.25,2.25
2012.03.19 14:12:45.609,0.75594,0.75618,2.25,2.25
2012.03.19 14:12:46.036,0.75596,0.7562,2.25,2.25
2012.03.19 14:12:47.264,0.756,0.75625,2.25,3.00
2012.03.19 14:12:47.541,0.756,0.75625,2.25,2.25
2012.03.19 14:12:48.675,0.756,0.75625,2.25,3.00
2012.03.19 14:12:48.803,0.75595,0.75621,2.25,2.25
2012.03.19 14:12:49.215,0.75599,0.75626,2.25,3.00
2012.03.19 14:12:49.456,0.75599,0.75626,2.25,2.25
2012.03.19 14:12:50.094,0.75599,0.75626,3.00,2.25
2012.03.19 14:12:50.992,0.75599,0.75626,2.25,2.25
2012.03.19 14:12:51.654,0.75599,0.75626,2.25,3.00
2012.03.19 14:12:53.461,0.75599,0.75626,2.25,2.25
2012.03.19 14:12:55.504,0.75599,0.75626,2.25,3.00
2012.03.19 14:12:59.704,0.75595,0.75621,2.25,2.25
2012.03.19 14:12:59.914,0.75595,0.75619,2.25,2.25
2012.03.19 14:13:04.716,0.75595,0.75619,2.25,3.00
2012.03.19 14:13:05.344,0.75595,0.75619,2.25,2.25
2012.03.19 14:13:05.705,0.75595,0.75619,3.00,2.25
2012.03.19 14:13:05.928,0.75595,0.75619,2.25,2.25
2012.03.19 14:13:19.137,0.75595,0.75621,2.25,2.25
2012.03.19 14:13:19.522,0.75596,0.75622,2.25,3.00
2012.03.19 14:13:20.130,0.75595,0.75621,2.25,2.25
2012.03.19 14:13:25.293,0.75594,0.7562,2.25,2.25
2012.03.19 14:13:25.615,0.75596,0.7562,2.25,2.25
2012.03.19 14:13:26.450,0.75596,0.7562,2.25,3.00
2012.03.19 14:13:26.984,0.7559,0.75618,2.25,1.13
2012.03.19 14:13:27.103,0.75582,0.7561,3.00,2.25
2012.03.19 14:13:27.465,0.75582,0.7561,2.25,2.25
2012.03.19 14:13:27.534,0.75581,0.75605,3.00,2.25
2012.03.19 14:13:27.785,0.75581,0.75607,3.00,2.25
2012.03.19 14:13:28.168,0.75577,0.75605,1.35,2.25
2012.03.19 14:13:28.486,0.75581,0.75607,3.00,2.25
2012.03.19 14:13:29.054,0.75575,0.75605,3.38,2.25
2012.03.19 14:13:29.367,0.75575,0.75605,3.38,2.25
2012.03.19 14:13:30.649,0.75575,0.75603,3.00,2.25
2012.03.19 14:13:31.137,0.75571,0.75599,3.00,2.25
2012.03.19 14:13:32.093,0.75569,0.75599,3.00,2.25
2012.03.19 14:13:32.720,0.75572,0.756,3.00,2.25
2012.03.19 14:13:33.225,0.75573,0.75601,3.00,2.25
2012.03.19 14:13:34.176,0.75573,0.75601,2.25,2.25
2012.03.19 14:13:34.990,0.75573,0.75601,3.00,2.25
2012.03.19 14:13:35.315,0.75571,0.75599,3.00,2.25
2012.03.19 14:13:36.745,0.75576,0.756,3.00,2.25
2012.03.19 14:13:37.187,0.75576,0.756,3.00,2.25
2012.03.19 14:13:38.058,0.75575,0.75601,3.00,2.25
2012.03.19 14:13:39.611,0.75577,0.75601,2.25,2.25
2012.03.19 14:13:40.337,0.75577,0.75601,3.00,2.25
2012.03.19 14:13:40.406,0.75577,0.75603,3.00,2.25
2012.03.19 14:13:40.716,0.7558,0.75605,3.00,2.25
2012.03.19 14:13:44.574,0.75576,0.75602,3.00,2.25
2012.03.19 14:13:44.894,0.75576,0.756,3.00,2.25
2012.03.19 14:13:46.424,0.75576,0.756,3.00,2.25
2012.03.19 14:13:46.977,0.75576,0.756,2.25,2.25
2012.03.19 14:13:47.416,0.75575,0.756,3.00,2.25
2012.03.19 14:13:47.756,0.75579,0.75605,3.00,2.25
2012.03.19 14:13:48.848,0.7558,0.75606,3.00,2.25
2012.03.19 14:13:49.397,0.75582,0.75606,2.25,2.25
2012.03.19 14:13:53.722,0.75586,0.7561,3.00,2.25
2012.03.19 14:13:54.025,0.75581,0.75617,1.13,2.25
2012.03.19 14:13:54.245,0.7558,0.75608,3.00,2.25
2012.03.19 14:13:54.483,0.75586,0.7561,3.00,2.25
2012.03.19 14:13:57.684,0.75586,0.75612,3.00,2.25
2012.03.19 14:13:58.044,0.75588,0.75615,2.25,2.25
2012.03.19 14:13:59.373,0.75588,0.75615,3.00,2.25
2012.03.19 14:13:59.744,0.75588,0.75615,2.25,2.25
2012.03.19 14:14:02.240,0.75588,0.75615,3.00,2.25
2012.03.19 14:14:06.281,0.75586,0.7561,3.60,2.25
2012.03.19 14:14:06.823,0.75586,0.7561,3.00,2.25
2012.03.19 14:14:07.419,0.75585,0.75609,3.00,2.25
2012.03.19 14:14:08.792,0.75585,0.75609,2.25,2.25
2012.03.19 14:14:09.012,0.75587,0.75615,3.00,2.25
2012.03.19 14:14:09.369,0.75593,0.75617,2.25,2.25
2012.03.19 14:14:09.875,0.75589,0.75616,3.00,2.25
2012.03.19 14:14:10.165,0.75596,0.75623,2.25,3.00
2012.03.19 14:14:10.792,0.75597,0.75621,2.25,2.25
2012.03.19 14:14:11.516,0.75594,0.7562,2.25,2.25
2012.03.19 14:14:11.882,0.7559,0.75616,3.00,2.25
2012.03.19 14:14:12.003,0.75593,0.75618,2.25,2.25
2012.03.19 14:14:12.627,0.75597,0.75623,2.25,2.25
2012.03.19 14:14:12.887,0.75597,0.75623,3.00,2.25
2012.03.19 14:14:13.074,0.756,0.7563,3.00,2.25
2012.03.19 14:14:13.222,0.75596,0.75622,3.00,2.25
2012.03.19 14:14:13.284,0.75596,0.75622,3.00,2.25
2012.03.19 14:14:14.236,0.75597,0.75623,3.00,2.25
2012.03.19 14:14:20.139,0.756,0.75626,2.25,2.25
2012.03.19 14:14:20.473,0.75597,0.75622,2.25,2.25
2012.03.19 14:14:20.591,0.75592,0.75618,3.60,2.25
2012.03.19 14:14:22.881,0.75592,0.75618,3.60,2.25
2012.03.19 14:14:23.206,0.75581,0.75605,1.13,2.25
2012.03.19 14:14:23.337,0.75584,0.75608,1.35,2.25
2012.03.19 14:14:23.545,0.75589,0.75619,2.25,3.00
2012.03.19 14:14:24.241,0.7559,0.7562,2.25,3.00
2012.03.19 14:14:24.301,0.7559,0.7562,2.25,3.00
2012.03.19 14:14:24.443,0.75592,0.75622,2.25,3.00
2012.03.19 14:14:25.202,0.75589,0.75619,2.25,3.00
2012.03.19 14:14:25.263,0.75589,0.75619,3.00,2.25
2012.03.19 14:14:25.625,0.75593,0.75621,2.25,2.25
2012.03.19 14:14:26.494,0.75592,0.7562,2.25,3.00
2012.03.19 14:14:26.563,0.75588,0.75618,2.25,3.00
2012.03.19 14:14:27.820,0.75588,0.75617,2.25,2.25
2012.03.19 14:14:27.929,0.75587,0.75615,3.00,2.25
2012.03.19 14:14:28.723,0.75586,0.75612,1.13,2.25
2012.03.19 14:14:28.810,0.75586,0.75616,3.38,2.25
2012.03.19 14:14:33.432,0.75586,0.75614,3.00,2.25
2012.03.19 14:14:34.147,0.75584,0.75612,1.35,2.25
2012.03.19 14:14:34.217,0.75582,0.75612,3.60,2.25
2012.03.19 14:14:34.378,0.75584,0.75612,1.35,2.25
2012.03.19 14:14:34.717,0.75587,0.75612,1.13,2.25
2012.03.19 14:14:34.785,0.75589,0.75615,3.00,2.25
2012.03.19 14:14:35.510,0.75588,0.75614,3.00,2.25
2012.03.19 14:14:37.156,0.75589,0.75616,3.00,2.25
2012.03.19 14:14:39.142,0.75593,0.75617,2.25,2.25
2012.03.19 14:14:39.691,0.75591,0.75627,1.35,1.13
2012.03.19 14:14:40.194,0.75591,0.75631,1.35,1.73
2012.03.19 14:14:40.301,0.75591,0.75631,1.35,1.73
2012.03.19 14:14:40.543,0.75591,0.75631,1.35,1.73
2012.03.19 14:14:40.761,0.75591,0.75631,1.35,1.73
2012.03.19 14:14:41.117,0.75596,0.7562,2.25,2.25
2012.03.19 14:14:41.182,0.75598,0.75624,2.25,3.00
2012.03.19 14:14:41.243,0.75596,0.7562,2.25,2.25
2012.03.19 14:14:43.128,0.75596,0.7562,2.25,3.00
2012.03.19 14:14:43.327,0.75591,0.75621,2.85,3.00
2012.03.19 14:14:43.622,0.75591,0.75621,3.60,2.25
2012.03.19 14:14:43.683,0.75591,0.75621,2.85,3.00
2012.03.19 14:14:45.202,0.75591,0.75621,3.60,2.25
2012.03.19 14:14:45.264,0.75593,0.75623,2.25,2.25
2012.03.19 14:14:46.230,0.75594,0.75624,2.25,3.00
2012.03.19 14:14:47.133,0.75594,0.75624,2.25,3.00
2012.03.19 14:14:48.172,0.75594,0.75622,2.25,2.25
2012.03.19 14:14:48.447,0.75594,0.75622,2.25,3.00
2012.03.19 14:14:49.057,0.75593,0.75621,2.25,3.00
2012.03.19 14:14:49.223,0.75593,0.75621,2.25,2.25
2012.03.19 14:14:51.120,0.75593,0.75621,2.25,3.00
2012.03.19 14:14:51.193,0.75592,0.7562,3.00,2.25
2012.03.19 14:14:51.545,0.75592,0.7562,2.25,3.38
2012.03.19 14:14:52.022,0.75589,0.75615,2.25,2.25
2012.03.19 14:15:00.632,0.7559,0.75615,2.25,2.25
2012.03.19 14:15:04.108,0.7559,0.75614,2.25,2.25
2012.03.19 14:15:04.444,0.75581,0.75611,3.23,2.25
2012.03.19 14:15:04.565,0.75588,0.75612,2.25,2.25
2012.03.19 14:15:04.768,0.75582,0.7561,2.85,2.25
2012.03.19 14:15:05.015,0.75588,0.75612,2.25,2.25
2012.03.19 14:15:05.313,0.75581,0.75611,2.25,3.00
2012.03.19 14:15:06.178,0.75582,0.7561,2.25,3.00
2012.03.19 14:15:06.323,0.75582,0.7561,3.00,2.25
2012.03.19 14:15:06.554,0.75588,0.75612,2.25,2.25
2012.03.19 14:15:06.674,0.75577,0.75607,3.23,2.25
2012.03.19 14:15:06.734,0.75577,0.75607,3.00,2.25
2012.03.19 14:15:06.795,0.75575,0.75602,3.00,2.25
2012.03.19 14:15:06.923,0.75575,0.75602,2.25,2.25
2012.03.19 14:15:08.155,0.75575,0.75603,2.25,3.00
2012.03.19 14:15:08.749,0.75577,0.75605,2.25,3.00
2012.03.19 14:15:09.299,0.75578,0.75606,2.25,3.00
2012.03.19 14:15:10.156,0.75574,0.756,2.25,2.25
2012.03.19 14:15:12.180,0.75571,0.75597,3.00,2.25
2012.03.19 14:15:16.087,0.75574,0.75604,2.25,3.00
2012.03.19 14:15:16.621,0.75572,0.75596,3.00,2.25
2012.03.19 14:15:19.291,0.75571,0.75596,2.25,2.25
2012.03.19 14:15:19.746,0.75574,0.75603,2.25,3.00
2012.03.19 14:15:21.175,0.75575,0.75603,2.25,3.00
2012.03.19 14:15:21.786,0.75575,0.75603,2.63,2.25
2012.03.19 14:15:21.846,0.7558,0.75608,2.25,2.25
2012.03.19 14:15:22.094,0.75578,0.75606,2.25,2.25
2012.03.19 14:15:22.444,0.75577,0.75605,2.25,3.00
2012.03.19 14:15:23.198,0.75574,0.75603,2.85,3.00
2012.03.19 14:15:24.109,0.75576,0.75603,1.35,2.25
2012.03.19 14:15:24.695,0.75577,0.75605,2.25,3.00
2012.03.19 14:15:28.627,0.75574,0.75602,2.63,2.25
2012.03.19 14:15:29.616,0.75577,0.75605,2.25,3.00
2012.03.19 14:15:32.308,0.75577,0.75605,3.00,2.25
2012.03.19 14:15:32.798,0.75578,0.75608,2.25,3.00
2012.03.19 14:15:32.865,0.75578,0.75608,2.25,3.00
2012.03.19 14:15:33.209,0.75577,0.75601,2.25,2.25
2012.03.19 14:15:33.694,0.75577,0.75603,2.25,2.25
2012.03.19 14:15:33.898,0.75577,0.75603,2.25,3.00
2012.03.19 14:15:33.963,0.75577,0.75603,2.25,2.25
2012.03.19 14:15:37.158,0.75579,0.75605,2.25,2.25
2012.03.19 14:15:37.466,0.75575,0.75601,2.25,2.25
2012.03.19 14:15:40.569,0.75575,0.75601,2.25,3.00
2012.03.19 14:15:42.818,0.75572,0.75599,2.63,3.00
2012.03.19 14:15:51.923,0.75572,0.75599,2.25,3.00
2012.03.19 14:15:52.596,0.75566,0.75588,1.73,2.25
2012.03.19 14:15:52.660,0.75567,0.75591,3.00,2.25
2012.03.19 14:15:52.786,0.75569,0.75596,3.00,2.25
2012.03.19 14:15:56.626,0.75569,0.75596,2.25,2.25
2012.03.19 14:16:02.679,0.75569,0.75596,3.00,2.25
2012.03.19 14:16:04.496,0.75569,0.75596,2.25,2.25
2012.03.19 14:16:04.557,0.7557,0.75594,2.25,2.25
2012.03.19 14:16:04.644,0.75566,0.75592,3.60,2.25
2012.03.19 14:16:04.767,0.75566,0.75592,3.60,2.25
2012.03.19 14:16:05.154,0.75567,0.75591,2.25,2.25
2012.03.19 14:16:06.721,0.75566,0.7559,3.60,2.25
2012.03.19 14:16:07.506,0.75562,0.75588,3.00,2.25
2012.03.19 14:16:08.278,0.75562,0.75589,3.00,2.25
2012.03.19 14:16:10.647,0.75562,0.75589,3.00,2.25
2012.03.19 14:16:12.846,0.75562,0.75589,3.00,2.25
2012.03.19 14:16:12.907,0.75562,0.75589,3.98,2.25
2012.03.19 14:16:13.129,0.75568,0.75594,2.63,2.25
2012.03.19 14:16:13.213,0.75571,0.75597,2.25,2.25
2012.03.19 14:16:13.519,0.75571,0.75597,2.25,3.00
2012.03.19 14:16:14.186,0.75571,0.75598,2.25,3.00
2012.03.19 14:16:14.368,0.75571,0.75598,2.25,3.00
2012.03.19 14:16:14.694,0.75571,0.75597,2.25,2.25
2012.03.19 14:16:16.232,0.75571,0.75597,3.00,2.25
2012.03.19 14:16:16.918,0.75571,0.75597,2.25,2.25
2012.03.19 14:16:17.048,0.75567,0.75593,2.25,2.25
2012.03.19 14:16:17.884,0.75566,0.75592,3.00,2.25
2012.03.19 14:16:18.462,0.75567,0.75591,2.25,2.25
2012.03.19 14:16:22.129,0.75567,0.75591,3.00,2.25
2012.03.19 14:16:23.566,0.75571,0.75595,3.00,2.25
2012.03.19 14:16:23.728,0.75566,0.75592,3.00,2.25
2012.03.19 14:16:24.349,0.75567,0.75592,2.25,2.25
2012.03.19 14:16:24.840,0.75569,0.75593,2.25,2.25
2012.03.19 14:16:25.307,0.75571,0.75597,3.00,2.25
2012.03.19 14:16:25.578,0.75569,0.75595,2.25,2.25
2012.03.19 14:16:25.727,0.75573,0.75597,2.25,2.25
2012.03.19 14:16:25.946,0.75568,0.75595,2.25,2.25
2012.03.19 14:16:26.068,0.7557,0.75596,2.25,2.25
2012.03.19 14:16:27.344,0.75571,0.75595,2.25,2.25
2012.03.19 14:16:28.116,0.75571,0.75597,2.25,2.25
2012.03.19 14:16:28.993,0.75571,0.75597,3.00,2.25
2012.03.19 14:16:29.054,0.75574,0.75599,2.25,3.00
2012.03.19 14:16:29.617,0.75572,0.75598,2.25,3.00
2012.03.19 14:16:29.734,0.7557,0.75596,2.25,2.25
2012.03.19 14:16:32.567,0.75574,0.75599,2.25,3.00
2012.03.19 14:16:33.079,0.75575,0.75601,2.25,3.00
2012.03.19 14:16:35.457,0.75575,0.75601,2.25,2.25
2012.03.19 14:16:35.941,0.75577,0.75601,2.25,2.25
2012.03.19 14:16:36.393,0.75577,0.75601,2.25,3.00
2012.03.19 14:16:37.005,0.75578,0.75602,2.25,3.00
2012.03.19 14:16:38.150,0.75578,0.75602,2.25,2.25
2012.03.19 14:16:40.698,0.75577,0.75601,2.25,2.25
2012.03.19 14:16:43.046,0.75578,0.75603,2.25,2.25
2012.03.19 14:16:43.873,0.75578,0.75602,2.25,2.25
2012.03.19 14:16:44.217,0.75579,0.75605,2.25,2.25
2012.03.19 14:16:44.458,0.75581,0.75607,2.25,3.00
2012.03.19 14:16:44.790,0.75581,0.75607,2.25,3.00
2012.03.19 14:16:44.861,0.75573,0.75597,2.25,2.25
2012.03.19 14:16:45.210,0.75572,0.75599,2.25,3.00
2012.03.19 14:16:45.755,0.75578,0.75602,2.25,2.25
2012.03.19 14:16:48.958,0.75576,0.75602,2.25,2.25
2012.03.19 14:16:49.385,0.75574,0.756,2.25,2.25
2012.03.19 14:16:50.799,0.75576,0.756,2.25,2.25
2012.03.19 14:16:52.254,0.75574,0.756,2.25,2.25
2012.03.19 14:16:55.527,0.75577,0.75601,2.25,2.25
2012.03.19 14:16:57.853,0.7558,0.75604,2.25,3.00
2012.03.19 14:17:03.918,0.75581,0.75607,2.25,3.00
2012.03.19 14:17:03.998,0.75581,0.75607,2.25,2.25
2012.03.19 14:17:04.246,0.75583,0.75609,2.25,3.00
2012.03.19 14:17:04.619,0.75583,0.75609,2.25,3.00
2012.03.19 14:17:08.779,0.75581,0.75607,2.25,3.00
2012.03.19 14:17:10.841,0.7558,0.75604,2.25,3.00
2012.03.19 14:17:11.490,0.75579,0.75606,2.25,3.00
2012.03.19 14:17:13.265,0.75577,0.75603,2.25,3.00
2012.03.19 14:17:15.617,0.75573,0.75599,2.85,2.25
2012.03.19 14:17:16.046,0.75571,0.75596,3.00,2.25
2012.03.19 14:17:16.548,0.75571,0.75596,3.00,2.25
2012.03.19 14:17:16.897,0.75581,0.75605,2.25,2.25
2012.03.19 14:17:18.686,0.75581,0.75605,2.25,3.00
2012.03.19 14:17:18.757,0.75581,0.75605,2.25,2.25
2012.03.19 14:17:18.826,0.75584,0.75609,2.25,1.73
2012.03.19 14:17:18.893,0.75576,0.756,3.00,2.25
2012.03.19 14:17:19.082,0.75575,0.75602,2.25,2.25
2012.03.19 14:17:19.146,0.75577,0.75603,2.25,3.00
2012.03.19 14:17:24.117,0.75577,0.75603,2.25,3.00
2012.03.19 14:17:24.178,0.75575,0.75602,2.25,3.00
2012.03.19 14:17:24.252,0.75575,0.75602,2.25,2.25
2012.03.19 14:17:24.484,0.75572,0.75598,3.00,2.25
2012.03.19 14:17:25.460,0.7557,0.75597,3.00,2.25
2012.03.19 14:17:25.586,0.7557,0.75597,2.25,2.25
2012.03.19 14:17:26.217,0.7557,0.75594,2.25,2.25
2012.03.19 14:17:26.637,0.7557,0.75594,3.00,2.25
2012.03.19 14:17:29.452,0.7557,0.75594,2.25,2.25
2012.03.19 14:17:29.904,0.7557,0.75594,2.85,2.25
2012.03.19 14:17:30.231,0.75578,0.75604,2.25,3.00
2012.03.19 14:17:30.876,0.75579,0.75604,2.25,3.00
2012.03.19 14:17:31.068,0.75574,0.75598,2.25,2.25
2012.03.19 14:17:31.734,0.75575,0.75601,2.25,2.25
2012.03.19 14:17:32.371,0.75575,0.75599,2.25,2.25
2012.03.19 14:17:37.356,0.75575,0.75601,2.25,2.25
2012.03.19 14:17:39.187,0.75577,0.75603,2.25,3.00
2012.03.19 14:17:39.510,0.7557,0.75596,3.00,2.25
2012.03.19 14:17:39.580,0.75569,0.75595,2.25,2.25
2012.03.19 14:17:39.665,0.75568,0.75592,2.25,2.25
2012.03.19 14:17:39.847,0.75569,0.75595,2.25,2.25
2012.03.19 14:17:41.298,0.75569,0.75593,2.25,2.25
2012.03.19 14:17:45.577,0.75569,0.75595,2.25,2.25
2012.03.19 14:17:51.987,0.75569,0.75595,3.00,2.25
2012.03.19 14:17:52.443,0.75574,0.75598,2.25,2.25
2012.03.19 14:17:53.497,0.75573,0.75597,2.25,2.25
2012.03.19 14:17:54.428,0.7557,0.75597,2.25,2.25
2012.03.19 14:17:54.736,0.75572,0.75596,1.13,2.25
2012.03.19 14:17:55.055,0.75574,0.75602,2.25,3.00
2012.03.19 14:17:55.326,0.75573,0.75601,2.25,2.25
2012.03.19 14:17:55.768,0.75579,0.75603,2.25,3.00
2012.03.19 14:17:56.360,0.75578,0.75604,2.25,3.00
2012.03.19 14:18:03.952,0.75578,0.75602,2.25,2.25
2012.03.19 14:18:07.748,0.75578,0.75602,2.25,3.00
2012.03.19 14:18:07.820,0.75573,0.75597,2.25,2.25
2012.03.19 14:18:07.891,0.75571,0.75597,2.25,2.25
2012.03.19 14:18:08.519,0.75572,0.75597,2.25,2.25
2012.03.19 14:18:09.449,0.75569,0.75595,2.25,2.25
2012.03.19 14:18:11.676,0.75571,0.75598,2.25,2.25
2012.03.19 14:18:12.436,0.75575,0.75599,2.25,3.00
2012.03.19 14:18:13.531,0.75571,0.75595,2.25,3.00
2012.03.19 14:18:14.010,0.75569,0.75593,2.25,2.25
2012.03.19 14:18:14.095,0.75572,0.75598,2.25,3.00
2012.03.19 14:18:14.533,0.7557,0.75594,2.25,3.00
2012.03.19 14:18:14.638,0.75567,0.75593,2.25,3.00
2012.03.19 14:18:15.149,0.75567,0.75592,3.00,2.25
2012.03.19 14:18:15.852,0.75565,0.75589,2.85,2.25
2012.03.19 14:18:16.399,0.75565,0.75589,2.25,2.25
2012.03.19 14:18:17.236,0.75563,0.75588,2.25,2.25
2012.03.19 14:18:17.298,0.75564,0.7559,2.25,2.25
2012.03.19 14:18:17.827,0.75563,0.75588,2.25,2.25
2012.03.19 14:18:18.358,0.75562,0.75589,2.25,2.25
2012.03.19 14:18:18.878,0.75562,0.75589,3.00,2.25
2012.03.19 14:18:19.018,0.75568,0.75594,2.25,2.25
2012.03.19 14:18:23.448,0.75577,0.75602,2.25,1.35
2012.03.19 14:18:24.646,0.75576,0.75602,2.25,3.00
2012.03.19 14:18:25.233,0.75574,0.75601,2.25,3.00
2012.03.19 14:18:25.299,0.75576,0.756,2.25,3.00
2012.03.19 14:18:26.168,0.75575,0.756,2.25,3.00
2012.03.19 14:18:26.715,0.75576,0.756,2.25,3.00
2012.03.19 14:18:27.257,0.75575,0.756,2.25,3.00
2012.03.19 14:18:27.425,0.75573,0.75597,2.25,2.25
2012.03.19 14:18:28.472,0.75573,0.75599,2.25,3.00
2012.03.19 14:18:28.615,0.75575,0.756,2.25,3.00
2012.03.19 14:18:31.537,0.75575,0.75601,2.25,2.25
2012.03.19 14:18:32.046,0.75576,0.75602,2.25,2.25
2012.03.19 14:18:33.700,0.75576,0.75602,2.25,3.00
2012.03.19 14:18:33.896,0.75574,0.75598,2.25,3.00
2012.03.19 14:18:36.071,0.75578,0.75603,2.25,2.25
2012.03.19 14:18:36.445,0.75582,0.75609,2.25,3.60
2012.03.19 14:18:37.217,0.75578,0.75603,2.25,3.00
2012.03.19 14:18:38.167,0.75579,0.75605,2.25,3.00
2012.03.19 14:18:39.355,0.75581,0.75605,2.25,3.00
2012.03.19 14:18:40.249,0.75579,0.75605,2.25,3.00
2012.03.19 14:18:40.589,0.75579,0.75605,2.25,3.00
2012.03.19 14:18:41.720,0.75579,0.75605,2.25,2.25
2012.03.19 14:18:43.648,0.75579,0.75605,2.25,3.00
2012.03.19 14:18:43.720,0.75577,0.75601,2.25,2.25
2012.03.19 14:18:44.222,0.75576,0.756,2.25,2.25
2012.03.19 14:18:44.661,0.75576,0.75602,2.25,2.25
2012.03.19 14:18:46.081,0.75576,0.756,2.25,2.25
2012.03.19 14:18:46.466,0.75576,0.756,2.25,3.00
2012.03.19 14:18:46.631,0.75576,0.756,2.25,2.25
2012.03.19 14:18:47.235,0.75572,0.75598,2.25,2.25
2012.03.19 14:18:47.562,0.75574,0.756,2.25,3.00
2012.03.19 14:18:47.840,0.75573,0.75603,2.25,3.00
2012.03.19 14:18:48.225,0.75582,0.7561,2.25,3.00
2012.03.19 14:18:48.436,0.75582,0.7561,2.25,3.00
2012.03.19 14:18:53.410,0.75582,0.7561,2.25,3.00
2012.03.19 14:18:54.016,0.75578,0.75604,2.25,3.00
2012.03.19 14:18:54.378,0.75581,0.75611,2.25,3.00
2012.03.19 14:18:54.505,0.75579,0.75603,2.25,3.00
2012.03.19 14:19:03.687,0.75577,0.75603,2.25,3.00
2012.03.19 14:19:04.051,0.75579,0.75603,2.25,2.25
2012.03.19 14:19:11.110,0.75578,0.75603,2.25,3.00
2012.03.19 14:19:11.762,0.75577,0.75603,2.25,3.00
2012.03.19 14:19:13.296,0.75578,0.75603,2.25,2.25
2012.03.19 14:19:21.847,0.75578,0.75604,2.25,2.25
2012.03.19 14:19:27.267,0.75578,0.75603,2.25,2.25
2012.03.19 14:19:30.018,0.75578,0.75604,2.25,3.00
2012.03.19 14:19:30.654,0.75574,0.75599,2.25,2.25
2012.03.19 14:19:30.723,0.75577,0.75605,2.25,2.25
2012.03.19 14:19:31.139,0.75579,0.75607,2.25,3.00
2012.03.19 14:19:31.207,0.75576,0.75606,2.25,3.00
2012.03.19 14:19:37.383,0.75575,0.75605,2.25,3.00
2012.03.19 14:19:37.944,0.75576,0.75606,2.25,3.00
2012.03.19 14:19:38.088,0.75576,0.75606,2.25,3.00
2012.03.19 14:19:38.336,0.75573,0.75598,2.25,3.00
2012.03.19 14:19:41.027,0.75574,0.756,2.25,3.00
2012.03.19 14:19:41.365,0.75572,0.75599,2.25,3.00
2012.03.19 14:19:46.666,0.75571,0.75595,2.25,2.25
2012.03.19 14:19:47.588,0.75572,0.75596,2.25,2.25
2012.03.19 14:19:48.226,0.7557,0.75596,2.25,2.25
2012.03.19 14:19:49.858,0.7557,0.75596,2.25,3.00
2012.03.19 14:19:52.958,0.7557,0.75596,2.25,2.25
2012.03.19 14:19:53.030,0.75568,0.75594,2.85,2.25
2012.03.19 14:19:53.582,0.7557,0.75594,2.25,3.00
2012.03.19 14:19:54.096,0.75571,0.75595,2.25,2.25
2012.03.19 14:19:54.541,0.75573,0.75597,2.25,2.25
2012.03.19 14:19:55.145,0.75572,0.75598,2.25,3.00
2012.03.19 14:19:55.651,0.75572,0.75598,2.25,3.00
2012.03.19 14:19:58.424,0.75573,0.75598,2.25,3.00
2012.03.19 14:20:00.770,0.75573,0.75598,2.25,3.00
2012.03.19 14:20:00.934,0.75573,0.75598,2.25,3.00
2012.03.19 14:20:01.578,0.75573,0.75598,2.25,2.25
2012.03.19 14:20:03.460,0.75574,0.756,2.25,3.00
2012.03.19 14:20:03.924,0.75572,0.75599,2.25,3.00
2012.03.19 14:20:05.993,0.75572,0.75599,2.25,3.00
2012.03.19 14:20:10.387,0.75572,0.75599,2.25,3.00
2012.03.19 14:20:10.618,0.75574,0.756,2.25,3.00
2012.03.19 14:20:19.978,0.75574,0.75599,2.25,3.00
2012.03.19 14:20:20.148,0.75574,0.75599,2.25,3.00
2012.03.19 14:20:20.247,0.75574,0.75599,2.25,3.00
2012.03.19 14:20:21.973,0.75574,0.75599,2.25,3.00
2012.03.19 14:20:22.017,0.75572,0.75596,2.25,2.25
2012.03.19 14:20:22.096,0.75569,0.75594,2.25,3.00
2012.03.19 14:20:22.347,0.75571,0.75595,2.25,3.00
2012.03.19 14:20:24.951,0.75571,0.75595,2.25,2.25
2012.03.19 14:20:25.266,0.75572,0.75596,2.25,3.00
2012.03.19 14:20:25.330,0.75562,0.75601,1.13,1.35
2012.03.19 14:20:26.454,0.75566,0.75601,1.13,1.35
2012.03.19 14:20:27.116,0.75567,0.75609,1.73,1.13
2012.03.19 14:20:27.886,0.75567,0.75607,1.35,1.13
2012.03.19 14:20:28.336,0.75573,0.75598,2.25,3.00
2012.03.19 14:20:30.405,0.75573,0.75598,2.25,3.00
2012.03.19 14:20:30.737,0.75573,0.75598,2.25,2.25
2012.03.19 14:20:33.528,0.75573,0.75598,2.25,3.00
2012.03.19 14:20:36.010,0.75573,0.75598,2.25,2.25
2012.03.19 14:20:36.232,0.75573,0.75598,2.25,3.00
2012.03.19 14:20:36.356,0.75574,0.75599,2.25,3.00
2012.03.19 14:20:36.780,0.75569,0.75599,2.25,3.00
2012.03.19 14:20:36.855,0.75569,0.75599,2.25,3.00
2012.03.19 14:20:37.155,0.75568,0.75592,2.63,3.00
2012.03.19 14:20:37.712,0.75569,0.75593,2.25,3.00
2012.03.19 14:20:40.387,0.75571,0.75595,2.25,2.25
2012.03.19 14:20:41.442,0.75569,0.75593,2.25,2.25
2012.03.19 14:20:43.886,0.75568,0.75593,2.25,2.25
2012.03.19 14:20:44.479,0.75568,0.75594,2.25,2.25
2012.03.19 14:20:45.856,0.75567,0.75594,2.25,3.00
2012.03.19 14:20:46.301,0.75568,0.75592,2.25,2.25
2012.03.19 14:20:46.832,0.75568,0.75593,2.25,2.25
2012.03.19 14:20:48.176,0.75569,0.75593,2.25,2.25
2012.03.19 14:20:51.860,0.75573,0.75597,2.25,2.25
2012.03.19 14:20:52.199,0.7557,0.75595,2.25,2.85
2012.03.19 14:20:52.618,0.7556,0.75588,2.25,2.25
2012.03.19 14:20:52.749,0.75566,0.75592,2.25,2.25
2012.03.19 14:21:02.422,0.75568,0.75593,2.25,2.25
2012.03.19 14:21:03.157,0.75567,0.75592,2.25,2.25
2012.03.19 14:21:04.725,0.75568,0.75593,2.25,2.25
2012.03.19 14:21:07.157,0.75572,0.75598,2.25,3.00
2012.03.19 14:21:07.221,0.75572,0.75597,2.25,2.25
2012.03.19 14:21:07.484,0.75572,0.75597,2.25,3.00
2012.03.19 14:21:10.276,0.75568,0.75594,2.25,3.00
2012.03.19 14:21:10.550,0.75566,0.75596,2.25,3.00
2012.03.19 14:21:10.774,0.75572,0.75598,2.25,3.00
2012.03.19 14:21:11.585,0.75572,0.75598,2.25,3.00
2012.03.19 14:21:13.992,0.75572,0.75598,2.25,3.00
2012.03.19 14:21:14.286,0.75574,0.756,2.25,3.00
2012.03.19 14:21:14.704,0.75576,0.75602,2.25,1.35
2012.03.19 14:21:14.878,0.75563,0.75589,2.25,2.25
2012.03.19 14:21:15.344,0.75565,0.7559,2.25,2.25
2012.03.19 14:21:15.414,0.75566,0.75592,2.25,2.25
2012.03.19 14:21:15.498,0.75566,0.7559,2.25,2.25
2012.03.19 14:21:15.601,0.75567,0.75593,2.25,2.25
2012.03.19 14:21:15.789,0.75572,0.75597,2.25,3.00
2012.03.19 14:21:15.858,0.75572,0.75597,2.25,2.25
2012.03.19 14:21:15.926,0.75572,0.75597,2.25,3.00
2012.03.19 14:21:16.171,0.75567,0.75593,2.25,2.25
2012.03.19 14:21:16.689,0.75568,0.75594,2.25,3.00
2012.03.19 14:21:16.876,0.75568,0.75594,2.25,3.00
2012.03.19 14:21:17.145,0.75563,0.75589,2.25,3.00
2012.03.19 14:21:17.724,0.75564,0.7559,2.25,3.00
2012.03.19 14:21:18.697,0.75564,0.7559,2.25,2.25
2012.03.19 14:21:18.825,0.75566,0.75592,2.25,2.25
2012.03.19 14:21:19.370,0.75566,0.7559,2.25,2.25
2012.03.19 14:21:20.200,0.75564,0.7559,2.25,2.25
2012.03.19 14:21:21.344,0.75567,0.75591,2.25,2.25
2012.03.19 14:21:22.498,0.75566,0.7559,2.25,2.25
2012.03.19 14:21:23.005,0.75566,0.7559,3.38,2.25
2012.03.19 14:21:23.082,0.75574,0.756,2.25,2.25
2012.03.19 14:21:23.300,0.75569,0.75604,3.00,3.00
2012.03.19 14:21:26.659,0.75568,0.75605,3.00,2.25
2012.03.19 14:21:27.170,0.75571,0.75605,1.13,3.00
2012.03.19 14:21:27.526,0.75577,0.75605,2.25,3.00
2012.03.19 14:21:27.846,0.75569,0.75604,3.00,3.00
2012.03.19 14:21:28.640,0.75569,0.75604,2.25,3.00
2012.03.19 14:21:29.017,0.75569,0.75604,3.00,3.00
2012.03.19 14:21:30.227,0.75569,0.75604,2.25,3.00
2012.03.19 14:21:30.880,0.75569,0.75604,2.63,3.00
2012.03.19 14:21:30.945,0.75571,0.75604,1.13,3.00
2012.03.19 14:21:31.064,0.75576,0.75606,2.25,3.00
2012.03.19 14:21:31.127,0.75576,0.75606,3.00,2.25
2012.03.19 14:21:31.389,0.75578,0.75606,2.25,3.00
2012.03.19 14:21:33.056,0.75577,0.75605,2.25,3.00
2012.03.19 14:21:35.254,0.75577,0.75605,2.25,2.25
2012.03.19 14:21:35.376,0.75571,0.75599,3.00,2.25
2012.03.19 14:21:35.440,0.75571,0.75599,3.00,2.25
2012.03.19 14:21:46.424,0.75571,0.75604,3.00,1.13
2012.03.19 14:21:46.490,0.75565,0.756,3.60,2.25
2012.03.19 14:21:46.676,0.75575,0.7561,3.00,1.35
2012.03.19 14:21:46.741,0.75574,0.75604,3.00,2.25
2012.03.19 14:21:46.807,0.75574,0.75604,2.25,3.00
2012.03.19 14:21:46.928,0.75574,0.75604,3.00,2.25
2012.03.19 14:21:47.252,0.75582,0.75606,2.25,2.25
2012.03.19 14:21:47.315,0.75583,0.75611,2.25,1.13
2012.03.19 14:21:47.399,0.75583,0.75613,2.25,2.63
2012.03.19 14:21:47.467,0.75583,0.75613,2.25,2.25
2012.03.19 14:21:47.949,0.75583,0.75613,2.25,3.00
2012.03.19 14:21:48.744,0.75576,0.75611,3.00,3.38
2012.03.19 14:21:49.615,0.75576,0.75611,3.00,2.63
2012.03.19 14:21:50.009,0.75584,0.75611,2.25,1.13
2012.03.19 14:21:50.271,0.75575,0.75611,3.00,1.13
2012.03.19 14:21:58.908,0.75577,0.75613,2.25,3.00
2012.03.19 14:21:58.979,0.75579,0.75614,2.25,3.00
2012.03.19 14:21:59.513,0.75579,0.75607,2.25,2.25
2012.03.19 14:22:00.469,0.7558,0.75608,2.25,3.00
2012.03.19 14:22:01.364,0.75578,0.75608,2.25,3.00
2012.03.19 14:22:06.104,0.75576,0.75613,3.00,1.13
2012.03.19 14:22:06.169,0.75577,0.75614,1.13,3.00
2012.03.19 14:22:06.237,0.75579,0.75614,1.13,3.00
2012.03.19 14:22:06.365,0.75586,0.75614,2.25,3.00
2012.03.19 14:22:07.840,0.75585,0.75613,2.25,2.25
2012.03.19 14:22:08.671,0.75586,0.75616,2.25,3.00
2012.03.19 14:22:09.362,0.75586,0.75616,2.25,3.00
2012.03.19 14:22:10.288,0.75587,0.75617,2.25,3.00
2012.03.19 14:22:10.846,0.75587,0.75617,2.25,3.00
2012.03.19 14:22:11.399,0.7559,0.75618,2.25,3.00
2012.03.19 14:22:11.713,0.75591,0.75619,2.25,3.00
2012.03.19 14:22:11.777,0.75582,0.7561,2.63,3.00
2012.03.19 14:22:11.899,0.75582,0.7561,2.25,3.00
2012.03.19 14:22:11.967,0.75573,0.7561,2.63,3.60
2012.03.19 14:22:12.401,0.75579,0.75605,2.25,3.00
2012.03.19 14:22:12.470,0.75572,0.75602,2.25,2.25
2012.03.19 14:22:15.598,0.75572,0.75602,2.25,3.00
2012.03.19 14:22:20.485,0.75573,0.75603,2.25,3.00
2012.03.19 14:22:26.818,0.75573,0.75603,2.25,3.00
2012.03.19 14:22:27.137,0.75575,0.75604,2.25,3.00
2012.03.19 14:22:27.555,0.75576,0.75606,3.00,2.25
2012.03.19 14:22:27.808,0.75576,0.75606,2.25,3.00
2012.03.19 14:22:29.262,0.75573,0.75603,2.25,2.25
2012.03.19 14:22:29.414,0.75573,0.75601,2.25,2.25
2012.03.19 14:22:32.483,0.75573,0.75601,3.00,2.25
2012.03.19 14:22:32.553,0.75579,0.75605,2.25,2.25
2012.03.19 14:22:34.189,0.75579,0.75605,2.25,3.00
2012.03.19 14:22:34.546,0.75579,0.75605,2.25,2.25
2012.03.19 14:22:34.836,0.75579,0.75605,2.25,3.00
2012.03.19 14:22:34.917,0.75574,0.756,2.25,2.25
2012.03.19 14:22:35.055,0.75573,0.75598,2.25,2.25
2012.03.19 14:22:35.380,0.75576,0.75602,3.00,2.25
2012.03.19 14:22:35.448,0.75577,0.75604,3.00,2.25
2012.03.19 14:22:35.656,0.75576,0.75602,3.00,2.25
2012.03.19 14:22:35.718,0.75569,0.75599,3.00,2.25
2012.03.19 14:22:36.873,0.75569,0.75599,2.25,3.00
2012.03.19 14:22:37.261,0.75571,0.75599,2.25,3.00
2012.03.19 14:22:37.788,0.75572,0.75602,2.25,3.00
2012.03.19 14:22:39.182,0.75572,0.75602,2.25,2.25
2012.03.19 14:22:40.128,0.75572,0.75602,2.25,3.00
2012.03.19 14:22:41.222,0.75572,0.75602,3.00,2.25
2012.03.19 14:22:41.359,0.75575,0.75604,2.25,3.00
2012.03.19 14:22:42.082,0.75574,0.75604,2.25,3.00
2012.03.19 14:22:42.429,0.7557,0.75596,3.00,2.25
2012.03.19 14:22:42.573,0.7557,0.75596,2.25,2.25
2012.03.19 14:22:43.624,0.7557,0.75596,3.00,2.25
2012.03.19 14:22:43.959,0.75572,0.75602,3.00,2.25
2012.03.19 14:22:55.328,0.75574,0.75604,3.00,2.25
2012.03.19 14:22:55.766,0.75575,0.75604,2.25,3.00
2012.03.19 14:22:56.354,0.75576,0.75604,2.25,3.00
2012.03.19 14:22:56.849,0.75573,0.75601,2.25,2.25
2012.03.19 14:22:56.976,0.75573,0.75601,2.25,3.00
2012.03.19 14:22:57.191,0.75573,0.75601,2.25,2.25
2012.03.19 14:22:57.782,0.7557,0.75611,1.13,1.13
2012.03.19 14:22:57.837,0.75566,0.75611,1.73,1.13
2012.03.19 14:22:58.409,0.75578,0.75606,2.25,3.00
2012.03.19 14:22:59.026,0.75575,0.75605,2.25,3.00
2012.03.19 14:22:59.888,0.75575,0.75605,3.00,2.25
2012.03.19 14:23:00.190,0.75575,0.75603,2.25,2.25
2012.03.19 14:23:00.574,0.75571,0.75599,3.00,2.25
2012.03.19 14:23:01.144,0.75569,0.75597,2.25,2.25
2012.03.19 14:23:01.672,0.75569,0.75599,2.25,3.00
2012.03.19 14:23:02.806,0.75569,0.75599,3.00,2.25
2012.03.19 14:23:04.656,0.75571,0.75599,2.25,3.00
2012.03.19 14:23:05.275,0.75571,0.75599,3.00,2.25
2012.03.19 14:23:05.544,0.75569,0.75599,2.25,3.00
2012.03.19 14:23:06.228,0.75569,0.75597,2.25,2.25
2012.03.19 14:23:06.300,0.75569,0.75597,3.00,2.25
2012.03.19 14:23:07.868,0.75569,0.75597,3.00,2.25
2012.03.19 14:23:08.378,0.75577,0.75603,2.25,3.00
2012.03.19 14:23:08.814,0.75581,0.75605,2.25,1.35
2012.03.19 14:23:09.786,0.75581,0.75607,2.25,2.25
2012.03.19 14:23:10.216,0.75582,0.75608,2.25,3.38
2012.03.19 14:23:10.426,0.75577,0.75601,2.25,2.25
2012.03.19 14:23:10.547,0.75578,0.75603,2.25,2.25
2012.03.19 14:23:10.848,0.75571,0.75601,3.00,2.25
2012.03.19 14:23:11.110,0.75577,0.75604,2.25,3.00
2012.03.19 14:23:11.415,0.75572,0.756,2.25,3.00
2012.03.19 14:23:12.735,0.75574,0.75602,2.25,3.00
2012.03.19 14:23:13.484,0.75575,0.75604,2.25,1.73
2012.03.19 14:23:13.908,0.75575,0.75604,2.25,1.73
2012.03.19 14:23:14.037,0.75587,0.75611,2.25,3.00
2012.03.19 14:23:15.206,0.75587,0.75611,2.25,3.00
2012.03.19 14:23:15.564,0.7559,0.75615,2.25,3.00
2012.03.19 14:23:16.742,0.75591,0.75616,2.25,3.00
2012.03.19 14:23:19.621,0.75587,0.75613,2.25,3.00
2012.03.19 14:23:19.985,0.75587,0.75611,2.25,2.25
2012.03.19 14:23:20.049,0.75589,0.75615,2.25,3.00
2012.03.19 14:23:20.436,0.75589,0.75615,2.25,3.00
2012.03.19 14:23:21.029,0.75586,0.75612,2.25,3.00
2012.03.19 14:23:27.741,0.75586,0.75611,2.25,3.00
2012.03.19 14:23:28.639,0.75587,0.75611,2.25,3.00
2012.03.19 14:23:32.478,0.75587,0.75611,2.25,3.00
2012.03.19 14:23:32.543,0.75589,0.75615,2.25,3.00
2012.03.19 14:23:33.247,0.7559,0.75615,2.25,3.00
2012.03.19 14:23:38.670,0.7559,0.75615,2.25,3.00
2012.03.19 14:23:38.740,0.7559,0.75612,2.25,1.35
2012.03.19 14:23:38.842,0.75585,0.75612,2.25,3.60
2012.03.19 14:23:39.235,0.75585,0.75611,2.25,2.25
2012.03.19 14:23:39.300,0.7559,0.75614,2.25,3.60
2012.03.19 14:23:39.370,0.7559,0.75614,2.25,3.00
2012.03.19 14:23:39.621,0.75593,0.75621,2.25,3.00
2012.03.19 14:23:39.688,0.75591,0.75621,2.25,3.00
2012.03.19 14:23:39.821,0.75587,0.75614,2.25,3.00
2012.03.19 14:23:40.360,0.75588,0.75615,2.25,3.00
2012.03.19 14:23:41.154,0.7559,0.75614,2.25,3.00
2012.03.19 14:23:41.974,0.75587,0.75614,2.25,3.00
2012.03.19 14:23:42.043,0.75591,0.75617,2.25,3.00
2012.03.19 14:23:42.350,0.75593,0.75619,2.25,3.00
2012.03.19 14:23:42.685,0.75597,0.75623,2.25,1.13
2012.03.19 14:23:42.857,0.75594,0.7562,2.25,3.00
2012.03.19 14:23:42.916,0.75596,0.7562,2.25,3.00
2012.03.19 14:23:44.550,0.75595,0.75619,2.25,3.00
2012.03.19 14:23:48.526,0.75594,0.75618,2.25,3.00
2012.03.19 14:23:55.319,0.75597,0.75621,2.25,3.00
2012.03.19 14:23:56.648,0.75598,0.75622,2.25,3.00
2012.03.19 14:23:57.517,0.75598,0.75622,2.25,3.00
2012.03.19 14:23:57.991,0.75598,0.75622,2.25,3.00
2012.03.19 14:23:58.486,0.75598,0.75622,2.25,3.00
2012.03.19 14:23:58.751,0.75595,0.75619,2.25,3.00
2012.03.19 14:23:58.929,0.75595,0.75619,2.25,3.00
2012.03.19 14:23:59.129,0.75595,0.75619,2.25,3.00
2012.03.19 14:23:59.481,0.75597,0.75624,2.25,3.00
2012.03.19 14:23:59.550,0.75599,0.75623,2.25,2.25
2012.03.19 14:23:59.638,0.75601,0.75627,2.25,3.00
2012.03.19 14:24:00.136,0.75601,0.75627,2.25,3.00
2012.03.19 14:24:00.677,0.75602,0.75626,2.25,3.00
2012.03.19 14:24:00.736,0.756,0.75626,2.25,3.00
2012.03.19 14:24:01.451,0.75599,0.75623,2.25,3.00
2012.03.19 14:24:01.568,0.75599,0.75623,2.25,3.00
2012.03.19 14:24:01.779,0.75598,0.75624,2.25,3.00
2012.03.19 14:24:02.558,0.75598,0.75622,2.25,3.00
2012.03.19 14:24:02.630,0.75593,0.75619,2.25,3.00
2012.03.19 14:24:06.978,0.75591,0.75618,2.25,3.00
2012.03.19 14:24:08.099,0.7559,0.75616,2.25,3.00
2012.03.19 14:24:08.225,0.75587,0.75614,2.25,3.00
2012.03.19 14:24:09.240,0.75586,0.75613,2.25,3.00
2012.03.19 14:24:09.879,0.75587,0.75614,2.25,3.00
2012.03.19 14:24:10.418,0.75589,0.75615,2.25,3.00
2012.03.19 14:24:10.722,0.75592,0.75617,2.25,3.00
2012.03.19 14:24:13.381,0.75588,0.75614,2.25,3.00
2012.03.19 14:24:13.924,0.75592,0.75618,2.25,3.00
2012.03.19 14:24:14.046,0.75588,0.75614,2.25,3.00
2012.03.19 14:24:14.166,0.75588,0.75612,2.25,1.35
2012.03.19 14:24:14.287,0.75588,0.7561,2.25,1.13
2012.03.19 14:24:14.359,0.75576,0.75606,3.00,2.25
2012.03.19 14:24:14.444,0.75577,0.75606,1.13,2.25
2012.03.19 14:24:14.800,0.75588,0.75614,2.25,3.00
2012.03.19 14:24:14.868,0.75588,0.75614,2.25,3.00
2012.03.19 14:24:22.290,0.75588,0.75614,2.25,3.00
2012.03.19 14:24:24.057,0.75588,0.75614,2.25,3.00
2012.03.19 14:24:25.348,0.75593,0.75617,2.25,3.00
2012.03.19 14:24:26.104,0.75592,0.75618,2.25,3.00
2012.03.19 14:24:26.430,0.75592,0.75618,2.25,2.25
2012.03.19 14:24:30.169,0.75591,0.75618,2.25,2.25
2012.03.19 14:24:33.561,0.75592,0.75618,2.25,2.25
2012.03.19 14:24:34.617,0.7559,0.75614,2.25,2.25
2012.03.19 14:24:34.918,0.75586,0.75613,2.85,3.00
2012.03.19 14:24:34.988,0.75584,0.7561,2.85,2.25
2012.03.19 14:24:35.312,0.75592,0.75616,2.25,2.25
2012.03.19 14:24:35.479,0.75589,0.75619,2.25,3.00
2012.03.19 14:24:35.608,0.75586,0.75612,2.25,2.25
2012.03.19 14:24:35.940,0.75585,0.75609,2.25,2.25
2012.03.19 14:24:36.141,0.75589,0.75615,2.25,3.00
2012.03.19 14:24:36.596,0.75594,0.75618,2.25,3.00
2012.03.19 14:24:37.327,0.75596,0.75622,2.25,3.00
2012.03.19 14:24:37.769,0.75593,0.75619,2.25,3.00
2012.03.19 14:24:38.551,0.75595,0.75619,2.25,3.00
2012.03.19 14:24:38.619,0.75592,0.75618,2.25,3.00
2012.03.19 14:24:41.027,0.75591,0.75615,2.25,2.25
2012.03.19 14:24:41.414,0.75592,0.75618,2.25,3.00
2012.03.19 14:24:41.843,0.75593,0.75619,2.25,3.00
2012.03.19 14:24:42.173,0.75595,0.75619,2.25,3.00
2012.03.19 14:24:42.683,0.75594,0.75618,2.25,3.00
2012.03.19 14:24:43.148,0.75593,0.75619,2.25,3.00
2012.03.19 14:24:46.562,0.75594,0.7562,2.25,3.00
2012.03.19 14:24:47.440,0.75597,0.75621,2.25,3.00
2012.03.19 14:24:47.772,0.75595,0.75621,2.25,3.00
2012.03.19 14:24:50.087,0.75596,0.75622,2.25,3.00
2012.03.19 14:24:54.635,0.75589,0.75619,2.25,3.00
2012.03.19 14:24:54.696,0.75589,0.75619,2.25,3.38
2012.03.19 14:24:55.039,0.75587,0.75612,2.25,2.25
2012.03.19 14:24:55.921,0.75586,0.75613,2.25,2.25
2012.03.19 14:25:01.705,0.75586,0.75613,2.25,3.00
2012.03.19 14:25:02.238,0.75587,0.75614,2.25,3.00
2012.03.19 14:25:02.307,0.75584,0.75608,2.25,2.25
2012.03.19 14:25:05.048,0.75582,0.75608,2.25,2.25
2012.03.19 14:25:05.269,0.75582,0.75606,2.25,2.25
2012.03.19 14:25:05.599,0.75582,0.75608,2.25,2.25
2012.03.19 14:25:06.481,0.75582,0.75606,2.25,2.25
2012.03.19 14:25:08.792,0.75582,0.75608,2.25,2.25
2012.03.19 14:25:13.118,0.75579,0.75603,2.25,2.25
2012.03.19 14:25:13.454,0.75584,0.75612,2.25,2.85
2012.03.19 14:25:13.581,0.75582,0.75612,2.25,2.85
2012.03.19 14:25:14.655,0.75583,0.75613,2.25,2.85
2012.03.19 14:25:16.688,0.75583,0.75611,2.25,1.35
2012.03.19 14:25:16.809,0.75583,0.75613,2.25,2.85
2012.03.19 14:25:17.675,0.75583,0.75613,2.25,2.25
2012.03.19 14:25:17.798,0.75591,0.75615,2.25,3.00
2012.03.19 14:25:21.712,0.75591,0.75615,2.25,2.25
2012.03.19 14:25:21.929,0.75594,0.7562,2.25,3.00
2012.03.19 14:25:21.991,0.75594,0.7562,2.25,3.00
2012.03.19 14:25:22.306,0.75597,0.75619,2.25,1.35
2012.03.19 14:25:22.547,0.75587,0.75612,2.25,3.00
2012.03.19 14:25:22.888,0.75582,0.75608,2.25,2.25
2012.03.19 14:25:24.321,0.75582,0.75606,2.25,2.25
2012.03.19 14:25:27.486,0.75586,0.75612,2.25,2.25
2012.03.19 14:25:31.256,0.75586,0.75613,2.25,2.25
2012.03.19 14:25:32.856,0.75586,0.75613,2.25,3.00
2012.03.19 14:25:33.096,0.75583,0.75607,2.25,2.25
2012.03.19 14:25:33.301,0.75587,0.75612,2.25,3.00
2012.03.19 14:25:36.892,0.75587,0.75612,2.25,2.25
2012.03.19 14:25:43.642,0.75587,0.75614,2.25,3.00
2012.03.19 14:25:46.060,0.75586,0.75613,2.25,3.00
2012.03.19 14:25:50.929,0.75582,0.75609,3.00,2.25
2012.03.19 14:25:51.342,0.75585,0.75613,2.25,1.35
2012.03.19 14:25:53.029,0.75585,0.75615,2.25,3.00
2012.03.19 14:25:53.159,0.75587,0.75617,2.25,2.25
2012.03.19 14:25:53.229,0.75587,0.75617,2.25,3.38
2012.03.19 14:25:53.802,0.75586,0.75612,2.25,2.25
2012.03.19 14:25:57.180,0.75585,0.75611,2.25,2.25
2012.03.19 14:25:57.541,0.75585,0.75611,3.00,2.25
2012.03.19 14:25:57.904,0.7559,0.75614,3.00,2.25
2012.03.19 14:25:57.968,0.75594,0.75618,2.25,2.25
2012.03.19 14:25:58.812,0.75595,0.75619,2.25,2.25
2012.03.19 14:26:01.351,0.75595,0.75621,2.25,2.85
2012.03.19 14:26:01.672,0.75595,0.75619,2.25,2.25
2012.03.19 14:26:03.204,0.75596,0.7562,2.25,2.25
2012.03.19 14:26:05.316,0.75596,0.7562,3.00,2.25
2012.03.19 14:26:05.498,0.75598,0.75624,2.25,3.00
2012.03.19 14:26:05.566,0.75601,0.75627,2.25,3.00
2012.03.19 14:26:06.201,0.75602,0.75627,2.25,3.00
2012.03.19 14:26:06.269,0.75602,0.75627,2.25,2.25
2012.03.19 14:26:06.821,0.75602,0.75627,2.25,3.00
2012.03.19 14:26:10.145,0.75602,0.75627,2.25,2.25
2012.03.19 14:26:10.228,0.75597,0.75621,2.25,2.25
2012.03.19 14:26:11.150,0.75598,0.75628,2.25,3.00
2012.03.19 14:26:11.217,0.75598,0.75628,2.25,3.00
2012.03.19 14:26:12.208,0.75597,0.75627,3.00,2.25
2012.03.19 14:26:12.579,0.75603,0.75629,2.25,2.25
2012.03.19 14:26:12.912,0.75613,0.75637,2.25,3.00
2012.03.19 14:26:12.982,0.75613,0.75637,2.25,2.25
2012.03.19 14:26:13.050,0.75615,0.75643,2.25,3.00
2012.03.19 14:26:13.390,0.75615,0.75643,2.25,3.00
2012.03.19 14:26:13.584,0.75613,0.75637,2.25,3.00
2012.03.19 14:26:13.649,0.75613,0.75637,2.25,2.25
2012.03.19 14:26:13.776,0.75615,0.75645,2.25,3.00
2012.03.19 14:26:13.988,0.75616,0.75651,2.25,3.00
2012.03.19 14:26:15.282,0.75616,0.75651,3.00,3.00
2012.03.19 14:26:15.350,0.75616,0.75654,2.25,3.00
2012.03.19 14:26:16.472,0.75617,0.75645,2.25,3.00
2012.03.19 14:26:16.880,0.75614,0.7564,2.25,3.00
2012.03.19 14:26:17.939,0.75616,0.75646,2.25,3.00
2012.03.19 14:26:18.401,0.75616,0.75646,2.25,3.00
2012.03.19 14:26:18.618,0.75616,0.75646,2.25,3.00
2012.03.19 14:26:18.736,0.75614,0.7564,2.25,3.00
2012.03.19 14:26:19.932,0.75614,0.75638,2.25,2.25
2012.03.19 14:26:21.018,0.75613,0.75638,2.25,2.25
2012.03.19 14:26:21.444,0.75615,0.75641,2.25,3.00
2012.03.19 14:26:21.755,0.75615,0.75641,2.25,3.00
2012.03.19 14:26:21.818,0.756,0.75637,2.25,3.00
2012.03.19 14:26:21.958,0.756,0.75637,3.00,3.38
2012.03.19 14:26:22.606,0.75603,0.75638,2.25,3.00
2012.03.19 14:26:23.479,0.75605,0.7564,2.25,3.38
2012.03.19 14:26:23.855,0.75605,0.7564,3.00,3.38
2012.03.19 14:26:24.166,0.75603,0.7564,2.25,3.00
2012.03.19 14:26:25.697,0.75602,0.75638,2.25,3.00
2012.03.19 14:26:26.458,0.75601,0.75637,3.00,3.00
2012.03.19 14:26:27.054,0.75603,0.75639,2.25,1.13
2012.03.19 14:26:27.740,0.75602,0.75639,2.25,3.00
2012.03.19 14:26:28.368,0.75601,0.75639,3.00,3.00
2012.03.19 14:26:29.310,0.75601,0.75638,2.25,1.13
2012.03.19 14:26:31.430,0.75601,0.75638,3.00,1.13
2012.03.19 14:26:36.882,0.75598,0.75633,3.00,2.25
2012.03.19 14:26:36.960,0.75598,0.75633,2.25,3.00
2012.03.19 14:26:37.378,0.75597,0.75634,1.35,3.00
2012.03.19 14:26:37.871,0.75596,0.75634,3.98,3.00
2012.03.19 14:26:37.937,0.75597,0.75634,1.35,3.00
2012.03.19 14:26:38.201,0.75597,0.75632,3.60,2.25
2012.03.19 14:26:38.896,0.75602,0.75632,2.25,2.25
2012.03.19 14:26:45.705,0.75602,0.75632,2.25,2.63
2012.03.19 14:26:46.022,0.75597,0.75634,3.00,1.13
2012.03.19 14:26:47.021,0.75597,0.75632,3.00,2.25
2012.03.19 14:26:48.666,0.75598,0.75634,3.00,1.13
2012.03.19 14:26:49.615,0.75597,0.75634,3.00,1.13
2012.03.19 14:26:49.937,0.75597,0.75625,3.00,2.25
2012.03.19 14:26:51.617,0.75595,0.75623,3.00,2.25
2012.03.19 14:26:52.225,0.75594,0.75624,3.00,2.25
2012.03.19 14:26:56.662,0.75594,0.75624,3.00,2.63
2012.03.19 14:26:56.965,0.75579,0.75623,1.13,3.23
2012.03.19 14:26:57.147,0.75579,0.75623,1.73,1.13
2012.03.19 14:26:57.205,0.75583,0.75624,1.13,1.73
2012.03.19 14:26:57.479,0.75589,0.75629,1.13,1.73
2012.03.19 14:26:57.856,0.75589,0.75629,1.13,1.13
2012.03.19 14:26:58.573,0.75597,0.75632,2.25,1.35
2012.03.19 14:26:58.781,0.75598,0.75635,1.13,3.00
2012.03.19 14:26:58.910,0.75607,0.75635,2.25,3.00
2012.03.19 14:27:01.495,0.75593,0.75634,1.13,1.13
2012.03.19 14:27:03.149,0.75593,0.75634,1.13,1.13
2012.03.19 14:27:04.781,0.7559,0.75629,1.35,1.13
2012.03.19 14:27:04.910,0.7559,0.75625,1.35,1.13
2012.03.19 14:27:05.909,0.75584,0.75629,1.13,1.73
2012.03.19 14:27:07.879,0.75584,0.75625,1.13,1.13
2012.03.19 14:27:08.353,0.75595,0.75623,2.25,2.25
2012.03.19 14:27:08.936,0.75601,0.7563,2.25,1.13
2012.03.19 14:27:09.271,0.756,0.75625,2.25,1.13
2012.03.19 14:27:09.583,0.75598,0.75625,2.25,3.38
2012.03.19 14:27:09.780,0.75593,0.75621,2.25,2.25
2012.03.19 14:27:10.453,0.75594,0.75622,2.25,2.25
2012.03.19 14:27:11.759,0.75594,0.75622,2.25,2.63
2012.03.19 14:27:12.357,0.75588,0.75618,3.00,2.25
2012.03.19 14:27:12.677,0.7559,0.75616,3.00,2.25
2012.03.19 14:27:12.800,0.75593,0.7562,2.25,2.25
2012.03.19 14:27:13.199,0.75589,0.75617,2.25,2.25
2012.03.19 14:27:13.957,0.75588,0.75616,2.25,2.25
2012.03.19 14:27:14.140,0.75588,0.75616,3.00,2.25
2012.03.19 14:27:16.097,0.75588,0.75626,3.00,3.00
2012.03.19 14:27:16.425,0.75597,0.75626,2.25,3.00
2012.03.19 14:27:16.546,0.75594,0.75621,2.25,2.25
2012.03.19 14:27:17.527,0.75594,0.75619,2.25,2.25
2012.03.19 14:27:18.206,0.75595,0.7562,2.25,2.25
2012.03.19 14:27:18.580,0.75597,0.75626,2.25,3.00
2012.03.19 14:27:18.788,0.75595,0.7562,2.25,2.25
2012.03.19 14:27:19.823,0.75595,0.7562,3.00,2.25
2012.03.19 14:27:20.147,0.75598,0.75625,2.25,2.25
2012.03.19 14:27:22.762,0.756,0.75624,2.25,2.25
2012.03.19 14:27:23.891,0.75601,0.75625,2.25,3.00
2012.03.19 14:27:24.221,0.75601,0.75625,2.25,2.25
2012.03.19 14:27:25.707,0.75601,0.75625,2.25,3.00
2012.03.19 14:27:25.767,0.75593,0.75621,2.25,2.25
2012.03.19 14:27:27.062,0.75595,0.75625,2.25,3.00
2012.03.19 14:27:27.872,0.75595,0.75625,2.25,3.00
2012.03.19 14:27:27.949,0.75595,0.75625,2.25,3.00
2012.03.19 14:27:28.016,0.75597,0.75627,2.25,3.00
2012.03.19 14:27:28.326,0.75589,0.75617,3.00,2.25
2012.03.19 14:27:28.396,0.75592,0.7562,2.25,2.25
2012.03.19 14:27:28.920,0.75591,0.75619,2.25,3.00
2012.03.19 14:27:28.994,0.75591,0.75619,2.25,3.00
2012.03.19 14:27:29.277,0.75591,0.75619,2.25,3.00
2012.03.19 14:27:30.243,0.75592,0.7562,2.25,3.00
2012.03.19 14:27:30.468,0.75592,0.7562,2.25,3.00
2012.03.19 14:27:31.009,0.75592,0.7562,3.00,2.25
2012.03.19 14:27:32.365,0.75592,0.7562,2.25,3.00
2012.03.19 14:27:33.417,0.75592,0.7562,3.00,2.25
2012.03.19 14:27:33.474,0.75592,0.7562,2.25,3.00
2012.03.19 14:27:33.687,0.75587,0.75617,3.00,2.25
2012.03.19 14:27:33.823,0.75587,0.75617,2.25,3.00
2012.03.19 14:27:34.417,0.75586,0.75614,2.25,3.00
2012.03.19 14:27:35.070,0.75586,0.75616,3.00,2.25
2012.03.19 14:27:37.815,0.75586,0.75616,3.00,2.63
2012.03.19 14:27:37.959,0.75582,0.7561,3.00,2.25
2012.03.19 14:27:38.210,0.75582,0.75606,1.13,2.25
2012.03.19 14:27:38.279,0.75588,0.75615,2.25,2.25
2012.03.19 14:27:39.435,0.75587,0.75617,3.00,2.25
2012.03.19 14:27:42.486,0.75587,0.75617,3.00,2.25
2012.03.19 14:27:42.666,0.75594,0.75621,2.25,2.25
2012.03.19 14:27:44.340,0.75594,0.75619,2.25,2.25
2012.03.19 14:27:44.821,0.7559,0.75616,3.00,2.25
2012.03.19 14:27:45.618,0.7559,0.75614,3.00,2.25
2012.03.19 14:27:47.944,0.7559,0.75615,3.00,2.25
2012.03.19 14:27:48.775,0.75592,0.75616,2.25,2.25
2012.03.19 14:27:52.120,0.7559,0.75616,3.00,2.25
2012.03.19 14:27:52.804,0.75591,0.75616,1.13,2.25
2012.03.19 14:27:52.930,0.75598,0.75625,2.25,2.25
2012.03.19 14:27:53.675,0.75598,0.75624,3.00,2.25
2012.03.19 14:27:55.656,0.75599,0.75626,3.00,2.25
2012.03.19 14:27:55.717,0.75599,0.75626,2.25,2.25
2012.03.19 14:27:57.302,0.756,0.75626,2.25,2.25
2012.03.19 14:27:58.720,0.75602,0.75626,2.25,2.25
2012.03.19 14:27:59.601,0.756,0.75626,2.25,2.25
2012.03.19 14:27:59.929,0.75598,0.75625,2.25,2.25
2012.03.19 14:28:00.622,0.75599,0.75626,2.25,2.25
2012.03.19 14:28:01.309,0.75602,0.75626,2.25,2.25
2012.03.19 14:28:01.383,0.75602,0.75628,2.25,3.00
2012.03.19 14:28:01.843,0.75599,0.75625,2.25,2.25
2012.03.19 14:28:02.644,0.75595,0.7562,2.25,2.25
2012.03.19 14:28:02.969,0.75598,0.75622,2.25,2.25
2012.03.19 14:28:03.146,0.75596,0.75622,3.00,2.25
2012.03.19 14:28:03.681,0.75597,0.75623,2.25,2.25
2012.03.19 14:28:03.894,0.75599,0.75623,2.25,2.25
2012.03.19 14:28:04.050,0.75596,0.75622,2.25,2.25
2012.03.19 14:28:04.891,0.75594,0.75621,2.25,2.25
2012.03.19 14:28:06.523,0.75594,0.75621,3.00,2.25
2012.03.19 14:28:06.591,0.75597,0.75623,2.25,2.25
2012.03.19 14:28:06.671,0.75598,0.75625,2.25,2.25
2012.03.19 14:28:06.768,0.756,0.75624,2.25,2.25
2012.03.19 14:28:08.457,0.75599,0.75623,2.25,2.25
2012.03.19 14:28:08.520,0.75597,0.75623,2.25,2.25
2012.03.19 14:28:08.744,0.75595,0.75621,2.25,2.25
2012.03.19 14:28:09.071,0.75597,0.75621,2.25,2.25
2012.03.19 14:28:09.138,0.75596,0.75623,2.25,2.25
2012.03.19 14:28:09.369,0.75595,0.75621,2.25,2.25
2012.03.19 14:28:10.377,0.75594,0.75618,2.25,2.25
2012.03.19 14:28:11.828,0.75594,0.75619,2.25,2.25
2012.03.19 14:28:12.794,0.75596,0.75622,2.25,2.25
2012.03.19 14:28:12.876,0.75592,0.75618,2.25,3.00
2012.03.19 14:28:13.241,0.75591,0.75615,2.25,2.25
2012.03.19 14:28:13.722,0.7559,0.75615,2.25,3.00
2012.03.19 14:28:14.265,0.75589,0.75615,2.25,3.00
2012.03.19 14:28:14.952,0.75587,0.75613,2.25,2.25
2012.03.19 14:28:15.019,0.75585,0.7561,2.25,2.25
2012.03.19 14:28:15.329,0.75584,0.75608,2.25,2.25
2012.03.19 14:28:15.881,0.75581,0.75607,3.00,2.25
2012.03.19 14:28:15.946,0.75581,0.75607,3.00,2.25
2012.03.19 14:28:16.777,0.7558,0.75605,3.00,2.25
2012.03.19 14:28:16.892,0.75583,0.75607,2.25,2.25
2012.03.19 14:28:18.762,0.75583,0.75607,3.00,2.25
2012.03.19 14:28:18.897,0.75587,0.75611,2.25,2.25
2012.03.19 14:28:19.205,0.75583,0.75607,3.00,2.25
2012.03.19 14:28:19.462,0.75586,0.75612,3.00,2.25
2012.03.19 14:28:19.566,0.75586,0.75612,3.00,2.25
2012.03.19 14:28:20.831,0.75586,0.75612,3.00,2.25
2012.03.19 14:28:20.976,0.7559,0.75614,3.00,2.25
2012.03.19 14:28:22.052,0.7559,0.75614,2.25,2.25
2012.03.19 14:28:22.230,0.75587,0.75611,3.00,2.25
2012.03.19 14:28:26.431,0.75582,0.75606,3.00,2.25
2012.03.19 14:28:26.550,0.75585,0.75611,3.00,2.25
2012.03.19 14:28:28.197,0.75585,0.75611,2.25,2.25
2012.03.19 14:28:28.283,0.75582,0.75606,3.00,2.25
2012.03.19 14:28:28.634,0.75583,0.75608,3.00,2.25
2012.03.19 14:28:28.875,0.75587,0.75611,3.00,2.25
2012.03.19 14:28:29.512,0.75589,0.75617,2.25,2.25
2012.03.19 14:28:31.063,0.75586,0.75616,3.00,2.25
2012.03.19 14:28:31.162,0.75588,0.75618,2.25,3.00
2012.03.19 14:28:33.207,0.75589,0.75619,2.25,3.00
2012.03.19 14:28:33.450,0.75589,0.75618,2.25,1.13
2012.03.19 14:28:33.803,0.75587,0.75613,3.00,2.25
2012.03.19 14:28:34.170,0.7558,0.75619,1.73,1.13
2012.03.19 14:28:34.533,0.75593,0.75619,2.25,2.25
2012.03.19 14:28:34.902,0.75593,0.75617,2.25,2.25
2012.03.19 14:28:37.651,0.75591,0.75617,2.25,2.25
2012.03.19 14:28:37.871,0.75589,0.75616,2.25,2.25
2012.03.19 14:28:39.200,0.7559,0.75614,2.25,2.25
2012.03.19 14:28:43.588,0.7559,0.75615,2.25,2.25
2012.03.19 14:28:46.899,0.75589,0.75615,2.25,2.25
2012.03.19 14:28:49.133,0.75588,0.75614,2.25,2.25
2012.03.19 14:28:50.199,0.75589,0.75615,2.25,2.25
2012.03.19 14:28:53.169,0.75589,0.75613,2.25,2.25
2012.03.19 14:28:54.868,0.75588,0.75614,2.25,2.25
2012.03.19 14:28:55.613,0.75588,0.75612,2.25,2.25
2012.03.19 14:28:57.680,0.75586,0.75612,2.25,2.25
2012.03.19 14:28:57.936,0.75581,0.75618,1.35,1.13
2012.03.19 14:28:58.177,0.75581,0.75618,1.35,1.13
2012.03.19 14:28:58.509,0.75588,0.75612,2.25,2.25
2012.03.19 14:29:00.532,0.75585,0.7561,2.25,2.25
2012.03.19 14:29:01.612,0.75586,0.7561,2.25,2.25
2012.03.19 14:29:01.981,0.75587,0.75613,2.25,3.00
2012.03.19 14:29:03.610,0.75588,0.75614,2.25,2.25
2012.03.19 14:29:03.965,0.75591,0.75615,2.25,2.25
2012.03.19 14:29:04.834,0.75591,0.75615,2.25,3.00
2012.03.19 14:29:06.300,0.75591,0.75615,2.25,2.25
2012.03.19 14:29:06.808,0.75596,0.7562,2.25,3.00
2012.03.19 14:29:07.586,0.75594,0.75621,2.25,3.00
2012.03.19 14:29:08.772,0.75594,0.75618,2.25,2.25
2012.03.19 14:29:09.227,0.75592,0.75618,2.25,2.25
2012.03.19 14:29:11.545,0.75587,0.75613,2.25,2.25
2012.03.19 14:29:12.518,0.75584,0.75608,3.00,2.25
2012.03.19 14:29:12.699,0.75584,0.75608,2.25,2.25
2012.03.19 14:29:12.830,0.75586,0.7561,2.25,2.25
2012.03.19 14:29:14.258,0.75588,0.75612,2.25,2.25
2012.03.19 14:29:17.402,0.75585,0.75611,2.25,2.25
2012.03.19 14:29:17.951,0.75586,0.7561,2.25,2.25
2012.03.19 14:29:18.959,0.75587,0.75613,2.25,3.00
2012.03.19 14:29:19.021,0.75591,0.75617,2.25,3.00
2012.03.19 14:29:19.839,0.75591,0.75617,2.25,2.25
2012.03.19 14:29:21.073,0.75591,0.75615,2.25,2.25
2012.03.19 14:29:21.353,0.75589,0.75615,2.25,2.25
2012.03.19 14:29:21.949,0.7559,0.75616,2.25,2.25
2012.03.19 14:29:22.547,0.75591,0.75615,2.25,2.25
2012.03.19 14:29:29.723,0.75592,0.75616,2.25,2.25
2012.03.19 14:29:29.859,0.75592,0.75616,2.25,3.00
2012.03.19 14:29:30.108,0.75582,0.75608,2.25,2.25
2012.03.19 14:29:30.166,0.75577,0.75604,2.10,2.25
2012.03.19 14:29:30.228,0.75576,0.75604,3.00,2.25
2012.03.19 14:29:30.673,0.75583,0.75607,2.25,2.25
2012.03.19 14:29:31.142,0.75585,0.75611,2.25,3.98
2012.03.19 14:29:31.387,0.75578,0.75606,2.25,2.25
2012.03.19 14:29:31.579,0.75576,0.75606,3.00,2.25
2012.03.19 14:29:32.094,0.75575,0.75605,3.00,2.25
2012.03.19 14:29:35.029,0.75575,0.75605,2.25,3.00
2012.03.19 14:29:36.438,0.75575,0.75605,3.00,2.25
2012.03.19 14:29:36.799,0.75582,0.75608,2.25,2.25
2012.03.19 14:29:41.703,0.75579,0.75605,2.25,2.25
2012.03.19 14:29:42.967,0.75579,0.75604,2.25,2.25
2012.03.19 14:29:44.176,0.75577,0.75601,2.25,2.25
2012.03.19 14:29:45.233,0.75579,0.75604,2.25,3.00
2012.03.19 14:29:45.785,0.75581,0.75607,2.25,2.25
2012.03.19 14:29:46.667,0.75579,0.75605,2.25,2.25
2012.03.19 14:29:46.998,0.75582,0.75606,2.25,2.25
2012.03.19 14:29:47.498,0.75582,0.75606,2.25,3.00
2012.03.19 14:29:47.698,0.75582,0.75606,2.25,2.25
2012.03.19 14:29:48.519,0.75586,0.75611,2.25,3.00
2012.03.19 14:29:48.844,0.7559,0.75614,2.25,3.00
2012.03.19 14:29:48.908,0.75588,0.75612,2.25,3.00
2012.03.19 14:29:49.509,0.75586,0.7561,2.25,3.00
2012.03.19 14:29:49.831,0.75578,0.75608,2.25,3.00
2012.03.19 14:29:52.881,0.75578,0.75608,3.00,2.25
2012.03.19 14:29:53.601,0.75586,0.7561,2.25,3.00
2012.03.19 14:29:53.796,0.75589,0.75613,2.25,2.25
2012.03.19 14:29:53.908,0.75585,0.75611,2.25,2.25
2012.03.19 14:30:01.839,0.75582,0.75608,2.25,2.25
2012.03.19 14:30:02.152,0.75578,0.75604,2.25,2.25
2012.03.19 14:30:04.298,0.7558,0.75604,2.25,2.25
2012.03.19 14:30:04.611,0.75582,0.75606,2.25,2.25
2012.03.19 14:30:04.956,0.7558,0.75604,2.25,2.25
2012.03.19 14:30:06.748,0.75579,0.75603,2.25,2.25
2012.03.19 14:30:07.688,0.7558,0.75604,2.25,2.25
2012.03.19 14:30:07.762,0.75581,0.75607,2.25,2.25
2012.03.19 14:30:07.949,0.75579,0.75605,2.25,2.25
2012.03.19 14:30:10.779,0.75578,0.75604,2.25,2.25
2012.03.19 14:30:11.231,0.75578,0.75602,2.25,2.25
2012.03.19 14:30:12.472,0.75575,0.756,3.00,2.25
2012.03.19 14:30:14.151,0.75574,0.75598,3.00,2.25
2012.03.19 14:30:15.198,0.75576,0.756,3.00,2.25
2012.03.19 14:30:16.446,0.75573,0.75599,3.00,2.25
2012.03.19 14:30:17.562,0.75573,0.75599,2.25,2.25
2012.03.19 14:30:17.748,0.7557,0.75594,3.00,2.25
2012.03.19 14:30:18.078,0.7557,0.75595,3.00,2.25
2012.03.19 14:30:18.630,0.7557,0.75594,3.00,2.25
2012.03.19 14:30:18.701,0.75573,0.75601,3.38,2.25
2012.03.19 14:30:18.774,0.75582,0.7561,2.25,2.25
2012.03.19 14:30:18.938,0.75582,0.75607,2.25,1.13
2012.03.19 14:30:19.047,0.75579,0.75605,2.25,3.00
2012.03.19 14:30:19.699,0.75579,0.75605,2.25,2.25
2012.03.19 14:30:20.360,0.75572,0.75602,3.00,2.25
2012.03.19 14:30:21.467,0.75574,0.75604,3.00,2.63
2012.03.19 14:30:21.788,0.75573,0.75602,3.00,2.25
2012.03.19 14:30:22.681,0.75576,0.75606,2.25,3.00
2012.03.19 14:30:22.752,0.75574,0.75604,2.25,3.00
2012.03.19 14:30:22.878,0.75575,0.75605,3.00,2.25
2012.03.19 14:30:23.440,0.75574,0.75604,3.00,2.25
2012.03.19 14:30:24.776,0.75574,0.75604,2.25,3.00
2012.03.19 14:30:26.310,0.75574,0.75604,3.00,2.25
2012.03.19 14:30:27.197,0.75574,0.75604,2.25,3.00
2012.03.19 14:30:27.317,0.75574,0.75604,3.00,2.25
2012.03.19 14:30:27.479,0.75574,0.75604,2.25,3.00
2012.03.19 14:30:27.920,0.75574,0.75604,3.00,2.25
2012.03.19 14:30:28.297,0.75574,0.75604,2.25,3.38
2012.03.19 14:30:28.389,0.75572,0.75598,2.25,2.25
2012.03.19 14:30:29.438,0.75572,0.75598,3.00,2.25
2012.03.19 14:30:29.496,0.75574,0.75604,3.00,2.25
2012.03.19 14:30:30.639,0.75574,0.75604,2.25,3.00
2012.03.19 14:30:30.800,0.75573,0.75597,2.25,2.25
2012.03.19 14:30:31.201,0.75575,0.75603,3.00,2.25
2012.03.19 14:30:31.916,0.75575,0.75603,2.25,2.25
2012.03.19 14:30:32.141,0.75578,0.75606,2.25,3.00
2012.03.19 14:30:32.345,0.75575,0.75601,2.25,2.25
2012.03.19 14:30:33.064,0.75576,0.75602,2.25,2.25
2012.03.19 14:30:35.100,0.75578,0.75608,2.25,2.25
2012.03.19 14:30:35.586,0.75576,0.75606,3.00,2.25
2012.03.19 14:30:36.214,0.75577,0.75605,2.25,2.25
2012.03.19 14:30:36.588,0.75577,0.75607,2.25,2.25
2012.03.19 14:30:37.077,0.75577,0.75605,2.25,2.25
2012.03.19 14:30:38.297,0.75577,0.75607,2.25,2.25
2012.03.19 14:30:38.730,0.75579,0.75607,2.25,2.25
2012.03.19 14:30:39.362,0.75578,0.75606,2.25,2.25
2012.03.19 14:30:40.213,0.75579,0.75607,2.25,2.25
2012.03.19 14:30:41.050,0.75579,0.75606,2.25,2.25
2012.03.19 14:30:41.274,0.75578,0.75608,2.25,2.25
2012.03.19 14:30:43.159,0.75579,0.75606,2.25,2.25
2012.03.19 14:30:43.479,0.75576,0.75604,3.00,2.25
2012.03.19 14:30:43.687,0.75579,0.75606,2.25,2.25
2012.03.19 14:30:44.027,0.75579,0.75606,2.25,3.00
2012.03.19 14:30:44.086,0.75576,0.75604,2.25,3.00
2012.03.19 14:30:44.774,0.75576,0.75604,2.25,3.00
2012.03.19 14:30:45.338,0.75578,0.75606,2.25,3.00
2012.03.19 14:30:45.572,0.75574,0.75602,2.25,2.25
2012.03.19 14:30:45.639,0.75574,0.75604,2.25,3.00
2012.03.19 14:30:47.527,0.75574,0.75604,3.00,2.25
2012.03.19 14:30:47.586,0.75576,0.75606,3.00,2.25
2012.03.19 14:30:48.851,0.75578,0.75606,2.25,2.25
2012.03.19 14:30:48.920,0.75578,0.75606,2.25,3.00
2012.03.19 14:30:49.342,0.75576,0.756,2.25,2.25
2012.03.19 14:30:49.701,0.75579,0.75606,2.25,3.00
2012.03.19 14:30:49.768,0.75575,0.75601,2.25,2.25
2012.03.19 14:30:52.060,0.75574,0.75601,2.25,2.25
2012.03.19 14:30:52.186,0.75575,0.75599,2.25,2.25
2012.03.19 14:30:55.252,0.75575,0.756,2.25,2.25
2012.03.19 14:30:55.797,0.75575,0.75599,2.25,2.25
2012.03.19 14:30:57.330,0.75576,0.756,2.25,2.25
2012.03.19 14:30:58.023,0.75575,0.756,2.25,2.25
2012.03.19 14:30:58.790,0.75574,0.756,2.25,2.25
2012.03.19 14:30:58.918,0.75575,0.75603,2.25,1.13
2012.03.19 14:31:00.059,0.75574,0.75604,2.25,3.00
2012.03.19 14:31:01.149,0.75574,0.75604,2.25,3.00
2012.03.19 14:31:01.666,0.75573,0.75597,2.25,2.25
2012.03.19 14:31:02.227,0.75572,0.75598,2.25,3.00
2012.03.19 14:31:03.036,0.75572,0.75596,2.25,2.25
2012.03.19 14:31:03.504,0.7557,0.75597,2.25,2.25
2012.03.19 14:31:13.671,0.7557,0.75597,3.00,2.25
2012.03.19 14:31:13.739,0.75574,0.75604,2.25,3.38
2012.03.19 14:31:13.880,0.75574,0.75604,2.25,3.00
2012.03.19 14:31:14.436,0.75573,0.75597,2.25,2.25
2012.03.19 14:31:19.646,0.75574,0.75598,2.25,3.00
2012.03.19 14:31:19.923,0.75575,0.75601,2.25,2.25
2012.03.19 14:31:20.158,0.75578,0.75604,2.25,3.00
2012.03.19 14:31:20.215,0.75578,0.75604,2.25,3.00
2012.03.19 14:31:20.337,0.75577,0.75603,2.25,3.00
2012.03.19 14:31:20.559,0.75577,0.75603,2.25,3.00
2012.03.19 14:31:21.226,0.75577,0.75603,2.25,3.00
2012.03.19 14:31:21.881,0.75577,0.75603,2.25,3.00
2012.03.19 14:31:22.336,0.75579,0.75603,2.25,2.25
2012.03.19 14:31:22.879,0.75577,0.75603,2.25,2.25
2012.03.19 14:31:27.482,0.75579,0.75603,2.25,2.25
2012.03.19 14:31:28.177,0.75578,0.75602,2.25,2.25
2012.03.19 14:31:28.704,0.75578,0.75602,2.25,3.00
2012.03.19 14:31:28.914,0.75578,0.75602,2.25,2.25
2012.03.19 14:31:33.905,0.75573,0.75597,2.25,2.25
2012.03.19 14:31:34.033,0.75574,0.75602,2.25,2.25
2012.03.19 14:31:34.219,0.75574,0.75601,3.00,2.25
2012.03.19 14:31:35.496,0.7558,0.75605,2.25,2.25
2012.03.19 14:31:42.529,0.75578,0.75602,2.25,2.25
2012.03.19 14:31:42.834,0.75578,0.75602,3.00,2.25
2012.03.19 14:31:43.029,0.75587,0.75611,2.25,2.25
2012.03.19 14:31:43.545,0.75588,0.75618,2.25,3.00
2012.03.19 14:31:44.308,0.75588,0.75618,2.25,3.00
2012.03.19 14:31:45.301,0.75588,0.75618,2.25,3.00
2012.03.19 14:31:47.745,0.75592,0.7562,2.25,3.00
2012.03.19 14:31:48.062,0.75587,0.75611,2.25,2.25
2012.03.19 14:31:50.559,0.75587,0.75611,2.25,3.00
2012.03.19 14:31:50.627,0.75587,0.75611,2.25,2.25
2012.03.19 14:32:01.137,0.75588,0.75614,2.25,3.00
2012.03.19 14:32:02.581,0.75586,0.75612,2.25,2.25
2012.03.19 14:32:05.488,0.7559,0.75615,2.25,3.00
2012.03.19 14:32:05.767,0.75589,0.75616,2.25,2.25
2012.03.19 14:32:05.990,0.75593,0.75617,2.25,2.25
2012.03.19 14:32:06.383,0.75595,0.7562,2.25,3.00
2012.03.19 14:32:07.175,0.75594,0.75621,2.25,3.00
2012.03.19 14:32:07.702,0.75595,0.7562,2.25,3.00
2012.03.19 14:32:08.390,0.75594,0.7562,2.25,3.00
2012.03.19 14:32:08.790,0.75596,0.75626,2.25,3.00
2012.03.19 14:32:16.547,0.75597,0.75627,2.25,3.00
2012.03.19 14:32:17.014,0.756,0.75628,2.25,3.00
2012.03.19 14:32:17.143,0.75597,0.75623,2.25,3.00
2012.03.19 14:32:17.589,0.75592,0.7562,2.25,3.00
2012.03.19 14:32:17.772,0.7559,0.7562,2.85,3.00
2012.03.19 14:32:21.090,0.75583,0.75613,3.60,2.25
2012.03.19 14:32:21.402,0.75592,0.75616,2.25,2.25
2012.03.19 14:32:21.631,0.75586,0.75616,3.00,2.25
2012.03.19 14:32:21.841,0.75593,0.75619,2.25,3.00
2012.03.19 14:32:22.148,0.75595,0.75619,2.25,3.00
2012.03.19 14:32:23.179,0.75594,0.75621,2.25,3.00
2012.03.19 14:32:27.243,0.75597,0.75621,2.25,3.00
2012.03.19 14:32:27.643,0.75597,0.75621,2.25,2.25
2012.03.19 14:32:27.990,0.75598,0.75622,2.25,3.00
2012.03.19 14:32:28.169,0.75599,0.75623,2.25,2.25
2012.03.19 14:32:29.337,0.75599,0.75626,2.25,3.00
2012.03.19 14:32:29.662,0.75602,0.75626,2.25,3.00
2012.03.19 14:32:30.037,0.75604,0.75628,2.25,3.00
2012.03.19 14:32:30.524,0.75603,0.7563,2.25,3.00
2012.03.19 14:32:30.592,0.75598,0.75625,2.25,3.00
2012.03.19 14:32:30.801,0.75594,0.75621,2.25,3.00
2012.03.19 14:32:30.882,0.75594,0.75621,2.25,2.25
2012.03.19 14:32:31.122,0.75596,0.7562,2.25,3.00
2012.03.19 14:32:31.441,0.75589,0.75617,2.25,2.25
2012.03.19 14:32:31.510,0.75587,0.75611,2.25,2.25
2012.03.19 14:32:31.872,0.75588,0.75616,2.25,3.00
2012.03.19 14:32:33.522,0.75585,0.75611,2.25,2.25
2012.03.19 14:32:36.040,0.75586,0.75612,2.25,2.25
2012.03.19 14:32:36.464,0.75586,0.7561,2.25,2.25
2012.03.19 14:32:37.419,0.75583,0.7561,2.25,2.25
2012.03.19 14:32:37.901,0.75582,0.75608,3.00,2.25
2012.03.19 14:32:42.800,0.7558,0.75606,2.25,2.25
2012.03.19 14:32:43.810,0.75583,0.75607,2.25,2.25
2012.03.19 14:32:44.923,0.75591,0.75614,2.25,1.35
2012.03.19 14:32:45.049,0.75584,0.75614,2.25,3.00
2012.03.19 14:32:46.819,0.75586,0.75614,2.25,3.00
2012.03.19 14:32:46.996,0.75586,0.75616,3.00,2.25
2012.03.19 14:32:47.117,0.75586,0.75616,2.25,3.00
2012.03.19 14:32:47.628,0.75585,0.75613,2.25,2.25
2012.03.19 14:32:47.969,0.75587,0.75615,2.25,3.00
2012.03.19 14:32:48.879,0.75588,0.75615,2.25,3.00
2012.03.19 14:32:49.430,0.75587,0.75617,2.25,3.00
2012.03.19 14:32:50.284,0.75586,0.75612,2.25,2.25
2012.03.19 14:32:51.541,0.75586,0.75612,2.25,3.00
2012.03.19 14:32:52.166,0.75586,0.7561,2.25,2.25
2012.03.19 14:32:52.495,0.75584,0.75609,2.25,3.00
2012.03.19 14:32:53.051,0.75585,0.7561,2.25,2.25
2012.03.19 14:32:53.608,0.75586,0.7561,2.25,2.25
2012.03.19 14:32:54.962,0.75586,0.7561,2.25,3.00
2012.03.19 14:32:57.017,0.75586,0.7561,2.25,2.25
2012.03.19 14:32:57.160,0.75588,0.75615,2.25,3.00
2012.03.19 14:32:57.291,0.7559,0.75614,2.25,3.00
2012.03.19 14:32:58.518,0.75589,0.75614,2.25,3.00
2012.03.19 14:32:58.688,0.75587,0.75613,2.25,3.00
2012.03.19 14:33:00.892,0.75586,0.7561,2.25,3.00
2012.03.19 14:33:01.597,0.75586,0.7561,2.25,2.25
2012.03.19 14:33:01.661,0.75586,0.75612,2.25,2.25
2012.03.19 14:33:02.020,0.75588,0.75612,2.25,2.25
2012.03.19 14:33:04.261,0.75588,0.75612,2.25,3.00
2012.03.19 14:33:04.717,0.75586,0.75612,2.25,3.00
2012.03.19 14:33:05.308,0.75586,0.75612,2.25,2.25
2012.03.19 14:33:05.451,0.75588,0.75612,2.25,2.25
2012.03.19 14:33:07.399,0.75588,0.75612,2.25,3.00
2012.03.19 14:33:07.518,0.75586,0.7561,2.25,3.00
2012.03.19 14:33:08.447,0.75586,0.7561,2.25,2.25
2012.03.19 14:33:09.000,0.75585,0.75611,2.25,2.25
2012.03.19 14:33:09.111,0.75585,0.75611,2.25,3.00
2012.03.19 14:33:09.664,0.75584,0.75608,2.25,2.25
2012.03.19 14:33:09.789,0.75585,0.75615,2.25,3.00
2012.03.19 14:33:17.469,0.75585,0.75615,2.25,3.00
2012.03.19 14:33:23.246,0.75585,0.75615,2.25,3.00
2012.03.19 14:33:25.528,0.75585,0.75615,2.25,3.00
2012.03.19 14:33:25.847,0.75585,0.75615,2.25,3.00
2012.03.19 14:33:26.348,0.75585,0.75615,2.25,3.00
2012.03.19 14:33:26.409,0.75585,0.75615,2.25,3.00
2012.03.19 14:33:27.339,0.75585,0.75615,2.25,3.00
2012.03.19 14:33:28.781,0.75585,0.75615,2.25,3.00
2012.03.19 14:33:35.715,0.75586,0.75616,2.25,3.00
2012.03.19 14:33:35.923,0.75586,0.75616,2.25,3.00
2012.03.19 14:33:38.509,0.75586,0.75616,2.25,3.00
2012.03.19 14:33:38.738,0.75586,0.75616,2.25,3.38
2012.03.19 14:33:38.798,0.75584,0.75609,2.25,3.00
2012.03.19 14:33:41.875,0.75586,0.7561,2.25,3.00
2012.03.19 14:33:42.401,0.75586,0.7561,2.25,3.00
2012.03.19 14:33:42.631,0.75579,0.75607,2.25,3.00
2012.03.19 14:33:42.778,0.75572,0.75606,1.13,3.00
2012.03.19 14:33:42.959,0.75571,0.75606,3.00,3.00
2012.03.19 14:33:43.045,0.75572,0.75606,1.13,3.00
2012.03.19 14:33:43.463,0.7558,0.75608,2.25,3.60
2012.03.19 14:33:45.685,0.7558,0.75608,3.00,2.25
2012.03.19 14:33:46.338,0.75582,0.75612,3.00,2.25
2012.03.19 14:33:56.921,0.75582,0.75612,3.00,2.25
2012.03.19 14:33:57.109,0.75589,0.75615,2.25,2.25
2012.03.19 14:33:57.172,0.75589,0.75615,3.00,2.25
2012.03.19 14:33:57.390,0.75592,0.75621,3.00,2.25
2012.03.19 14:33:59.768,0.75592,0.75621,2.25,3.00
2012.03.19 14:34:05.347,0.75592,0.75621,2.25,3.00
2012.03.19 14:34:06.068,0.75582,0.75612,3.38,2.25
2012.03.19 14:34:06.166,0.75588,0.75612,2.25,2.25
2012.03.19 14:34:06.498,0.75588,0.75616,2.25,2.25
2012.03.19 14:34:06.681,0.75594,0.75621,2.25,3.00
2012.03.19 14:34:06.751,0.75594,0.75621,2.25,2.25
2012.03.19 14:34:06.818,0.75594,0.75626,2.25,1.35
2012.03.19 14:34:07.673,0.75593,0.75622,2.25,2.25
2012.03.19 14:34:08.218,0.75594,0.7563,2.25,3.00
2012.03.19 14:34:08.283,0.75594,0.75625,2.25,1.35
2012.03.19 14:34:08.571,0.75592,0.7562,2.25,3.00
2012.03.19 14:34:09.152,0.75593,0.75621,2.25,2.25
2012.03.19 14:34:09.220,0.75593,0.75621,2.25,3.00
2012.03.19 14:34:10.266,0.75591,0.75621,2.25,3.00
2012.03.19 14:34:10.364,0.75593,0.75621,2.25,3.00
2012.03.19 14:34:10.929,0.75589,0.75616,2.25,3.00
2012.03.19 14:34:10.992,0.75584,0.75611,2.25,2.25
2012.03.19 14:34:11.714,0.75583,0.75611,2.25,2.25
2012.03.19 14:34:12.661,0.75583,0.75612,2.25,2.25
2012.03.19 14:34:14.134,0.75584,0.75614,2.25,3.00
2012.03.19 14:34:14.342,0.75586,0.75614,2.25,3.00
2012.03.19 14:34:15.203,0.75585,0.75613,2.25,3.00
2012.03.19 14:34:16.371,0.75585,0.75613,3.00,2.25
2012.03.19 14:34:16.443,0.75589,0.75616,2.25,2.25
2012.03.19 14:34:16.573,0.75587,0.75615,3.00,2.25
2012.03.19 14:34:16.700,0.75589,0.75616,2.25,2.25
2012.03.19 14:34:17.861,0.75589,0.75617,2.25,2.25
2012.03.19 14:34:20.272,0.75589,0.75617,3.00,2.25
2012.03.19 14:34:20.341,0.75591,0.75619,3.00,2.25
2012.03.19 14:34:20.582,0.75593,0.75623,2.25,3.00
2012.03.19 14:34:20.913,0.75593,0.75623,2.25,3.00
2012.03.19 14:34:21.678,0.75594,0.75622,2.25,3.00
2012.03.19 14:34:22.402,0.75595,0.75623,2.25,3.00
2012.03.19 14:34:22.469,0.75595,0.75623,2.25,3.00
2012.03.19 14:34:23.325,0.75596,0.75626,2.25,3.00
2012.03.19 14:34:23.652,0.75592,0.7562,2.25,2.25
2012.03.19 14:34:24.244,0.75591,0.75619,2.25,3.00
2012.03.19 14:34:24.516,0.75589,0.75617,2.25,2.25
2012.03.19 14:34:24.584,0.75587,0.75617,3.00,2.25
2012.03.19 14:34:24.651,0.75594,0.75618,2.25,2.25
2012.03.19 14:34:24.720,0.75595,0.7562,2.25,2.25
2012.03.19 14:34:24.943,0.75591,0.75615,2.25,2.25
2012.03.19 14:34:25.071,0.75593,0.75622,2.25,2.25
2012.03.19 14:34:25.352,0.75594,0.75628,2.25,1.35
2012.03.19 14:34:25.651,0.75594,0.75632,2.85,3.00
2012.03.19 14:34:26.866,0.75593,0.75628,2.25,3.00
2012.03.19 14:34:28.099,0.75594,0.75631,2.25,1.13
2012.03.19 14:34:28.432,0.75596,0.75631,2.25,3.38
2012.03.19 14:34:32.999,0.75596,0.75631,3.00,3.38
2012.03.19 14:34:33.550,0.75596,0.75633,3.38,3.00
2012.03.19 14:34:33.700,0.75599,0.75635,2.25,3.00
2012.03.19 14:34:42.078,0.75607,0.75635,2.25,3.00
2012.03.19 14:34:43.199,0.75607,0.75635,2.25,3.00
2012.03.19 14:34:43.342,0.75604,0.7563,2.25,3.00
2012.03.19 14:34:43.999,0.75604,0.7563,2.25,2.25
2012.03.19 14:34:44.058,0.75607,0.75635,2.25,3.00
2012.03.19 14:34:50.195,0.75608,0.75638,2.25,3.00
2012.03.19 14:34:50.538,0.75606,0.75632,2.25,3.00
2012.03.19 14:34:50.684,0.75606,0.75632,2.25,2.25
2012.03.19 14:34:50.791,0.75606,0.75632,2.25,3.00
2012.03.19 14:34:52.009,0.75605,0.7563,2.25,3.00
2012.03.19 14:34:55.819,0.75605,0.7563,2.25,2.25
2012.03.19 14:34:56.367,0.75601,0.75631,2.25,3.00
2012.03.19 14:35:01.272,0.756,0.75624,2.25,2.25
2012.03.19 14:35:01.961,0.75601,0.75631,2.25,3.00
2012.03.19 14:35:02.282,0.756,0.75624,2.25,2.25
2012.03.19 14:35:03.072,0.75598,0.75624,2.25,2.25
2012.03.19 14:35:03.271,0.756,0.75624,2.25,3.00
2012.03.19 14:35:03.677,0.75598,0.75624,2.25,3.00
2012.03.19 14:35:03.737,0.756,0.75624,2.25,3.00
2012.03.19 14:35:05.462,0.756,0.75624,2.25,3.00
2012.03.19 14:35:05.709,0.75597,0.75623,3.00,2.25
2012.03.19 14:35:05.942,0.75599,0.75627,2.25,2.25
2012.03.19 14:35:08.477,0.75599,0.75626,2.25,2.25
2012.03.19 14:35:08.545,0.75597,0.75627,3.00,2.25
2012.03.19 14:35:10.579,0.75605,0.75629,2.25,3.00
2012.03.19 14:35:10.751,0.75597,0.75627,3.00,2.25
2012.03.19 14:35:14.341,0.75597,0.75627,2.25,3.00
2012.03.19 14:35:14.891,0.75597,0.75627,3.00,2.25
2012.03.19 14:35:15.191,0.75597,0.75627,2.25,3.00
2012.03.19 14:35:15.627,0.756,0.75628,2.25,3.00
2012.03.19 14:35:15.694,0.75601,0.75631,2.25,3.38
2012.03.19 14:35:16.010,0.75603,0.75631,2.25,3.00
2012.03.19 14:35:16.374,0.75599,0.75629,2.25,3.00
2012.03.19 14:35:22.368,0.75599,0.75629,2.25,3.00
2012.03.19 14:35:23.033,0.756,0.75625,2.25,3.00
2012.03.19 14:35:23.655,0.75599,0.75625,2.25,3.00
2012.03.19 14:35:24.314,0.75599,0.75625,2.25,3.00
2012.03.19 14:35:24.438,0.75597,0.75623,2.25,3.00
2012.03.19 14:35:24.592,0.75597,0.75623,2.25,2.25
2012.03.19 14:35:24.861,0.75595,0.7562,2.25,2.25
2012.03.19 14:35:25.405,0.75593,0.75619,2.25,2.25
2012.03.19 14:35:25.931,0.75592,0.75618,2.25,2.25
2012.03.19 14:35:27.859,0.75595,0.7562,2.25,2.25
2012.03.19 14:35:28.168,0.75597,0.75621,2.25,3.00
2012.03.19 14:35:28.290,0.75597,0.75621,2.25,2.25
2012.03.19 14:35:28.473,0.75594,0.75621,2.25,2.25
2012.03.19 14:35:28.539,0.75595,0.75619,2.25,2.25
2012.03.19 14:35:29.010,0.75593,0.75619,2.25,2.25
2012.03.19 14:35:29.590,0.75591,0.75617,3.00,2.25
2012.03.19 14:35:30.120,0.75594,0.7562,2.25,2.25
2012.03.19 14:35:30.607,0.75593,0.75617,2.25,2.25
2012.03.19 14:35:31.692,0.75586,0.75614,3.00,2.25
2012.03.19 14:35:43.841,0.75588,0.75616,2.25,2.25
2012.03.19 14:35:50.661,0.75589,0.75616,2.25,2.25
2012.03.19 14:35:51.265,0.7559,0.75618,2.25,3.00
2012.03.19 14:35:51.971,0.75591,0.75619,3.00,2.25
2012.03.19 14:35:52.039,0.75598,0.75622,2.25,2.25
2012.03.19 14:35:52.458,0.75599,0.75626,2.25,3.00
2012.03.19 14:35:52.557,0.75602,0.75628,2.25,3.98
2012.03.19 14:35:52.809,0.75597,0.75625,2.25,3.00
2012.03.19 14:35:53.208,0.75595,0.75619,2.25,2.25
2012.03.19 14:35:54.009,0.75588,0.75616,2.25,2.25
2012.03.19 14:35:57.820,0.75587,0.75615,2.25,2.25
2012.03.19 14:35:58.383,0.75585,0.75615,3.00,2.25
2012.03.19 14:35:58.468,0.75583,0.75612,3.00,2.25
2012.03.19 14:36:00.195,0.75583,0.75612,2.25,2.25
2012.03.19 14:36:19.899,0.75574,0.75612,3.00,2.63
2012.03.19 14:36:20.344,0.75584,0.75611,2.25,2.25
2012.03.19 14:36:26.051,0.75584,0.75612,2.25,2.25
2012.03.19 14:36:36.134,0.75584,0.75612,2.25,3.00
2012.03.19 14:36:36.302,0.75578,0.75608,3.00,2.25
2012.03.19 14:36:36.429,0.75584,0.7561,2.25,2.25
2012.03.19 14:36:37.445,0.75587,0.75613,3.00,2.25
2012.03.19 14:36:38.102,0.75588,0.75612,2.25,2.25
2012.03.19 14:36:41.014,0.75589,0.75613,2.25,2.25
2012.03.19 14:36:41.777,0.75582,0.7561,3.00,2.25
2012.03.19 14:36:41.841,0.75582,0.7561,3.00,2.25
2012.03.19 14:36:44.547,0.75584,0.75611,2.25,2.25
2012.03.19 14:36:46.390,0.75584,0.75611,2.25,3.00
2012.03.19 14:36:46.580,0.75574,0.75612,3.38,3.00
2012.03.19 14:36:52.658,0.75574,0.75612,3.38,2.25
2012.03.19 14:36:53.041,0.75583,0.75612,2.25,2.25
2012.03.19 14:36:55.190,0.75583,0.75612,2.25,3.00
2012.03.19 14:36:55.999,0.75577,0.75614,3.00,3.38
2012.03.19 14:36:56.062,0.75579,0.75614,2.25,3.00
2012.03.19 14:36:56.591,0.75577,0.75614,3.00,3.00
2012.03.19 14:37:00.640,0.75578,0.75613,2.25,3.00
2012.03.19 14:37:03.917,0.75578,0.75613,2.25,3.00
2012.03.19 14:37:04.481,0.75577,0.75607,2.25,3.00
2012.03.19 14:37:05.909,0.75578,0.75607,2.25,3.00
2012.03.19 14:37:07.092,0.75578,0.75607,2.25,2.25
2012.03.19 14:37:07.549,0.75578,0.75607,2.25,3.00
2012.03.19 14:37:07.658,0.75578,0.75607,2.25,2.25
2012.03.19 14:37:11.540,0.75578,0.75607,3.00,2.25
2012.03.19 14:37:11.870,0.75579,0.75609,2.25,3.00
2012.03.19 14:37:12.029,0.75581,0.75609,2.25,3.00
2012.03.19 14:37:16.418,0.75584,0.75612,2.25,2.25
2012.03.19 14:37:16.599,0.75584,0.75614,2.25,3.00
2012.03.19 14:37:16.661,0.75573,0.7561,3.00,3.00
2012.03.19 14:37:16.788,0.75581,0.75611,2.25,3.00
2012.03.19 14:37:17.689,0.75583,0.75611,2.25,2.25
2012.03.19 14:37:19.088,0.75582,0.7561,2.25,2.25
2012.03.19 14:37:23.160,0.75582,0.7561,2.25,3.00
2012.03.19 14:37:23.774,0.75582,0.7561,2.25,2.25
2012.03.19 14:37:24.701,0.75582,0.7561,2.25,3.00
2012.03.19 14:37:25.816,0.75582,0.7561,3.00,2.25
2012.03.19 14:37:26.937,0.75585,0.75613,2.25,3.00
2012.03.19 14:37:27.559,0.75585,0.75613,2.25,3.00
2012.03.19 14:37:27.729,0.75577,0.75612,2.25,3.00
2012.03.19 14:37:30.808,0.75575,0.75612,3.00,3.00
2012.03.19 14:37:31.398,0.75576,0.75604,3.00,2.25
2012.03.19 14:37:31.521,0.75578,0.75608,2.25,2.25
2012.03.19 14:37:31.833,0.75576,0.75606,3.00,2.25
2012.03.19 14:37:32.240,0.75576,0.75606,2.25,3.00
2012.03.19 14:37:33.922,0.75573,0.75601,3.00,2.25
2012.03.19 14:37:37.530,0.7557,0.756,3.00,2.25
2012.03.19 14:37:41.970,0.7557,0.756,3.00,2.25
2012.03.19 14:37:42.252,0.7557,0.756,3.00,2.25
2012.03.19 14:37:43.399,0.7557,0.756,3.00,2.25
2012.03.19 14:37:44.614,0.7557,0.756,3.00,2.25
2012.03.19 14:37:46.108,0.75572,0.75602,3.00,2.25
2012.03.19 14:37:49.639,0.75572,0.75602,2.25,2.25
2012.03.19 14:37:58.434,0.75572,0.75602,3.00,2.25
2012.03.19 14:37:59.148,0.75574,0.75604,3.00,2.25
2012.03.19 14:37:59.423,0.75574,0.75602,3.00,2.25
2012.03.19 14:38:05.509,0.75581,0.75605,3.00,2.25
2012.03.19 14:38:06.792,0.75582,0.75612,3.00,2.25
2012.03.19 14:38:07.028,0.75581,0.75605,3.00,2.25
2012.03.19 14:38:08.230,0.75581,0.75605,2.25,2.25
2012.03.19 14:38:13.719,0.75581,0.75607,2.25,2.25
2012.03.19 14:38:14.320,0.75583,0.75607,2.25,2.25
2012.03.19 14:38:14.387,0.75578,0.75605,2.25,2.25
2012.03.19 14:38:14.509,0.75577,0.75607,2.25,2.25
2012.03.19 14:38:17.583,0.75578,0.75606,2.25,2.25
2012.03.19 14:38:18.251,0.75574,0.75604,3.00,2.25
2012.03.19 14:38:18.883,0.75574,0.75604,3.00,2.25
2012.03.19 14:38:18.954,0.75579,0.75606,3.00,2.25
2012.03.19 14:38:19.301,0.75579,0.75606,2.25,2.25
2012.03.19 14:38:19.563,0.75577,0.75601,3.00,2.25
2012.03.19 14:38:20.861,0.75574,0.75601,2.25,2.25
2012.03.19 14:38:21.449,0.75573,0.75599,2.25,2.25
2012.03.19 14:38:21.962,0.75572,0.75596,2.25,2.25
2012.03.19 14:38:24.391,0.75572,0.75596,3.00,2.25
2012.03.19 14:38:24.520,0.75576,0.75602,3.00,2.25
2012.03.19 14:38:24.829,0.75572,0.75596,3.00,2.25
2012.03.19 14:38:27.359,0.75573,0.75597,2.25,2.25
2012.03.19 14:38:30.059,0.75575,0.75599,2.25,2.25
2012.03.19 14:38:31.343,0.75575,0.75599,3.00,2.25
2012.03.19 14:38:31.675,0.75575,0.75601,3.00,2.25
2012.03.19 14:38:32.262,0.75576,0.75602,3.00,2.25
2012.03.19 14:38:32.364,0.75576,0.75602,3.00,2.25
2012.03.19 14:38:32.569,0.75578,0.75602,2.25,2.25
2012.03.19 14:38:37.392,0.75578,0.75602,3.00,2.25
2012.03.19 14:38:38.410,0.75579,0.75605,2.25,2.25
2012.03.19 14:38:38.628,0.75577,0.75601,3.00,2.25
2012.03.19 14:38:39.303,0.75576,0.756,3.00,2.25
2012.03.19 14:38:43.368,0.75577,0.75607,3.00,2.25
2012.03.19 14:38:43.432,0.75577,0.75607,3.00,2.25
2012.03.19 14:38:43.522,0.75577,0.75607,3.00,2.25
2012.03.19 14:38:44.376,0.75577,0.75607,3.00,2.63
2012.03.19 14:38:44.773,0.75579,0.75606,2.25,2.63
2012.03.19 14:38:45.252,0.75575,0.756,3.00,2.25
2012.03.19 14:38:46.118,0.75574,0.75598,3.00,2.25
2012.03.19 14:38:46.331,0.75574,0.75598,2.25,2.25
2012.03.19 14:38:46.580,0.75572,0.75596,2.25,2.25
2012.03.19 14:38:48.724,0.75573,0.75597,2.25,2.25
2012.03.19 14:38:49.088,0.75571,0.75596,3.00,2.25
2012.03.19 14:38:49.950,0.75571,0.75597,3.00,2.25
2012.03.19 14:38:51.620,0.75567,0.75591,3.00,2.25
2012.03.19 14:38:51.812,0.75575,0.75602,2.25,2.85
2012.03.19 14:38:52.143,0.75569,0.75598,3.00,2.85
2012.03.19 14:38:52.292,0.75576,0.75601,2.25,2.25
2012.03.19 14:38:52.910,0.75577,0.75601,2.25,2.25
2012.03.19 14:38:53.787,0.75578,0.75604,2.25,2.25
2012.03.19 14:38:53.913,0.75582,0.75608,2.25,3.00
2012.03.19 14:38:54.418,0.75581,0.75607,2.25,3.00
2012.03.19 14:38:54.481,0.75574,0.75604,2.85,3.00
2012.03.19 14:38:56.598,0.75574,0.75604,2.25,3.00
2012.03.19 14:38:58.160,0.75578,0.75606,2.25,3.00
2012.03.19 14:39:00.211,0.75578,0.75606,2.25,2.25
2012.03.19 14:39:00.908,0.75578,0.75606,2.25,3.00
2012.03.19 14:39:00.984,0.75578,0.75606,2.25,2.25
2012.03.19 14:39:01.673,0.75577,0.75607,2.25,2.25
2012.03.19 14:39:02.478,0.75577,0.75607,2.25,3.00
2012.03.19 14:39:02.960,0.75577,0.75607,3.00,2.25
2012.03.19 14:39:04.016,0.75577,0.75607,3.00,2.63
2012.03.19 14:39:04.100,0.75577,0.75606,2.25,1.13
2012.03.19 14:39:04.301,0.75572,0.756,3.00,2.25
2012.03.19 14:39:05.899,0.75569,0.75599,3.60,2.25
2012.03.19 14:39:07.698,0.75569,0.75599,3.60,2.25
2012.03.19 14:39:07.769,0.75569,0.75599,3.60,2.25
2012.03.19 14:39:07.913,0.75576,0.75602,2.25,2.25
2012.03.19 14:39:08.324,0.75578,0.75602,2.25,2.25
2012.03.19 14:39:09.683,0.75577,0.75601,2.25,2.25
2012.03.19 14:39:12.444,0.75579,0.75605,2.25,3.00
2012.03.19 14:39:12.569,0.7558,0.75606,2.25,2.25
2012.03.19 14:39:12.631,0.7558,0.75606,2.25,3.00
2012.03.19 14:39:12.705,0.7558,0.75606,2.25,2.25
2012.03.19 14:39:12.784,0.75576,0.75602,3.00,2.25
2012.03.19 14:39:13.362,0.75578,0.75602,2.25,2.25
2012.03.19 14:39:13.422,0.75576,0.75602,2.25,2.25
2012.03.19 14:39:14.117,0.75576,0.75601,3.00,2.25
2012.03.19 14:39:14.641,0.75571,0.75598,3.00,2.25
2012.03.19 14:39:14.959,0.7557,0.75594,3.00,2.25
2012.03.19 14:39:15.211,0.75569,0.75593,2.25,2.25
2012.03.19 14:39:15.612,0.75568,0.75592,3.00,2.25
2012.03.19 14:39:16.154,0.75569,0.75593,2.25,2.25
2012.03.19 14:39:16.793,0.7557,0.75594,2.25,2.25
2012.03.19 14:39:16.859,0.7557,0.75596,2.25,2.25
2012.03.19 14:39:17.419,0.7557,0.75597,2.25,2.25
2012.03.19 14:39:17.481,0.7557,0.75597,3.00,2.25
2012.03.19 14:39:17.614,0.75573,0.75599,2.25,2.25
2012.03.19 14:39:18.047,0.75566,0.75594,3.00,2.25
2012.03.19 14:39:18.482,0.75566,0.75596,3.00,2.25
2012.03.19 14:39:19.452,0.75567,0.75597,3.00,2.25
2012.03.19 14:39:20.023,0.75567,0.75595,3.00,2.25
2012.03.19 14:39:21.466,0.75566,0.75594,3.00,2.25
2012.03.19 14:39:22.001,0.75566,0.75594,3.00,2.25
2012.03.19 14:39:23.434,0.75566,0.75594,3.00,2.25
2012.03.19 14:39:23.684,0.75567,0.75595,3.00,2.25
2012.03.19 14:39:23.814,0.75569,0.75597,2.25,2.25
2012.03.19 14:39:24.108,0.75567,0.75597,2.25,2.25
2012.03.19 14:39:24.851,0.75567,0.75597,3.00,2.25
2012.03.19 14:39:27.979,0.75565,0.75595,3.00,2.25
2012.03.19 14:39:28.119,0.75564,0.75592,3.00,2.25
2012.03.19 14:39:28.680,0.75563,0.75593,3.00,2.25
2012.03.19 14:39:30.159,0.75565,0.75593,2.25,3.00
2012.03.19 14:39:30.593,0.75563,0.75587,2.25,2.25
2012.03.19 14:39:31.415,0.75564,0.75588,2.25,2.25
2012.03.19 14:39:31.599,0.75564,0.7559,2.25,2.25
2012.03.19 14:39:32.729,0.75565,0.75591,2.25,2.25
2012.03.19 14:39:36.898,0.75565,0.75591,3.00,2.25
2012.03.19 14:39:37.163,0.75565,0.75591,2.25,2.25
2012.03.19 14:39:37.441,0.75565,0.75591,3.00,2.25
2012.03.19 14:39:38.484,0.75565,0.75591,2.25,2.25
2012.03.19 14:39:42.004,0.75565,0.75589,2.25,2.25
2012.03.19 14:39:44.231,0.7556,0.75587,3.00,2.25
2012.03.19 14:39:44.644,0.75561,0.75585,3.00,2.25
2012.03.19 14:39:47.931,0.75561,0.75585,2.25,2.25
2012.03.19 14:39:48.090,0.75563,0.75589,2.25,3.00
2012.03.19 14:39:49.185,0.75564,0.7559,2.25,3.00
2012.03.19 14:39:50.713,0.75565,0.75591,2.25,2.25
2012.03.19 14:39:52.673,0.75565,0.75591,3.00,2.25
2012.03.19 14:39:53.301,0.75565,0.75591,2.25,2.25
2012.03.19 14:39:53.722,0.75565,0.75591,2.25,3.00
2012.03.19 14:39:53.794,0.75565,0.75591,2.25,2.25
2012.03.19 14:39:53.862,0.75563,0.75587,2.25,2.25
2012.03.19 14:39:54.028,0.75563,0.75589,2.25,2.25
2012.03.19 14:39:54.578,0.75562,0.75587,3.00,2.25
2012.03.19 14:39:55.122,0.75563,0.75589,2.25,2.25
2012.03.19 14:39:59.050,0.75563,0.75587,2.25,2.25
2012.03.19 14:39:59.606,0.75564,0.75588,2.25,3.00
2012.03.19 14:40:05.109,0.75562,0.75587,2.25,2.25
2012.03.19 14:40:05.742,0.75561,0.75586,3.00,2.25
2012.03.19 14:40:06.268,0.75561,0.75585,3.00,2.25
2012.03.19 14:40:09.163,0.75556,0.75583,3.00,2.25
2012.03.19 14:40:09.230,0.75561,0.75586,2.25,2.25
2012.03.19 14:40:11.698,0.75562,0.75587,2.25,2.25
2012.03.19 14:40:12.902,0.75561,0.75585,3.00,2.25
2012.03.19 14:40:13.609,0.75554,0.75583,1.35,2.25
2012.03.19 14:40:18.861,0.75554,0.75582,1.35,2.25
2012.03.19 14:40:19.413,0.75554,0.75581,1.35,2.25
2012.03.19 14:40:19.988,0.75554,0.75579,1.35,2.25
2012.03.19 14:40:20.291,0.75554,0.75582,1.35,2.25
2012.03.19 14:40:20.904,0.75554,0.75581,1.35,2.25
2012.03.19 14:40:23.071,0.75551,0.75581,3.00,2.25
2012.03.19 14:40:23.190,0.75551,0.75581,3.00,2.25
2012.03.19 14:40:25.363,0.75552,0.7558,3.00,2.25
2012.03.19 14:40:25.552,0.75552,0.7558,2.25,2.25
2012.03.19 14:40:25.619,0.75552,0.7558,3.00,2.25
2012.03.19 14:40:25.970,0.75547,0.75577,3.00,2.25
2012.03.19 14:40:27.356,0.75547,0.75575,3.00,2.25
2012.03.19 14:40:27.662,0.75547,0.75575,3.00,2.25
2012.03.19 14:40:28.217,0.75546,0.75574,3.00,2.25
2012.03.19 14:40:28.363,0.75546,0.75574,3.00,2.25
2012.03.19 14:40:28.581,0.75552,0.75578,3.00,2.25
2012.03.19 14:40:28.743,0.75552,0.75578,3.00,2.25
2012.03.19 14:40:28.883,0.7555,0.75574,3.00,2.25
2012.03.19 14:40:29.232,0.75548,0.75574,1.13,2.25
2012.03.19 14:40:29.362,0.75556,0.75582,3.00,2.25
2012.03.19 14:40:29.454,0.75556,0.7558,3.00,2.25
2012.03.19 14:40:29.780,0.75554,0.7558,2.25,2.25
2012.03.19 14:40:30.752,0.75544,0.75584,1.35,1.13
2012.03.19 14:40:30.938,0.75552,0.75579,3.00,2.25
2012.03.19 14:40:31.393,0.75553,0.75578,2.25,2.25
2012.03.19 14:40:32.031,0.75547,0.75574,3.00,2.25
2012.03.19 14:40:32.103,0.75552,0.75577,3.00,2.25
2012.03.19 14:40:32.559,0.75546,0.75589,1.13,1.73
2012.03.19 14:40:32.619,0.75552,0.75592,1.35,1.73
2012.03.19 14:40:32.984,0.75552,0.75592,1.35,1.73
2012.03.19 14:40:33.380,0.75556,0.75583,2.25,3.00
2012.03.19 14:40:34.345,0.75557,0.75583,3.00,2.25
2012.03.19 14:40:35.670,0.75557,0.75581,3.00,2.25
2012.03.19 14:40:36.049,0.75553,0.75578,3.00,2.25
2012.03.19 14:40:36.462,0.75553,0.75578,2.25,2.25
2012.03.19 14:40:36.732,0.75551,0.75577,3.00,2.25
2012.03.19 14:40:37.613,0.75552,0.75577,2.25,2.25
2012.03.19 14:40:38.164,0.75552,0.75576,2.25,2.25
2012.03.19 14:40:38.485,0.75551,0.75578,3.00,2.25
2012.03.19 14:40:38.949,0.7555,0.75576,3.00,2.25
2012.03.19 14:40:39.583,0.75548,0.75574,3.00,2.25
2012.03.19 14:40:39.650,0.75548,0.75574,2.25,2.25
2012.03.19 14:40:40.257,0.75547,0.75574,2.25,2.25
2012.03.19 14:40:40.359,0.75548,0.75572,2.25,2.25
2012.03.19 14:40:40.465,0.75546,0.75572,3.60,2.25
2012.03.19 14:40:40.664,0.75548,0.75572,2.25,2.25
2012.03.19 14:40:40.994,0.75546,0.75572,3.60,2.25
2012.03.19 14:40:41.552,0.75547,0.75573,2.25,2.25
2012.03.19 14:40:42.122,0.75548,0.75573,2.25,2.25
2012.03.19 14:40:42.280,0.75548,0.75574,3.00,2.25
2012.03.19 14:40:42.419,0.75548,0.75574,2.25,2.25
2012.03.19 14:40:42.538,0.75551,0.75577,2.25,2.25
2012.03.19 14:40:43.578,0.75551,0.75578,3.00,2.25
2012.03.19 14:40:44.075,0.7555,0.75576,3.00,2.25
2012.03.19 14:40:44.375,0.75553,0.75578,3.00,2.25
2012.03.19 14:40:44.984,0.75555,0.75579,3.00,2.25
2012.03.19 14:40:45.608,0.75556,0.75582,3.00,2.25
2012.03.19 14:40:46.171,0.75555,0.75581,3.00,2.25
2012.03.19 14:40:46.311,0.75557,0.75587,3.00,2.85
2012.03.19 14:40:46.512,0.75555,0.75581,3.00,2.25
2012.03.19 14:40:47.293,0.75555,0.75579,3.00,2.25
2012.03.19 14:40:47.549,0.75555,0.75579,2.25,2.25
2012.03.19 14:40:47.725,0.75552,0.75579,3.00,2.25
2012.03.19 14:40:48.430,0.75552,0.75579,3.00,2.25
2012.03.19 14:40:48.491,0.75555,0.75584,3.00,2.25
2012.03.19 14:40:50.135,0.75553,0.75583,3.00,2.25
2012.03.19 14:40:50.560,0.75555,0.75583,2.25,2.25
2012.03.19 14:40:50.621,0.75553,0.75583,2.25,2.25
2012.03.19 14:40:55.074,0.75551,0.75577,1.35,2.25
2012.03.19 14:40:57.298,0.75547,0.75574,3.00,2.25
2012.03.19 14:40:57.894,0.75547,0.75575,3.00,2.25
2012.03.19 14:40:59.350,0.75547,0.75575,2.25,2.25
2012.03.19 14:40:59.923,0.75543,0.75571,3.98,2.25
2012.03.19 14:41:00.161,0.75549,0.75573,3.00,2.25
2012.03.19 14:41:00.488,0.75556,0.75582,2.25,2.25
2012.03.19 14:41:01.362,0.7556,0.75586,2.25,2.25
2012.03.19 14:41:01.793,0.75557,0.75583,2.25,2.25
2012.03.19 14:41:02.486,0.75563,0.75587,2.25,3.00
2012.03.19 14:41:03.971,0.75563,0.75587,2.25,2.25
2012.03.19 14:41:04.186,0.75558,0.75582,2.25,2.25
2012.03.19 14:41:04.978,0.75557,0.75583,3.00,2.25
2012.03.19 14:41:05.425,0.75557,0.75581,3.00,2.25
2012.03.19 14:41:05.955,0.7555,0.75588,1.35,1.13
2012.03.19 14:41:09.687,0.7555,0.75593,1.35,1.35
2012.03.19 14:41:09.767,0.7555,0.75591,1.73,1.13
2012.03.19 14:41:09.835,0.75557,0.75584,3.00,2.25
2012.03.19 14:41:10.181,0.75562,0.75589,3.00,2.25
2012.03.19 14:41:13.070,0.75562,0.75589,2.25,3.00
2012.03.19 14:41:13.791,0.75564,0.7559,2.25,3.00
2012.03.19 14:41:14.437,0.75563,0.75588,2.25,2.25
2012.03.19 14:41:15.440,0.75564,0.7559,2.25,2.25
2012.03.19 14:41:16.519,0.75564,0.75589,2.25,2.25
2012.03.19 14:41:17.035,0.75564,0.7559,2.25,2.25
2012.03.19 14:41:17.427,0.75564,0.7559,3.00,2.25
2012.03.19 14:41:17.582,0.75564,0.7559,2.25,2.25
2012.03.19 14:41:17.777,0.75566,0.75595,2.25,3.00
2012.03.19 14:41:17.839,0.75564,0.75589,2.25,2.25
2012.03.19 14:41:18.195,0.75564,0.75589,3.00,2.25
2012.03.19 14:41:18.423,0.75566,0.75595,3.00,2.25
2012.03.19 14:41:20.830,0.75566,0.75595,2.25,3.00
2012.03.19 14:41:21.038,0.75566,0.75595,3.00,2.25
2012.03.19 14:41:21.368,0.75577,0.75599,2.25,1.50
2012.03.19 14:41:21.624,0.75564,0.7559,2.25,2.25
2012.03.19 14:41:22.738,0.75564,0.75589,2.25,2.25
2012.03.19 14:41:23.571,0.75565,0.75589,2.25,2.25
2012.03.19 14:41:25.376,0.75565,0.75589,2.25,3.00
2012.03.19 14:41:26.097,0.75565,0.75589,2.25,2.25
2012.03.19 14:41:26.631,0.75563,0.7559,2.25,2.25
2012.03.19 14:41:26.757,0.75563,0.75588,2.25,2.25
2012.03.19 14:41:27.668,0.75562,0.75589,2.25,2.25
2012.03.19 14:41:28.110,0.75558,0.75584,2.25,2.25
2012.03.19 14:41:28.788,0.75553,0.7558,3.00,2.25
2012.03.19 14:41:29.290,0.75555,0.75581,3.00,2.25
2012.03.19 14:41:29.828,0.75555,0.75581,2.25,2.25
2012.03.19 14:41:34.599,0.75557,0.75583,2.25,2.25
2012.03.19 14:41:35.033,0.75551,0.75579,3.00,2.25
2012.03.19 14:41:35.170,0.75556,0.75582,3.00,2.25
2012.03.19 14:41:35.352,0.7556,0.75584,2.25,2.25
2012.03.19 14:41:35.665,0.75562,0.75586,2.25,2.25
2012.03.19 14:41:36.688,0.75556,0.75586,3.00,2.25
2012.03.19 14:41:37.206,0.7555,0.75585,1.13,2.25
2012.03.19 14:41:37.271,0.75556,0.75585,2.25,3.00
2012.03.19 14:41:37.339,0.75556,0.75585,3.00,2.25
2012.03.19 14:41:38.439,0.75556,0.75584,3.00,2.25
2012.03.19 14:41:39.390,0.75557,0.75584,2.25,2.25
2012.03.19 14:41:40.519,0.75549,0.75588,1.13,1.13
2012.03.19 14:41:40.579,0.75547,0.75588,1.73,1.13
2012.03.19 14:41:40.974,0.75555,0.75583,2.25,3.00
2012.03.19 14:41:42.681,0.75548,0.75586,1.35,1.13
2012.03.19 14:41:44.857,0.75548,0.75589,1.35,1.50
2012.03.19 14:41:46.506,0.75549,0.7559,1.13,1.13
2012.03.19 14:41:46.700,0.75558,0.75588,2.25,2.25
2012.03.19 14:41:47.087,0.75558,0.75586,2.25,2.25
2012.03.19 14:41:47.301,0.75558,0.75588,2.25,2.25
2012.03.19 14:41:47.414,0.75558,0.75586,2.25,2.25
2012.03.19 14:41:48.001,0.75558,0.75582,2.25,2.25
2012.03.19 14:41:48.122,0.75551,0.75579,3.00,2.25
2012.03.19 14:41:48.428,0.75557,0.75583,2.25,3.38
2012.03.19 14:41:48.648,0.75551,0.75579,3.00,2.25
2012.03.19 14:41:49.232,0.75551,0.75579,3.00,2.25
2012.03.19 14:41:49.631,0.75551,0.75579,3.00,2.25
2012.03.19 14:41:50.000,0.75539,0.75584,1.13,1.73
2012.03.19 14:41:50.567,0.75538,0.75583,1.35,1.35
2012.03.19 14:41:51.066,0.75547,0.75575,2.25,3.00
2012.03.19 14:41:51.420,0.75544,0.75572,3.00,2.25
2012.03.19 14:41:51.811,0.75544,0.75572,2.25,2.25
2012.03.19 14:41:51.885,0.75541,0.7557,3.00,2.25
2012.03.19 14:41:51.948,0.75541,0.7557,3.00,2.25
2012.03.19 14:41:52.250,0.75541,0.7557,3.00,2.25
2012.03.19 14:41:54.305,0.75541,0.7557,3.00,2.25
2012.03.19 14:41:54.371,0.75541,0.7557,3.00,2.25
2012.03.19 14:42:05.576,0.75541,0.7557,2.25,3.00
2012.03.19 14:42:06.025,0.75531,0.75573,1.13,1.73
2012.03.19 14:42:06.788,0.7553,0.75573,1.73,1.73
2012.03.19 14:42:08.482,0.7554,0.7557,3.00,2.25
2012.03.19 14:42:09.026,0.7554,0.75568,3.00,2.25
2012.03.19 14:42:09.428,0.7554,0.75568,2.25,3.00
2012.03.19 14:42:09.915,0.7554,0.7557,3.00,2.25
2012.03.19 14:42:10.914,0.7554,0.7557,2.25,3.00
2012.03.19 14:42:11.042,0.75538,0.75562,2.25,2.25
2012.03.19 14:42:13.090,0.75536,0.7556,2.25,2.25
2012.03.19 14:42:13.571,0.75537,0.75563,2.25,3.00
2012.03.19 14:42:14.514,0.75537,0.75561,2.25,2.25
2012.03.19 14:42:15.657,0.75538,0.75562,2.25,2.25
2012.03.19 14:42:16.266,0.75537,0.75564,2.25,3.00
2012.03.19 14:42:17.338,0.75537,0.75564,2.25,2.25
2012.03.19 14:42:18.795,0.75537,0.75563,2.25,2.25
2012.03.19 14:42:20.884,0.75535,0.75559,2.25,2.25
2012.03.19 14:42:21.426,0.75535,0.75559,3.00,2.25
2012.03.19 14:42:22.175,0.75535,0.75559,2.25,2.25
2012.03.19 14:42:25.852,0.75537,0.75561,2.25,2.25
2012.03.19 14:42:26.440,0.75538,0.75562,2.25,2.25
2012.03.19 14:42:28.933,0.75536,0.75562,2.25,2.25
2012.03.19 14:42:29.241,0.75538,0.75562,2.25,2.25
2012.03.19 14:42:30.895,0.75538,0.75562,2.25,3.00
2012.03.19 14:42:31.116,0.75531,0.7556,2.25,3.00
2012.03.19 14:42:31.784,0.7553,0.75558,2.25,2.25
2012.03.19 14:42:32.248,0.75535,0.75561,2.25,2.25
2012.03.19 14:42:33.343,0.75536,0.75562,2.25,2.25
2012.03.19 14:42:33.851,0.75535,0.75561,3.00,2.25
2012.03.19 14:42:34.012,0.75534,0.7556,2.25,2.25
2012.03.19 14:42:36.802,0.75536,0.7556,2.25,2.25
2012.03.19 14:42:38.360,0.75536,0.7556,3.00,2.25
2012.03.19 14:42:38.829,0.75536,0.75562,2.25,2.25
2012.03.19 14:42:38.892,0.75524,0.75564,1.35,1.73
2012.03.19 14:42:39.037,0.75524,0.75564,1.35,1.73
2012.03.19 14:42:39.511,0.75524,0.75562,1.35,1.13
2012.03.19 14:42:40.615,0.75524,0.75563,1.35,1.13
2012.03.19 14:42:41.001,0.75524,0.75562,1.35,1.13
2012.03.19 14:42:42.353,0.75524,0.75564,1.35,1.73
2012.03.19 14:42:43.183,0.75524,0.75564,1.35,2.10
2012.03.19 14:42:43.637,0.75524,0.75552,3.60,2.25
2012.03.19 14:42:43.698,0.75529,0.75555,3.00,2.25
2012.03.19 14:42:45.741,0.75531,0.75557,3.00,2.25
2012.03.19 14:42:51.683,0.75531,0.75557,3.00,2.25
2012.03.19 14:42:51.749,0.75524,0.75564,1.35,1.73
2012.03.19 14:42:54.944,0.75524,0.75565,1.35,1.35
2012.03.19 14:42:55.017,0.75524,0.75564,1.35,1.73
2012.03.19 14:42:57.547,0.7553,0.75556,3.00,2.25
2012.03.19 14:43:01.650,0.75531,0.75555,3.00,2.25
2012.03.19 14:43:01.986,0.75529,0.75555,2.25,2.25
2012.03.19 14:43:02.280,0.75528,0.75553,2.25,2.25
2012.03.19 14:43:03.329,0.75527,0.75553,3.00,2.25
2012.03.19 14:43:04.229,0.75527,0.75553,3.00,2.25
2012.03.19 14:43:04.452,0.75527,0.75553,2.25,2.25
2012.03.19 14:43:05.425,0.75527,0.75553,3.00,2.25
2012.03.19 14:43:05.873,0.75527,0.75553,2.25,2.25
2012.03.19 14:43:06.040,0.75524,0.75549,3.00,2.25
2012.03.19 14:43:06.353,0.75521,0.75547,3.00,2.25
2012.03.19 14:43:06.444,0.75525,0.75552,3.00,2.25
2012.03.19 14:43:06.534,0.75525,0.75552,3.00,2.25
2012.03.19 14:43:07.209,0.75529,0.75553,3.00,2.25
2012.03.19 14:43:07.329,0.75532,0.75557,3.00,2.25
2012.03.19 14:43:07.947,0.75531,0.75556,2.25,2.25
2012.03.19 14:43:09.429,0.75531,0.75556,2.25,2.85
2012.03.19 14:43:09.497,0.75519,0.75557,1.13,2.10
2012.03.19 14:43:10.811,0.75519,0.75553,1.13,1.35
2012.03.19 14:43:11.182,0.75513,0.75553,1.13,1.73
2012.03.19 14:43:11.521,0.75513,0.75556,1.13,1.35
2012.03.19 14:43:11.588,0.75513,0.75556,1.13,1.35
2012.03.19 14:43:11.649,0.75517,0.75557,1.13,2.48
2012.03.19 14:43:11.715,0.75517,0.75559,1.73,1.73
2012.03.19 14:43:11.781,0.75517,0.75558,1.73,1.13
2012.03.19 14:43:11.970,0.75517,0.75559,1.73,1.73
2012.03.19 14:43:12.615,0.7552,0.75559,1.13,1.35
2012.03.19 14:43:12.694,0.7552,0.75563,1.13,1.73
2012.03.19 14:43:13.133,0.7553,0.75554,3.00,2.25
2012.03.19 14:43:13.352,0.7553,0.75554,2.25,2.25
2012.03.19 14:43:13.911,0.7553,0.75557,3.00,2.25
2012.03.19 14:43:14.040,0.7553,0.75554,2.25,2.25
2012.03.19 14:43:15.554,0.75528,0.75554,2.25,2.25
2012.03.19 14:43:16.215,0.75528,0.75554,3.00,2.25
2012.03.19 14:43:16.439,0.75531,0.75556,3.00,2.25
2012.03.19 14:43:18.051,0.7553,0.75556,2.25,2.25
2012.03.19 14:43:18.108,0.7552,0.75558,1.13,1.13
2012.03.19 14:43:18.230,0.7552,0.75556,1.13,2.10
2012.03.19 14:43:18.298,0.7552,0.75553,1.13,1.35
2012.03.19 14:43:18.360,0.75512,0.75553,1.35,1.73
2012.03.19 14:43:18.948,0.75512,0.75553,1.35,2.10
2012.03.19 14:43:19.552,0.75512,0.75548,1.35,1.13
2012.03.19 14:43:20.065,0.75512,0.75553,1.35,1.35
2012.03.19 14:43:20.231,0.75512,0.75548,1.35,1.13
2012.03.19 14:43:20.808,0.75512,0.75549,1.35,1.13
2012.03.19 14:43:22.424,0.75512,0.75549,1.35,1.50
2012.03.19 14:43:23.569,0.75505,0.75549,1.73,2.10
2012.03.19 14:43:24.138,0.75514,0.7554,3.00,2.25
2012.03.19 14:43:24.674,0.75514,0.75541,3.00,2.25
2012.03.19 14:43:25.256,0.75514,0.75538,3.00,2.25
2012.03.19 14:43:25.814,0.75513,0.75539,3.00,2.25
2012.03.19 14:43:26.030,0.75513,0.75539,3.00,2.25
2012.03.19 14:43:26.261,0.75513,0.75539,3.00,2.25
2012.03.19 14:43:27.349,0.75514,0.75541,3.00,2.25
2012.03.19 14:43:27.421,0.75514,0.75541,3.00,2.25
2012.03.19 14:43:27.658,0.75516,0.75542,3.00,2.25
2012.03.19 14:43:27.845,0.75516,0.7554,3.00,2.25
2012.03.19 14:43:27.909,0.75506,0.75548,1.13,1.73
2012.03.19 14:43:27.970,0.7551,0.75552,1.13,2.48
2012.03.19 14:43:28.124,0.75512,0.75554,1.35,2.10
2012.03.19 14:43:28.188,0.75512,0.75554,1.73,1.73
2012.03.19 14:43:28.321,0.75523,0.75549,2.25,2.25
2012.03.19 14:43:28.709,0.75524,0.75551,2.25,2.25
2012.03.19 14:43:29.255,0.75524,0.7555,2.25,2.25
2012.03.19 14:43:30.208,0.75512,0.75553,1.35,1.13
2012.03.19 14:43:30.276,0.75514,0.75554,1.13,1.35
2012.03.19 14:43:30.502,0.75523,0.75549,2.25,2.25
2012.03.19 14:43:30.833,0.75525,0.7555,2.25,2.25
2012.03.19 14:43:31.195,0.75525,0.7555,3.00,2.25
2012.03.19 14:43:31.259,0.75525,0.7555,2.25,2.25
2012.03.19 14:43:33.042,0.75529,0.75555,2.25,2.25
2012.03.19 14:43:33.320,0.75529,0.75554,2.25,1.35
2012.03.19 14:43:33.379,0.75516,0.75554,1.13,1.35
2012.03.19 14:43:33.455,0.75516,0.75554,1.13,1.35
2012.03.19 14:43:33.542,0.75511,0.75554,1.35,1.73
2012.03.19 14:43:34.199,0.75511,0.75555,1.35,1.35
2012.03.19 14:43:34.485,0.75511,0.75554,1.35,1.73
2012.03.19 14:43:34.607,0.75511,0.75555,1.35,1.35
2012.03.19 14:43:34.920,0.75522,0.75547,2.25,2.25
2012.03.19 14:43:35.938,0.75521,0.75545,2.25,2.25
2012.03.19 14:43:36.178,0.75522,0.75547,2.25,2.25
2012.03.19 14:43:36.568,0.75526,0.75552,2.25,2.25
2012.03.19 14:43:36.939,0.75521,0.75545,3.00,2.25
2012.03.19 14:43:37.023,0.75524,0.75551,2.25,2.25
2012.03.19 14:43:37.203,0.75524,0.75551,2.25,2.63
2012.03.19 14:43:37.340,0.75521,0.75547,3.00,2.25
2012.03.19 14:43:37.552,0.75525,0.75551,2.25,2.25
2012.03.19 14:43:37.873,0.75523,0.75548,2.25,2.25
2012.03.19 14:43:37.999,0.75527,0.75553,2.25,2.63
2012.03.19 14:43:38.209,0.75527,0.75553,2.25,2.63
2012.03.19 14:43:38.268,0.75521,0.75548,3.00,2.25
2012.03.19 14:43:38.450,0.75522,0.75546,2.25,2.25
2012.03.19 14:43:39.133,0.75522,0.75549,2.25,3.38
2012.03.19 14:43:39.216,0.75521,0.75547,2.25,2.25
2012.03.19 14:43:39.430,0.75511,0.75549,1.35,1.13
2012.03.19 14:43:41.716,0.75511,0.75553,1.35,1.13
2012.03.19 14:43:41.934,0.75511,0.7555,1.35,1.13
2012.03.19 14:43:44.750,0.75525,0.75551,2.25,2.25
2012.03.19 14:43:45.042,0.75522,0.75549,2.25,2.63
2012.03.19 14:43:45.468,0.75511,0.7555,1.73,1.13
2012.03.19 14:43:45.731,0.7552,0.75545,2.25,2.25
2012.03.19 14:43:46.100,0.75523,0.75547,2.25,2.25
2012.03.19 14:43:46.358,0.7552,0.75546,3.00,2.25
2012.03.19 14:43:46.728,0.75522,0.75548,2.25,2.25
2012.03.19 14:43:46.789,0.75522,0.75546,2.25,2.25
2012.03.19 14:43:47.143,0.75518,0.75544,2.25,2.25
2012.03.19 14:43:47.450,0.75518,0.75544,3.00,2.63
2012.03.19 14:43:47.751,0.75518,0.75544,2.25,2.63
2012.03.19 14:43:48.200,0.75518,0.75544,3.00,2.63
2012.03.19 14:43:48.345,0.75518,0.75544,2.25,2.63
2012.03.19 14:43:48.492,0.75518,0.75544,3.00,2.63
2012.03.19 14:43:48.558,0.75518,0.75544,2.25,2.63
2012.03.19 14:43:48.908,0.75511,0.75554,1.35,2.10
2012.03.19 14:43:49.062,0.75511,0.75553,1.35,1.50
2012.03.19 14:43:49.560,0.75511,0.75553,1.35,1.13
2012.03.19 14:43:49.607,0.75516,0.75554,1.13,1.73
2012.03.19 14:43:49.887,0.75516,0.75554,1.13,1.73
2012.03.19 14:43:49.980,0.75527,0.75551,2.25,2.25
2012.03.19 14:43:50.159,0.75511,0.75556,1.73,1.35
2012.03.19 14:43:50.369,0.75511,0.75556,1.73,1.35
2012.03.19 14:43:51.565,0.75512,0.75553,1.13,1.13
2012.03.19 14:43:51.648,0.75512,0.75554,1.13,1.73
2012.03.19 14:43:51.768,0.75512,0.75553,1.13,1.13
2012.03.19 14:43:52.039,0.75514,0.75553,1.13,1.13
2012.03.19 14:43:52.516,0.75514,0.75554,1.13,1.73
2012.03.19 14:43:52.580,0.75511,0.75554,1.35,2.10
2012.03.19 14:43:52.762,0.75506,0.75549,1.35,2.10
2012.03.19 14:43:53.803,0.75506,0.75548,1.35,1.73
2012.03.19 14:43:54.020,0.75506,0.75544,1.35,1.13
2012.03.19 14:43:55.340,0.75506,0.75548,1.35,1.73
2012.03.19 14:43:55.679,0.75506,0.75549,1.35,2.10
2012.03.19 14:43:56.194,0.75506,0.75547,1.35,1.35
2012.03.19 14:43:56.803,0.75514,0.75538,3.00,2.25
2012.03.19 14:43:58.059,0.75512,0.75538,2.25,2.25
2012.03.19 14:43:58.318,0.75512,0.75538,3.00,2.25
2012.03.19 14:43:58.493,0.75512,0.75538,3.00,2.25
2012.03.19 14:43:58.793,0.75512,0.75536,3.00,2.25
2012.03.19 14:43:59.250,0.7551,0.75537,3.00,2.25
2012.03.19 14:43:59.576,0.7551,0.75537,3.00,2.25
2012.03.19 14:43:59.739,0.7551,0.75537,3.00,2.25
2012.03.19 14:43:59.966,0.7551,0.75537,3.00,2.25
2012.03.19 14:44:00.472,0.7551,0.75537,3.00,2.25
2012.03.19 14:44:01.162,0.75511,0.75536,3.00,2.25
2012.03.19 14:44:02.099,0.75498,0.75538,1.73,1.13
2012.03.19 14:44:02.279,0.75498,0.75543,1.73,1.35
2012.03.19 14:44:02.418,0.75498,0.75539,1.73,1.13
2012.03.19 14:44:03.753,0.75498,0.75535,1.13,2.10
2012.03.19 14:44:04.021,0.75494,0.75535,1.13,2.48
2012.03.19 14:44:04.409,0.7549,0.75533,1.35,1.35
2012.03.19 14:44:05.072,0.7549,0.75533,1.35,1.35
2012.03.19 14:44:06.331,0.7549,0.75533,1.35,1.35
2012.03.19 14:44:07.650,0.7549,0.75528,1.35,1.13
2012.03.19 14:44:08.097,0.7549,0.75533,1.35,1.35
2012.03.19 14:44:08.859,0.7549,0.75531,1.35,1.35
2012.03.19 14:44:09.179,0.75486,0.75527,1.13,2.48
2012.03.19 14:44:09.495,0.75486,0.75527,1.13,2.48
2012.03.19 14:44:09.561,0.75486,0.75523,1.13,1.35
2012.03.19 14:44:10.182,0.75486,0.75527,1.13,2.48
2012.03.19 14:44:10.370,0.75489,0.75528,1.35,1.13
2012.03.19 14:44:10.734,0.75489,0.75525,1.35,1.13
2012.03.19 14:44:10.923,0.75489,0.7553,1.35,1.35
2012.03.19 14:44:11.429,0.75499,0.75523,2.25,2.25
2012.03.19 14:44:11.579,0.75497,0.75523,2.25,2.25
2012.03.19 14:44:13.613,0.75496,0.75523,2.25,2.85
2012.03.19 14:44:13.711,0.7549,0.75516,3.00,2.25
2012.03.19 14:44:13.905,0.75495,0.75521,2.25,2.25
2012.03.19 14:44:14.326,0.75498,0.75522,2.25,2.85
2012.03.19 14:44:15.108,0.75488,0.75512,2.25,2.25
2012.03.19 14:44:15.496,0.75505,0.75531,2.25,3.00
2012.03.19 14:44:16.261,0.75503,0.75527,2.25,2.25
2012.03.19 14:44:16.364,0.75499,0.75523,2.25,2.25
2012.03.19 14:44:17.136,0.75501,0.75525,2.25,3.00
2012.03.19 14:44:17.486,0.75506,0.75532,2.25,2.25
2012.03.19 14:44:17.764,0.75509,0.75533,2.25,2.25
2012.03.19 14:44:18.540,0.75508,0.75532,2.25,3.00
2012.03.19 14:44:19.422,0.75507,0.75532,2.25,3.00
2012.03.19 14:44:19.659,0.75507,0.75531,2.25,2.25
2012.03.19 14:44:19.961,0.75507,0.75531,2.25,3.00
2012.03.19 14:44:20.819,0.75506,0.75533,2.25,3.00
2012.03.19 14:44:20.960,0.75501,0.75528,2.25,3.00
2012.03.19 14:44:21.454,0.75506,0.7553,2.25,3.00
2012.03.19 14:44:22.124,0.75507,0.75532,2.25,2.25
2012.03.19 14:44:22.494,0.75508,0.75534,2.25,3.00
2012.03.19 14:44:22.560,0.75506,0.75533,2.25,3.00
2012.03.19 14:44:22.623,0.75506,0.75533,2.25,3.00
2012.03.19 14:44:22.690,0.75507,0.75531,2.25,2.25
2012.03.19 14:44:23.443,0.75509,0.75533,2.25,3.00
2012.03.19 14:44:23.734,0.75507,0.75531,2.25,3.00
2012.03.19 14:44:23.825,0.75496,0.75535,2.85,1.13
2012.03.19 14:44:25.966,0.75505,0.75531,2.25,3.00
2012.03.19 14:44:26.218,0.75505,0.75531,2.25,2.25
2012.03.19 14:44:26.281,0.75508,0.75536,2.25,3.00
2012.03.19 14:44:26.544,0.75505,0.75531,2.25,2.25
2012.03.19 14:44:26.612,0.75505,0.75531,2.25,4.35
2012.03.19 14:44:26.681,0.75491,0.75528,1.13,1.35
2012.03.19 14:44:26.803,0.75481,0.75522,1.50,1.35
2012.03.19 14:44:27.206,0.75479,0.75524,1.73,1.73
2012.03.19 14:44:27.663,0.75479,0.75525,1.73,2.85
2012.03.19 14:44:27.730,0.75484,0.75525,1.13,2.48
2012.03.19 14:44:28.065,0.75484,0.75522,1.13,1.35
2012.03.19 14:44:28.202,0.75489,0.75513,2.25,3.00
2012.03.19 14:44:28.744,0.75489,0.75519,2.25,3.00
2012.03.19 14:44:29.714,0.75488,0.75518,2.25,2.25
2012.03.19 14:44:29.911,0.75488,0.75518,2.25,3.00
2012.03.19 14:44:29.972,0.75488,0.75518,2.25,3.00
2012.03.19 14:44:30.325,0.75484,0.75512,2.25,2.25
2012.03.19 14:44:30.663,0.75476,0.75512,1.13,2.10
2012.03.19 14:44:31.023,0.75476,0.75508,1.13,1.35
2012.03.19 14:44:31.165,0.75468,0.75512,1.13,2.85
2012.03.19 14:44:31.240,0.75468,0.75508,1.13,1.73
2012.03.19 14:44:31.729,0.75475,0.75505,3.00,2.25
2012.03.19 14:44:31.839,0.75468,0.75512,1.13,2.85
2012.03.19 14:44:32.024,0.75471,0.75509,1.13,1.35
2012.03.19 14:44:32.293,0.75471,0.75508,1.13,1.35
2012.03.19 14:44:32.504,0.75471,0.75507,1.13,1.35
2012.03.19 14:44:32.571,0.75477,0.75505,2.25,3.00
2012.03.19 14:44:33.767,0.75477,0.75505,3.00,2.25
2012.03.19 14:44:34.125,0.75478,0.75508,2.25,3.00
2012.03.19 14:44:34.640,0.75479,0.75509,2.25,3.00
2012.03.19 14:44:34.936,0.75477,0.75503,2.25,3.00
2012.03.19 14:44:35.003,0.75476,0.755,2.25,2.25
2012.03.19 14:44:35.219,0.75471,0.75499,2.25,3.00
2012.03.19 14:44:35.741,0.75471,0.755,3.00,2.25
2012.03.19 14:44:36.392,0.75471,0.75501,2.25,3.00
2012.03.19 14:44:37.192,0.7547,0.75498,2.25,3.00
2012.03.19 14:44:37.392,0.75468,0.75498,2.25,3.00
2012.03.19 14:44:37.459,0.75468,0.75498,3.00,2.25
2012.03.19 14:44:37.775,0.75471,0.75499,3.00,2.25
2012.03.19 14:44:37.834,0.75471,0.75499,3.00,2.25
2012.03.19 14:44:38.120,0.75471,0.75501,3.00,2.25
2012.03.19 14:44:38.185,0.75479,0.75504,3.00,2.25
2012.03.19 14:44:38.698,0.75477,0.75504,2.25,3.00
2012.03.19 14:44:38.996,0.75479,0.75504,2.25,2.25
2012.03.19 14:44:39.316,0.75475,0.75501,2.25,2.25
2012.03.19 14:44:39.861,0.75475,0.75499,2.25,2.25
2012.03.19 14:44:40.826,0.75473,0.75497,2.25,2.25
2012.03.19 14:44:41.315,0.75471,0.75497,3.00,2.25
2012.03.19 14:44:41.549,0.75469,0.75495,3.00,2.25
2012.03.19 14:44:42.108,0.7547,0.75496,2.25,2.25
2012.03.19 14:44:42.729,0.75471,0.755,1.35,2.25
2012.03.19 14:44:42.918,0.75471,0.75497,1.35,2.25
2012.03.19 14:44:42.985,0.75465,0.75495,3.00,2.25
2012.03.19 14:44:43.399,0.75475,0.75501,2.25,1.13
2012.03.19 14:44:44.105,0.75475,0.75501,2.25,1.13
2012.03.19 14:44:44.537,0.7547,0.75498,3.00,2.25
2012.03.19 14:44:46.187,0.75475,0.755,2.25,2.25
2012.03.19 14:44:46.653,0.75474,0.755,2.25,2.25
2012.03.19 14:44:46.964,0.75476,0.75502,2.25,2.63
2012.03.19 14:44:47.234,0.75476,0.75502,2.25,2.63
2012.03.19 14:44:47.467,0.75461,0.75499,1.35,1.13
2012.03.19 14:44:47.539,0.75475,0.75499,2.25,1.13
2012.03.19 14:44:47.924,0.7547,0.75495,2.25,2.25
2012.03.19 14:44:48.050,0.75468,0.75494,2.25,2.25
2012.03.19 14:44:48.476,0.75469,0.75493,3.00,2.25
2012.03.19 14:44:49.222,0.7547,0.75494,2.25,2.25
2012.03.19 14:44:49.560,0.75467,0.75491,2.25,2.25
2012.03.19 14:44:50.045,0.75467,0.75491,3.00,2.25
2012.03.19 14:44:50.117,0.75475,0.75499,2.25,3.60
2012.03.19 14:44:50.772,0.75475,0.75499,2.25,2.25
2012.03.19 14:44:50.912,0.75467,0.75491,3.00,2.25
2012.03.19 14:44:51.603,0.75468,0.75498,3.00,2.25
2012.03.19 14:44:51.634,0.75465,0.75505,1.35,1.73
2012.03.19 14:44:51.860,0.75457,0.75498,1.73,1.13
2012.03.19 14:44:52.338,0.75462,0.75499,1.13,1.35
2012.03.19 14:44:53.180,0.75472,0.75496,2.25,3.00
2012.03.19 14:44:53.468,0.75468,0.75494,2.25,3.00
2012.03.19 14:44:53.718,0.75471,0.75496,2.25,3.38
2012.03.19 14:44:54.084,0.7546,0.75499,1.13,1.35
2012.03.19 14:44:54.870,0.75457,0.75499,1.35,1.73
2012.03.19 14:44:55.272,0.75471,0.75496,2.25,3.00
2012.03.19 14:44:55.351,0.75473,0.75497,2.25,3.00
2012.03.19 14:44:55.414,0.75473,0.75497,2.25,2.25
2012.03.19 14:44:55.604,0.75473,0.75497,2.25,3.00
2012.03.19 14:44:56.177,0.75474,0.755,2.25,3.00
2012.03.19 14:44:56.301,0.75473,0.75499,2.25,3.00
2012.03.19 14:44:56.587,0.75473,0.75499,2.25,3.00
2012.03.19 14:44:57.187,0.75471,0.75496,2.25,3.00
2012.03.19 14:44:57.584,0.75471,0.75495,2.25,2.25
2012.03.19 14:44:57.882,0.75473,0.75497,2.25,3.00
2012.03.19 14:44:58.226,0.7547,0.75497,2.25,3.00
2012.03.19 14:44:58.643,0.7547,0.75497,2.25,2.25
2012.03.19 14:44:59.505,0.7547,0.75497,2.25,3.00
2012.03.19 14:45:00.108,0.75475,0.75502,2.25,3.00
2012.03.19 14:45:00.340,0.75478,0.75502,2.25,2.25
2012.03.19 14:45:00.494,0.75467,0.75504,1.13,1.35
2012.03.19 14:45:00.911,0.75467,0.75504,1.13,1.35
2012.03.19 14:45:01.212,0.75475,0.75502,2.25,3.00
2012.03.19 14:45:01.591,0.75475,0.75502,2.25,3.00
2012.03.19 14:45:01.663,0.75475,0.75502,2.25,3.00
2012.03.19 14:45:02.824,0.75468,0.75497,2.25,1.35
2012.03.19 14:45:02.974,0.75469,0.75493,2.25,3.00
2012.03.19 14:45:03.191,0.75469,0.75493,2.25,3.75
2012.03.19 14:45:03.562,0.75466,0.75491,2.25,2.63
2012.03.19 14:45:03.625,0.75458,0.75488,3.00,2.63
2012.03.19 14:45:03.693,0.75456,0.75486,3.00,2.25
2012.03.19 14:45:04.751,0.75456,0.75484,3.00,2.63
2012.03.19 14:45:04.863,0.75455,0.75483,2.25,3.00
2012.03.19 14:45:05.394,0.75455,0.75483,2.25,3.38
2012.03.19 14:45:05.461,0.7545,0.75479,2.25,2.25
2012.03.19 14:45:05.710,0.75448,0.75478,2.25,3.00
2012.03.19 14:45:06.061,0.75446,0.75476,3.00,2.25
2012.03.19 14:45:06.409,0.75455,0.75479,2.25,2.63
2012.03.19 14:45:06.535,0.75447,0.75475,3.00,2.25
2012.03.19 14:45:06.790,0.75452,0.75478,2.25,2.25
2012.03.19 14:45:07.272,0.7545,0.75474,2.25,2.25
2012.03.19 14:45:07.367,0.75439,0.7548,1.13,1.13
2012.03.19 14:45:07.433,0.75439,0.7548,1.13,1.13
2012.03.19 14:45:07.869,0.75447,0.75472,2.25,2.25
2012.03.19 14:45:08.999,0.75442,0.75472,3.00,2.25
2012.03.19 14:45:09.142,0.75442,0.75472,2.25,3.00
2012.03.19 14:45:09.592,0.75446,0.7547,2.25,2.25
2012.03.19 14:45:09.715,0.75448,0.75476,1.50,3.00
2012.03.19 14:45:10.758,0.75448,0.75476,2.25,3.00
2012.03.19 14:45:10.823,0.75448,0.75476,2.25,3.00
2012.03.19 14:45:11.025,0.75449,0.75477,2.25,3.60
2012.03.19 14:45:11.610,0.75449,0.75473,2.25,1.13
2012.03.19 14:45:11.770,0.75432,0.75474,2.48,1.13
2012.03.19 14:45:11.860,0.75436,0.75474,1.35,1.13
2012.03.19 14:45:11.982,0.75432,0.7547,2.10,1.13
2012.03.19 14:45:12.228,0.75429,0.7547,1.73,1.13
2012.03.19 14:45:12.559,0.75441,0.7547,2.25,3.38
2012.03.19 14:45:12.922,0.75436,0.7547,2.25,1.13
2012.03.19 14:45:13.018,0.75434,0.75469,2.25,3.38
2012.03.19 14:45:13.318,0.75437,0.75472,1.13,1.35
2012.03.19 14:45:13.606,0.75441,0.75475,2.25,1.13
2012.03.19 14:45:13.673,0.75444,0.75475,2.25,1.13
2012.03.19 14:45:13.914,0.75446,0.75479,2.25,1.13
2012.03.19 14:45:14.231,0.75442,0.75475,2.25,3.38
2012.03.19 14:45:14.977,0.75441,0.75473,2.25,1.13
2012.03.19 14:45:15.287,0.75437,0.75473,3.60,1.13
2012.03.19 14:45:15.717,0.75435,0.75473,2.25,1.13
2012.03.19 14:45:15.803,0.75435,0.75473,3.00,1.13
2012.03.19 14:45:16.272,0.75441,0.75476,1.13,1.35
2012.03.19 14:45:16.611,0.75439,0.75475,2.85,1.13
2012.03.19 14:45:16.781,0.75439,0.75475,2.85,1.13
2012.03.19 14:45:17.774,0.75442,0.75476,1.35,1.13
2012.03.19 14:45:17.900,0.75442,0.75478,1.35,3.38
2012.03.19 14:45:18.022,0.75442,0.75478,1.73,3.00
2012.03.19 14:45:18.279,0.75446,0.75482,1.13,2.25
2012.03.19 14:45:18.524,0.75449,0.75484,2.25,1.35
2012.03.19 14:45:19.028,0.75449,0.75484,2.63,1.35
2012.03.19 14:45:19.514,0.75448,0.75484,2.63,1.35
2012.03.19 14:45:19.699,0.75448,0.75484,2.25,1.35
2012.03.19 14:45:19.761,0.75448,0.75484,2.63,1.35
2012.03.19 14:45:20.337,0.7545,0.75484,1.13,1.35
2012.03.19 14:45:20.688,0.75447,0.75484,3.38,1.35
2012.03.19 14:45:20.752,0.75447,0.75484,3.00,1.35
2012.03.19 14:45:21.126,0.7545,0.75484,2.25,1.35
2012.03.19 14:45:21.666,0.75448,0.75484,2.25,1.35
2012.03.19 14:45:21.733,0.75448,0.75477,2.25,1.35
2012.03.19 14:45:21.800,0.75438,0.75477,3.00,1.35
2012.03.19 14:45:21.921,0.75438,0.75473,3.00,1.13
2012.03.19 14:45:22.670,0.75436,0.75477,1.13,1.73
2012.03.19 14:45:23.444,0.75433,0.75473,1.35,1.50
2012.03.19 14:45:23.511,0.75433,0.75468,1.35,1.13
2012.03.19 14:45:23.762,0.75433,0.7547,1.35,2.63
2012.03.19 14:45:24.023,0.75433,0.75468,1.35,1.13
2012.03.19 14:45:24.648,0.75433,0.75471,1.35,2.63
2012.03.19 14:45:24.715,0.75433,0.75471,1.35,2.63
2012.03.19 14:45:25.010,0.75433,0.75471,1.35,2.63
2012.03.19 14:45:25.343,0.75433,0.75471,1.35,2.63
2012.03.19 14:45:25.539,0.75436,0.75474,3.00,3.00
2012.03.19 14:45:26.084,0.75436,0.75474,3.00,2.25
2012.03.19 14:45:26.533,0.75439,0.75474,1.35,2.25
2012.03.19 14:45:26.617,0.75439,0.75474,1.35,2.25
2012.03.19 14:45:26.764,0.75438,0.75477,1.13,3.23
2012.03.19 14:45:26.967,0.75438,0.75478,3.00,3.60
2012.03.19 14:45:27.150,0.75438,0.75475,1.13,2.25
2012.03.19 14:45:27.312,0.7544,0.75478,3.00,2.85
2012.03.19 14:45:27.661,0.75437,0.75475,1.13,3.00
2012.03.19 14:45:28.274,0.75434,0.75474,3.00,1.13
2012.03.19 14:45:28.922,0.75434,0.75474,3.00,1.13
2012.03.19 14:45:29.918,0.75434,0.75475,3.00,2.63
2012.03.19 14:45:29.985,0.75437,0.75477,3.38,2.85
2012.03.19 14:45:30.505,0.75441,0.75477,3.00,1.35
2012.03.19 14:45:31.156,0.75433,0.75467,1.35,2.25
2012.03.19 14:45:31.526,0.75431,0.75467,1.35,3.00
2012.03.19 14:45:31.588,0.75429,0.75467,3.00,3.00
2012.03.19 14:45:33.213,0.75427,0.75462,3.60,2.25
2012.03.19 14:45:33.789,0.75427,0.75462,3.00,3.23
2012.03.19 14:45:33.853,0.75427,0.75459,2.25,1.73
2012.03.19 14:45:34.043,0.75426,0.75454,1.73,2.25
2012.03.19 14:45:34.360,0.75436,0.75469,1.35,3.00
2012.03.19 14:45:34.622,0.75438,0.75473,2.25,3.38
2012.03.19 14:45:34.922,0.75441,0.75477,2.25,1.35
2012.03.19 14:45:34.992,0.75441,0.75478,3.00,3.23
2012.03.19 14:45:35.222,0.75441,0.75474,2.25,1.13
2012.03.19 14:45:35.567,0.75437,0.75469,1.13,2.25
2012.03.19 14:45:35.690,0.75437,0.75469,1.13,2.25
2012.03.19 14:45:36.027,0.75442,0.75475,3.00,2.25
2012.03.19 14:45:36.811,0.75443,0.75476,2.25,3.00
2012.03.19 14:45:37.565,0.75442,0.75475,2.25,3.00
2012.03.19 14:45:38.751,0.75443,0.75476,2.25,3.00
2012.03.19 14:45:39.603,0.75443,0.75476,2.25,3.00
2012.03.19 14:45:39.661,0.75438,0.75471,2.25,3.00
2012.03.19 14:45:42.143,0.75434,0.75467,2.25,3.00
2012.03.19 14:45:42.564,0.75437,0.75468,2.25,3.00
2012.03.19 14:45:43.471,0.75438,0.75469,2.25,3.38
2012.03.19 14:45:43.544,0.75433,0.75464,3.00,2.25
2012.03.19 14:45:44.271,0.75432,0.75463,3.00,2.25
2012.03.19 14:45:44.872,0.75431,0.75462,3.00,2.25
2012.03.19 14:45:45.380,0.75432,0.75463,3.00,2.25
2012.03.19 14:45:45.810,0.7543,0.75463,3.00,3.00
2012.03.19 14:45:46.075,0.75429,0.7546,3.60,2.25
2012.03.19 14:45:46.310,0.75434,0.75466,2.25,3.00
2012.03.19 14:45:47.406,0.75435,0.75466,2.25,3.00
2012.03.19 14:45:47.960,0.75436,0.75467,2.25,3.00
2012.03.19 14:45:48.282,0.75436,0.75467,2.25,2.25
2012.03.19 14:45:48.350,0.75436,0.75467,2.25,3.00
2012.03.19 14:45:48.415,0.75434,0.75467,2.25,3.00
2012.03.19 14:45:48.921,0.75435,0.75466,2.25,3.00
2012.03.19 14:45:49.834,0.75433,0.75466,2.25,3.00
2012.03.19 14:45:50.354,0.75434,0.75467,2.25,3.00
2012.03.19 14:45:50.943,0.75435,0.75466,2.25,3.00
2012.03.19 14:45:52.140,0.75434,0.75466,2.25,3.00
2012.03.19 14:45:52.281,0.75434,0.75466,3.00,2.25
2012.03.19 14:45:52.423,0.75434,0.75466,3.00,2.25
2012.03.19 14:45:52.753,0.75438,0.75471,3.60,2.25
2012.03.19 14:45:52.823,0.75441,0.75474,3.00,3.00
2012.03.19 14:45:52.952,0.75445,0.75476,2.25,3.00
2012.03.19 14:45:53.290,0.75442,0.75481,1.35,1.13
2012.03.19 14:45:53.743,0.75444,0.75476,2.25,3.00
2012.03.19 14:45:53.812,0.75444,0.75476,3.00,2.25
2012.03.19 14:45:54.337,0.75444,0.75476,2.25,3.00
2012.03.19 14:45:54.623,0.75442,0.75474,1.35,3.00
2012.03.19 14:45:54.895,0.75444,0.75475,2.25,3.00
2012.03.19 14:45:56.803,0.75444,0.75475,2.25,2.25
2012.03.19 14:45:57.309,0.75442,0.75475,3.60,2.25
2012.03.19 14:45:57.573,0.75443,0.75476,2.25,3.00
2012.03.19 14:45:57.813,0.75443,0.75476,2.25,2.25
2012.03.19 14:45:58.020,0.75442,0.75475,3.60,3.00
2012.03.19 14:45:58.523,0.75439,0.75471,3.23,2.25
2012.03.19 14:45:58.775,0.75439,0.75478,1.13,1.13
2012.03.19 14:45:58.913,0.75438,0.75471,2.25,2.25
2012.03.19 14:45:59.101,0.75442,0.75481,2.25,1.13
2012.03.19 14:45:59.220,0.75456,0.75487,2.25,3.00
2012.03.19 14:45:59.611,0.75456,0.75485,2.25,1.35
2012.03.19 14:45:59.671,0.75452,0.75483,2.25,3.00
2012.03.19 14:45:59.743,0.75452,0.75483,2.25,2.25
2012.03.19 14:46:00.313,0.75452,0.75485,2.25,3.60
2012.03.19 14:46:01.923,0.75452,0.75485,2.25,3.60
2012.03.19 14:46:02.338,0.75455,0.75481,2.25,1.13
2012.03.19 14:46:02.418,0.75456,0.75481,2.25,1.13
2012.03.19 14:46:02.484,0.75456,0.75477,2.25,1.13
2012.03.19 14:46:02.551,0.7545,0.75477,2.25,1.13
2012.03.19 14:46:02.706,0.75444,0.75476,2.25,3.00
2012.03.19 14:46:02.771,0.75444,0.75476,3.00,2.25
2012.03.19 14:46:03.433,0.75443,0.75476,2.25,3.00
2012.03.19 14:46:03.965,0.75444,0.75475,3.00,2.25
2012.03.19 14:46:04.095,0.75444,0.75475,2.25,3.00
2012.03.19 14:46:04.800,0.75443,0.75476,2.25,3.00
2012.03.19 14:46:05.403,0.7544,0.75471,3.00,2.25
2012.03.19 14:46:06.053,0.75438,0.75471,3.00,2.25
2012.03.19 14:46:06.121,0.75438,0.75471,3.00,2.25
2012.03.19 14:46:07.671,0.75437,0.75474,1.35,1.13
2012.03.19 14:46:07.990,0.7544,0.75472,1.35,2.25
2012.03.19 14:46:08.709,0.75443,0.75474,2.25,3.00
2012.03.19 14:46:08.776,0.75441,0.75474,2.25,3.00
2012.03.19 14:46:09.091,0.75441,0.75472,3.00,2.25
2012.03.19 14:46:09.721,0.75441,0.75474,2.25,3.00
2012.03.19 14:46:09.909,0.7544,0.75472,1.35,2.25
2012.03.19 14:46:10.443,0.7544,0.75472,1.35,2.25
2012.03.19 14:46:11.004,0.75442,0.75473,2.25,2.25
2012.03.19 14:46:11.505,0.75442,0.75475,2.25,3.00
2012.03.19 14:46:11.972,0.7544,0.75472,1.35,2.25
2012.03.19 14:46:12.625,0.7544,0.75472,1.35,2.25
2012.03.19 14:46:12.981,0.75443,0.75474,3.00,2.25
2012.03.19 14:46:13.253,0.75443,0.75474,2.25,3.00
2012.03.19 14:46:13.377,0.75443,0.75474,2.25,3.00
2012.03.19 14:46:13.440,0.75443,0.75474,2.25,3.00
2012.03.19 14:46:14.034,0.7544,0.75474,1.35,1.13
2012.03.19 14:46:14.653,0.75443,0.75476,2.25,3.00
2012.03.19 14:46:15.410,0.75441,0.75474,3.00,3.00
2012.03.19 14:46:16.325,0.75443,0.75476,2.25,3.00
2012.03.19 14:46:16.894,0.75441,0.75472,3.00,2.25
2012.03.19 14:46:18.163,0.75441,0.75472,3.00,2.25
2012.03.19 14:46:18.881,0.7544,0.75469,1.35,2.25
2012.03.19 14:46:19.101,0.75441,0.75475,3.00,3.00
2012.03.19 14:46:19.493,0.75441,0.75473,3.00,1.13
2012.03.19 14:46:20.250,0.75438,0.75469,3.00,2.25
2012.03.19 14:46:20.965,0.75437,0.75468,3.00,2.25
2012.03.19 14:46:22.391,0.75441,0.75472,3.00,2.25
2012.03.19 14:46:22.579,0.75439,0.75472,3.00,2.25
2012.03.19 14:46:22.693,0.75439,0.75472,3.00,2.25
2012.03.19 14:46:23.601,0.75439,0.7547,3.00,2.25
2012.03.19 14:46:23.965,0.7544,0.75473,3.00,3.00
2012.03.19 14:46:24.213,0.75437,0.7547,3.00,2.25
2012.03.19 14:46:24.897,0.75437,0.7547,2.25,3.00
2012.03.19 14:46:25.112,0.75438,0.75471,3.00,2.25
2012.03.19 14:46:25.471,0.75438,0.75469,2.25,3.00
2012.03.19 14:46:25.542,0.75437,0.75468,2.25,2.25
2012.03.19 14:46:25.673,0.75437,0.75468,2.25,4.73
2012.03.19 14:46:25.912,0.75424,0.75464,1.13,1.73
2012.03.19 14:46:26.642,0.75421,0.75464,1.35,1.73
2012.03.19 14:46:27.215,0.75423,0.75452,1.13,2.25
2012.03.19 14:46:27.688,0.75423,0.75452,1.13,2.25
2012.03.19 14:46:28.567,0.7542,0.75452,3.00,2.25
2012.03.19 14:46:28.609,0.75427,0.75458,2.25,3.23
2012.03.19 14:46:28.923,0.75427,0.75458,2.25,2.25
2012.03.19 14:46:28.964,0.7543,0.75461,2.25,3.00
2012.03.19 14:46:29.343,0.75424,0.75464,1.13,1.73
2012.03.19 14:46:29.582,0.75423,0.75464,1.35,1.73
2012.03.19 14:46:29.966,0.75417,0.75458,1.13,1.35
2012.03.19 14:46:30.405,0.75423,0.75454,2.25,2.25
2012.03.19 14:46:30.489,0.75423,0.75456,2.25,2.25
2012.03.19 14:46:30.756,0.75426,0.75457,2.25,2.25
2012.03.19 14:46:31.238,0.75428,0.75461,2.25,2.25
2012.03.19 14:46:31.349,0.75431,0.75462,2.25,3.38
2012.03.19 14:46:31.472,0.75433,0.75464,2.25,3.98
2012.03.19 14:46:31.569,0.75433,0.75462,2.25,1.13
2012.03.19 14:46:32.177,0.75428,0.75459,2.25,2.63
2012.03.19 14:46:32.313,0.75426,0.75457,2.25,2.25
2012.03.19 14:46:32.854,0.75426,0.75457,2.25,3.00
2012.03.19 14:46:33.069,0.75424,0.75457,2.25,3.00
2012.03.19 14:46:33.224,0.75424,0.75457,3.00,2.25
2012.03.19 14:46:33.433,0.75425,0.75458,2.25,3.00
2012.03.19 14:46:34.056,0.75425,0.75458,3.00,2.25
2012.03.19 14:46:34.370,0.75421,0.75459,1.35,1.13
2012.03.19 14:46:34.429,0.75421,0.75459,1.35,1.13
2012.03.19 14:46:35.025,0.75418,0.75451,3.00,2.25
2012.03.19 14:46:35.604,0.75421,0.75454,3.00,2.25
2012.03.19 14:46:35.740,0.7542,0.75453,3.00,2.25
2012.03.19 14:46:36.159,0.75421,0.75454,3.00,2.25
2012.03.19 14:46:36.392,0.75418,0.75451,3.00,2.25
2012.03.19 14:46:36.619,0.75415,0.75455,1.13,1.35
2012.03.19 14:46:36.899,0.75415,0.75455,1.13,1.35
2012.03.19 14:46:36.964,0.75423,0.75455,2.25,3.60
2012.03.19 14:46:37.032,0.75421,0.75454,3.00,3.00
2012.03.19 14:46:37.241,0.75427,0.75461,2.25,4.35
2012.03.19 14:46:37.404,0.75427,0.75458,2.25,2.25
2012.03.19 14:46:37.995,0.75427,0.7546,2.25,2.25
2012.03.19 14:46:38.659,0.75428,0.75459,2.25,2.63
2012.03.19 14:46:38.752,0.75428,0.75459,3.00,2.63
2012.03.19 14:46:38.974,0.75428,0.75459,2.25,3.38
2012.03.19 14:46:39.372,0.75427,0.75461,2.25,3.38
2012.03.19 14:46:39.838,0.75425,0.75454,2.25,1.13
2012.03.19 14:46:40.005,0.75422,0.75453,2.25,2.63
2012.03.19 14:46:40.527,0.7542,0.75453,3.00,2.63
2012.03.19 14:46:40.954,0.75422,0.75456,3.00,2.63
2012.03.19 14:46:41.225,0.75423,0.75456,3.00,2.63
2012.03.19 14:46:41.955,0.75423,0.75456,2.25,2.63
2012.03.19 14:46:42.680,0.75423,0.75456,2.25,2.63
2012.03.19 14:46:42.991,0.75423,0.75456,3.00,2.63
2012.03.19 14:46:44.372,0.75426,0.75457,3.00,2.63
2012.03.19 14:46:44.578,0.75426,0.75457,3.00,2.63
2012.03.19 14:46:44.642,0.75426,0.75457,3.60,2.63
2012.03.19 14:46:44.984,0.7544,0.75471,3.00,3.60
2012.03.19 14:46:45.053,0.75439,0.7547,3.00,2.85
2012.03.19 14:46:45.229,0.7544,0.7547,1.13,2.25
2012.03.19 14:46:45.290,0.75447,0.7548,2.25,3.60
2012.03.19 14:46:45.565,0.75443,0.75476,2.25,3.38
2012.03.19 14:46:46.135,0.75444,0.75474,2.25,3.00
2012.03.19 14:46:46.485,0.75447,0.75475,2.25,3.00
2012.03.19 14:46:47.045,0.75447,0.75475,3.00,2.25
2012.03.19 14:46:47.342,0.75445,0.75475,2.25,3.00
2012.03.19 14:46:47.565,0.75447,0.75475,2.25,3.00
2012.03.19 14:46:47.903,0.75441,0.7547,3.00,2.25
2012.03.19 14:46:48.883,0.75441,0.75471,3.00,2.63
2012.03.19 14:46:49.725,0.75437,0.75471,1.35,1.13
2012.03.19 14:46:50.555,0.75437,0.75473,1.35,1.13
2012.03.19 14:46:50.932,0.75432,0.75472,1.13,2.10
2012.03.19 14:46:51.011,0.75426,0.75466,1.50,1.35
2012.03.19 14:46:51.523,0.75434,0.75464,2.25,3.00
2012.03.19 14:46:51.756,0.75436,0.75465,2.25,3.00
2012.03.19 14:46:51.822,0.75436,0.75465,2.25,2.25
2012.03.19 14:46:52.400,0.75436,0.75465,2.25,3.00
2012.03.19 14:46:52.469,0.75436,0.75465,2.25,3.00
2012.03.19 14:46:52.532,0.75437,0.75467,2.25,3.00
2012.03.19 14:46:52.759,0.75435,0.75465,2.25,3.00
2012.03.19 14:46:53.007,0.75435,0.75465,2.25,2.25
2012.03.19 14:46:53.073,0.75437,0.75464,2.25,2.25
2012.03.19 14:46:53.341,0.75434,0.75462,2.25,2.25
2012.03.19 14:46:53.472,0.75434,0.75462,2.25,2.63
2012.03.19 14:46:53.753,0.7543,0.75457,2.25,2.25
2012.03.19 14:46:53.895,0.7543,0.75457,2.25,3.00
2012.03.19 14:46:54.443,0.75429,0.75457,2.25,2.25
2012.03.19 14:46:55.430,0.75429,0.75458,3.00,2.25
2012.03.19 14:46:55.549,0.75428,0.75458,2.25,2.25
2012.03.19 14:46:56.259,0.75429,0.75458,2.25,3.00
2012.03.19 14:46:57.249,0.75428,0.75458,2.25,3.00
2012.03.19 14:46:57.347,0.75428,0.75458,2.25,3.00
2012.03.19 14:46:57.410,0.7543,0.75457,2.25,2.25
2012.03.19 14:46:58.004,0.75423,0.75464,1.13,1.13
2012.03.19 14:46:58.189,0.75427,0.75464,1.35,1.13
2012.03.19 14:46:59.664,0.75434,0.75464,2.25,3.38
2012.03.19 14:47:00.022,0.75437,0.75465,2.25,3.00
2012.03.19 14:47:00.114,0.75435,0.75465,2.25,3.00
2012.03.19 14:47:00.545,0.75435,0.75465,3.00,2.25
2012.03.19 14:47:00.963,0.75435,0.75465,2.25,3.00
2012.03.19 14:47:01.591,0.75435,0.75465,3.00,2.25
2012.03.19 14:47:01.912,0.75437,0.75467,2.25,2.25
2012.03.19 14:47:01.983,0.75439,0.75467,2.25,2.25
2012.03.19 14:47:02.748,0.75438,0.75466,2.25,2.25
2012.03.19 14:47:03.084,0.75438,0.75466,3.00,2.25
2012.03.19 14:47:03.152,0.75438,0.75466,2.25,2.25
2012.03.19 14:47:03.528,0.75438,0.75466,2.25,2.63
2012.03.19 14:47:03.594,0.75435,0.75463,2.25,3.00
2012.03.19 14:47:04.510,0.75435,0.75463,3.00,2.25
2012.03.19 14:47:04.572,0.75435,0.75463,2.25,3.00
2012.03.19 14:47:06.125,0.75435,0.75463,3.00,2.25
2012.03.19 14:47:06.193,0.75437,0.75465,3.00,2.63
2012.03.19 14:47:06.597,0.75437,0.75467,3.00,2.25
2012.03.19 14:47:07.035,0.75441,0.75469,2.25,3.00
2012.03.19 14:47:07.554,0.7544,0.7547,2.25,3.00
2012.03.19 14:47:08.709,0.75443,0.75473,2.25,2.85
2012.03.19 14:47:11.361,0.75443,0.75473,2.25,3.23
2012.03.19 14:47:11.428,0.75443,0.7547,2.25,2.25
2012.03.19 14:47:12.216,0.75443,0.7547,2.25,3.00
2012.03.19 14:47:13.130,0.75444,0.75472,2.25,3.00
2012.03.19 14:47:14.194,0.75443,0.7547,2.25,3.00
2012.03.19 14:47:14.304,0.7544,0.7547,2.25,3.00
2012.03.19 14:47:14.430,0.75442,0.7547,2.25,3.00
2012.03.19 14:47:15.206,0.75443,0.7547,2.25,3.00
2012.03.19 14:47:15.511,0.75431,0.75472,1.73,1.13
2012.03.19 14:47:15.769,0.75435,0.75472,1.35,1.13
2012.03.19 14:47:17.010,0.75441,0.75471,2.25,3.00
2012.03.19 14:47:18.526,0.75442,0.75471,2.25,3.00
2012.03.19 14:47:19.100,0.75443,0.7547,2.25,3.00
2012.03.19 14:47:19.684,0.75443,0.7547,2.25,2.25
2012.03.19 14:47:20.223,0.75443,0.7547,2.25,3.00
2012.03.19 14:47:21.319,0.75441,0.75471,2.25,3.00
2012.03.19 14:47:22.440,0.75441,0.75471,2.25,3.00
2012.03.19 14:47:23.183,0.75441,0.75469,2.25,3.00
2012.03.19 14:47:24.212,0.75442,0.7547,2.25,3.00
2012.03.19 14:47:24.794,0.75441,0.75469,2.25,3.00
2012.03.19 14:47:25.064,0.75435,0.75465,3.00,2.25
2012.03.19 14:47:25.377,0.7543,0.75468,1.13,1.35
2012.03.19 14:47:26.663,0.75429,0.75472,1.13,2.48
2012.03.19 14:47:27.289,0.75431,0.75474,1.35,1.50
2012.03.19 14:47:27.583,0.75431,0.75468,1.35,1.13
2012.03.19 14:47:27.855,0.75437,0.75465,3.00,2.25
2012.03.19 14:47:28.216,0.75432,0.75462,3.00,2.25
2012.03.19 14:47:28.737,0.75432,0.7546,3.00,2.25
2012.03.19 14:47:28.954,0.75425,0.75468,1.13,1.13
2012.03.19 14:47:30.104,0.75424,0.75464,1.35,1.13
2012.03.19 14:47:30.169,0.75428,0.75469,1.13,1.73
2012.03.19 14:47:30.553,0.75424,0.75469,1.73,2.10
2012.03.19 14:47:30.648,0.75432,0.75469,1.13,1.35
2012.03.19 14:47:30.713,0.75432,0.75474,1.13,3.23
2012.03.19 14:47:31.040,0.75428,0.75472,1.13,1.35
2012.03.19 14:47:31.182,0.75428,0.75469,1.13,1.73
2012.03.19 14:47:31.392,0.75432,0.75469,1.13,1.35
2012.03.19 14:47:31.461,0.75432,0.75474,1.73,1.13
2012.03.19 14:47:31.633,0.75432,0.75473,1.73,1.13
2012.03.19 14:47:31.963,0.75432,0.75474,1.73,1.13
2012.03.19 14:47:32.337,0.75432,0.75473,1.73,1.13
2012.03.19 14:47:32.779,0.75437,0.75473,3.00,3.38
2012.03.19 14:47:34.310,0.75439,0.75474,2.25,1.13
2012.03.19 14:47:34.862,0.75438,0.75474,2.25,1.13
2012.03.19 14:47:35.325,0.75438,0.75475,3.00,2.63
2012.03.19 14:47:35.587,0.75439,0.75476,3.00,2.25
2012.03.19 14:47:35.651,0.75439,0.75476,2.25,3.00
2012.03.19 14:47:38.892,0.75439,0.75476,3.00,2.25
2012.03.19 14:47:39.203,0.75439,0.75467,3.00,2.25
2012.03.19 14:47:39.401,0.75439,0.75467,2.25,2.25
2012.03.19 14:47:40.564,0.75441,0.75468,2.25,3.00
2012.03.19 14:47:41.249,0.75437,0.75467,3.00,2.25
2012.03.19 14:47:42.065,0.75436,0.75466,3.00,2.25
2012.03.19 14:47:43.602,0.75438,0.75468,3.00,2.25
2012.03.19 14:47:44.233,0.75437,0.75467,3.00,2.25
2012.03.19 14:47:45.491,0.75443,0.75471,2.25,2.25
2012.03.19 14:47:46.628,0.75442,0.75472,2.25,2.25
2012.03.19 14:47:46.985,0.75439,0.75469,2.25,3.00
2012.03.19 14:47:47.242,0.75439,0.75479,1.13,1.13
2012.03.19 14:47:47.373,0.75443,0.7548,1.13,1.35
2012.03.19 14:47:47.947,0.75447,0.75477,3.00,2.25
2012.03.19 14:47:49.658,0.75448,0.75484,2.25,1.13
2012.03.19 14:47:49.763,0.75448,0.75483,3.00,1.13
2012.03.19 14:47:50.009,0.75449,0.75486,2.25,3.38
2012.03.19 14:47:50.542,0.7545,0.75486,2.25,1.13
2012.03.19 14:47:50.993,0.7545,0.75478,2.25,2.25
2012.03.19 14:47:51.403,0.7545,0.75478,2.63,2.25
2012.03.19 14:47:51.473,0.75451,0.75488,1.13,3.00
2012.03.19 14:47:51.540,0.7546,0.75487,2.25,3.00
2012.03.19 14:47:51.992,0.75449,0.75479,2.25,3.00
2012.03.19 14:47:55.042,0.75448,0.75478,2.25,3.00
2012.03.19 14:47:55.219,0.75448,0.75478,2.25,3.00
2012.03.19 14:47:55.280,0.75444,0.75472,2.25,2.25
2012.03.19 14:47:56.146,0.75446,0.75474,2.25,3.00
2012.03.19 14:47:57.011,0.75446,0.75474,2.25,2.25
2012.03.19 14:47:57.268,0.75446,0.75483,1.35,1.13
2012.03.19 14:47:59.207,0.75445,0.75483,1.13,1.73
2012.03.19 14:47:59.353,0.75449,0.75477,2.25,2.25
2012.03.19 14:47:59.654,0.75451,0.75479,2.25,3.00
2012.03.19 14:48:00.170,0.7545,0.75478,2.25,2.25
2012.03.19 14:48:00.932,0.75448,0.75476,2.25,2.25
2012.03.19 14:48:01.331,0.75447,0.75476,2.25,3.00
2012.03.19 14:48:02.100,0.75448,0.75476,2.25,3.00
2012.03.19 14:48:05.927,0.75448,0.75475,2.25,3.00
2012.03.19 14:48:05.989,0.75448,0.75475,2.25,3.00
2012.03.19 14:48:06.427,0.75448,0.75476,2.25,3.00
2012.03.19 14:48:08.452,0.75448,0.75476,2.25,3.00
2012.03.19 14:48:09.029,0.75449,0.75479,2.63,3.00
2012.03.19 14:48:09.554,0.75448,0.75476,2.25,3.00
2012.03.19 14:48:09.629,0.75448,0.75476,2.25,3.00
2012.03.19 14:48:10.016,0.75448,0.75476,2.25,3.00
2012.03.19 14:48:10.083,0.75448,0.75476,2.25,2.25
2012.03.19 14:48:10.257,0.7545,0.75478,2.25,2.25
2012.03.19 14:48:10.935,0.7545,0.7548,2.25,3.00
2012.03.19 14:48:11.530,0.75449,0.75479,2.25,3.00
2012.03.19 14:48:11.592,0.75449,0.75479,2.25,3.00
2012.03.19 14:48:12.640,0.75449,0.75479,2.25,3.00
2012.03.19 14:48:12.700,0.75449,0.75479,2.25,3.00
2012.03.19 14:48:17.475,0.7545,0.7548,2.25,3.00
2012.03.19 14:48:23.891,0.75447,0.75475,3.00,2.25
2012.03.19 14:48:24.083,0.75442,0.75471,3.00,2.25
2012.03.19 14:48:24.273,0.75441,0.75469,3.00,2.25
2012.03.19 14:48:24.638,0.75436,0.75464,3.00,2.25
2012.03.19 14:48:24.705,0.75436,0.75466,3.00,2.25
2012.03.19 14:48:24.892,0.75444,0.75472,2.25,2.25
2012.03.19 14:48:24.966,0.75444,0.75472,3.00,2.25
2012.03.19 14:48:25.134,0.7544,0.75468,1.35,2.25
2012.03.19 14:48:25.439,0.7544,0.7547,3.60,2.25
2012.03.19 14:48:26.236,0.75442,0.7547,3.00,2.25
2012.03.19 14:48:26.403,0.75445,0.75475,3.00,2.25
2012.03.19 14:48:26.651,0.7545,0.7548,2.25,3.00
2012.03.19 14:48:26.994,0.75447,0.75475,2.25,3.00
2012.03.19 14:48:27.534,0.75444,0.75474,3.00,2.25
2012.03.19 14:48:27.973,0.75444,0.75474,2.25,3.00
2012.03.19 14:48:28.102,0.75442,0.75471,1.13,2.25
2012.03.19 14:48:28.873,0.75441,0.75469,3.00,2.25
2012.03.19 14:48:29.474,0.75441,0.75469,2.25,3.00
2012.03.19 14:48:30.024,0.75436,0.75464,3.00,2.25
2012.03.19 14:48:30.300,0.75436,0.75466,3.00,2.25
2012.03.19 14:48:30.673,0.75432,0.75471,1.13,1.35
2012.03.19 14:48:30.811,0.75431,0.7547,1.13,1.13
2012.03.19 14:48:31.154,0.75433,0.75462,3.00,2.25
2012.03.19 14:48:31.677,0.75433,0.75463,3.00,2.25
2012.03.19 14:48:32.208,0.75433,0.75461,3.00,2.25
2012.03.19 14:48:32.274,0.75437,0.75465,2.25,3.00
2012.03.19 14:48:32.419,0.75437,0.75465,3.00,2.25
2012.03.19 14:48:32.544,0.75438,0.75465,1.35,2.25
2012.03.19 14:48:32.619,0.75443,0.75471,2.25,2.63
2012.03.19 14:48:32.682,0.7544,0.75468,3.00,2.25
2012.03.19 14:48:32.832,0.7544,0.75468,3.00,2.25
2012.03.19 14:48:33.302,0.75448,0.75477,2.25,2.25
2012.03.19 14:48:33.780,0.75448,0.75476,2.25,3.00
2012.03.19 14:48:33.903,0.75438,0.75482,1.35,1.13
2012.03.19 14:48:34.083,0.75443,0.75482,1.13,1.13
2012.03.19 14:48:34.230,0.75441,0.75482,1.13,1.13
2012.03.19 14:48:34.707,0.75443,0.75471,2.25,3.00
2012.03.19 14:48:35.370,0.75443,0.75471,2.25,2.25
2012.03.19 14:48:35.647,0.75435,0.75463,3.00,2.25
2012.03.19 14:48:36.293,0.75436,0.75466,3.00,2.25
2012.03.19 14:48:36.668,0.75437,0.75465,3.00,2.25
2012.03.19 14:48:36.750,0.75444,0.75471,2.25,3.00
2012.03.19 14:48:37.074,0.75444,0.75471,2.25,2.25
2012.03.19 14:48:37.210,0.75444,0.75471,2.25,3.38
2012.03.19 14:48:37.331,0.75437,0.75467,2.25,2.25
2012.03.19 14:48:37.518,0.75439,0.75467,2.25,2.25
2012.03.19 14:48:37.835,0.75439,0.75467,3.00,2.25
2012.03.19 14:48:38.277,0.75439,0.75467,2.25,2.25
2012.03.19 14:48:38.966,0.7544,0.75468,2.25,2.25
2012.03.19 14:48:39.431,0.7544,0.75468,3.00,2.25
2012.03.19 14:48:39.553,0.7544,0.75468,2.25,3.00
2012.03.19 14:48:39.620,0.75443,0.75471,2.25,2.25
2012.03.19 14:48:40.152,0.75439,0.75469,2.25,2.25
2012.03.19 14:48:40.510,0.75438,0.75468,3.00,2.25
2012.03.19 14:48:41.030,0.75441,0.75469,3.00,2.25
2012.03.19 14:48:41.918,0.75441,0.7547,3.00,2.25
2012.03.19 14:48:41.985,0.75439,0.75469,2.25,2.25
2012.03.19 14:48:42.055,0.75439,0.75467,2.25,2.25
2012.03.19 14:48:42.391,0.75437,0.75464,1.13,2.25
2012.03.19 14:48:42.590,0.75438,0.75468,2.25,2.25
2012.03.19 14:48:43.990,0.75438,0.75468,3.00,2.25
2012.03.19 14:48:44.698,0.75439,0.75467,3.00,2.25
2012.03.19 14:48:45.142,0.7544,0.7547,3.00,2.25
2012.03.19 14:48:45.218,0.75438,0.75468,3.00,2.25
2012.03.19 14:48:45.645,0.75436,0.75466,3.00,2.25
2012.03.19 14:48:46.334,0.75436,0.75466,3.00,2.25
2012.03.19 14:48:46.403,0.75435,0.75463,1.35,2.25
2012.03.19 14:48:46.733,0.75436,0.75463,1.13,2.25
2012.03.19 14:48:46.805,0.75437,0.75467,3.00,2.25
2012.03.19 14:48:47.231,0.75443,0.75471,2.25,2.25
2012.03.19 14:48:47.350,0.75438,0.75466,3.00,2.25
2012.03.19 14:48:47.411,0.75438,0.75466,2.25,2.25
2012.03.19 14:48:47.952,0.75437,0.75467,2.25,2.25
2012.03.19 14:48:48.686,0.75432,0.75462,3.00,2.25
2012.03.19 14:48:48.758,0.7543,0.75459,1.35,2.63
2012.03.19 14:48:48.823,0.75429,0.75459,2.25,3.38
2012.03.19 14:48:48.890,0.75421,0.75449,3.00,2.25
2012.03.19 14:48:49.253,0.75423,0.75448,1.13,2.25
2012.03.19 14:48:49.321,0.75424,0.75452,3.00,2.25
2012.03.19 14:48:49.511,0.75427,0.75457,3.00,2.25
2012.03.19 14:48:52.549,0.75434,0.75463,2.25,2.25
2012.03.19 14:48:53.059,0.75433,0.75463,2.25,2.25
2012.03.19 14:48:53.576,0.75428,0.75469,1.13,1.73
2012.03.19 14:48:53.642,0.75428,0.75469,1.13,1.73
2012.03.19 14:48:54.445,0.75426,0.75455,3.00,2.10
2012.03.19 14:48:54.949,0.7542,0.7545,3.00,2.25
2012.03.19 14:48:55.779,0.75422,0.75451,2.25,2.25
2012.03.19 14:48:56.270,0.75422,0.7545,3.00,2.25
2012.03.19 14:48:56.434,0.75418,0.75447,1.13,2.25
2012.03.19 14:48:56.564,0.75422,0.7545,3.00,2.25
2012.03.19 14:48:56.630,0.75422,0.7545,3.00,2.25
2012.03.19 14:48:57.040,0.75422,0.7545,2.25,2.63
2012.03.19 14:48:57.103,0.75416,0.75446,3.00,2.25
2012.03.19 14:48:57.594,0.75416,0.75446,3.00,2.25
2012.03.19 14:48:57.750,0.75416,0.75446,3.00,2.63
2012.03.19 14:48:58.093,0.75412,0.75441,3.00,2.25
2012.03.19 14:48:58.441,0.75414,0.75444,3.00,2.25
2012.03.19 14:48:58.552,0.75415,0.75447,1.35,2.25
2012.03.19 14:48:58.683,0.75419,0.75449,3.00,2.25
2012.03.19 14:48:58.750,0.75419,0.75449,3.00,2.25
2012.03.19 14:48:58.923,0.75419,0.75449,3.00,2.25
2012.03.19 14:48:59.217,0.7542,0.75447,3.00,2.25
2012.03.19 14:48:59.414,0.75419,0.75449,3.00,2.25
2012.03.19 14:48:59.534,0.75418,0.75446,3.00,2.25
2012.03.19 14:49:00.362,0.75417,0.75447,3.00,2.25
2012.03.19 14:49:00.540,0.75421,0.75449,3.00,2.25
2012.03.19 14:49:01.336,0.75422,0.7545,3.00,2.25
2012.03.19 14:49:01.407,0.75422,0.75452,3.00,2.25
2012.03.19 14:49:01.496,0.75422,0.7545,3.00,2.25
2012.03.19 14:49:02.221,0.75421,0.75449,3.00,2.25
2012.03.19 14:49:02.571,0.7542,0.75447,3.00,2.25
2012.03.19 14:49:03.032,0.75429,0.75457,3.00,2.25
2012.03.19 14:49:05.753,0.75429,0.75457,2.25,2.25
2012.03.19 14:49:05.822,0.75429,0.75457,3.00,2.25
2012.03.19 14:49:06.015,0.75423,0.75453,3.00,2.25
2012.03.19 14:49:06.375,0.75423,0.75451,3.00,2.25
2012.03.19 14:49:06.502,0.75423,0.75453,3.00,2.25
2012.03.19 14:49:06.709,0.75423,0.75453,3.00,2.25
2012.03.19 14:49:06.952,0.75422,0.75452,3.00,2.25
2012.03.19 14:49:08.786,0.75425,0.75453,3.00,2.25
2012.03.19 14:49:09.394,0.75425,0.75453,3.00,2.25
2012.03.19 14:49:09.736,0.75428,0.75458,3.00,2.25
2012.03.19 14:49:11.829,0.75428,0.75458,3.00,2.25
2012.03.19 14:49:11.892,0.7543,0.7546,3.00,2.25
2012.03.19 14:49:12.202,0.75435,0.75462,3.00,2.25
2012.03.19 14:49:12.334,0.75436,0.75466,2.25,3.00
2012.03.19 14:49:12.965,0.7543,0.7546,3.00,2.25
2012.03.19 14:49:13.035,0.75431,0.75461,3.00,2.25
2012.03.19 14:49:13.164,0.75429,0.75459,3.00,2.25
2012.03.19 14:49:13.713,0.75429,0.75458,3.00,2.25
2012.03.19 14:49:14.808,0.7543,0.7546,3.00,2.25
2012.03.19 14:49:14.878,0.75429,0.75459,3.00,2.25
2012.03.19 14:49:14.951,0.75429,0.75459,3.00,2.25
2012.03.19 14:49:15.017,0.75422,0.75463,1.13,1.13
2012.03.19 14:49:15.164,0.75438,0.75465,2.25,1.35
2012.03.19 14:49:15.413,0.7543,0.75457,3.00,2.25
2012.03.19 14:49:15.812,0.75428,0.75456,2.25,2.25
2012.03.19 14:49:16.354,0.75429,0.75457,2.25,2.25
2012.03.19 14:49:16.620,0.75423,0.75453,3.00,2.25
2012.03.19 14:49:16.973,0.75421,0.75451,3.60,2.25
2012.03.19 14:49:17.042,0.75423,0.75453,3.00,2.25
2012.03.19 14:49:17.765,0.75427,0.75454,2.25,2.25
2012.03.19 14:49:17.841,0.75427,0.75457,3.00,2.25
2012.03.19 14:49:18.424,0.75428,0.75458,3.00,2.25
2012.03.19 14:49:18.783,0.75433,0.75463,2.25,2.25
2012.03.19 14:49:19.082,0.75426,0.75456,3.38,2.85
2012.03.19 14:49:19.276,0.75426,0.75454,3.00,2.25
2012.03.19 14:49:19.463,0.75423,0.75451,3.00,2.25
2012.03.19 14:49:20.144,0.75423,0.75451,3.00,2.25
2012.03.19 14:49:20.217,0.75424,0.75454,3.00,2.25
2012.03.19 14:49:20.283,0.7543,0.75458,3.00,3.23
2012.03.19 14:49:20.627,0.75422,0.75452,3.00,2.25
2012.03.19 14:49:21.255,0.75421,0.75451,3.00,2.25
2012.03.19 14:49:21.747,0.75425,0.75453,3.00,2.25
2012.03.19 14:49:21.943,0.75425,0.75453,2.25,2.25
2012.03.19 14:49:22.005,0.75422,0.75452,2.25,2.25
2012.03.19 14:49:22.075,0.75422,0.75452,3.00,2.25
2012.03.19 14:49:22.427,0.75428,0.75456,3.00,2.85
2012.03.19 14:49:23.022,0.75429,0.75457,3.00,2.25
2012.03.19 14:49:24.293,0.7543,0.75458,3.00,2.25
2012.03.19 14:49:24.355,0.75432,0.7546,3.00,2.25
2012.03.19 14:49:24.596,0.75432,0.7546,3.00,2.25
2012.03.19 14:49:24.668,0.75432,0.7546,2.25,2.25
2012.03.19 14:49:24.840,0.75428,0.75456,3.00,2.25
2012.03.19 14:49:26.373,0.75428,0.75456,2.25,2.25
2012.03.19 14:49:26.706,0.75428,0.75456,2.25,3.00
2012.03.19 14:49:26.909,0.75422,0.75452,3.00,2.25
2012.03.19 14:49:27.189,0.75422,0.75452,3.00,2.25
2012.03.19 14:49:27.393,0.75425,0.75455,3.00,2.25
2012.03.19 14:49:27.523,0.75427,0.75457,3.00,2.25
2012.03.19 14:49:27.582,0.75427,0.75457,3.00,2.25
2012.03.19 14:49:27.789,0.75427,0.75457,3.00,2.25
2012.03.19 14:49:28.395,0.75427,0.75457,3.00,2.25
2012.03.19 14:49:29.671,0.7543,0.75458,3.00,2.25
2012.03.19 14:49:30.025,0.75428,0.75456,3.00,2.25
2012.03.19 14:49:30.096,0.75428,0.75456,2.25,2.25
2012.03.19 14:49:30.302,0.75428,0.75456,3.00,2.25
2012.03.19 14:49:30.362,0.75428,0.75458,3.00,2.25
2012.03.19 14:49:31.313,0.75427,0.75457,3.00,2.25
2012.03.19 14:49:32.692,0.75427,0.75457,3.00,2.25
2012.03.19 14:49:32.923,0.75432,0.75462,2.25,2.25
2012.03.19 14:49:33.046,0.75432,0.75462,3.00,2.25
2012.03.19 14:49:33.231,0.75432,0.75462,3.00,2.25
2012.03.19 14:49:33.398,0.75427,0.75457,3.00,2.25
2012.03.19 14:49:33.811,0.75433,0.75461,3.00,2.25
2012.03.19 14:49:34.680,0.75434,0.75461,2.25,2.25
2012.03.19 14:49:34.797,0.75434,0.75461,3.00,2.25
2012.03.19 14:49:35.602,0.75438,0.75466,2.25,2.25
2012.03.19 14:49:36.174,0.75441,0.75469,2.25,3.00
2012.03.19 14:49:37.493,0.75441,0.75468,2.25,2.25
2012.03.19 14:49:38.266,0.75439,0.75469,2.25,3.00
2012.03.19 14:49:38.743,0.75442,0.7547,2.25,3.00
2012.03.19 14:49:39.634,0.75441,0.75469,2.25,3.00
2012.03.19 14:49:41.571,0.75439,0.75469,2.25,3.00
2012.03.19 14:49:41.938,0.75439,0.75469,3.00,2.25
2012.03.19 14:49:42.240,0.75439,0.75467,3.00,2.25
2012.03.19 14:49:42.362,0.75439,0.75467,2.25,2.25
2012.03.19 14:49:42.615,0.75437,0.75465,3.00,2.25
2012.03.19 14:49:43.061,0.75433,0.75463,3.00,2.25
2012.03.19 14:49:46.068,0.75434,0.75462,3.00,2.25
2012.03.19 14:49:46.133,0.75434,0.75464,3.00,2.25
2012.03.19 14:49:46.973,0.75435,0.75465,3.00,2.25
2012.03.19 14:49:47.155,0.75435,0.75463,3.00,2.25
2012.03.19 14:49:48.320,0.75435,0.75465,3.00,2.25
2012.03.19 14:49:49.455,0.75434,0.75464,3.00,2.25
2012.03.19 14:49:49.794,0.75438,0.75467,2.25,2.25
2012.03.19 14:49:50.402,0.75438,0.75466,2.25,2.25
2012.03.19 14:49:51.065,0.75437,0.75465,3.00,2.25
2012.03.19 14:49:52.544,0.75438,0.75466,2.25,2.25
2012.03.19 14:49:52.646,0.75438,0.75466,2.25,3.00
2012.03.19 14:49:53.746,0.75438,0.75466,2.25,2.25
2012.03.19 14:49:53.882,0.75436,0.75464,3.00,2.25
2012.03.19 14:49:54.725,0.75441,0.75471,2.25,3.00
2012.03.19 14:49:55.058,0.75443,0.75471,2.25,3.00
2012.03.19 14:49:55.363,0.75442,0.75472,2.25,3.00
2012.03.19 14:49:55.500,0.75438,0.75468,2.25,3.00
2012.03.19 14:49:55.774,0.75438,0.75466,2.25,2.25
2012.03.19 14:49:56.034,0.7544,0.7547,2.25,3.00
2012.03.19 14:49:57.039,0.75438,0.75466,2.25,2.25
2012.03.19 14:49:57.254,0.75438,0.75468,2.25,2.25
2012.03.19 14:49:57.725,0.75441,0.75469,2.25,3.00
2012.03.19 14:49:58.053,0.75436,0.75464,2.25,3.00
2012.03.19 14:49:58.426,0.75442,0.7547,2.25,3.00
2012.03.19 14:49:58.614,0.75446,0.75474,2.25,3.00
2012.03.19 14:49:58.676,0.75446,0.75474,2.25,3.00
2012.03.19 14:49:58.745,0.75441,0.75471,2.25,2.25
2012.03.19 14:49:59.179,0.75441,0.75471,2.25,3.00
2012.03.19 14:50:00.218,0.75441,0.75469,2.25,3.60
2012.03.19 14:50:00.472,0.75428,0.75458,2.25,2.25
2012.03.19 14:50:00.577,0.7543,0.75458,2.25,2.25
2012.03.19 14:50:01.093,0.7543,0.75458,3.00,2.25
2012.03.19 14:50:01.150,0.75431,0.75461,3.00,2.25
2012.03.19 14:50:01.273,0.75428,0.75455,3.00,2.25
2012.03.19 14:50:01.765,0.75428,0.75455,2.25,2.25
2012.03.19 14:50:01.835,0.75424,0.75454,3.00,2.25
2012.03.19 14:50:02.190,0.75423,0.75453,3.38,2.25
2012.03.19 14:50:02.515,0.75423,0.75453,3.00,2.25
2012.03.19 14:50:02.824,0.75423,0.75451,3.00,2.25
2012.03.19 14:50:03.627,0.75423,0.75451,2.25,2.25
2012.03.19 14:50:04.014,0.7542,0.75449,3.00,2.25
2012.03.19 14:50:04.121,0.7542,0.75449,2.25,3.00
2012.03.19 14:50:04.246,0.7542,0.75449,2.25,3.60
2012.03.19 14:50:04.316,0.75411,0.75439,3.00,2.25
2012.03.19 14:50:04.643,0.75427,0.75454,2.25,2.85
2012.03.19 14:50:04.716,0.75427,0.75457,2.25,3.38
2012.03.19 14:50:04.865,0.75423,0.75451,2.25,2.25
2012.03.19 14:50:04.999,0.75428,0.75456,2.25,2.25
2012.03.19 14:50:05.323,0.75427,0.75455,2.25,3.00
2012.03.19 14:50:05.531,0.75422,0.75452,3.00,2.25
2012.03.19 14:50:06.406,0.7542,0.7545,2.25,2.25
2012.03.19 14:50:06.963,0.7542,0.7545,3.38,2.25
2012.03.19 14:50:07.077,0.75427,0.75457,2.25,2.25
2012.03.19 14:50:08.222,0.75424,0.75452,2.25,2.25
2012.03.19 14:50:08.378,0.75424,0.75454,2.25,2.25
2012.03.19 14:50:08.706,0.75424,0.75452,2.25,2.25
2012.03.19 14:50:09.054,0.75432,0.7546,3.00,2.25
2012.03.19 14:50:09.916,0.75434,0.75462,2.25,2.25
2012.03.19 14:50:10.577,0.75432,0.75462,3.00,2.25
2012.03.19 14:50:10.921,0.75431,0.7546,3.00,2.25
2012.03.19 14:50:11.253,0.75434,0.75463,2.25,2.25
2012.03.19 14:50:11.635,0.75436,0.75464,2.25,2.25
2012.03.19 14:50:12.224,0.75437,0.75465,2.25,2.25
2012.03.19 14:50:12.965,0.7544,0.75468,2.25,2.25
2012.03.19 14:50:13.418,0.7544,0.7547,2.25,2.25
2012.03.19 14:50:13.670,0.75439,0.75467,2.25,2.25
2012.03.19 14:50:14.150,0.75439,0.75469,2.25,2.25
2012.03.19 14:50:14.816,0.75439,0.75467,2.25,2.25
2012.03.19 14:50:17.323,0.75436,0.75466,3.00,2.25
2012.03.19 14:50:17.633,0.75439,0.75467,2.25,2.25
2012.03.19 14:50:18.181,0.75438,0.75468,2.25,3.00
2012.03.19 14:50:18.978,0.75438,0.75468,3.00,2.25
2012.03.19 14:50:19.097,0.75438,0.75468,2.25,2.25
2012.03.19 14:50:19.613,0.75437,0.75467,2.25,2.25
2012.03.19 14:50:19.682,0.75435,0.75465,2.25,2.25
2012.03.19 14:50:21.080,0.75435,0.75465,2.25,3.00
2012.03.19 14:50:22.306,0.75437,0.75465,2.25,3.00
2012.03.19 14:50:23.137,0.75438,0.75466,2.25,3.00
2012.03.19 14:50:24.012,0.75438,0.75466,2.25,2.25
2012.03.19 14:50:24.193,0.75434,0.75462,3.00,2.25
2012.03.19 14:50:24.333,0.75442,0.75472,2.25,3.00
2012.03.19 14:50:24.784,0.75439,0.75467,2.25,2.25
2012.03.19 14:50:25.062,0.7544,0.75467,3.00,2.25
2012.03.19 14:50:26.254,0.75443,0.75473,2.25,2.25
2012.03.19 14:50:26.317,0.75439,0.75469,3.00,2.25
2012.03.19 14:50:26.743,0.75443,0.75471,2.25,2.25
2012.03.19 14:50:27.052,0.75439,0.75469,2.25,2.25
2012.03.19 14:50:27.126,0.75438,0.75466,2.25,2.25
2012.03.19 14:50:28.885,0.75439,0.75467,2.25,2.25
2012.03.19 14:50:29.012,0.75437,0.75467,2.25,2.25
2012.03.19 14:50:31.324,0.75439,0.75467,2.25,2.25
2012.03.19 14:50:35.865,0.7544,0.7547,2.25,2.25
2012.03.19 14:50:36.955,0.7544,0.7547,3.00,2.25
2012.03.19 14:50:37.185,0.75442,0.75472,2.25,2.25
2012.03.19 14:50:37.749,0.75443,0.75473,2.25,2.25
2012.03.19 14:50:40.452,0.75446,0.75474,2.25,3.00
2012.03.19 14:50:40.903,0.75449,0.75476,2.25,3.00
2012.03.19 14:50:40.965,0.75449,0.75476,2.25,2.25
2012.03.19 14:50:41.252,0.75438,0.75468,2.25,2.25
2012.03.19 14:50:41.377,0.7544,0.75468,2.25,2.25
2012.03.19 14:50:41.893,0.75436,0.75465,3.00,2.25
2012.03.19 14:50:43.526,0.75439,0.75467,2.25,2.25
2012.03.19 14:50:44.461,0.75441,0.75469,2.25,2.25
2012.03.19 14:50:45.006,0.75438,0.75466,2.25,2.25
2012.03.19 14:50:45.544,0.75435,0.75465,3.00,2.25
2012.03.19 14:50:45.607,0.75439,0.75469,2.25,2.25
2012.03.19 14:50:45.944,0.75436,0.75466,2.25,2.25
2012.03.19 14:50:46.258,0.75438,0.75468,2.25,2.25
2012.03.19 14:50:48.063,0.75435,0.75465,3.00,2.25
2012.03.19 14:50:48.610,0.75437,0.75467,2.25,2.25
2012.03.19 14:50:48.907,0.75437,0.75467,3.00,2.25
2012.03.19 14:50:49.095,0.75441,0.75471,3.00,2.25
2012.03.19 14:50:49.484,0.75443,0.75473,2.25,2.25
2012.03.19 14:50:49.624,0.75445,0.75475,2.25,2.25
2012.03.19 14:50:49.931,0.75447,0.75475,2.25,3.00
2012.03.19 14:50:52.237,0.75444,0.75472,2.25,2.25
2012.03.19 14:50:52.692,0.75447,0.75477,2.25,3.00
2012.03.19 14:50:52.995,0.7545,0.75478,2.25,3.00
2012.03.19 14:50:54.795,0.7545,0.75478,2.25,3.00
2012.03.19 14:50:55.088,0.75446,0.75476,2.25,3.00
2012.03.19 14:50:55.634,0.75444,0.75472,2.25,2.25
2012.03.19 14:50:56.147,0.75444,0.75471,2.25,2.25
2012.03.19 14:50:56.758,0.75444,0.75471,2.25,3.00
2012.03.19 14:50:57.426,0.75444,0.75471,2.25,3.00
2012.03.19 14:50:57.493,0.75444,0.75471,2.25,2.25
2012.03.19 14:50:58.385,0.75444,0.75471,2.25,3.00
2012.03.19 14:50:58.934,0.75444,0.75471,2.25,2.25
2012.03.19 14:51:02.254,0.75443,0.75473,2.25,2.25
2012.03.19 14:51:03.024,0.75444,0.75474,2.25,3.00
2012.03.19 14:51:03.181,0.75444,0.75474,3.00,2.25
2012.03.19 14:51:03.402,0.75444,0.75474,2.25,3.00
2012.03.19 14:51:03.572,0.75451,0.75479,2.25,3.00
2012.03.19 14:51:04.381,0.75453,0.75481,2.25,3.00
2012.03.19 14:51:04.816,0.75453,0.75481,2.25,3.00
2012.03.19 14:51:04.886,0.75449,0.75479,2.25,3.00
2012.03.19 14:51:05.073,0.75449,0.75479,2.25,3.00
2012.03.19 14:51:05.135,0.75446,0.75476,2.25,3.00
2012.03.19 14:51:05.638,0.75444,0.75472,2.25,2.25
2012.03.19 14:51:06.313,0.75445,0.75473,2.25,3.00
2012.03.19 14:51:07.298,0.75445,0.75473,2.25,3.00
2012.03.19 14:51:07.422,0.75442,0.75469,2.85,3.00
2012.03.19 14:51:07.542,0.75442,0.7547,2.85,2.25
2012.03.19 14:51:08.228,0.75441,0.7547,3.00,2.25
2012.03.19 14:51:08.292,0.75436,0.75466,3.60,2.25
2012.03.19 14:51:09.431,0.75436,0.75466,3.60,2.25
2012.03.19 14:51:09.591,0.75436,0.75466,3.60,2.25
2012.03.19 14:51:11.172,0.7544,0.75467,3.00,2.25
2012.03.19 14:51:11.378,0.75439,0.75469,3.00,2.25
2012.03.19 14:51:12.694,0.75442,0.7547,2.25,2.25
2012.03.19 14:51:13.248,0.75442,0.7547,2.25,3.00
2012.03.19 14:51:13.376,0.75444,0.75472,2.25,2.25
2012.03.19 14:51:13.943,0.75445,0.75473,3.00,2.25
2012.03.19 14:51:14.214,0.75445,0.75473,2.25,3.00
2012.03.19 14:51:14.763,0.75441,0.75469,3.00,2.25
2012.03.19 14:51:16.250,0.75441,0.75469,2.25,3.00
2012.03.19 14:51:16.323,0.75439,0.75469,2.25,3.00
2012.03.19 14:51:16.962,0.75439,0.75469,3.00,2.25
2012.03.19 14:51:19.483,0.75439,0.75467,3.00,2.25
2012.03.19 14:51:20.596,0.75439,0.75467,2.25,2.25
2012.03.19 14:51:21.503,0.75434,0.75462,3.00,2.25
2012.03.19 14:51:21.833,0.75432,0.7546,3.00,2.25
2012.03.19 14:51:21.897,0.75432,0.7546,2.25,2.25
2012.03.19 14:51:23.355,0.75431,0.75459,3.60,2.25
2012.03.19 14:51:24.701,0.75432,0.7546,3.00,2.25
2012.03.19 14:51:24.904,0.75431,0.75458,1.35,2.25
2012.03.19 14:51:25.210,0.75431,0.75461,3.00,2.25
2012.03.19 14:51:25.450,0.75431,0.75461,3.00,2.25
2012.03.19 14:51:27.309,0.75426,0.75469,1.13,1.73
2012.03.19 14:51:27.407,0.75426,0.75468,1.13,1.73
2012.03.19 14:51:27.473,0.75426,0.75468,1.13,1.73
2012.03.19 14:51:28.944,0.75426,0.75467,1.13,1.13
2012.03.19 14:51:30.468,0.75426,0.75468,1.13,1.73
2012.03.19 14:51:30.535,0.75428,0.75468,1.13,1.35
2012.03.19 14:51:31.583,0.75428,0.75468,1.13,1.35
2012.03.19 14:51:33.266,0.75425,0.75469,1.35,2.10
2012.03.19 14:51:33.676,0.75428,0.75458,3.00,2.25
2012.03.19 14:51:34.411,0.7543,0.75458,3.00,2.25
2012.03.19 14:51:36.277,0.7543,0.75458,2.25,2.25
2012.03.19 14:51:36.487,0.7543,0.75458,3.00,2.25
2012.03.19 14:51:40.968,0.75429,0.75457,3.00,2.25
2012.03.19 14:51:41.777,0.7543,0.75458,3.00,2.25
2012.03.19 14:51:41.922,0.7543,0.75458,2.25,2.25
2012.03.19 14:51:42.046,0.75425,0.7545,1.35,2.25
2012.03.19 14:51:42.607,0.75415,0.75445,3.60,2.25
2012.03.19 14:51:42.943,0.75421,0.75449,3.00,2.25
2012.03.19 14:51:44.675,0.75421,0.75449,3.00,2.25
2012.03.19 14:51:44.741,0.75421,0.75449,3.00,2.25
2012.03.19 14:51:44.806,0.75421,0.75451,3.00,2.25
2012.03.19 14:51:45.266,0.75421,0.75451,3.00,2.25
2012.03.19 14:51:45.392,0.75417,0.75445,3.00,2.25
2012.03.19 14:51:47.441,0.75417,0.75447,3.00,2.25
2012.03.19 14:51:48.683,0.75421,0.75447,1.13,2.25
2012.03.19 14:51:48.777,0.75422,0.7545,3.00,2.25
2012.03.19 14:51:49.167,0.75422,0.7545,2.25,2.25
2012.03.19 14:51:49.736,0.75417,0.75447,3.00,2.25
2012.03.19 14:51:52.536,0.7542,0.75448,3.00,2.25
2012.03.19 14:51:53.663,0.75418,0.75448,2.25,3.00
2012.03.19 14:51:53.722,0.75415,0.75443,1.35,2.25
2012.03.19 14:51:54.495,0.75409,0.75439,3.00,2.25
2012.03.19 14:51:55.883,0.75409,0.75439,3.38,2.25
2012.03.19 14:51:55.943,0.75409,0.75439,3.38,2.25
2012.03.19 14:51:56.087,0.75417,0.75445,2.25,2.25
2012.03.19 14:51:56.374,0.75417,0.75447,2.25,2.25
2012.03.19 14:51:58.737,0.75417,0.75447,3.00,2.25
2012.03.19 14:51:58.863,0.75416,0.75446,3.00,2.25
2012.03.19 14:51:59.377,0.75417,0.75445,3.00,2.25
2012.03.19 14:52:00.022,0.75417,0.75447,3.00,2.25
2012.03.19 14:52:00.082,0.75417,0.75447,3.00,2.63
2012.03.19 14:52:00.506,0.75411,0.75439,3.00,2.25
2012.03.19 14:52:00.821,0.75411,0.75439,3.00,2.25
2012.03.19 14:52:01.327,0.75411,0.75439,3.00,2.25
2012.03.19 14:52:02.002,0.75411,0.75439,3.00,2.25
2012.03.19 14:52:02.972,0.75414,0.75444,3.00,2.25
2012.03.19 14:52:03.036,0.75414,0.75444,3.00,2.25
2012.03.19 14:52:03.232,0.75416,0.75444,3.00,2.25
2012.03.19 14:52:05.982,0.75415,0.75445,3.00,2.25
2012.03.19 14:52:06.615,0.75416,0.75446,3.00,2.25
2012.03.19 14:52:07.346,0.75415,0.75445,3.00,2.25
2012.03.19 14:52:08.473,0.75421,0.75449,3.00,2.25
2012.03.19 14:52:08.901,0.75416,0.75444,3.00,2.25
2012.03.19 14:52:08.965,0.75416,0.75446,3.00,2.25
2012.03.19 14:52:10.338,0.75416,0.75444,3.00,2.25
2012.03.19 14:52:11.585,0.7542,0.75448,3.00,2.25
2012.03.19 14:52:11.874,0.7542,0.75448,3.00,2.25
2012.03.19 14:52:12.198,0.75415,0.75443,3.00,2.25
2012.03.19 14:52:13.071,0.75417,0.75447,3.00,2.25
2012.03.19 14:52:13.302,0.75414,0.75444,3.00,2.25
2012.03.19 14:52:13.642,0.75409,0.75453,1.73,1.13
2012.03.19 14:52:14.243,0.75412,0.75453,1.13,1.13
2012.03.19 14:52:14.300,0.75412,0.75453,1.13,1.13
2012.03.19 14:52:15.465,0.75411,0.75453,1.13,1.13
2012.03.19 14:52:16.045,0.75414,0.75444,3.00,2.25
2012.03.19 14:52:16.916,0.75415,0.75442,3.00,2.25
2012.03.19 14:52:18.845,0.75413,0.75441,3.00,2.25
2012.03.19 14:52:19.303,0.75412,0.7544,3.00,2.25
2012.03.19 14:52:19.420,0.75412,0.7544,3.00,2.25
2012.03.19 14:52:22.531,0.7541,0.75437,3.00,2.25
2012.03.19 14:52:23.757,0.75409,0.75437,3.60,2.25
2012.03.19 14:52:24.922,0.75411,0.75439,3.00,2.25
2012.03.19 14:52:25.304,0.75415,0.75442,3.00,2.25
2012.03.19 14:52:25.958,0.75415,0.75442,3.00,2.25
2012.03.19 14:52:26.534,0.75409,0.75439,3.00,2.25
2012.03.19 14:52:26.884,0.75409,0.75437,3.00,2.25
2012.03.19 14:52:27.135,0.75409,0.75437,3.00,2.25
2012.03.19 14:52:28.061,0.7541,0.75438,3.00,2.25
2012.03.19 14:52:28.182,0.75412,0.7544,3.00,2.25
2012.03.19 14:52:29.381,0.75412,0.75442,3.00,2.63
2012.03.19 14:52:29.442,0.75409,0.75437,3.00,2.25
2012.03.19 14:52:30.835,0.75409,0.75437,3.00,2.25
2012.03.19 14:52:30.904,0.75411,0.75437,1.35,2.25
2012.03.19 14:52:30.964,0.75411,0.7544,1.35,2.25
2012.03.19 14:52:31.796,0.75411,0.75437,1.35,2.25
2012.03.19 14:52:34.435,0.75411,0.75436,1.35,2.25
2012.03.19 14:52:36.292,0.75411,0.75437,1.35,2.25
2012.03.19 14:52:36.684,0.75414,0.75444,2.25,3.00
2012.03.19 14:52:36.744,0.75414,0.75444,3.00,2.25
2012.03.19 14:52:37.104,0.75414,0.75444,3.00,2.25
2012.03.19 14:52:38.743,0.75414,0.75444,3.00,2.25
2012.03.19 14:52:39.036,0.75414,0.75444,3.00,2.25
2012.03.19 14:52:39.344,0.75423,0.75441,1.13,2.25
2012.03.19 14:52:39.411,0.75427,0.75455,2.25,2.25
2012.03.19 14:52:39.534,0.75421,0.75451,3.00,2.25
2012.03.19 14:52:39.751,0.75421,0.75451,3.00,2.25
2012.03.19 14:52:40.202,0.75418,0.75446,1.73,2.25
2012.03.19 14:52:40.521,0.75422,0.75452,2.25,2.25
2012.03.19 14:52:40.583,0.75422,0.75452,3.00,2.25
2012.03.19 14:52:41.123,0.75422,0.75452,3.00,2.25
2012.03.19 14:52:41.655,0.75422,0.75452,3.00,2.25
2012.03.19 14:52:42.724,0.75422,0.75452,3.00,2.25
2012.03.19 14:52:43.003,0.75422,0.7545,3.00,2.25
2012.03.19 14:52:43.065,0.75418,0.75447,1.35,2.25
2012.03.19 14:52:43.153,0.75421,0.75451,3.00,2.25
2012.03.19 14:52:43.708,0.75421,0.75451,3.00,2.25
2012.03.19 14:52:44.148,0.75421,0.75451,3.00,2.25
2012.03.19 14:52:46.425,0.75418,0.75447,1.35,2.25
2012.03.19 14:52:46.891,0.75418,0.75447,1.35,2.25
2012.03.19 14:52:46.957,0.75418,0.75445,3.60,2.25
2012.03.19 14:52:47.273,0.75415,0.75443,3.00,2.25
2012.03.19 14:52:47.656,0.75415,0.75445,3.00,2.25
2012.03.19 14:52:47.830,0.75415,0.75445,3.00,2.25
2012.03.19 14:52:47.894,0.75412,0.75441,3.00,2.25
2012.03.19 14:52:48.219,0.75413,0.75443,3.00,2.25
2012.03.19 14:52:48.284,0.75413,0.75443,3.00,2.25
2012.03.19 14:52:48.597,0.75415,0.75445,3.00,2.25
2012.03.19 14:52:48.726,0.75418,0.75446,2.25,2.25
2012.03.19 14:52:49.062,0.75413,0.75443,2.25,3.00
2012.03.19 14:52:49.124,0.75413,0.75443,3.00,2.25
2012.03.19 14:52:50.092,0.75408,0.75442,1.13,2.25
2012.03.19 14:52:50.232,0.75408,0.75442,1.13,2.25
2012.03.19 14:52:51.342,0.75406,0.75441,3.00,2.25
2012.03.19 14:52:52.085,0.75414,0.75442,2.25,2.25
2012.03.19 14:52:52.645,0.75412,0.75442,3.00,2.25
2012.03.19 14:52:53.243,0.75411,0.75441,3.00,2.25
2012.03.19 14:52:53.506,0.75411,0.75439,3.00,2.25
2012.03.19 14:52:53.893,0.75415,0.75442,2.25,2.25
2012.03.19 14:52:53.953,0.75412,0.75442,2.25,2.25
2012.03.19 14:52:54.014,0.75414,0.75442,3.00,2.25
2012.03.19 14:52:55.435,0.75416,0.75446,3.00,2.25
2012.03.19 14:52:55.562,0.75418,0.75448,3.00,2.25
2012.03.19 14:52:56.147,0.7542,0.75447,3.00,2.25
2012.03.19 14:52:56.638,0.75421,0.75451,3.00,2.25
2012.03.19 14:52:57.755,0.75419,0.75448,3.00,2.25
2012.03.19 14:52:59.944,0.75426,0.7545,3.00,2.25
2012.03.19 14:53:00.501,0.75427,0.75453,2.25,2.25
2012.03.19 14:53:00.732,0.75421,0.75451,3.00,2.25
2012.03.19 14:53:01.266,0.75419,0.75448,3.00,2.25
2012.03.19 14:53:02.106,0.75419,0.75448,3.00,2.25
2012.03.19 14:53:02.307,0.75419,0.75448,3.00,2.25
2012.03.19 14:53:02.545,0.75419,0.75448,3.00,2.25
2012.03.19 14:53:02.614,0.75419,0.75448,3.00,2.25
2012.03.19 14:53:02.764,0.75419,0.75448,3.00,2.25
2012.03.19 14:53:03.028,0.7542,0.7545,3.00,2.25
2012.03.19 14:53:03.256,0.7542,0.75447,3.00,2.25
2012.03.19 14:53:03.573,0.75424,0.75452,3.00,2.25
2012.03.19 14:53:04.288,0.75419,0.75448,3.00,2.25
2012.03.19 14:53:04.636,0.75419,0.75448,3.00,2.25
2012.03.19 14:53:05.594,0.75422,0.7545,3.00,2.25
2012.03.19 14:53:06.123,0.75424,0.75452,2.25,2.25
2012.03.19 14:53:06.613,0.75423,0.75451,2.25,3.00
2012.03.19 14:53:06.734,0.75423,0.75451,2.25,2.25
2012.03.19 14:53:06.792,0.75419,0.75448,3.00,2.25
2012.03.19 14:53:07.131,0.75419,0.75448,2.25,3.00
2012.03.19 14:53:08.725,0.75418,0.75448,2.85,3.00
2012.03.19 14:53:08.814,0.75418,0.75448,3.60,2.25
2012.03.19 14:53:10.065,0.75415,0.75441,3.00,2.25
2012.03.19 14:53:13.076,0.75415,0.75441,3.00,2.25
2012.03.19 14:53:13.298,0.75414,0.7544,3.00,2.25
2012.03.19 14:53:13.963,0.75416,0.75439,2.25,2.10
2012.03.19 14:53:14.031,0.75402,0.75439,1.13,2.10
2012.03.19 14:53:14.473,0.75393,0.75436,1.35,1.35
2012.03.19 14:53:14.778,0.75397,0.75423,3.00,2.25
2012.03.19 14:53:14.847,0.75397,0.75423,3.00,2.25
2012.03.19 14:53:15.149,0.75393,0.75419,2.85,2.25
2012.03.19 14:53:15.475,0.75401,0.75428,3.00,2.25
2012.03.19 14:53:15.709,0.75401,0.75428,3.00,2.25
2012.03.19 14:53:15.773,0.75401,0.75428,3.00,2.25
2012.03.19 14:53:16.412,0.75397,0.75427,3.00,2.25
2012.03.19 14:53:16.646,0.75397,0.75427,3.00,2.25
2012.03.19 14:53:16.959,0.75397,0.75427,3.00,2.25
2012.03.19 14:53:17.135,0.75393,0.75423,3.00,2.25
2012.03.19 14:53:17.207,0.75393,0.75423,3.00,2.25
2012.03.19 14:53:17.334,0.75392,0.75422,3.00,2.25
2012.03.19 14:53:17.405,0.75392,0.75422,3.00,2.25
2012.03.19 14:53:17.755,0.75392,0.75422,2.25,2.63
2012.03.19 14:53:18.171,0.75392,0.75422,3.00,2.25
2012.03.19 14:53:18.473,0.75387,0.75414,3.00,2.25
2012.03.19 14:53:18.558,0.75392,0.75418,3.00,2.25
2012.03.19 14:53:18.814,0.75392,0.75416,3.00,2.25
2012.03.19 14:53:18.874,0.75392,0.75418,3.00,2.25
2012.03.19 14:53:19.233,0.75391,0.75417,3.00,2.25
2012.03.19 14:53:19.355,0.75386,0.75414,3.00,2.25
2012.03.19 14:53:19.888,0.75386,0.75408,1.35,2.25
2012.03.19 14:53:19.972,0.75378,0.75422,1.13,1.35
2012.03.19 14:53:20.038,0.75379,0.75409,3.00,2.25
2012.03.19 14:53:20.471,0.75381,0.75411,3.00,2.25
2012.03.19 14:53:20.683,0.75382,0.75411,1.35,2.25
2012.03.19 14:53:20.746,0.75382,0.75411,1.35,2.25
2012.03.19 14:53:20.907,0.75385,0.75415,3.00,2.25
2012.03.19 14:53:21.208,0.75386,0.75414,3.00,2.25
2012.03.19 14:53:21.874,0.75387,0.75416,3.00,2.25
2012.03.19 14:53:22.006,0.75387,0.75416,2.25,2.25
2012.03.19 14:53:23.110,0.75389,0.75417,2.25,2.25
2012.03.19 14:53:23.392,0.75404,0.7543,2.25,2.25
2012.03.19 14:53:24.231,0.75403,0.75427,2.25,2.25
2012.03.19 14:53:24.798,0.75392,0.75421,3.00,2.25
2012.03.19 14:53:24.863,0.75392,0.75421,2.25,2.25
2012.03.19 14:53:25.036,0.75392,0.75421,3.00,2.25
2012.03.19 14:53:25.376,0.75392,0.75421,2.25,2.25
2012.03.19 14:53:25.584,0.75392,0.75421,3.00,2.25
2012.03.19 14:53:25.803,0.75392,0.75421,2.25,2.25
2012.03.19 14:53:25.926,0.75392,0.75421,3.00,2.25
2012.03.19 14:53:25.995,0.75402,0.75428,2.25,2.25
2012.03.19 14:53:27.459,0.75402,0.75428,2.85,2.25
2012.03.19 14:53:27.706,0.7541,0.75436,2.25,2.25
2012.03.19 14:53:27.931,0.75413,0.75437,2.25,2.25
2012.03.19 14:53:28.169,0.75409,0.75435,2.25,2.25
2012.03.19 14:53:28.240,0.75409,0.75433,2.25,2.63
2012.03.19 14:53:28.754,0.75401,0.75425,3.00,2.25
2012.03.19 14:53:29.261,0.75401,0.75425,2.25,2.25
2012.03.19 14:53:30.357,0.75398,0.75422,2.25,2.25
2012.03.19 14:53:30.691,0.75393,0.7542,3.00,2.25
2012.03.19 14:53:31.782,0.75394,0.7542,2.25,2.25
2012.03.19 14:53:31.975,0.75394,0.7542,3.00,2.25
2012.03.19 14:53:32.069,0.75399,0.75425,2.25,2.25
2012.03.19 14:53:32.929,0.75399,0.75425,3.00,2.25
2012.03.19 14:53:33.349,0.75399,0.75423,2.25,2.25
2012.03.19 14:53:33.848,0.75399,0.75423,3.00,2.25
2012.03.19 14:53:34.300,0.75399,0.75423,2.25,2.25
2012.03.19 14:53:34.606,0.754,0.75426,2.25,2.25
2012.03.19 14:53:34.842,0.754,0.75426,3.00,2.25
2012.03.19 14:53:34.948,0.75396,0.75431,3.00,3.23
2012.03.19 14:53:35.214,0.75396,0.75433,3.00,3.38
2012.03.19 14:53:35.274,0.75396,0.75433,3.00,3.38
2012.03.19 14:53:36.160,0.75396,0.75431,3.00,2.25
2012.03.19 14:53:36.226,0.75398,0.75433,2.25,3.00
2012.03.19 14:53:36.337,0.75398,0.75433,3.00,2.25
2012.03.19 14:53:36.463,0.75397,0.75432,3.00,2.25
2012.03.19 14:53:38.665,0.75396,0.75431,3.00,2.25
2012.03.19 14:53:39.486,0.75395,0.75429,1.13,2.25
2012.03.19 14:53:39.876,0.75404,0.75428,2.25,2.25
2012.03.19 14:53:40.287,0.75405,0.75429,3.00,2.25
2012.03.19 14:53:40.354,0.75408,0.75434,2.25,2.25
2012.03.19 14:53:42.200,0.75407,0.75434,2.25,2.25
2012.03.19 14:53:43.972,0.754,0.7544,1.13,1.13
2012.03.19 14:53:44.033,0.75395,0.75433,1.13,1.73
2012.03.19 14:53:44.413,0.75402,0.75428,3.00,2.25
2012.03.19 14:53:45.372,0.75401,0.75427,3.00,2.25
2012.03.19 14:53:46.135,0.75402,0.75428,3.00,2.25
2012.03.19 14:53:46.585,0.75402,0.75426,3.00,2.25
2012.03.19 14:53:46.719,0.75402,0.75428,3.00,2.25
2012.03.19 14:53:47.155,0.754,0.75424,3.00,2.25
2012.03.19 14:53:47.256,0.75403,0.75427,2.25,2.25
2012.03.19 14:53:47.322,0.75401,0.75425,3.00,2.25
2012.03.19 14:53:48.480,0.75402,0.75428,3.00,2.25
2012.03.19 14:53:50.859,0.75398,0.75424,3.00,2.25
2012.03.19 14:53:51.258,0.75398,0.75422,3.00,2.25
2012.03.19 14:53:51.816,0.75398,0.75422,2.25,2.25
2012.03.19 14:53:52.133,0.75399,0.75423,3.00,2.25
2012.03.19 14:53:52.374,0.754,0.75424,2.25,3.00
2012.03.19 14:53:52.734,0.75394,0.7542,3.00,2.25
2012.03.19 14:53:52.865,0.75398,0.75426,2.25,2.25
2012.03.19 14:53:53.083,0.75395,0.75419,3.00,2.25
2012.03.19 14:53:53.471,0.75395,0.75419,3.00,2.25
2012.03.19 14:53:53.586,0.75395,0.75419,3.00,2.25
2012.03.19 14:53:54.302,0.75396,0.75422,3.00,2.25
2012.03.19 14:53:54.363,0.75396,0.75422,3.00,2.25
2012.03.19 14:53:57.108,0.75396,0.75422,3.00,2.25
2012.03.19 14:53:57.264,0.75394,0.7542,3.00,2.25
2012.03.19 14:53:57.756,0.75394,0.7542,3.00,2.25
2012.03.19 14:53:57.826,0.75396,0.75422,3.00,2.25
2012.03.19 14:53:59.025,0.75396,0.75422,3.00,2.25
2012.03.19 14:53:59.389,0.75396,0.75422,3.00,2.25
2012.03.19 14:54:00.855,0.75398,0.75425,3.00,2.25
2012.03.19 14:54:01.065,0.75404,0.75428,2.25,2.25
2012.03.19 14:54:01.133,0.75404,0.7543,2.25,2.25
2012.03.19 14:54:01.647,0.75403,0.7543,2.25,2.25
2012.03.19 14:54:01.871,0.75403,0.75427,2.25,2.25
2012.03.19 14:54:02.436,0.75403,0.75429,2.25,3.00
2012.03.19 14:54:03.562,0.75396,0.75424,3.00,2.25
2012.03.19 14:54:03.666,0.75398,0.75425,2.25,2.25
2012.03.19 14:54:04.394,0.75398,0.75426,2.25,2.25
2012.03.19 14:54:04.915,0.75399,0.75427,2.25,2.25
2012.03.19 14:54:04.984,0.75392,0.75427,3.00,2.25
2012.03.19 14:54:06.297,0.75393,0.75428,2.25,3.38
2012.03.19 14:54:08.282,0.75392,0.75427,3.00,2.25
2012.03.19 14:54:09.088,0.75392,0.75427,3.00,2.25
2012.03.19 14:54:09.359,0.75392,0.75428,3.00,1.13
2012.03.19 14:54:09.526,0.75392,0.75429,3.00,2.63
2012.03.19 14:54:09.635,0.75392,0.75428,3.00,1.13
2012.03.19 14:54:09.909,0.75391,0.75428,3.00,2.63
2012.03.19 14:54:11.176,0.75391,0.75428,3.00,3.38
2012.03.19 14:54:11.363,0.75391,0.75428,3.00,2.63
2012.03.19 14:54:11.835,0.75391,0.75428,3.00,2.63
2012.03.19 14:54:13.445,0.75393,0.75428,2.25,2.63
2012.03.19 14:54:17.255,0.75393,0.75428,3.00,2.25
2012.03.19 14:54:17.569,0.75398,0.75426,2.25,2.25
2012.03.19 14:54:17.641,0.75393,0.75423,3.00,2.25
2012.03.19 14:54:17.825,0.75395,0.7543,3.00,2.63
2012.03.19 14:54:18.076,0.75395,0.75423,3.00,2.25
2012.03.19 14:54:18.277,0.75397,0.75426,3.00,2.25
2012.03.19 14:54:18.376,0.75397,0.75426,3.00,2.25
2012.03.19 14:54:19.595,0.75397,0.75427,3.00,2.25
2012.03.19 14:54:19.663,0.75397,0.75427,2.25,2.25
2012.03.19 14:54:19.846,0.75398,0.75425,2.25,2.25
2012.03.19 14:54:20.036,0.75396,0.75426,3.00,2.25
2012.03.19 14:54:21.376,0.75393,0.75423,3.00,2.25
2012.03.19 14:54:25.543,0.75396,0.75426,3.00,2.25
2012.03.19 14:54:25.836,0.75399,0.75429,2.25,3.00
2012.03.19 14:54:26.194,0.75398,0.75422,2.25,2.25
2012.03.19 14:54:29.432,0.75398,0.75425,2.25,3.60
2012.03.19 14:54:29.796,0.754,0.75425,2.25,1.35
2012.03.19 14:54:30.993,0.754,0.75426,2.25,2.25
2012.03.19 14:54:32.116,0.75399,0.75424,2.25,2.25
2012.03.19 14:54:33.012,0.75399,0.75424,2.25,3.00
2012.03.19 14:54:33.196,0.75393,0.7542,2.25,2.25
2012.03.19 14:54:33.360,0.75393,0.7542,3.00,2.25
2012.03.19 14:54:35.271,0.75386,0.75428,1.13,1.73
2012.03.19 14:54:35.332,0.75385,0.75427,1.35,1.35
2012.03.19 14:54:36.053,0.7538,0.75423,1.13,2.48
2012.03.19 14:54:36.774,0.75385,0.75423,1.13,2.10
2012.03.19 14:54:36.987,0.75387,0.75429,1.35,2.10
2012.03.19 14:54:37.051,0.75387,0.75431,1.73,2.48
2012.03.19 14:54:37.303,0.75398,0.75425,2.25,2.25
2012.03.19 14:54:39.109,0.75401,0.75425,2.25,2.25
2012.03.19 14:54:40.597,0.75403,0.75429,2.25,2.85
2012.03.19 14:54:41.208,0.75402,0.75426,3.00,2.25
2012.03.19 14:54:42.058,0.754,0.75426,2.25,2.25
2012.03.19 14:54:42.473,0.75403,0.75427,2.25,2.25
2012.03.19 14:54:43.714,0.75403,0.75429,2.25,2.85
2012.03.19 14:54:44.455,0.75403,0.75425,2.25,2.48
2012.03.19 14:54:44.525,0.75385,0.75423,1.13,1.35
2012.03.19 14:54:44.655,0.75393,0.75417,2.25,2.25
2012.03.19 14:54:44.976,0.75387,0.75411,2.25,2.25
2012.03.19 14:54:45.487,0.75388,0.75412,3.00,2.25
2012.03.19 14:54:45.708,0.75385,0.75411,3.00,2.25
2012.03.19 14:54:46.369,0.75386,0.75412,3.00,2.25
2012.03.19 14:54:47.040,0.75389,0.75414,2.25,2.25
2012.03.19 14:54:47.586,0.75391,0.75415,2.25,2.25
2012.03.19 14:54:48.732,0.75391,0.75415,3.00,2.25
2012.03.19 14:54:49.453,0.75391,0.75415,2.25,2.25
2012.03.19 14:54:53.295,0.75391,0.75415,3.00,2.25
2012.03.19 14:54:57.223,0.75392,0.75418,3.00,2.25
2012.03.19 14:54:57.631,0.75394,0.75418,2.25,2.25
2012.03.19 14:54:58.753,0.75393,0.75417,2.25,2.25
2012.03.19 14:54:59.016,0.75393,0.75419,2.25,2.85
2012.03.19 14:55:01.465,0.75393,0.7542,2.25,2.25
2012.03.19 14:55:03.715,0.75389,0.75415,3.00,2.25
2012.03.19 14:55:04.395,0.75389,0.75415,2.25,2.25
2012.03.19 14:55:09.024,0.75393,0.75417,2.25,2.25
2012.03.19 14:55:11.163,0.75393,0.75417,2.63,2.25
2012.03.19 14:55:11.463,0.75403,0.75429,2.25,3.00
2012.03.19 14:55:11.744,0.75405,0.75435,2.25,3.00
2012.03.19 14:55:12.078,0.75404,0.75428,2.25,2.25
2012.03.19 14:55:13.069,0.75397,0.75425,2.25,2.25
2012.03.19 14:55:13.424,0.754,0.7543,2.25,3.00
2012.03.19 14:55:14.336,0.754,0.7543,2.25,3.00
2012.03.19 14:55:14.407,0.754,0.75424,2.25,2.25
2012.03.19 14:55:15.494,0.754,0.75426,2.25,2.25
2012.03.19 14:55:15.720,0.75402,0.75432,2.25,3.00
2012.03.19 14:55:16.086,0.754,0.75426,2.25,2.25
2012.03.19 14:55:16.543,0.754,0.75426,3.00,2.25
2012.03.19 14:55:17.257,0.75403,0.75427,2.25,2.25
2012.03.19 14:55:17.333,0.75403,0.75429,2.25,2.25
2012.03.19 14:55:18.236,0.75403,0.75427,2.25,2.25
2012.03.19 14:55:19.344,0.75406,0.7543,2.25,2.25
2012.03.19 14:55:19.624,0.75404,0.75429,2.25,2.25
2012.03.19 14:55:19.779,0.75403,0.75427,2.25,2.25
2012.03.19 14:55:20.090,0.75401,0.75427,3.00,2.25
2012.03.19 14:55:21.464,0.75405,0.75431,2.25,2.25
2012.03.19 14:55:21.768,0.75403,0.75427,2.25,2.25
2012.03.19 14:55:22.485,0.75402,0.75426,2.25,2.25
2012.03.19 14:55:22.675,0.75402,0.75428,2.25,2.25
2012.03.19 14:55:24.856,0.75401,0.75427,2.25,2.25
2012.03.19 14:55:27.157,0.75401,0.75427,2.25,2.63
2012.03.19 14:55:27.282,0.75401,0.75427,2.25,4.73
2012.03.19 14:55:27.416,0.75396,0.75422,2.25,2.85
2012.03.19 14:55:27.505,0.75385,0.75427,1.13,2.48
2012.03.19 14:55:28.195,0.75385,0.75423,1.13,1.35
2012.03.19 14:55:28.263,0.75385,0.75422,1.13,1.35
2012.03.19 14:55:28.321,0.75385,0.75424,1.13,1.35
2012.03.19 14:55:28.656,0.7539,0.75415,3.00,2.25
2012.03.19 14:55:28.736,0.75387,0.75413,2.25,2.25
2012.03.19 14:55:29.050,0.75389,0.75413,2.25,2.25
2012.03.19 14:55:30.192,0.75387,0.75413,2.25,2.25
2012.03.19 14:55:30.436,0.75389,0.75416,2.25,2.85
2012.03.19 14:55:30.892,0.75389,0.75416,3.00,2.85
2012.03.19 14:55:31.446,0.75388,0.75412,3.00,2.25
2012.03.19 14:55:31.514,0.75388,0.75412,2.25,2.25
2012.03.19 14:55:33.556,0.75387,0.75411,2.25,2.25
2012.03.19 14:55:35.202,0.75387,0.75413,2.25,2.25
2012.03.19 14:55:36.306,0.75387,0.75411,2.25,2.25
2012.03.19 14:55:36.877,0.75387,0.75413,2.25,2.25
2012.03.19 14:55:38.623,0.75386,0.75412,3.00,2.25
2012.03.19 14:55:39.655,0.75386,0.75412,3.00,2.25
2012.03.19 14:55:40.098,0.75383,0.75409,2.25,2.25
2012.03.19 14:55:40.533,0.75381,0.75405,3.00,2.25
2012.03.19 14:55:40.716,0.75379,0.75406,2.25,2.25
2012.03.19 14:55:41.204,0.75378,0.75402,2.25,2.25
2012.03.19 14:55:41.608,0.75375,0.75401,3.00,2.25
2012.03.19 14:55:41.734,0.75375,0.75399,3.00,2.25
2012.03.19 14:55:42.939,0.75373,0.75399,2.25,2.25
2012.03.19 14:55:43.499,0.75373,0.75399,3.00,2.25
2012.03.19 14:55:43.825,0.75374,0.75401,3.00,2.25
2012.03.19 14:55:43.894,0.75377,0.75401,1.13,2.25
2012.03.19 14:55:44.024,0.75378,0.75415,3.00,3.60
2012.03.19 14:55:44.283,0.75379,0.75413,2.25,1.13
2012.03.19 14:55:44.591,0.75378,0.75406,2.25,2.25
2012.03.19 14:55:45.077,0.75375,0.75405,3.00,2.25
2012.03.19 14:55:45.229,0.75378,0.75406,2.25,2.25
2012.03.19 14:55:45.757,0.75379,0.75406,2.25,2.25
2012.03.19 14:55:46.429,0.75377,0.75407,2.25,2.25
2012.03.19 14:55:47.162,0.75378,0.75407,2.25,2.25
2012.03.19 14:55:47.228,0.7538,0.7541,2.25,2.85
2012.03.19 14:55:47.630,0.75378,0.75404,2.25,2.25
2012.03.19 14:55:47.842,0.75371,0.75401,3.00,2.25
2012.03.19 14:55:48.082,0.75378,0.75404,2.25,2.25
2012.03.19 14:55:48.973,0.7538,0.75405,2.25,2.25
2012.03.19 14:55:49.323,0.75379,0.75403,2.25,2.25
2012.03.19 14:55:49.699,0.75381,0.75407,2.25,2.25
2012.03.19 14:55:49.921,0.75383,0.75407,2.25,2.25
2012.03.19 14:55:51.505,0.75385,0.7541,2.25,2.25
2012.03.19 14:55:52.038,0.75385,0.75411,2.25,2.25
2012.03.19 14:55:52.148,0.75385,0.75409,2.25,2.25
2012.03.19 14:55:52.645,0.75379,0.75405,2.25,2.25
2012.03.19 14:55:53.023,0.75379,0.75403,2.25,2.25
2012.03.19 14:55:53.083,0.75379,0.75405,2.25,2.25
2012.03.19 14:55:53.374,0.75379,0.75405,3.00,2.25
2012.03.19 14:55:53.949,0.75379,0.75405,2.25,2.25
2012.03.19 14:55:54.248,0.75377,0.75403,2.25,2.25
2012.03.19 14:55:55.433,0.75376,0.75402,2.25,2.25
2012.03.19 14:55:58.207,0.75375,0.754,3.00,2.25
2012.03.19 14:55:58.694,0.75373,0.75397,3.00,2.25
2012.03.19 14:55:58.816,0.75373,0.75397,2.25,2.25
2012.03.19 14:55:59.470,0.75369,0.75396,3.60,2.25
2012.03.19 14:55:59.538,0.7537,0.75394,3.00,2.25
2012.03.19 14:55:59.860,0.75365,0.75392,3.00,2.25
2012.03.19 14:56:00.172,0.75365,0.75392,3.00,2.25
2012.03.19 14:56:00.314,0.75378,0.75404,3.00,1.35
2012.03.19 14:56:00.453,0.75378,0.75406,2.25,2.85
2012.03.19 14:56:00.518,0.75376,0.75406,3.00,2.85
2012.03.19 14:56:01.086,0.75373,0.75403,2.25,3.00
2012.03.19 14:56:01.354,0.7537,0.754,3.00,2.25
2012.03.19 14:56:01.769,0.75369,0.75397,3.00,2.25
2012.03.19 14:56:02.419,0.75377,0.75403,2.25,3.00
2012.03.19 14:56:02.782,0.75376,0.754,2.25,2.25
2012.03.19 14:56:02.839,0.75367,0.75403,1.35,1.13
2012.03.19 14:56:02.985,0.75359,0.75398,1.13,1.13
2012.03.19 14:56:03.419,0.7537,0.75394,2.25,2.25
2012.03.19 14:56:03.897,0.75356,0.754,1.35,1.35
2012.03.19 14:56:04.212,0.75364,0.7539,2.25,2.25
2012.03.19 14:56:04.957,0.75362,0.75388,2.25,2.25
2012.03.19 14:56:05.443,0.75359,0.75383,3.00,2.25
2012.03.19 14:56:05.686,0.75366,0.75391,3.00,2.25
2012.03.19 14:56:05.860,0.75363,0.75389,3.00,2.25
2012.03.19 14:56:06.270,0.75368,0.75392,2.25,2.25
2012.03.19 14:56:06.626,0.75371,0.75396,2.25,2.25
2012.03.19 14:56:07.236,0.75371,0.75395,2.25,2.25
2012.03.19 14:56:07.745,0.75372,0.75396,2.25,2.25
2012.03.19 14:56:08.281,0.75371,0.75395,3.00,2.25
2012.03.19 14:56:08.347,0.75371,0.75397,2.25,2.25
2012.03.19 14:56:08.439,0.75369,0.75395,2.25,2.25
2012.03.19 14:56:08.891,0.75371,0.75395,2.25,2.25
2012.03.19 14:56:09.277,0.75374,0.754,2.25,2.25
2012.03.19 14:56:09.466,0.75378,0.75404,2.25,2.63
2012.03.19 14:56:09.735,0.75378,0.75404,2.25,2.25
2012.03.19 14:56:09.842,0.75374,0.754,3.38,2.25
2012.03.19 14:56:09.907,0.75382,0.75408,2.25,3.00
2012.03.19 14:56:10.047,0.75372,0.75396,3.38,2.25
2012.03.19 14:56:10.116,0.75372,0.75396,3.00,2.25
2012.03.19 14:56:10.182,0.75372,0.75398,3.00,2.25
2012.03.19 14:56:10.551,0.7537,0.75396,3.00,2.25
2012.03.19 14:56:10.676,0.75373,0.75399,2.25,2.25
2012.03.19 14:56:10.852,0.75371,0.75395,3.00,2.25
2012.03.19 14:56:11.541,0.75372,0.75396,3.00,2.25
2012.03.19 14:56:12.406,0.75371,0.75396,2.25,2.25
2012.03.19 14:56:13.294,0.75374,0.75398,2.25,2.25
2012.03.19 14:56:13.727,0.75371,0.75397,3.00,2.25
2012.03.19 14:56:14.397,0.75372,0.75398,3.00,2.25
2012.03.19 14:56:15.167,0.75373,0.75397,2.25,2.25
2012.03.19 14:56:15.551,0.75366,0.75402,1.13,1.35
2012.03.19 14:56:15.843,0.75368,0.7541,1.35,1.35
2012.03.19 14:56:15.908,0.75372,0.7541,1.13,1.35
2012.03.19 14:56:16.031,0.75371,0.7541,1.13,1.35
2012.03.19 14:56:16.151,0.75379,0.75406,2.25,2.25
2012.03.19 14:56:16.506,0.75377,0.75401,2.25,2.25
2012.03.19 14:56:16.970,0.75374,0.754,2.25,2.25
2012.03.19 14:56:17.748,0.75374,0.75401,2.25,2.25
2012.03.19 14:56:17.816,0.75375,0.75399,2.25,2.25
2012.03.19 14:56:18.015,0.75375,0.75402,2.25,2.25
2012.03.19 14:56:18.321,0.75379,0.75405,2.25,3.00
2012.03.19 14:56:18.563,0.75377,0.75403,2.25,3.00
2012.03.19 14:56:19.361,0.75376,0.75402,2.25,2.25
2012.03.19 14:56:19.865,0.75378,0.75402,2.25,2.25
2012.03.19 14:56:20.223,0.75366,0.75409,1.73,1.35
2012.03.19 14:56:20.731,0.7537,0.75409,1.13,1.73
2012.03.19 14:56:24.307,0.75377,0.75401,2.25,2.25
2012.03.19 14:56:24.378,0.75378,0.75404,2.25,3.00
2012.03.19 14:56:25.726,0.75379,0.75405,2.25,3.00
2012.03.19 14:56:26.571,0.75379,0.75406,2.25,3.00
2012.03.19 14:56:27.118,0.75379,0.75406,2.25,3.00
2012.03.19 14:56:28.112,0.75379,0.75403,2.25,2.25
2012.03.19 14:56:28.814,0.7538,0.75404,2.25,3.00
2012.03.19 14:56:29.649,0.7538,0.75405,2.25,3.00
2012.03.19 14:56:29.843,0.75384,0.75409,2.25,1.35
2012.03.19 14:56:30.483,0.75384,0.75409,2.25,1.35
2012.03.19 14:56:31.674,0.75386,0.75409,2.25,1.35
2012.03.19 14:56:32.274,0.75386,0.75409,2.25,1.35
2012.03.19 14:56:34.526,0.75388,0.75409,2.25,1.35
2012.03.19 14:56:34.960,0.75385,0.75409,2.25,1.35
2012.03.19 14:56:35.180,0.75387,0.75409,2.25,1.35
2012.03.19 14:56:35.394,0.75385,0.75411,2.25,3.00
2012.03.19 14:56:35.507,0.75385,0.75411,2.25,2.25
2012.03.19 14:56:35.777,0.75385,0.75411,2.25,3.00
2012.03.19 14:56:36.337,0.75384,0.75411,2.25,3.00
2012.03.19 14:56:36.402,0.75374,0.75413,1.73,1.13
2012.03.19 14:56:36.937,0.75386,0.7541,2.25,3.00
2012.03.19 14:56:37.284,0.75384,0.75411,2.25,3.00
2012.03.19 14:56:37.404,0.75384,0.75411,2.25,2.25
2012.03.19 14:56:37.833,0.75386,0.7541,2.25,2.25
2012.03.19 14:56:38.467,0.75385,0.75409,2.25,2.25
2012.03.19 14:56:38.578,0.75384,0.75411,2.25,2.25
2012.03.19 14:56:38.891,0.75385,0.75409,2.25,2.25
2012.03.19 14:56:39.915,0.75385,0.7541,2.25,2.25
2012.03.19 14:56:40.485,0.75383,0.75409,2.25,2.25
2012.03.19 14:56:40.557,0.75383,0.75407,2.25,2.25
2012.03.19 14:56:41.714,0.75382,0.75406,2.25,2.25
2012.03.19 14:56:42.074,0.7538,0.75405,2.25,2.25
2012.03.19 14:56:43.142,0.7538,0.75404,2.25,2.25
2012.03.19 14:56:43.446,0.75378,0.75404,2.25,2.25
2012.03.19 14:56:43.785,0.75378,0.75404,3.00,2.25
2012.03.19 14:56:44.665,0.75378,0.75404,2.25,2.25
2012.03.19 14:56:45.911,0.7538,0.75404,2.25,2.25
2012.03.19 14:56:46.757,0.75381,0.75407,2.25,2.25
2012.03.19 14:56:46.868,0.7538,0.75404,2.25,2.25
2012.03.19 14:56:46.933,0.75373,0.75401,3.00,2.25
2012.03.19 14:56:47.138,0.75373,0.75401,3.00,2.25
2012.03.19 14:56:47.322,0.7538,0.75405,3.00,2.25
2012.03.19 14:56:47.844,0.7538,0.75404,3.00,2.25
2012.03.19 14:56:48.293,0.7538,0.75404,2.25,2.25
2012.03.19 14:56:48.963,0.7537,0.75409,1.13,1.73
2012.03.19 14:56:49.274,0.7537,0.75413,1.13,1.73
2012.03.19 14:56:49.825,0.7537,0.75414,1.13,3.60
2012.03.19 14:56:53.701,0.75375,0.75414,1.35,1.13
2012.03.19 14:56:54.294,0.75377,0.75416,1.13,1.73
2012.03.19 14:56:56.874,0.75381,0.75419,1.13,2.85
2012.03.19 14:56:57.012,0.75382,0.7542,1.35,1.13
2012.03.19 14:56:57.448,0.75391,0.75415,2.25,2.25
2012.03.19 14:56:58.100,0.75392,0.75416,2.25,2.25
2012.03.19 14:56:58.282,0.75393,0.7542,2.25,3.00
2012.03.19 14:56:59.274,0.75392,0.75416,2.25,2.25
2012.03.19 14:57:00.365,0.75396,0.7542,2.25,3.00
2012.03.19 14:57:01.530,0.75397,0.75421,2.25,3.00
2012.03.19 14:57:01.837,0.75402,0.75428,2.25,3.00
2012.03.19 14:57:02.066,0.75402,0.75426,2.25,2.25
2012.03.19 14:57:02.315,0.75393,0.75423,2.25,2.25
2012.03.19 14:57:02.463,0.75391,0.75417,2.63,2.25
2012.03.19 14:57:02.778,0.7539,0.75416,2.25,2.25
2012.03.19 14:57:02.940,0.75388,0.75415,2.25,2.25
2012.03.19 14:57:03.332,0.75388,0.75414,2.25,3.00
2012.03.19 14:57:04.009,0.75388,0.75414,2.25,2.25
2012.03.19 14:57:08.369,0.75391,0.75417,2.25,2.85
2012.03.19 14:57:08.715,0.75394,0.75419,2.25,3.38
2012.03.19 14:57:08.820,0.75389,0.75415,2.25,2.25
2012.03.19 14:57:09.273,0.75387,0.75413,2.25,2.25
2012.03.19 14:57:11.043,0.75383,0.75409,3.00,2.25
2012.03.19 14:57:11.656,0.75382,0.75408,2.25,2.25
2012.03.19 14:57:11.786,0.75382,0.75408,3.00,2.25
2012.03.19 14:57:11.966,0.75382,0.75408,2.25,2.25
2012.03.19 14:57:12.273,0.7538,0.75406,3.00,2.25
2012.03.19 14:57:12.713,0.75379,0.75406,3.00,2.25
2012.03.19 14:57:12.773,0.75384,0.7541,3.00,2.25
2012.03.19 14:57:12.843,0.75384,0.7541,2.25,2.25
2012.03.19 14:57:13.202,0.75389,0.75413,2.25,1.35
2012.03.19 14:57:13.759,0.75388,0.75412,2.25,2.85
2012.03.19 14:57:14.066,0.7538,0.75404,3.00,2.25
2012.03.19 14:57:15.354,0.7538,0.75405,3.00,2.25
2012.03.19 14:57:15.947,0.75381,0.75405,2.25,2.25
2012.03.19 14:57:16.484,0.7538,0.75404,2.25,2.25
2012.03.19 14:57:16.547,0.75382,0.75409,2.25,1.13
2012.03.19 14:57:16.853,0.75388,0.75412,2.25,2.25
2012.03.19 14:57:22.369,0.75394,0.75418,2.25,1.35
2012.03.19 14:57:22.793,0.75392,0.75418,2.25,3.00
2012.03.19 14:57:23.104,0.75392,0.75418,2.25,3.00
2012.03.19 14:57:23.446,0.75392,0.75418,2.25,3.00
2012.03.19 14:57:24.041,0.75393,0.75419,2.25,3.00
2012.03.19 14:57:25.857,0.75394,0.75421,2.25,3.00
2012.03.19 14:57:30.595,0.75394,0.75421,2.25,3.00
2012.03.19 14:57:31.526,0.75394,0.75419,2.25,3.00
2012.03.19 14:57:32.197,0.75395,0.7542,2.25,3.00
2012.03.19 14:57:32.567,0.75393,0.7542,2.25,3.00
2012.03.19 14:57:34.563,0.75395,0.7542,2.25,3.00
2012.03.19 14:57:35.035,0.75395,0.7542,2.25,3.00
2012.03.19 14:57:36.420,0.75393,0.7542,2.25,3.00
2012.03.19 14:57:36.762,0.75394,0.75418,2.25,3.00
2012.03.19 14:57:37.823,0.75387,0.75415,3.00,2.25
2012.03.19 14:57:37.940,0.75387,0.75415,2.25,3.00
2012.03.19 14:57:38.253,0.75394,0.75418,2.25,3.00
2012.03.19 14:57:39.318,0.75394,0.75419,2.25,3.00
2012.03.19 14:57:39.463,0.75393,0.75419,2.25,3.00
2012.03.19 14:57:40.064,0.75392,0.75418,2.25,3.00
2012.03.19 14:57:41.762,0.75389,0.75416,2.25,3.00
2012.03.19 14:57:42.486,0.75389,0.75416,2.25,3.00
2012.03.19 14:57:42.616,0.75384,0.75411,2.25,3.00
2012.03.19 14:57:43.718,0.75383,0.75407,2.25,2.25
2012.03.19 14:57:44.026,0.75386,0.7541,2.25,2.25
2012.03.19 14:57:44.154,0.75386,0.75412,2.25,2.25
2012.03.19 14:57:44.298,0.75386,0.75412,2.25,3.00
2012.03.19 14:57:45.273,0.75379,0.75409,2.25,3.00
2012.03.19 14:57:45.337,0.75381,0.75409,2.25,3.00
2012.03.19 14:57:46.327,0.75388,0.75414,2.25,3.00
2012.03.19 14:57:47.372,0.75389,0.75415,2.25,3.00
2012.03.19 14:57:48.864,0.7539,0.75415,2.25,3.00
2012.03.19 14:57:51.721,0.75393,0.75419,2.25,3.00
2012.03.19 14:57:53.063,0.75394,0.75419,2.25,3.00
2012.03.19 14:57:53.208,0.75394,0.75419,2.25,3.00
2012.03.19 14:57:53.977,0.75397,0.75421,2.25,3.00
2012.03.19 14:57:54.044,0.7539,0.75418,2.25,3.00
2012.03.19 14:57:54.249,0.75388,0.75418,2.25,3.00
2012.03.19 14:57:54.748,0.75388,0.75418,2.25,3.00
2012.03.19 14:57:55.195,0.75394,0.75424,2.25,3.60
2012.03.19 14:57:55.261,0.75394,0.75424,2.25,3.60
2012.03.19 14:57:55.369,0.75394,0.75424,2.25,3.60
2012.03.19 14:57:55.587,0.75392,0.75422,2.25,3.00
2012.03.19 14:57:56.077,0.75393,0.7542,2.25,3.00
2012.03.19 14:57:56.566,0.75389,0.75419,2.25,3.00
2012.03.19 14:57:57.286,0.75389,0.75419,2.25,3.00
2012.03.19 14:57:58.018,0.75391,0.75421,2.25,3.00
2012.03.19 14:57:58.156,0.75391,0.75421,2.25,3.00
2012.03.19 14:57:58.668,0.7539,0.7542,2.25,3.00
2012.03.19 14:58:00.034,0.75391,0.75421,2.25,3.00
2012.03.19 14:58:01.133,0.75393,0.75421,2.25,3.00
2012.03.19 14:58:02.016,0.75393,0.75421,2.25,3.00
2012.03.19 14:58:02.380,0.75391,0.75419,2.25,3.00
2012.03.19 14:58:03.313,0.75392,0.7542,2.25,3.00
2012.03.19 14:58:04.301,0.75396,0.75424,2.25,3.60
2012.03.19 14:58:04.368,0.75393,0.75421,2.25,3.00
2012.03.19 14:58:05.206,0.75393,0.75421,2.25,3.00
2012.03.19 14:58:05.712,0.75393,0.75421,2.25,3.00
2012.03.19 14:58:05.835,0.75396,0.75424,2.25,3.60
2012.03.19 14:58:05.947,0.75392,0.75421,2.25,3.00
2012.03.19 14:58:07.346,0.75392,0.75421,2.25,3.00
2012.03.19 14:58:08.029,0.75391,0.75421,2.25,3.00
2012.03.19 14:58:08.574,0.75392,0.75421,2.25,3.00
2012.03.19 14:58:10.318,0.75392,0.7542,2.25,3.00
2012.03.19 14:58:10.387,0.75392,0.7542,2.25,3.00
2012.03.19 14:58:10.638,0.7539,0.75418,2.25,3.00
2012.03.19 14:58:10.806,0.7539,0.75418,2.25,3.00
2012.03.19 14:58:10.935,0.7539,0.75418,2.25,3.00
2012.03.19 14:58:11.735,0.7539,0.75418,2.25,3.00
2012.03.19 14:58:12.133,0.75387,0.75416,2.25,3.00
2012.03.19 14:58:12.194,0.75387,0.75416,3.00,2.25
2012.03.19 14:58:12.457,0.75387,0.75416,2.25,3.00
2012.03.19 14:58:13.383,0.75387,0.75416,3.00,2.25
2012.03.19 14:58:13.850,0.75389,0.75419,2.25,3.00
2012.03.19 14:58:14.628,0.7539,0.7542,2.25,3.00
2012.03.19 14:58:15.636,0.75389,0.75419,2.25,3.00
2012.03.19 14:58:16.415,0.75389,0.75419,2.25,3.00
2012.03.19 14:58:17.219,0.75389,0.75419,2.25,3.00
2012.03.19 14:58:17.895,0.75389,0.75419,2.25,3.00
2012.03.19 14:58:20.484,0.75389,0.75419,2.25,3.00
2012.03.19 14:58:20.847,0.75387,0.75416,2.25,2.25
2012.03.19 14:58:21.223,0.75387,0.75416,2.25,3.00
2012.03.19 14:58:21.284,0.75385,0.75415,2.25,3.00
2012.03.19 14:58:21.779,0.75392,0.75418,2.25,3.00
2012.03.19 14:58:22.005,0.75386,0.75414,2.25,3.00
2012.03.19 14:58:22.155,0.75386,0.75414,2.25,3.00
2012.03.19 14:58:22.344,0.75392,0.75418,2.25,3.00
2012.03.19 14:58:23.918,0.75392,0.75418,2.25,3.00
2012.03.19 14:58:25.238,0.75392,0.75418,2.25,3.00
2012.03.19 14:58:25.565,0.75392,0.75418,2.25,2.25
2012.03.19 14:58:25.785,0.75392,0.75418,2.25,3.00
2012.03.19 14:58:26.221,0.75392,0.75418,2.25,3.00
2012.03.19 14:58:26.353,0.75392,0.75418,2.25,3.00
2012.03.19 14:58:26.862,0.75392,0.75418,2.25,3.00
2012.03.19 14:58:27.004,0.75392,0.75418,2.25,3.00
2012.03.19 14:58:27.087,0.75389,0.75416,2.25,3.00
2012.03.19 14:58:27.556,0.75392,0.75418,2.25,3.00
2012.03.19 14:58:28.188,0.7539,0.75415,2.25,3.00
2012.03.19 14:58:29.618,0.75389,0.75413,2.25,3.00
2012.03.19 14:58:29.743,0.75385,0.75411,2.25,2.25
2012.03.19 14:58:30.269,0.75387,0.75411,2.25,2.25
2012.03.19 14:58:30.829,0.75386,0.7541,2.25,2.25
2012.03.19 14:58:31.376,0.75385,0.7541,2.25,2.25
2012.03.19 14:58:31.735,0.75385,0.7541,2.25,3.00
2012.03.19 14:58:31.956,0.75385,0.7541,2.25,2.25
2012.03.19 14:58:32.465,0.75384,0.75408,2.25,2.25
2012.03.19 14:58:33.286,0.75385,0.75411,2.25,2.25
2012.03.19 14:58:33.425,0.75387,0.75411,2.25,2.25
2012.03.19 14:58:34.181,0.75386,0.7541,2.25,2.25
2012.03.19 14:58:34.772,0.75385,0.75411,2.25,3.00
2012.03.19 14:58:35.076,0.75383,0.75407,2.25,2.25
2012.03.19 14:58:35.386,0.7539,0.75413,2.25,1.13
2012.03.19 14:58:35.548,0.75388,0.75414,2.25,3.00
2012.03.19 14:58:36.072,0.75388,0.75414,2.25,3.00
2012.03.19 14:58:36.258,0.75384,0.75411,2.25,3.00
2012.03.19 14:58:36.891,0.75383,0.75407,2.25,2.25
2012.03.19 14:58:37.837,0.75378,0.75402,2.85,2.25
2012.03.19 14:58:37.906,0.75378,0.75402,2.25,2.25
2012.03.19 14:58:38.434,0.75376,0.75402,3.00,2.25
2012.03.19 14:58:38.555,0.75379,0.75403,2.25,2.25
2012.03.19 14:58:39.193,0.7538,0.75405,2.25,2.25
2012.03.19 14:58:40.469,0.7538,0.75405,2.25,3.00
2012.03.19 14:58:41.306,0.75382,0.75406,2.25,3.00
2012.03.19 14:58:41.563,0.75383,0.75407,2.25,2.25
2012.03.19 14:58:41.684,0.75387,0.75413,2.25,3.00
2012.03.19 14:58:41.817,0.75388,0.75412,2.25,2.25
2012.03.19 14:58:42.369,0.75384,0.75411,2.25,3.00
2012.03.19 14:58:43.276,0.75379,0.75406,2.85,2.25
2012.03.19 14:58:43.502,0.75384,0.75411,2.25,3.00
2012.03.19 14:58:43.564,0.75384,0.75411,2.25,2.25
2012.03.19 14:58:44.202,0.75383,0.75409,2.25,2.25
2012.03.19 14:58:44.965,0.75383,0.75409,2.25,3.00
2012.03.19 14:58:45.283,0.75386,0.7541,2.25,3.00
2012.03.19 14:58:45.594,0.75379,0.75407,2.85,2.25
2012.03.19 14:58:46.267,0.75386,0.7541,2.25,2.25
2012.03.19 14:58:46.853,0.75386,0.7541,2.25,3.00
2012.03.19 14:58:47.272,0.75386,0.7541,2.25,2.25
2012.03.19 14:58:47.812,0.75384,0.75408,2.25,2.25
2012.03.19 14:58:48.343,0.75385,0.75411,2.25,2.25
2012.03.19 14:58:48.586,0.75385,0.75411,2.25,3.00
2012.03.19 14:58:49.288,0.75387,0.75413,2.25,3.00
2012.03.19 14:58:49.354,0.75387,0.75413,2.25,2.25
2012.03.19 14:58:49.628,0.75389,0.75415,2.25,3.00
2012.03.19 14:58:50.508,0.7539,0.75415,2.25,3.00
2012.03.19 14:58:50.848,0.7539,0.75415,2.25,3.00
2012.03.19 14:58:51.072,0.75382,0.75412,2.25,3.00
2012.03.19 14:58:51.293,0.75381,0.75405,2.25,2.25
2012.03.19 14:58:52.400,0.75381,0.75405,3.00,2.25
2012.03.19 14:58:52.924,0.75386,0.7541,2.25,3.00
2012.03.19 14:58:53.665,0.75387,0.75411,2.25,3.00
2012.03.19 14:58:54.223,0.75386,0.7541,2.25,3.00
2012.03.19 14:58:54.576,0.75388,0.75412,2.25,3.00
2012.03.19 14:58:55.073,0.75386,0.7541,2.25,3.00
2012.03.19 14:58:55.788,0.75385,0.75411,2.25,3.00
2012.03.19 14:58:58.331,0.75386,0.75412,2.25,3.00
2012.03.19 14:58:58.397,0.75386,0.75412,2.25,2.25
2012.03.19 14:58:58.765,0.75388,0.75415,2.25,3.00
2012.03.19 14:58:59.067,0.75391,0.75417,2.25,3.00
2012.03.19 14:58:59.195,0.75389,0.75416,2.25,3.00
2012.03.19 14:58:59.579,0.75388,0.75415,2.25,3.00
2012.03.19 14:58:59.930,0.75388,0.75412,2.25,2.25
2012.03.19 14:59:00.346,0.75388,0.75412,2.25,3.00
2012.03.19 14:59:01.513,0.75388,0.75412,2.25,2.25
2012.03.19 14:59:01.577,0.75388,0.75414,2.25,3.00
2012.03.19 14:59:03.694,0.75389,0.75413,2.25,2.25
2012.03.19 14:59:05.128,0.75388,0.75415,2.25,3.00
2012.03.19 14:59:05.195,0.75388,0.75415,2.25,3.00
2012.03.19 14:59:05.695,0.75393,0.75417,2.25,3.00
2012.03.19 14:59:05.905,0.75393,0.75419,2.25,3.00
2012.03.19 14:59:10.809,0.75392,0.75418,2.25,3.00
2012.03.19 14:59:11.052,0.75392,0.75418,2.25,3.00
2012.03.19 14:59:12.557,0.75391,0.75415,2.25,2.25
2012.03.19 14:59:12.704,0.75389,0.75414,2.25,2.25
2012.03.19 14:59:13.446,0.75389,0.75415,2.25,2.25
2012.03.19 14:59:13.983,0.75389,0.75415,2.25,3.00
2012.03.19 14:59:14.145,0.75389,0.75415,2.25,3.00
2012.03.19 14:59:14.334,0.75381,0.75405,2.25,2.25
2012.03.19 14:59:14.971,0.75382,0.75406,2.25,2.25
2012.03.19 14:59:15.106,0.75382,0.75408,2.25,3.00
2012.03.19 14:59:15.175,0.75384,0.75409,2.25,3.00
2012.03.19 14:59:16.119,0.75384,0.75409,2.25,2.25
2012.03.19 14:59:20.163,0.75383,0.75409,2.25,3.00
2012.03.19 14:59:22.687,0.75382,0.75406,2.25,2.25
2012.03.19 14:59:24.347,0.75379,0.75405,2.25,2.25
2012.03.19 14:59:24.456,0.75381,0.75407,2.25,2.25
2012.03.19 14:59:25.363,0.75378,0.75404,2.25,2.25
2012.03.19 14:59:25.873,0.75379,0.75405,2.25,2.25
2012.03.19 14:59:26.562,0.75376,0.75411,1.35,1.13
2012.03.19 14:59:27.342,0.75377,0.75403,3.00,2.25
2012.03.19 14:59:28.103,0.75378,0.75404,2.25,2.25
2012.03.19 14:59:28.563,0.75373,0.75401,2.25,2.25
2012.03.19 14:59:28.624,0.75368,0.75398,3.00,2.25
2012.03.19 14:59:28.963,0.75381,0.75407,2.25,3.60
2012.03.19 14:59:29.037,0.75377,0.75401,2.25,2.25
2012.03.19 14:59:29.332,0.75371,0.75399,3.00,2.25
2012.03.19 14:59:32.607,0.75373,0.75401,2.25,2.25
2012.03.19 14:59:34.154,0.7537,0.754,3.00,2.25
2012.03.19 14:59:34.774,0.75376,0.75402,2.25,2.25
2012.03.19 14:59:35.937,0.75377,0.75403,3.00,2.25
2012.03.19 14:59:36.702,0.75376,0.75402,3.00,2.25
2012.03.19 14:59:39.115,0.75371,0.75399,3.00,2.25
2012.03.19 14:59:39.712,0.75371,0.75399,2.25,3.00
2012.03.19 14:59:43.763,0.75377,0.75401,2.25,2.25
2012.03.19 14:59:46.066,0.75381,0.75407,2.25,3.00
2012.03.19 14:59:46.342,0.75381,0.75407,2.25,2.25
2012.03.19 14:59:46.765,0.75381,0.75407,2.25,3.00
2012.03.19 14:59:46.832,0.75376,0.75403,2.25,3.00
2012.03.19 14:59:46.959,0.75378,0.75404,2.25,3.00
2012.03.19 14:59:48.072,0.75378,0.75404,2.25,3.00
2012.03.19 14:59:48.380,0.75382,0.75403,2.25,1.35
2012.03.19 14:59:48.446,0.7537,0.754,2.25,3.00
2012.03.19 14:59:48.636,0.75365,0.75393,3.00,2.25
2012.03.19 14:59:48.947,0.75373,0.75399,2.25,3.00
2012.03.19 14:59:49.535,0.75371,0.75397,2.25,2.25
2012.03.19 14:59:49.653,0.75371,0.75397,2.25,3.00
2012.03.19 14:59:49.772,0.75373,0.75397,2.25,2.25
2012.03.19 14:59:49.937,0.75371,0.75397,2.25,2.25
2012.03.19 14:59:50.393,0.75369,0.75395,2.25,2.25
2012.03.19 14:59:51.141,0.75369,0.75395,2.25,3.00
2012.03.19 14:59:51.456,0.75368,0.75394,2.25,3.00
2012.03.19 14:59:51.979,0.7537,0.75394,2.25,2.25
2012.03.19 14:59:53.264,0.75371,0.75395,2.25,3.00
2012.03.19 14:59:53.765,0.75371,0.75395,2.25,2.25
2012.03.19 14:59:53.883,0.75375,0.75399,2.25,1.13
2012.03.19 14:59:54.403,0.75375,0.75401,2.25,3.00
2012.03.19 14:59:54.744,0.75375,0.75401,2.25,3.00
2012.03.19 14:59:55.168,0.75375,0.75401,2.25,3.00
2012.03.19 14:59:55.745,0.75377,0.75403,2.25,3.00
2012.03.19 14:59:56.034,0.75377,0.75403,2.25,3.00
2012.03.19 14:59:56.254,0.75376,0.754,2.25,2.25
2012.03.19 14:59:56.985,0.75376,0.754,2.25,3.00
2012.03.19 14:59:57.410,0.75377,0.75403,2.25,3.00
2012.03.19 14:59:58.236,0.75382,0.75404,2.25,1.13
2012.03.19 14:59:58.306,0.75372,0.75398,2.25,3.00
2012.03.19 14:59:58.726,0.75377,0.75403,2.25,3.00
