2018.05.09 21:00:17.439,0.70024,0.70111,0.75,0.75
2018.05.09 21:00:17.515,0.70024,0.7012,0.75,0.75
2018.05.09 21:00:19.990,0.70034,0.7012,0.75,0.75
2018.05.09 21:00:20.040,0.70034,0.70126,0.75,0.75
2018.05.09 21:00:20.285,0.70014,0.70126,0.75,0.75
2018.05.09 21:00:20.336,0.70014,0.70102,0.75,0.75
2018.05.09 21:00:20.386,0.70004,0.70102,0.75,0.75
2018.05.09 21:00:20.437,0.70005,0.70075,0.75,0.75
2018.05.09 21:00:21.167,0.70004,0.70076,0.75,0.75
2018.05.09 21:00:23.991,0.69989,0.70071,0.75,0.75
2018.05.09 21:00:25.714,0.69969,0.70061,0.75,0.75
2018.05.09 21:00:26.615,0.69964,0.70051,0.75,0.75
2018.05.09 21:00:27.266,0.69929,0.70038,0.75,0.75
2018.05.09 21:00:27.328,0.69929,0.70056,0.75,0.75
2018.05.09 21:00:28.565,0.69914,0.70051,0.75,0.75
2018.05.09 21:00:28.616,0.69914,0.70044,0.75,0.75
2018.05.09 21:00:29.039,0.6991,0.70026,0.75,0.75
2018.05.09 21:00:29.365,0.69904,0.70026,0.75,1.50
2018.05.09 21:00:29.415,0.6991,0.70025,0.75,0.75
2018.05.09 21:00:29.751,0.69914,0.70026,0.75,0.75
2018.05.09 21:00:30.158,0.69915,0.70015,0.75,0.75
2018.05.09 21:00:31.214,0.69919,0.70006,0.75,0.75
2018.05.09 21:00:31.645,0.6993,0.70015,0.75,0.75
2018.05.09 21:00:32.315,0.69919,0.70006,0.75,0.75
2018.05.09 21:00:33.365,0.69924,0.70011,0.75,0.75
2018.05.09 21:00:33.764,0.69915,0.7001,0.75,0.75
2018.05.09 21:00:33.831,0.69915,0.70007,0.75,0.75
2018.05.09 21:00:34.040,0.69905,0.70005,0.75,0.75
2018.05.09 21:00:36.015,0.69894,0.69996,0.75,0.75
2018.05.09 21:00:37.725,0.6988,0.69995,0.75,0.75
2018.05.09 21:00:37.826,0.69879,0.69981,0.75,0.75
2018.05.09 21:00:37.939,0.69879,0.69989,0.75,0.75
2018.05.09 21:00:38.055,0.69879,0.69996,0.75,0.75
2018.05.09 21:00:38.139,0.69879,0.70013,0.75,0.75
2018.05.09 21:00:39.614,0.69874,0.70001,0.75,0.75
2018.05.09 21:00:39.665,0.69874,0.6998,0.75,0.75
2018.05.09 21:00:39.946,0.69874,0.69987,0.75,0.75
2018.05.09 21:00:40.114,0.6988,0.6994,0.75,0.75
2018.05.09 21:00:41.964,0.69889,0.69951,0.75,0.75
2018.05.09 21:00:42.789,0.6986,0.69945,0.75,0.75
2018.05.09 21:00:42.840,0.69864,0.69936,0.75,0.75
2018.05.09 21:00:44.796,0.69874,0.69946,0.75,0.75
2018.05.09 21:00:45.266,0.69864,0.69936,0.75,0.75
2018.05.09 21:00:45.597,0.69874,0.69946,0.75,0.75
2018.05.09 21:00:46.665,0.69864,0.69936,0.75,0.75
2018.05.09 21:00:47.628,0.69864,0.69931,0.75,0.75
2018.05.09 21:00:48.239,0.69874,0.69941,0.75,0.75
2018.05.09 21:00:48.950,0.69864,0.69931,0.75,0.75
2018.05.09 21:00:49.720,0.69864,0.70003,0.75,0.75
2018.05.09 21:00:53.589,0.69879,0.70006,0.75,0.75
2018.05.09 21:00:54.364,0.69884,0.70001,0.75,0.75
2018.05.09 21:00:55.240,0.69889,0.69991,0.75,0.75
2018.05.09 21:00:55.835,0.69895,0.6999,0.75,0.75
2018.05.09 21:00:56.929,0.69885,0.6998,0.75,0.75
2018.05.09 21:00:59.890,0.69894,0.69971,0.75,0.75
2018.05.09 21:00:59.940,0.69889,0.70011,0.75,0.75
2018.05.09 21:01:00.290,0.699,0.7002,0.75,0.75
2018.05.09 21:01:13.265,0.699,0.7004,0.75,0.75
2018.05.09 21:01:13.659,0.699,0.70028,0.75,0.75
2018.05.09 21:01:14.967,0.699,0.70032,0.75,0.75
2018.05.09 21:01:17.932,0.69899,0.70032,0.75,0.75
2018.05.09 21:01:19.678,0.69899,0.70035,0.75,0.75
2018.05.09 21:01:19.989,0.69895,0.7003,0.75,0.75
2018.05.09 21:01:21.718,0.69865,0.69995,0.75,0.75
2018.05.09 21:01:31.465,0.69859,0.69995,0.75,0.75
2018.05.09 21:01:31.516,0.69859,0.69997,0.75,0.75
2018.05.09 21:01:32.018,0.69864,0.69994,0.75,0.75
2018.05.09 21:01:32.778,0.69864,0.70004,0.75,0.75
2018.05.09 21:01:48.940,0.69829,0.69969,0.75,0.75
2018.05.09 21:01:53.109,0.69804,0.69942,0.75,0.75
2018.05.09 21:01:53.159,0.69804,0.69934,0.75,0.75
2018.05.09 21:01:53.602,0.69804,0.69931,0.75,0.75
2018.05.09 21:02:00.100,0.698,0.69931,0.75,0.75
2018.05.09 21:02:00.208,0.69799,0.69926,0.75,0.75
2018.05.09 21:02:02.214,0.69799,0.69931,0.75,1.50
2018.05.09 21:02:02.265,0.69805,0.69931,0.75,0.75
2018.05.09 21:02:02.315,0.69805,0.69937,0.75,0.75
2018.05.09 21:02:02.366,0.69799,0.69936,0.75,0.75
2018.05.09 21:02:02.517,0.69799,0.69933,0.75,0.75
2018.05.09 21:02:02.968,0.698,0.69935,0.75,0.75
2018.05.09 21:02:03.365,0.69805,0.6994,0.75,1.50
2018.05.09 21:02:03.942,0.69799,0.69936,0.75,0.75
2018.05.09 21:02:06.039,0.69805,0.6993,0.75,0.75
2018.05.09 21:02:06.840,0.69804,0.69931,0.75,0.75
2018.05.09 21:02:08.065,0.69805,0.69935,0.75,0.75
2018.05.09 21:02:10.964,0.69804,0.69944,0.75,0.75
2018.05.09 21:02:12.269,0.69799,0.69937,0.75,0.75
2018.05.09 21:02:12.809,0.698,0.69937,0.75,0.75
2018.05.09 21:02:14.766,0.69805,0.69937,0.75,0.75
2018.05.09 21:02:14.867,0.69805,0.6994,0.75,0.75
2018.05.09 21:02:15.631,0.69799,0.69936,0.75,0.75
2018.05.09 21:02:16.389,0.698,0.6993,0.75,0.75
2018.05.09 21:02:16.490,0.69804,0.69936,0.75,0.75
2018.05.09 21:02:18.015,0.6979,0.69914,0.75,0.75
2018.05.09 21:02:18.116,0.69784,0.69914,0.75,0.75
2018.05.09 21:02:18.340,0.69784,0.69918,0.75,0.75
2018.05.09 21:02:22.239,0.69789,0.69927,0.75,0.75
2018.05.09 21:02:27.165,0.698,0.6993,0.75,0.75
2018.05.09 21:02:30.341,0.69824,0.69964,0.75,0.75
2018.05.09 21:02:30.814,0.69824,0.69964,0.75,0.75
2018.05.09 21:02:31.231,0.69819,0.69958,0.75,0.75
2018.05.09 21:02:31.288,0.69825,0.69958,0.75,0.75
2018.05.09 21:02:32.997,0.6982,0.69958,0.75,0.75
2018.05.09 21:02:33.047,0.6982,0.69954,0.75,0.75
2018.05.09 21:02:33.453,0.6981,0.69948,0.75,0.75
2018.05.09 21:02:34.977,0.69809,0.69948,0.75,0.75
2018.05.09 21:02:35.178,0.69799,0.69929,0.75,0.75
2018.05.09 21:02:36.053,0.69804,0.69929,0.75,0.75
2018.05.09 21:02:36.576,0.69805,0.69929,0.75,0.75
2018.05.09 21:02:37.236,0.69804,0.69929,0.75,0.75
2018.05.09 21:02:38.743,0.69809,0.69929,0.75,0.75
2018.05.09 21:02:39.268,0.69805,0.69929,0.75,0.75
2018.05.09 21:02:39.319,0.69805,0.69925,0.75,0.75
2018.05.09 21:02:44.250,0.69804,0.69925,0.75,0.75
2018.05.09 21:02:46.929,0.69804,0.69928,0.75,0.75
2018.05.09 21:02:47.904,0.69804,0.69935,0.75,0.75
2018.05.09 21:02:49.067,0.69814,0.69954,0.75,0.75
2018.05.09 21:02:51.014,0.69829,0.69963,0.75,0.75
2018.05.09 21:02:51.065,0.69829,0.69967,0.75,0.75
2018.05.09 21:02:51.116,0.69824,0.69962,0.75,0.75
2018.05.09 21:02:52.366,0.6981,0.69948,0.75,0.75
2018.05.09 21:02:52.466,0.69815,0.69948,0.75,0.75
2018.05.09 21:02:59.009,0.69845,0.69956,0.75,0.75
2018.05.09 21:02:59.172,0.69849,0.69956,0.75,0.75
2018.05.09 21:02:59.752,0.69844,0.69956,0.75,0.75
2018.05.09 21:03:01.646,0.69849,0.69956,0.75,0.75
2018.05.09 21:03:01.747,0.69844,0.69963,0.75,0.75
2018.05.09 21:03:04.139,0.6985,0.69963,0.75,0.75
2018.05.09 21:03:04.217,0.6985,0.69969,0.75,0.75
2018.05.09 21:03:04.559,0.69844,0.69966,0.75,0.75
2018.05.09 21:03:06.214,0.69844,0.69972,0.75,0.75
2018.05.09 21:03:06.280,0.69844,0.69976,0.75,1.50
2018.05.09 21:03:08.541,0.69849,0.69976,0.75,0.75
2018.05.09 21:03:08.642,0.69849,0.69985,0.75,0.75
2018.05.09 21:03:08.840,0.69849,0.69977,0.75,0.75
2018.05.09 21:03:09.416,0.69849,0.69983,0.75,0.75
2018.05.09 21:03:14.140,0.69854,0.69983,0.75,0.75
2018.05.09 21:03:14.603,0.69854,0.69979,0.75,0.75
2018.05.09 21:03:14.983,0.69854,0.69976,0.75,0.75
2018.05.09 21:03:19.559,0.69859,0.69976,0.75,0.75
2018.05.09 21:03:21.115,0.6986,0.69976,0.75,0.75
2018.05.09 21:03:21.166,0.6986,0.69984,0.75,0.75
2018.05.09 21:03:25.572,0.69849,0.69984,0.75,0.75
2018.05.09 21:03:26.104,0.69849,0.69986,0.75,0.75
2018.05.09 21:03:26.155,0.69849,0.6998,0.75,0.75
2018.05.09 21:03:33.863,0.69854,0.69991,0.75,0.75
2018.05.09 21:03:34.645,0.69859,0.69991,0.75,0.75
2018.05.09 21:03:35.516,0.69859,0.6998,0.75,0.75
2018.05.09 21:03:35.567,0.69854,0.6998,0.75,0.75
2018.05.09 21:03:35.617,0.69854,0.69969,0.75,0.75
2018.05.09 21:03:37.616,0.69855,0.69969,0.75,0.75
2018.05.09 21:03:37.667,0.69855,0.69975,0.75,0.75
2018.05.09 21:03:37.718,0.69855,0.6998,0.75,0.75
2018.05.09 21:03:38.385,0.69855,0.69979,0.75,0.75
2018.05.09 21:03:40.920,0.69855,0.6998,0.75,0.75
2018.05.09 21:03:41.516,0.69854,0.6998,0.75,0.75
2018.05.09 21:03:41.617,0.69854,0.69991,0.75,0.75
2018.05.09 21:03:46.266,0.6986,0.69991,0.75,0.75
2018.05.09 21:03:46.316,0.6986,0.69997,0.75,0.75
2018.05.09 21:04:02.153,0.69859,0.70009,1.00,1.00
2018.05.09 21:04:02.762,0.69864,0.70009,1.00,1.00
2018.05.09 21:04:06.601,0.69865,0.70009,1.00,1.00
2018.05.09 21:04:07.151,0.69869,0.70009,1.00,1.00
2018.05.09 21:04:08.589,0.69874,0.70009,0.75,1.00
2018.05.09 21:04:08.926,0.69869,0.69992,0.75,1.00
2018.05.09 21:04:09.461,0.69869,0.69993,0.75,1.00
2018.05.09 21:04:10.104,0.69869,0.69992,0.75,1.00
2018.05.09 21:04:11.494,0.69859,0.70001,1.00,1.00
2018.05.09 21:04:11.544,0.69859,0.69994,1.00,1.00
2018.05.09 21:04:14.291,0.69859,0.69992,1.00,1.00
2018.05.09 21:04:15.330,0.69859,0.6999,1.00,1.00
2018.05.09 21:04:15.687,0.69859,0.69988,1.00,1.00
2018.05.09 21:04:16.015,0.69864,0.6998,1.00,1.50
2018.05.09 21:04:16.067,0.69864,0.69987,1.00,1.00
2018.05.09 21:04:16.168,0.6986,0.69989,1.00,1.00
2018.05.09 21:04:16.454,0.6986,0.69978,1.00,1.00
2018.05.09 21:04:16.515,0.69855,0.69978,1.00,1.00
2018.05.09 21:04:16.616,0.69855,0.69972,1.00,1.00
2018.05.09 21:04:16.729,0.69855,0.69976,1.00,1.50
2018.05.09 21:04:16.780,0.69849,0.69976,1.00,1.50
2018.05.09 21:04:16.831,0.69849,0.69973,1.00,1.00
2018.05.09 21:04:17.065,0.69844,0.69973,1.00,1.50
2018.05.09 21:04:17.167,0.6985,0.69969,1.00,1.00
2018.05.09 21:04:18.240,0.69849,0.69969,1.00,1.00
2018.05.09 21:04:18.342,0.6985,0.69978,1.00,1.50
2018.05.09 21:04:18.907,0.69849,0.69978,1.00,1.50
2018.05.09 21:04:19.695,0.6985,0.69978,1.00,1.50
2018.05.09 21:04:22.630,0.69849,0.69978,1.00,1.50
2018.05.09 21:04:23.380,0.69854,0.69972,1.00,1.00
2018.05.09 21:04:23.818,0.69855,0.69974,1.00,1.00
2018.05.09 21:04:23.869,0.69855,0.69976,1.00,1.00
2018.05.09 21:04:25.103,0.69855,0.69978,1.00,1.00
2018.05.09 21:04:28.770,0.69855,0.69979,1.00,1.50
2018.05.09 21:04:29.690,0.69854,0.69979,1.00,1.50
2018.05.09 21:04:29.741,0.69859,0.69984,1.00,1.00
2018.05.09 21:04:30.262,0.69859,0.69985,1.00,1.00
2018.05.09 21:04:35.000,0.69859,0.69986,1.00,1.00
2018.05.09 21:04:37.576,0.69864,0.69986,1.00,1.00
2018.05.09 21:04:39.382,0.69859,0.69986,1.00,1.00
2018.05.09 21:04:45.965,0.69854,0.69986,1.00,1.00
2018.05.09 21:04:46.240,0.6985,0.69986,1.00,1.00
2018.05.09 21:04:46.341,0.6985,0.69988,1.00,1.00
2018.05.09 21:04:46.402,0.6985,0.69981,1.00,1.00
2018.05.09 21:04:48.471,0.69844,0.69981,1.00,1.00
2018.05.09 21:04:49.081,0.69844,0.6998,1.00,1.00
2018.05.09 21:04:50.122,0.69844,0.69978,1.00,1.00
2018.05.09 21:04:50.733,0.69844,0.69977,1.00,1.00
2018.05.09 21:04:51.039,0.69834,0.69977,1.00,1.00
2018.05.09 21:04:51.090,0.69834,0.69975,1.00,1.00
2018.05.09 21:04:51.265,0.69824,0.69976,1.00,1.50
2018.05.09 21:04:51.367,0.69824,0.69962,1.00,1.00
2018.05.09 21:04:51.658,0.69834,0.69973,1.00,1.00
2018.05.09 21:04:51.773,0.69829,0.69974,1.00,1.00
2018.05.09 21:04:51.824,0.69834,0.69974,1.00,1.00
2018.05.09 21:04:51.975,0.69829,0.69973,1.00,1.00
2018.05.09 21:04:52.415,0.69829,0.69963,1.00,1.00
2018.05.09 21:04:52.756,0.6983,0.69978,1.00,1.00
2018.05.09 21:04:56.515,0.69829,0.69978,1.00,1.00
2018.05.09 21:05:00.356,0.69829,0.69983,1.00,1.00
2018.05.09 21:05:00.686,0.69829,0.69976,1.00,1.00
2018.05.09 21:05:00.867,0.69829,0.6998,1.00,1.00
2018.05.09 21:05:00.942,0.69829,0.69976,1.00,1.00
2018.05.09 21:05:00.992,0.69829,0.69978,1.00,1.00
2018.05.09 21:05:01.043,0.69829,0.69975,1.00,1.00
2018.05.09 21:05:01.379,0.69829,0.69977,1.00,1.00
2018.05.09 21:05:01.430,0.6984,0.69977,1.00,1.00
2018.05.09 21:05:01.531,0.6984,0.69979,1.00,1.00
2018.05.09 21:05:01.582,0.6984,0.69974,1.00,1.00
2018.05.09 21:05:02.047,0.69839,0.69979,1.00,1.00
2018.05.09 21:05:02.667,0.69844,0.69979,1.00,1.00
2018.05.09 21:05:03.372,0.69844,0.69978,1.00,1.00
2018.05.09 21:05:03.853,0.69849,0.69978,1.00,1.00
2018.05.09 21:05:04.316,0.69845,0.69978,1.00,1.00
2018.05.09 21:05:04.417,0.69845,0.6998,1.00,1.00
2018.05.09 21:05:04.718,0.69839,0.69979,1.00,1.00
2018.05.09 21:05:04.768,0.69839,0.69965,0.75,1.00
2018.05.09 21:05:04.979,0.69834,0.69965,1.00,1.00
2018.05.09 21:05:05.030,0.69834,0.69977,1.00,1.00
2018.05.09 21:05:05.140,0.69835,0.69979,1.00,1.00
2018.05.09 21:05:06.299,0.69834,0.69979,1.00,1.00
2018.05.09 21:05:07.373,0.69835,0.69973,1.00,1.00
2018.05.09 21:05:07.525,0.69834,0.6998,1.00,1.00
2018.05.09 21:05:08.967,0.69839,0.6998,1.00,1.00
2018.05.09 21:05:09.317,0.69839,0.6996,1.00,1.00
2018.05.09 21:05:09.879,0.69839,0.69961,1.00,1.50
2018.05.09 21:05:12.239,0.6984,0.69961,1.00,1.50
2018.05.09 21:05:13.331,0.69839,0.69961,1.00,1.50
2018.05.09 21:05:16.367,0.69844,0.69961,1.00,1.50
2018.05.09 21:05:16.418,0.69839,0.69961,1.00,1.50
2018.05.09 21:05:16.469,0.69845,0.69977,1.50,1.50
2018.05.09 21:05:16.571,0.69849,0.69983,1.50,1.50
2018.05.09 21:05:16.623,0.69849,0.69979,1.50,1.00
2018.05.09 21:05:16.803,0.69849,0.69983,1.50,1.50
2018.05.09 21:05:17.203,0.69849,0.69975,1.50,1.00
2018.05.09 21:05:17.798,0.69849,0.69964,1.50,1.00
2018.05.09 21:05:18.523,0.69849,0.69969,1.50,1.00
2018.05.09 21:05:18.792,0.69849,0.69983,1.50,1.50
2018.05.09 21:05:18.843,0.69849,0.69969,1.50,1.00
2018.05.09 21:05:19.463,0.69849,0.6997,1.50,1.00
2018.05.09 21:05:19.805,0.69868,0.69963,1.00,1.00
2018.05.09 21:05:19.856,0.69868,0.69968,1.00,1.00
2018.05.09 21:05:19.916,0.69868,0.69972,1.00,1.00
2018.05.09 21:05:20.017,0.69868,0.69968,1.00,1.00
2018.05.09 21:05:20.068,0.69868,0.69972,1.00,1.00
2018.05.09 21:05:20.197,0.69868,0.69967,1.00,1.00
2018.05.09 21:05:21.390,0.69868,0.69952,1.00,1.00
2018.05.09 21:05:21.441,0.6986,0.69952,1.50,1.00
2018.05.09 21:05:21.707,0.6986,0.6996,1.50,1.00
2018.05.09 21:05:21.758,0.6986,0.6995,1.50,1.00
2018.05.09 21:05:23.857,0.6986,0.69948,2.25,1.00
2018.05.09 21:05:24.228,0.69864,0.69958,1.00,1.00
2018.05.09 21:05:24.279,0.69864,0.69968,2.25,1.00
2018.05.09 21:05:24.407,0.69871,0.69967,1.50,1.00
2018.05.09 21:05:24.508,0.69871,0.69971,1.50,1.00
2018.05.09 21:05:24.678,0.69871,0.69967,1.50,1.00
2018.05.09 21:05:24.897,0.69862,0.6997,1.50,1.00
2018.05.09 21:05:26.060,0.69862,0.69967,1.50,1.00
2018.05.09 21:05:28.427,0.69862,0.69968,1.50,1.00
2018.05.09 21:05:28.735,0.69862,0.69957,1.50,1.00
2018.05.09 21:05:29.530,0.69862,0.6996,1.50,1.00
2018.05.09 21:05:30.348,0.69862,0.69961,1.50,1.00
2018.05.09 21:05:30.475,0.69862,0.69959,1.50,1.00
2018.05.09 21:05:31.311,0.69866,0.69957,1.50,1.00
2018.05.09 21:05:31.457,0.69861,0.69964,1.50,1.00
2018.05.09 21:05:31.508,0.69871,0.69984,1.50,1.00
2018.05.09 21:05:31.609,0.69862,0.69964,1.00,1.00
2018.05.09 21:05:32.158,0.69862,0.69983,1.00,1.00
2018.05.09 21:05:32.208,0.69862,0.69966,1.00,1.00
2018.05.09 21:05:32.448,0.69862,0.69984,1.00,1.00
2018.05.09 21:05:33.058,0.69862,0.69985,1.00,1.00
2018.05.09 21:05:36.319,0.69862,0.69982,1.00,1.00
2018.05.09 21:05:36.370,0.69862,0.69985,1.00,1.00
2018.05.09 21:05:36.422,0.69861,0.69972,1.00,1.00
2018.05.09 21:05:36.473,0.69859,0.69974,1.50,1.00
2018.05.09 21:05:36.524,0.69862,0.69965,1.50,1.00
2018.05.09 21:05:36.790,0.69862,0.69977,1.00,1.00
2018.05.09 21:05:36.842,0.69853,0.69963,1.50,1.00
2018.05.09 21:05:36.945,0.69859,0.69974,1.50,1.00
2018.05.09 21:05:36.995,0.69859,0.69963,1.50,1.00
2018.05.09 21:05:37.047,0.69859,0.69979,1.50,1.00
2018.05.09 21:05:37.213,0.69855,0.69963,1.00,1.00
2018.05.09 21:05:37.366,0.69859,0.69978,1.00,1.00
2018.05.09 21:05:37.417,0.69855,0.6995,1.00,1.00
2018.05.09 21:05:37.581,0.69855,0.69954,1.00,1.00
2018.05.09 21:05:37.632,0.69855,0.69966,1.00,1.00
2018.05.09 21:05:37.735,0.69855,0.69949,1.00,1.00
2018.05.09 21:05:37.786,0.69855,0.69978,1.00,1.00
2018.05.09 21:05:37.837,0.69846,0.69968,1.00,1.00
2018.05.09 21:05:38.166,0.69845,0.69953,1.00,1.00
2018.05.09 21:05:38.475,0.69834,0.69952,1.00,1.00
2018.05.09 21:05:39.341,0.69836,0.69952,1.00,1.00
2018.05.09 21:05:39.476,0.69837,0.69959,1.00,1.00
2018.05.09 21:05:40.155,0.69837,0.69957,1.00,1.00
2018.05.09 21:05:40.206,0.69837,0.69959,1.00,1.00
2018.05.09 21:05:40.257,0.69837,0.69956,1.00,1.00
2018.05.09 21:05:40.360,0.69834,0.69955,1.00,1.50
2018.05.09 21:05:40.787,0.69842,0.69955,1.00,1.00
2018.05.09 21:05:40.938,0.69834,0.69954,1.00,1.00
2018.05.09 21:05:41.158,0.69834,0.69951,1.00,1.00
2018.05.09 21:05:41.505,0.6984,0.69948,1.00,1.00
2018.05.09 21:05:41.966,0.6984,0.69946,1.00,1.00
2018.05.09 21:05:42.328,0.69845,0.69944,1.50,1.00
2018.05.09 21:05:43.048,0.69845,0.69943,1.50,1.00
2018.05.09 21:05:43.747,0.6984,0.69943,1.50,1.00
2018.05.09 21:05:44.485,0.6984,0.69947,1.50,1.00
2018.05.09 21:05:44.598,0.6984,0.69942,1.50,1.00
2018.05.09 21:05:44.699,0.6984,0.69946,1.50,1.00
2018.05.09 21:05:44.943,0.6984,0.69943,1.50,1.00
2018.05.09 21:05:45.044,0.6984,0.69947,1.50,1.00
2018.05.09 21:05:45.094,0.6984,0.69943,1.50,1.00
2018.05.09 21:05:45.358,0.69844,0.69962,1.00,1.50
2018.05.09 21:05:45.510,0.69836,0.69961,1.50,1.50
2018.05.09 21:05:46.541,0.69831,0.69956,1.50,1.50
2018.05.09 21:05:46.904,0.69824,0.69947,1.00,1.00
2018.05.09 21:05:50.124,0.6982,0.69942,1.00,1.00
2018.05.09 21:05:50.461,0.69827,0.69946,1.00,1.00
2018.05.09 21:05:50.512,0.69827,0.69949,1.00,1.00
2018.05.09 21:05:50.648,0.69827,0.69941,1.00,1.00
2018.05.09 21:05:50.699,0.69827,0.69949,1.00,1.00
2018.05.09 21:05:51.090,0.69827,0.69941,1.50,1.00
2018.05.09 21:05:51.141,0.69823,0.69945,1.00,1.00
2018.05.09 21:05:51.242,0.69829,0.69951,1.50,1.50
2018.05.09 21:05:52.021,0.69824,0.69942,1.00,1.00
2018.05.09 21:05:52.071,0.69818,0.69942,1.50,1.50
2018.05.09 21:05:52.122,0.69818,0.69937,1.50,1.00
2018.05.09 21:05:52.173,0.69818,0.69942,1.50,1.50
2018.05.09 21:05:52.356,0.69818,0.69936,1.50,1.00
2018.05.09 21:05:52.457,0.69821,0.69942,1.00,1.00
2018.05.09 21:05:52.508,0.69821,0.69945,1.00,1.00
2018.05.09 21:05:52.609,0.69821,0.69941,1.00,1.00
2018.05.09 21:05:52.710,0.69821,0.69945,1.00,1.00
2018.05.09 21:05:52.761,0.69821,0.69941,1.00,1.00
2018.05.09 21:05:52.812,0.69821,0.69945,1.00,1.00
2018.05.09 21:05:52.863,0.69829,0.69943,1.50,1.00
2018.05.09 21:05:52.914,0.69829,0.69954,1.50,1.50
2018.05.09 21:05:52.965,0.69833,0.69957,1.50,1.00
2018.05.09 21:05:53.294,0.69833,0.69954,1.50,1.00
2018.05.09 21:05:53.449,0.69833,0.69956,1.50,1.00
2018.05.09 21:05:54.006,0.69833,0.69957,1.50,1.00
2018.05.09 21:05:54.516,0.69834,0.69957,1.00,1.50
2018.05.09 21:05:55.040,0.69833,0.69957,1.50,1.00
2018.05.09 21:05:55.672,0.69833,0.69956,1.50,1.00
2018.05.09 21:05:57.292,0.69834,0.69956,1.00,1.00
2018.05.09 21:05:57.749,0.69833,0.69951,1.00,1.00
2018.05.09 21:05:57.942,0.69819,0.69938,1.00,1.00
2018.05.09 21:05:58.240,0.69819,0.69936,1.00,1.00
2018.05.09 21:05:59.100,0.69818,0.69936,1.00,1.00
2018.05.09 21:05:59.492,0.69814,0.69919,1.00,1.00
2018.05.09 21:06:00.172,0.69822,0.69935,1.50,1.00
2018.05.09 21:06:01.162,0.69822,0.69936,1.00,1.00
2018.05.09 21:06:01.791,0.69822,0.69933,1.00,1.00
2018.05.09 21:06:02.192,0.69822,0.69931,1.00,1.00
2018.05.09 21:06:04.265,0.69816,0.69931,1.50,1.00
2018.05.09 21:06:04.912,0.69817,0.69931,1.00,1.00
2018.05.09 21:06:05.449,0.69816,0.69932,1.50,1.00
2018.05.09 21:06:05.952,0.69816,0.69931,1.50,1.00
2018.05.09 21:06:08.001,0.6981,0.69931,1.50,1.00
2018.05.09 21:06:08.545,0.6981,0.69932,1.50,1.00
2018.05.09 21:06:09.066,0.69807,0.69915,1.50,1.00
2018.05.09 21:06:09.375,0.69803,0.69916,1.50,1.00
2018.05.09 21:06:09.426,0.69803,0.69918,1.50,1.00
2018.05.09 21:06:10.106,0.69803,0.69917,1.00,1.00
2018.05.09 21:06:10.353,0.69803,0.69919,1.00,1.00
2018.05.09 21:06:11.015,0.69803,0.6992,1.00,1.00
2018.05.09 21:06:11.639,0.69803,0.69926,1.00,1.00
2018.05.09 21:06:11.690,0.69805,0.69933,1.50,1.00
2018.05.09 21:06:12.257,0.69806,0.69933,1.00,1.00
2018.05.09 21:06:12.765,0.69802,0.69929,1.00,1.00
2018.05.09 21:06:13.165,0.69801,0.69925,1.50,1.00
2018.05.09 21:06:14.006,0.69801,0.69924,1.50,1.00
2018.05.09 21:06:14.449,0.69801,0.69909,1.50,1.00
2018.05.09 21:06:14.504,0.69797,0.69909,1.50,1.00
2018.05.09 21:06:14.555,0.69797,0.69907,1.50,1.00
2018.05.09 21:06:14.906,0.69797,0.69905,1.50,1.00
2018.05.09 21:06:14.957,0.69795,0.69905,1.50,1.00
2018.05.09 21:06:15.507,0.69795,0.69906,1.50,1.00
2018.05.09 21:06:16.225,0.69795,0.69907,1.50,1.00
2018.05.09 21:06:16.858,0.69795,0.69909,1.50,1.00
2018.05.09 21:06:17.030,0.69795,0.69915,1.50,1.00
2018.05.09 21:06:17.081,0.69795,0.69919,1.50,1.00
2018.05.09 21:06:18.160,0.69796,0.69919,1.00,1.50
2018.05.09 21:06:20.324,0.69796,0.69912,1.00,1.00
2018.05.09 21:06:20.748,0.69796,0.69915,1.00,1.00
2018.05.09 21:06:21.412,0.69795,0.69915,1.50,1.00
2018.05.09 21:06:23.762,0.69796,0.69915,1.00,1.00
2018.05.09 21:06:23.988,0.69796,0.69918,1.00,1.00
2018.05.09 21:06:24.087,0.69796,0.6991,1.00,1.00
2018.05.09 21:06:24.311,0.69802,0.69926,1.50,1.00
2018.05.09 21:06:24.529,0.69802,0.69928,1.50,1.50
2018.05.09 21:06:25.172,0.69802,0.69927,1.50,1.00
2018.05.09 21:06:25.510,0.69802,0.69914,1.00,1.00
2018.05.09 21:06:25.561,0.69798,0.69914,1.50,1.00
2018.05.09 21:06:25.883,0.69798,0.69918,1.50,1.00
2018.05.09 21:06:28.323,0.69798,0.6992,1.50,1.00
2018.05.09 21:06:28.398,0.69798,0.69913,1.50,1.00
2018.05.09 21:06:28.750,0.69798,0.69917,1.50,1.00
2018.05.09 21:06:29.463,0.69799,0.69917,1.00,1.00
2018.05.09 21:06:29.625,0.69799,0.69919,1.00,1.00
2018.05.09 21:06:29.717,0.69799,0.69912,1.00,1.00
2018.05.09 21:06:30.080,0.69799,0.69917,1.00,1.00
2018.05.09 21:06:30.775,0.69798,0.69917,1.50,1.00
2018.05.09 21:06:31.362,0.69798,0.69921,1.50,1.00
2018.05.09 21:06:31.413,0.69798,0.69916,1.50,1.00
2018.05.09 21:06:31.763,0.69798,0.69919,1.50,1.00
2018.05.09 21:06:32.120,0.69798,0.69923,1.50,1.50
2018.05.09 21:06:32.182,0.69798,0.69918,1.50,1.00
2018.05.09 21:06:36.885,0.69799,0.69918,1.00,1.00
2018.05.09 21:06:38.998,0.69799,0.69919,1.00,1.00
2018.05.09 21:06:39.226,0.69799,0.69922,1.00,1.00
2018.05.09 21:06:39.277,0.69799,0.69919,1.00,1.00
2018.05.09 21:06:40.734,0.69799,0.69917,1.00,1.00
2018.05.09 21:06:40.785,0.69793,0.69916,1.00,1.00
2018.05.09 21:06:40.835,0.69793,0.69913,1.00,1.00
2018.05.09 21:06:41.343,0.69792,0.69913,1.50,1.00
2018.05.09 21:06:41.394,0.69792,0.69917,1.50,1.50
2018.05.09 21:06:42.205,0.69793,0.69916,1.00,1.00
2018.05.09 21:06:42.255,0.69793,0.69908,1.00,1.00
2018.05.09 21:06:42.306,0.69793,0.69916,1.00,1.00
2018.05.09 21:06:42.357,0.69792,0.69905,1.50,1.00
2018.05.09 21:06:42.994,0.69793,0.69905,1.00,1.00
2018.05.09 21:06:43.266,0.69793,0.69907,1.00,1.00
2018.05.09 21:06:43.791,0.69792,0.69907,1.50,1.00
2018.05.09 21:06:45.042,0.69793,0.69907,1.00,1.00
2018.05.09 21:06:45.317,0.69793,0.6991,1.00,1.00
2018.05.09 21:06:45.368,0.69798,0.69916,1.00,1.00
2018.05.09 21:06:45.419,0.69798,0.69921,1.00,1.00
2018.05.09 21:06:45.587,0.69798,0.69914,1.00,1.00
2018.05.09 21:06:45.706,0.69798,0.69921,1.00,1.50
2018.05.09 21:06:45.957,0.69798,0.69913,1.00,1.00
2018.05.09 21:06:46.109,0.69801,0.69922,1.00,1.00
2018.05.09 21:06:46.520,0.69801,0.69913,1.00,1.00
2018.05.09 21:06:46.677,0.69801,0.69923,1.00,1.00
2018.05.09 21:06:46.728,0.69801,0.69913,1.00,1.00
2018.05.09 21:06:46.826,0.69801,0.69922,1.00,1.00
2018.05.09 21:06:46.927,0.69801,0.69913,1.00,1.00
2018.05.09 21:06:47.029,0.69801,0.69922,1.00,1.00
2018.05.09 21:06:47.385,0.69801,0.69913,1.50,1.00
2018.05.09 21:06:47.458,0.69801,0.69922,1.50,1.00
2018.05.09 21:06:47.706,0.69801,0.69913,1.50,1.00
2018.05.09 21:06:47.759,0.69801,0.69922,1.50,1.00
2018.05.09 21:06:47.996,0.69801,0.69914,1.50,1.00
2018.05.09 21:06:48.046,0.69801,0.69922,1.50,1.00
2018.05.09 21:06:48.388,0.69801,0.69914,1.50,1.00
2018.05.09 21:06:48.578,0.69801,0.69922,1.50,1.00
2018.05.09 21:06:48.876,0.69801,0.69914,1.50,1.00
2018.05.09 21:06:48.985,0.69801,0.69922,1.50,1.00
2018.05.09 21:06:49.330,0.69801,0.69914,1.00,1.00
2018.05.09 21:06:49.432,0.69801,0.69919,1.00,1.00
2018.05.09 21:06:49.483,0.69796,0.69919,1.50,1.00
2018.05.09 21:06:50.042,0.69796,0.69912,1.00,1.00
2018.05.09 21:06:50.159,0.69789,0.69912,1.00,1.00
2018.05.09 21:06:50.210,0.69798,0.69918,1.00,1.00
2018.05.09 21:06:50.738,0.69798,0.69917,1.00,1.00
2018.05.09 21:06:50.789,0.69793,0.69917,1.50,1.50
2018.05.09 21:06:51.241,0.69798,0.69922,1.50,1.50
2018.05.09 21:06:51.548,0.69794,0.69918,1.50,2.25
2018.05.09 21:06:52.341,0.69795,0.69917,1.00,1.00
2018.05.09 21:06:53.434,0.69794,0.69918,1.50,2.25
2018.05.09 21:06:54.290,0.69798,0.69918,1.00,1.00
2018.05.09 21:06:54.487,0.69798,0.69921,1.00,1.50
2018.05.09 21:06:57.645,0.69803,0.69921,1.00,1.00
2018.05.09 21:06:57.696,0.69803,0.69928,1.50,1.50
2018.05.09 21:06:58.440,0.69803,0.6992,1.00,1.00
2018.05.09 21:06:58.490,0.69797,0.6992,1.00,1.00
2018.05.09 21:07:02.041,0.69803,0.69926,1.50,2.25
2018.05.09 21:07:10.278,0.69794,0.69919,1.50,1.50
2018.05.09 21:07:10.801,0.69795,0.69918,1.00,1.00
2018.05.09 21:07:12.540,0.69789,0.69914,1.50,1.50
2018.05.09 21:07:15.000,0.69792,0.69917,1.50,1.50
2018.05.09 21:07:16.528,0.69793,0.69916,1.00,1.00
2018.05.09 21:07:20.380,0.69792,0.69917,1.50,2.25
2018.05.09 21:07:24.732,0.69793,0.69916,1.00,1.00
2018.05.09 21:07:25.778,0.69792,0.69917,1.50,1.50
2018.05.09 21:07:26.324,0.69792,0.69916,1.50,1.00
2018.05.09 21:07:26.625,0.69792,0.69912,1.50,1.00
2018.05.09 21:07:27.038,0.69792,0.69915,1.50,1.00
2018.05.09 21:07:27.092,0.69792,0.69913,1.50,1.00
2018.05.09 21:07:27.367,0.69792,0.69915,1.50,1.00
2018.05.09 21:07:27.418,0.69792,0.69912,1.50,1.00
2018.05.09 21:07:27.607,0.69792,0.69917,1.50,1.50
2018.05.09 21:07:27.658,0.69792,0.69913,1.50,1.00
2018.05.09 21:07:28.837,0.69793,0.69913,1.00,1.00
2018.05.09 21:07:29.840,0.69792,0.69913,1.50,1.00
2018.05.09 21:07:30.924,0.69792,0.69915,1.50,1.00
2018.05.09 21:07:32.145,0.69792,0.69917,1.50,1.50
2018.05.09 21:07:32.545,0.69792,0.69915,1.50,1.00
2018.05.09 21:07:32.647,0.69786,0.69911,1.50,1.50
2018.05.09 21:07:32.748,0.69786,0.69903,1.50,1.00
2018.05.09 21:07:32.799,0.69786,0.69907,1.50,1.00
2018.05.09 21:07:32.849,0.69786,0.69901,1.50,1.00
2018.05.09 21:07:32.900,0.69786,0.69905,1.50,1.00
2018.05.09 21:07:35.140,0.69786,0.69899,1.50,1.00
2018.05.09 21:07:35.191,0.69786,0.69901,1.50,1.00
2018.05.09 21:07:35.242,0.6979,0.69906,1.00,1.00
2018.05.09 21:07:35.343,0.6979,0.69908,1.00,1.00
2018.05.09 21:07:35.403,0.6979,0.69911,1.00,1.00
2018.05.09 21:07:35.564,0.69791,0.69914,1.00,1.00
2018.05.09 21:07:35.666,0.6979,0.6991,1.50,1.00
2018.05.09 21:07:35.739,0.6979,0.69915,1.50,1.50
2018.05.09 21:07:35.833,0.6979,0.6991,1.50,1.00
2018.05.09 21:07:35.952,0.6979,0.69915,1.50,1.50
2018.05.09 21:07:36.124,0.6979,0.69909,1.50,1.00
2018.05.09 21:07:36.380,0.69795,0.69918,1.00,1.00
2018.05.09 21:07:36.431,0.69799,0.69918,1.00,1.00
2018.05.09 21:07:36.481,0.69799,0.69922,1.00,1.00
2018.05.09 21:07:36.733,0.69798,0.69919,1.00,1.00
2018.05.09 21:07:36.784,0.69794,0.69919,1.50,1.50
2018.05.09 21:07:42.545,0.69794,0.69909,1.00,1.00
2018.05.09 21:07:42.596,0.69786,0.69909,1.00,1.50
2018.05.09 21:07:42.801,0.69789,0.69908,1.00,1.00
2018.05.09 21:07:42.923,0.69786,0.69908,1.00,1.00
2018.05.09 21:07:43.036,0.69789,0.69908,1.00,1.00
2018.05.09 21:07:43.826,0.6979,0.69908,1.00,1.00
2018.05.09 21:07:43.953,0.69788,0.69908,1.00,1.00
2018.05.09 21:07:44.004,0.69796,0.69908,1.00,1.00
2018.05.09 21:07:44.303,0.69793,0.69906,1.00,1.50
2018.05.09 21:07:44.354,0.69796,0.6991,1.00,1.50
2018.05.09 21:07:44.441,0.69793,0.6991,1.00,1.50
2018.05.09 21:07:44.542,0.69796,0.6991,1.00,1.50
2018.05.09 21:07:44.594,0.69794,0.6991,1.00,2.25
2018.05.09 21:07:44.645,0.69796,0.6991,1.00,1.50
2018.05.09 21:07:44.716,0.69793,0.6991,1.00,1.50
2018.05.09 21:07:45.959,0.69796,0.6991,1.00,1.50
2018.05.09 21:07:46.329,0.69793,0.6991,1.00,1.50
2018.05.09 21:07:47.007,0.69794,0.6991,1.00,1.50
2018.05.09 21:07:47.058,0.69794,0.69905,1.00,1.50
2018.05.09 21:07:47.210,0.6978,0.69905,1.50,1.50
2018.05.09 21:07:47.412,0.69787,0.69912,1.50,1.50
2018.05.09 21:07:47.966,0.69782,0.69907,1.50,1.50
2018.05.09 21:07:48.487,0.69789,0.69912,1.50,1.00
2018.05.09 21:07:49.009,0.69789,0.69911,1.50,1.00
2018.05.09 21:07:49.532,0.69789,0.69912,1.50,1.00
2018.05.09 21:07:50.096,0.69789,0.69911,1.50,1.00
2018.05.09 21:07:51.848,0.69789,0.6991,1.50,1.00
2018.05.09 21:07:54.642,0.69789,0.69909,1.50,1.00
2018.05.09 21:07:55.001,0.69787,0.6991,1.50,1.00
2018.05.09 21:07:55.623,0.69787,0.69909,1.50,1.00
2018.05.09 21:07:56.377,0.69787,0.69908,1.50,1.00
2018.05.09 21:07:56.825,0.69785,0.69907,1.00,1.00
2018.05.09 21:07:56.929,0.6978,0.69908,1.50,1.50
2018.05.09 21:07:57.300,0.6978,0.69908,1.50,1.87
2018.05.09 21:07:57.994,0.69781,0.69907,1.00,1.37
2018.05.09 21:07:58.218,0.69781,0.69907,1.00,1.00
2018.05.09 21:07:58.370,0.69781,0.69904,1.00,1.00
2018.05.09 21:07:58.468,0.69781,0.69906,1.00,1.00
2018.05.09 21:07:59.170,0.6978,0.69906,1.50,1.00
2018.05.09 21:07:59.586,0.6978,0.69908,1.50,1.87
2018.05.09 21:07:59.881,0.69777,0.69895,1.50,1.00
2018.05.09 21:07:59.932,0.69777,0.69901,1.00,1.00
2018.05.09 21:07:59.983,0.69773,0.69897,1.00,1.37
2018.05.09 21:08:00.236,0.69771,0.699,1.50,1.50
2018.05.09 21:08:00.615,0.69771,0.699,1.50,1.87
2018.05.09 21:08:00.766,0.69775,0.69901,1.50,1.50
2018.05.09 21:08:00.867,0.69771,0.699,1.00,1.00
2018.05.09 21:08:00.918,0.69771,0.699,1.00,1.37
2018.05.09 21:08:01.170,0.69771,0.699,1.50,1.50
2018.05.09 21:08:02.372,0.69771,0.699,1.50,1.87
2018.05.09 21:08:02.675,0.69773,0.69901,1.50,2.62
2018.05.09 21:08:02.984,0.69779,0.69899,1.50,1.37
2018.05.09 21:08:03.172,0.69779,0.69903,1.50,1.50
2018.05.09 21:08:03.223,0.69776,0.699,1.00,1.00
2018.05.09 21:08:03.325,0.6977,0.699,1.50,1.00
2018.05.09 21:08:03.585,0.69766,0.69895,1.00,1.00
2018.05.09 21:08:03.970,0.69766,0.69886,1.00,1.00
2018.05.09 21:08:04.020,0.69766,0.69895,1.00,1.00
2018.05.09 21:08:04.564,0.6976,0.69891,1.50,1.50
2018.05.09 21:08:04.849,0.69765,0.69891,1.00,1.00
2018.05.09 21:08:04.900,0.69766,0.69895,1.00,1.00
2018.05.09 21:08:04.950,0.69766,0.69891,1.00,1.00
2018.05.09 21:08:05.274,0.6976,0.69891,1.50,1.50
2018.05.09 21:08:05.324,0.6976,0.6987,1.00,1.00
2018.05.09 21:08:05.375,0.6974,0.6987,2.25,1.50
2018.05.09 21:08:05.633,0.69754,0.6987,1.00,1.00
2018.05.09 21:08:05.684,0.69754,0.69885,1.50,1.50
2018.05.09 21:08:05.734,0.6976,0.69885,1.00,1.00
2018.05.09 21:08:05.785,0.6976,0.69889,1.50,1.50
2018.05.09 21:08:05.886,0.69764,0.69891,1.50,1.87
2018.05.09 21:08:06.105,0.69764,0.69891,1.50,1.87
2018.05.09 21:08:06.284,0.69767,0.69892,1.50,2.62
2018.05.09 21:08:06.660,0.69767,0.69892,1.50,2.62
2018.05.09 21:08:06.881,0.69763,0.69888,1.50,1.87
2018.05.09 21:08:07.177,0.69763,0.69888,1.50,1.50
2018.05.09 21:08:07.228,0.69763,0.69886,1.00,1.00
2018.05.09 21:08:07.570,0.69755,0.69884,1.00,1.00
2018.05.09 21:08:08.377,0.69754,0.69885,1.50,1.50
2018.05.09 21:08:08.608,0.6975,0.69881,1.50,1.50
2018.05.09 21:08:08.921,0.69756,0.69881,1.00,1.00
2018.05.09 21:08:09.227,0.6974,0.69865,1.50,1.87
2018.05.09 21:08:09.488,0.69741,0.69865,1.00,1.87
2018.05.09 21:08:09.589,0.6974,0.69862,1.00,1.00
2018.05.09 21:08:09.640,0.69738,0.69861,1.00,1.00
2018.05.09 21:08:09.741,0.69734,0.69861,1.00,1.50
2018.05.09 21:08:09.962,0.69731,0.69861,1.50,1.50
2018.05.09 21:08:10.027,0.69734,0.69861,1.00,1.50
2018.05.09 21:08:10.542,0.69735,0.69861,1.00,1.50
2018.05.09 21:08:10.643,0.69731,0.69861,1.50,1.50
2018.05.09 21:08:10.774,0.69735,0.69861,1.00,1.50
2018.05.09 21:08:11.809,0.69731,0.69861,2.25,1.50
2018.05.09 21:08:12.457,0.69732,0.6986,1.50,1.00
2018.05.09 21:08:12.786,0.69734,0.6986,1.00,1.00
2018.05.09 21:08:12.836,0.69738,0.69866,1.00,1.00
2018.05.09 21:08:14.404,0.69737,0.69867,1.50,1.50
2018.05.09 21:08:15.509,0.69738,0.69866,1.00,1.00
2018.05.09 21:08:16.345,0.69743,0.69866,1.00,1.00
2018.05.09 21:08:17.173,0.69743,0.69867,1.00,1.00
2018.05.09 21:08:17.398,0.69736,0.69867,1.50,1.50
2018.05.09 21:08:17.449,0.69743,0.69867,1.00,1.00
2018.05.09 21:08:17.955,0.69746,0.69867,1.00,1.00
2018.05.09 21:08:18.008,0.69747,0.6987,1.00,1.00
2018.05.09 21:08:18.059,0.69747,0.69868,1.00,1.00
2018.05.09 21:08:18.109,0.69741,0.69868,1.50,1.50
2018.05.09 21:08:19.047,0.69746,0.69868,1.00,1.00
2018.05.09 21:08:19.098,0.69746,0.69871,1.50,1.50
2018.05.09 21:08:27.066,0.69752,0.69874,1.00,1.00
2018.05.09 21:08:27.167,0.69755,0.69879,1.50,1.50
2018.05.09 21:08:27.269,0.69761,0.69883,1.00,1.00
2018.05.09 21:08:35.000,0.69762,0.69886,1.50,2.25
2018.05.09 21:08:35.781,0.69762,0.69885,1.50,1.00
2018.05.09 21:08:36.318,0.69762,0.69886,1.50,1.50
2018.05.09 21:08:36.665,0.69768,0.69887,1.50,1.00
2018.05.09 21:08:36.716,0.69768,0.6989,1.50,1.00
2018.05.09 21:08:36.980,0.69768,0.69892,1.50,1.50
2018.05.09 21:08:37.490,0.69768,0.69891,1.50,1.00
2018.05.09 21:08:38.306,0.69768,0.69892,1.50,1.50
2018.05.09 21:08:38.407,0.69768,0.69886,1.50,1.00
2018.05.09 21:08:38.458,0.69763,0.69885,1.00,1.00
2018.05.09 21:08:38.560,0.69766,0.69885,1.00,1.00
2018.05.09 21:08:38.846,0.69767,0.69889,1.00,1.00
2018.05.09 21:08:40.112,0.69766,0.6989,1.50,1.50
2018.05.09 21:08:40.267,0.69778,0.69897,1.50,1.00
2018.05.09 21:08:40.318,0.69778,0.69903,1.50,1.50
2018.05.09 21:08:41.657,0.69779,0.69902,1.00,1.00
2018.05.09 21:08:44.632,0.69778,0.69903,1.50,1.50
2018.05.09 21:08:51.019,0.69774,0.69899,1.50,1.50
2018.05.09 21:08:51.361,0.69777,0.69899,1.00,1.50
2018.05.09 21:08:51.674,0.69779,0.69899,1.00,1.50
2018.05.09 21:08:52.107,0.69782,0.69902,1.00,1.00
2018.05.09 21:08:52.321,0.69779,0.69902,1.00,1.00
2018.05.09 21:08:52.423,0.69774,0.69899,1.50,1.50
2018.05.09 21:08:52.474,0.69777,0.69899,1.00,1.50
2018.05.09 21:08:52.821,0.69774,0.69899,1.50,1.50
2018.05.09 21:08:54.447,0.69775,0.69899,1.00,1.50
2018.05.09 21:08:54.652,0.69777,0.69899,1.00,1.50
2018.05.09 21:08:54.926,0.69774,0.69899,1.50,1.50
2018.05.09 21:08:54.977,0.69777,0.69902,1.50,1.50
2018.05.09 21:08:59.418,0.69778,0.69901,1.00,1.00
2018.05.09 21:09:00.653,0.69781,0.69904,1.00,1.00
2018.05.09 21:09:02.657,0.69782,0.69904,1.00,1.00
2018.05.09 21:09:03.914,0.69781,0.69904,1.50,1.00
2018.05.09 21:09:04.886,0.69782,0.69904,1.00,1.00
2018.05.09 21:09:06.004,0.69782,0.69905,1.50,1.00
2018.05.09 21:09:06.708,0.69782,0.69906,2.25,1.00
2018.05.09 21:09:08.579,0.69782,0.69905,2.25,1.00
2018.05.09 21:09:08.833,0.69799,0.69923,1.50,1.00
2018.05.09 21:09:09.343,0.69799,0.69924,1.50,1.50
2018.05.09 21:09:10.331,0.698,0.69923,1.00,1.00
2018.05.09 21:09:11.325,0.698,0.69921,1.00,1.00
2018.05.09 21:09:11.376,0.698,0.69923,1.00,1.00
2018.05.09 21:09:11.936,0.69799,0.69924,1.50,1.50
2018.05.09 21:09:12.586,0.69805,0.69924,1.00,1.00
2018.05.09 21:09:12.636,0.69805,0.69928,1.50,1.50
2018.05.09 21:09:13.739,0.69805,0.69925,1.50,1.00
2018.05.09 21:09:13.797,0.69805,0.69928,1.50,1.50
2018.05.09 21:09:15.000,0.69807,0.69929,1.00,1.00
2018.05.09 21:09:15.803,0.69807,0.6993,1.00,1.00
2018.05.09 21:09:16.284,0.69807,0.69928,1.00,1.00
2018.05.09 21:09:16.690,0.69807,0.6993,1.00,1.50
2018.05.09 21:09:16.828,0.69811,0.69936,1.50,1.50
2018.05.09 21:09:17.376,0.69812,0.69935,1.00,1.00
2018.05.09 21:09:18.539,0.69811,0.69936,1.50,1.50
2018.05.09 21:09:19.315,0.69811,0.69932,1.50,1.00
2018.05.09 21:09:19.365,0.69811,0.69936,1.50,2.25
2018.05.09 21:09:19.864,0.69803,0.69928,2.25,1.50
2018.05.09 21:09:20.203,0.698,0.69918,1.00,1.00
2018.05.09 21:09:20.254,0.698,0.6992,1.00,1.00
2018.05.09 21:09:20.793,0.698,0.69919,1.00,1.00
2018.05.09 21:09:21.391,0.698,0.6992,1.00,1.00
2018.05.09 21:09:21.442,0.698,0.69923,1.00,1.00
2018.05.09 21:09:21.493,0.69805,0.69929,1.50,1.00
2018.05.09 21:09:22.225,0.69805,0.6993,1.50,2.25
2018.05.09 21:09:23.348,0.69805,0.69927,1.50,1.00
2018.05.09 21:09:24.845,0.69806,0.69927,1.00,1.00
2018.05.09 21:09:25.848,0.69805,0.69927,1.50,1.00
2018.05.09 21:09:28.382,0.69805,0.69929,1.50,1.00
2018.05.09 21:09:28.483,0.698,0.69925,1.50,1.50
2018.05.09 21:09:29.157,0.69801,0.69924,1.00,1.00
2018.05.09 21:09:30.051,0.698,0.69925,1.50,1.50
2018.05.09 21:09:32.389,0.69801,0.69924,1.00,1.00
2018.05.09 21:09:32.440,0.69801,0.6992,1.00,1.00
2018.05.09 21:09:32.791,0.69801,0.69918,1.00,1.00
2018.05.09 21:09:32.892,0.69793,0.69918,1.50,2.25
2018.05.09 21:09:33.753,0.69793,0.69917,1.50,1.00
2018.05.09 21:09:34.290,0.69793,0.69918,1.50,1.50
2018.05.09 21:09:36.041,0.69793,0.69917,1.50,1.00
2018.05.09 21:09:36.610,0.69793,0.69918,1.50,1.50
2018.05.09 21:09:37.203,0.69793,0.69917,1.50,1.00
2018.05.09 21:09:37.752,0.69793,0.69918,1.50,1.50
2018.05.09 21:09:38.743,0.69793,0.69917,1.50,1.00
2018.05.09 21:09:39.201,0.69793,0.69913,1.00,1.00
2018.05.09 21:09:40.056,0.6979,0.69913,1.50,1.50
2018.05.09 21:09:40.692,0.6979,0.69905,1.50,1.00
2018.05.09 21:09:40.793,0.69783,0.69906,1.00,1.00
2018.05.09 21:09:40.895,0.69783,0.69903,1.00,1.00
2018.05.09 21:09:41.038,0.69783,0.69906,1.00,1.00
2018.05.09 21:09:41.139,0.69783,0.69903,1.00,1.00
2018.05.09 21:09:42.508,0.69782,0.69903,1.50,1.00
2018.05.09 21:09:42.863,0.69782,0.69905,1.50,1.00
2018.05.09 21:09:42.914,0.69782,0.69903,1.50,1.00
2018.05.09 21:09:46.611,0.69783,0.69903,1.00,1.00
2018.05.09 21:09:46.661,0.69783,0.69906,1.00,1.00
2018.05.09 21:09:47.704,0.69782,0.69906,1.50,1.00
2018.05.09 21:09:48.295,0.69782,0.69907,1.50,1.50
2018.05.09 21:09:48.912,0.69783,0.69906,1.00,1.50
2018.05.09 21:09:50.063,0.69782,0.69906,1.50,1.00
2018.05.09 21:09:50.848,0.69782,0.69905,1.50,1.00
2018.05.09 21:09:51.666,0.69782,0.69907,1.50,2.25
2018.05.09 21:09:54.916,0.69782,0.69904,1.50,1.00
2018.05.09 21:09:55.025,0.69782,0.69907,1.50,2.25
2018.05.09 21:09:55.126,0.69782,0.69903,1.50,1.00
2018.05.09 21:09:55.176,0.69782,0.69907,1.50,1.50
2018.05.09 21:09:55.328,0.69782,0.69899,1.00,1.00
2018.05.09 21:09:55.380,0.69774,0.69898,1.50,1.00
2018.05.09 21:09:55.904,0.69775,0.69898,1.00,1.50
2018.05.09 21:09:56.384,0.69775,0.69896,1.00,1.00
2018.05.09 21:09:58.345,0.69775,0.69898,1.00,1.50
2018.05.09 21:09:58.714,0.69775,0.69898,1.00,1.87
2018.05.09 21:09:59.019,0.69789,0.69884,1.00,1.37
2018.05.09 21:09:59.711,0.69778,0.69879,2.25,1.37
2018.05.09 21:10:00.020,0.69778,0.69879,2.25,1.37
2018.05.09 21:10:00.071,0.69785,0.69879,1.45,1.37
2018.05.09 21:10:00.173,0.69778,0.69881,2.25,1.37
2018.05.09 21:10:00.741,0.69778,0.69879,2.25,1.37
2018.05.09 21:10:01.049,0.69774,0.69874,1.50,1.37
2018.05.09 21:10:01.122,0.6978,0.69875,1.00,1.37
2018.05.09 21:10:01.482,0.69783,0.6988,1.37,1.00
2018.05.09 21:10:01.534,0.69792,0.69891,1.50,1.37
2018.05.09 21:10:01.888,0.69787,0.69912,1.50,1.50
2018.05.09 21:10:01.939,0.69787,0.69897,1.50,1.00
2018.05.09 21:10:02.294,0.69787,0.69899,1.50,1.00
2018.05.09 21:10:03.220,0.69787,0.69894,1.50,1.00
2018.05.09 21:10:03.547,0.69787,0.69894,1.50,1.37
2018.05.09 21:10:04.071,0.69788,0.69893,1.00,1.37
2018.05.09 21:10:04.952,0.69788,0.69894,1.00,1.37
2018.05.09 21:10:05.457,0.69792,0.69892,1.00,1.37
2018.05.09 21:10:05.508,0.69788,0.69892,1.00,1.37
2018.05.09 21:10:05.558,0.69793,0.69891,1.00,1.37
2018.05.09 21:10:05.609,0.69791,0.69892,1.00,1.37
2018.05.09 21:10:05.907,0.69788,0.69892,1.00,1.37
2018.05.09 21:10:05.960,0.6979,0.69895,1.00,1.37
2018.05.09 21:10:06.061,0.69794,0.69902,1.00,1.37
2018.05.09 21:10:06.384,0.698,0.69902,1.00,1.37
2018.05.09 21:10:07.082,0.698,0.69903,1.00,1.37
2018.05.09 21:10:07.596,0.698,0.69898,1.00,1.37
2018.05.09 21:10:08.163,0.69799,0.69896,1.50,1.37
2018.05.09 21:10:08.265,0.69799,0.69901,1.50,1.37
2018.05.09 21:10:08.784,0.69799,0.69907,1.00,1.37
2018.05.09 21:10:10.972,0.69799,0.69899,1.00,1.37
2018.05.09 21:10:11.403,0.698,0.69898,1.75,1.37
2018.05.09 21:10:13.403,0.698,0.69902,1.75,1.37
2018.05.09 21:10:13.992,0.698,0.69902,1.75,1.37
2018.05.09 21:10:14.433,0.69801,0.69901,1.75,1.37
2018.05.09 21:10:16.404,0.698,0.69901,1.75,1.37
2018.05.09 21:10:16.842,0.69811,0.69903,1.00,1.37
2018.05.09 21:10:16.943,0.69806,0.69905,1.37,1.37
2018.05.09 21:10:17.045,0.69812,0.69904,1.00,1.37
2018.05.09 21:10:17.275,0.69808,0.69905,1.12,1.37
2018.05.09 21:10:17.325,0.69812,0.69904,1.00,1.37
2018.05.09 21:10:17.744,0.69809,0.69904,1.75,1.37
2018.05.09 21:10:18.289,0.69812,0.69899,1.37,1.00
2018.05.09 21:10:18.486,0.69808,0.69904,1.75,1.37
2018.05.09 21:10:18.597,0.69808,0.69899,1.75,1.37
2018.05.09 21:10:19.218,0.69813,0.69903,1.00,1.37
2018.05.09 21:10:19.750,0.69809,0.69902,1.37,1.37
2018.05.09 21:10:20.288,0.69813,0.69897,1.00,1.12
2018.05.09 21:10:20.696,0.69809,0.69897,1.37,1.12
2018.05.09 21:10:20.992,0.69813,0.69901,1.00,1.37
2018.05.09 21:10:21.045,0.69808,0.69898,1.50,1.37
2018.05.09 21:10:21.418,0.69812,0.69902,1.37,1.37
2018.05.09 21:10:22.428,0.69808,0.69898,1.37,1.37
2018.05.09 21:10:22.575,0.69812,0.69902,1.00,1.37
2018.05.09 21:10:22.626,0.69808,0.69898,1.37,1.37
2018.05.09 21:10:22.727,0.69812,0.69903,1.00,1.37
2018.05.09 21:10:22.852,0.69808,0.69905,1.37,1.37
2018.05.09 21:10:22.963,0.69808,0.69905,1.37,1.37
2018.05.09 21:10:23.064,0.69812,0.6991,1.00,1.37
2018.05.09 21:10:23.115,0.69808,0.69912,1.37,1.37
2018.05.09 21:10:23.216,0.69812,0.69913,1.00,1.37
2018.05.09 21:10:23.267,0.69809,0.69913,1.12,1.37
2018.05.09 21:10:23.368,0.69805,0.69912,1.75,1.37
2018.05.09 21:10:23.793,0.69801,0.69904,1.75,1.37
2018.05.09 21:10:24.120,0.69801,0.69903,1.75,1.37
2018.05.09 21:10:24.272,0.69801,0.69903,1.12,1.37
2018.05.09 21:10:25.273,0.698,0.69897,1.50,1.37
2018.05.09 21:10:26.818,0.698,0.69901,1.00,1.37
2018.05.09 21:10:27.148,0.69797,0.699,1.37,1.37
2018.05.09 21:10:27.315,0.69797,0.69901,1.00,1.37
2018.05.09 21:10:27.964,0.69797,0.69897,1.00,1.00
2018.05.09 21:10:28.015,0.69797,0.69895,1.00,1.00
2018.05.09 21:10:28.066,0.6979,0.699,1.37,1.37
2018.05.09 21:10:28.117,0.69784,0.699,2.25,1.12
2018.05.09 21:10:28.421,0.69788,0.69898,1.07,1.75
2018.05.09 21:10:28.552,0.69785,0.69898,1.20,1.75
2018.05.09 21:10:28.852,0.69785,0.69897,1.20,1.75
2018.05.09 21:10:29.744,0.69781,0.69894,1.95,1.37
2018.05.09 21:10:30.820,0.69783,0.69887,1.82,1.37
2018.05.09 21:10:31.811,0.69783,0.69886,1.82,1.37
2018.05.09 21:10:31.862,0.69783,0.69886,1.82,1.37
2018.05.09 21:10:32.805,0.69783,0.69885,1.82,1.37
2018.05.09 21:10:33.252,0.69785,0.69883,1.82,1.37
2018.05.09 21:10:33.303,0.69786,0.69883,1.07,1.37
2018.05.09 21:10:33.354,0.69783,0.69883,1.20,1.37
2018.05.09 21:10:33.405,0.69783,0.69883,1.20,1.37
2018.05.09 21:10:33.912,0.69783,0.69881,1.20,1.37
2018.05.09 21:10:34.832,0.69774,0.69868,1.07,1.37
2018.05.09 21:10:34.883,0.69748,0.69868,1.82,1.87
2018.05.09 21:10:35.035,0.69753,0.69867,1.45,1.37
2018.05.09 21:10:35.139,0.69753,0.69875,1.45,1.37
2018.05.09 21:10:35.353,0.69752,0.69875,2.70,1.87
2018.05.09 21:10:35.455,0.69753,0.69875,1.45,2.62
2018.05.09 21:10:35.768,0.69761,0.69874,1.45,1.37
2018.05.09 21:10:36.203,0.6976,0.69872,1.45,1.37
2018.05.09 21:10:36.406,0.6976,0.69872,1.45,1.37
2018.05.09 21:10:37.302,0.6976,0.69869,1.45,1.37
2018.05.09 21:10:37.865,0.69761,0.69868,1.45,1.37
2018.05.09 21:10:38.514,0.69761,0.6986,1.45,1.37
2018.05.09 21:10:39.023,0.6976,0.6986,1.95,1.37
2018.05.09 21:10:39.214,0.6976,0.6986,1.95,1.37
2018.05.09 21:10:41.469,0.6976,0.6986,1.95,1.37
2018.05.09 21:10:41.891,0.6976,0.6986,1.95,1.37
2018.05.09 21:10:45.528,0.6976,0.69861,1.95,1.37
2018.05.09 21:10:48.539,0.6976,0.6986,1.95,1.37
2018.05.09 21:10:48.843,0.69754,0.69843,1.45,1.37
2018.05.09 21:10:49.563,0.69754,0.69843,1.45,1.37
2018.05.09 21:10:50.157,0.69754,0.69843,1.45,1.37
2018.05.09 21:10:50.914,0.69754,0.69843,1.45,1.37
2018.05.09 21:10:50.965,0.69753,0.69839,1.45,1.37
2018.05.09 21:10:51.068,0.69752,0.69834,1.45,1.37
2018.05.09 21:10:51.119,0.69752,0.69834,1.45,1.37
2018.05.09 21:10:51.640,0.69752,0.69834,1.45,1.37
2018.05.09 21:10:53.379,0.69752,0.69834,1.45,1.37
2018.05.09 21:10:54.729,0.69751,0.69833,1.45,1.37
2018.05.09 21:10:55.052,0.69749,0.69834,1.45,1.37
2018.05.09 21:10:56.038,0.69749,0.69834,1.45,1.37
2018.05.09 21:10:56.090,0.69752,0.6984,1.45,1.37
2018.05.09 21:10:56.141,0.69752,0.69842,1.45,1.37
2018.05.09 21:10:56.297,0.69752,0.69844,1.45,1.37
2018.05.09 21:10:56.820,0.6975,0.6985,1.45,1.37
2018.05.09 21:10:56.923,0.69753,0.69851,1.45,1.37
2018.05.09 21:10:57.505,0.69756,0.69851,1.45,1.37
2018.05.09 21:10:57.834,0.69756,0.69851,1.45,1.37
2018.05.09 21:10:57.885,0.69757,0.69852,1.45,1.37
2018.05.09 21:10:58.568,0.69774,0.6985,1.45,1.37
2018.05.09 21:10:59.256,0.69775,0.69851,1.00,1.37
2018.05.09 21:10:59.799,0.69751,0.69852,1.10,1.37
2018.05.09 21:11:00.883,0.69752,0.69854,1.00,1.37
2018.05.09 21:11:01.162,0.69759,0.69853,1.00,1.37
2018.05.09 21:11:02.333,0.69759,0.69852,1.00,1.00
2018.05.09 21:11:02.841,0.69757,0.69853,1.00,1.00
2018.05.09 21:11:04.466,0.69759,0.69855,2.25,1.00
2018.05.09 21:11:04.775,0.69772,0.69863,1.00,1.00
2018.05.09 21:11:05.150,0.69772,0.69863,1.50,1.00
2018.05.09 21:11:06.140,0.69774,0.69865,1.37,1.00
2018.05.09 21:11:06.191,0.69774,0.69865,1.50,1.00
2018.05.09 21:11:07.143,0.69775,0.69865,1.37,1.00
2018.05.09 21:11:07.717,0.69768,0.69863,2.25,1.00
2018.05.09 21:11:08.187,0.69768,0.69864,1.87,1.00
2018.05.09 21:11:09.966,0.69779,0.69862,1.37,1.00
2018.05.09 21:11:10.067,0.69777,0.69869,1.75,1.00
2018.05.09 21:11:10.119,0.69781,0.69863,1.37,1.00
2018.05.09 21:11:10.915,0.69781,0.69863,1.12,1.00
2018.05.09 21:11:11.519,0.69778,0.69867,1.37,1.00
2018.05.09 21:11:12.030,0.69778,0.69867,1.50,1.00
2018.05.09 21:11:12.081,0.69782,0.69863,1.00,1.00
2018.05.09 21:11:12.643,0.69782,0.69865,1.00,1.00
2018.05.09 21:11:12.694,0.69784,0.6987,1.00,1.00
2018.05.09 21:11:13.341,0.69786,0.69867,1.00,1.00
2018.05.09 21:11:13.393,0.69787,0.69877,1.00,1.00
2018.05.09 21:11:13.445,0.69786,0.69879,1.50,1.00
2018.05.09 21:11:13.496,0.69786,0.69886,2.25,1.00
2018.05.09 21:11:14.105,0.69786,0.69885,2.25,1.00
2018.05.09 21:11:14.491,0.69786,0.69886,2.25,1.00
2018.05.09 21:11:15.032,0.69791,0.69885,1.12,1.00
2018.05.09 21:11:15.508,0.69791,0.69885,2.25,1.00
2018.05.09 21:11:16.298,0.69791,0.69886,2.25,1.00
2018.05.09 21:11:16.465,0.69791,0.69886,1.87,1.00
2018.05.09 21:11:16.752,0.69792,0.69891,1.00,1.00
2018.05.09 21:11:16.803,0.69792,0.69882,1.00,1.00
2018.05.09 21:11:16.905,0.69792,0.69886,1.00,1.00
2018.05.09 21:11:17.079,0.69792,0.69882,1.00,1.00
2018.05.09 21:11:17.130,0.69792,0.69887,1.00,1.00
2018.05.09 21:11:17.241,0.69792,0.69883,1.00,1.00
2018.05.09 21:11:17.392,0.69792,0.69886,1.00,1.00
2018.05.09 21:11:17.464,0.69792,0.69886,1.37,1.00
2018.05.09 21:11:17.897,0.69792,0.69882,1.37,1.00
2018.05.09 21:11:18.107,0.69791,0.69886,2.25,1.00
2018.05.09 21:11:18.267,0.69791,0.69883,2.25,1.00
2018.05.09 21:11:18.456,0.69791,0.69887,2.25,1.00
2018.05.09 21:11:18.646,0.69791,0.69883,1.87,1.00
2018.05.09 21:11:18.826,0.69791,0.69886,1.87,1.00
2018.05.09 21:11:19.046,0.69791,0.69883,1.87,1.00
2018.05.09 21:11:19.206,0.69791,0.69887,1.87,1.00
2018.05.09 21:11:19.388,0.69791,0.69883,1.87,1.00
2018.05.09 21:11:19.692,0.69791,0.69881,2.25,1.00
2018.05.09 21:11:23.090,0.69791,0.69882,2.25,1.00
2018.05.09 21:11:23.436,0.69793,0.69881,1.75,1.00
2018.05.09 21:11:24.090,0.69798,0.69881,1.37,1.00
2018.05.09 21:11:24.790,0.69798,0.69886,1.75,1.00
2018.05.09 21:11:24.841,0.69804,0.69899,1.75,1.00
2018.05.09 21:11:25.458,0.6981,0.699,1.37,1.00
2018.05.09 21:11:25.849,0.6981,0.69905,1.37,1.00
2018.05.09 21:11:26.081,0.6981,0.69902,1.37,1.00
2018.05.09 21:11:26.131,0.6981,0.69907,1.37,1.00
2018.05.09 21:11:26.337,0.6981,0.69904,1.37,1.00
2018.05.09 21:11:26.860,0.69805,0.69904,1.75,1.00
2018.05.09 21:11:27.461,0.69805,0.69905,1.75,1.00
2018.05.09 21:11:28.209,0.69805,0.69905,1.75,1.00
2018.05.09 21:11:28.928,0.69805,0.69904,1.75,1.00
2018.05.09 21:11:31.463,0.69805,0.69901,2.25,1.00
2018.05.09 21:11:32.414,0.69805,0.69901,2.25,1.00
2018.05.09 21:11:32.465,0.69805,0.69904,2.25,1.00
2018.05.09 21:11:33.414,0.69805,0.69904,1.75,1.00
2018.05.09 21:11:34.870,0.69805,0.69898,1.75,1.00
2018.05.09 21:11:35.823,0.69804,0.69898,3.00,1.00
2018.05.09 21:11:36.342,0.69808,0.69899,1.75,1.00
2018.05.09 21:11:36.850,0.69807,0.699,1.75,1.00
2018.05.09 21:11:37.457,0.69811,0.69902,1.75,1.00
2018.05.09 21:11:38.466,0.69816,0.69907,1.75,1.00
2018.05.09 21:11:38.568,0.69816,0.69904,1.75,1.00
2018.05.09 21:11:38.669,0.69813,0.69906,1.75,1.00
2018.05.09 21:11:38.840,0.69812,0.69905,2.25,1.00
2018.05.09 21:11:39.920,0.69811,0.69905,2.25,1.00
2018.05.09 21:11:40.650,0.69813,0.69904,1.75,1.00
2018.05.09 21:11:41.155,0.69812,0.69905,1.75,1.00
2018.05.09 21:11:41.909,0.69812,0.69905,1.75,1.00
2018.05.09 21:11:42.924,0.69812,0.69905,1.75,1.00
2018.05.09 21:11:43.540,0.69811,0.69904,2.25,1.00
2018.05.09 21:11:44.910,0.69811,0.69904,2.25,1.00
2018.05.09 21:11:45.346,0.69811,0.69906,2.25,1.00
2018.05.09 21:11:45.864,0.69811,0.69907,2.25,1.00
2018.05.09 21:11:45.914,0.69811,0.69907,2.25,1.00
2018.05.09 21:11:46.743,0.69811,0.69906,2.25,1.00
2018.05.09 21:11:47.462,0.69811,0.69905,3.00,1.00
2018.05.09 21:11:47.910,0.69811,0.69904,2.25,1.00
2018.05.09 21:11:48.425,0.69812,0.69905,1.75,1.00
2018.05.09 21:11:48.635,0.69811,0.69909,2.25,1.00
2018.05.09 21:11:48.686,0.69812,0.69911,1.75,1.00
2018.05.09 21:11:48.911,0.69814,0.69912,1.75,1.00
2018.05.09 21:11:49.639,0.69815,0.69913,1.75,1.00
2018.05.09 21:11:49.942,0.69815,0.69905,1.75,1.00
2018.05.09 21:11:50.952,0.69815,0.69905,1.75,1.00
2018.05.09 21:11:51.944,0.69815,0.69905,1.75,1.00
2018.05.09 21:11:52.913,0.69815,0.69905,1.75,1.00
2018.05.09 21:11:53.512,0.69815,0.69905,1.12,1.00
2018.05.09 21:11:54.122,0.69813,0.69904,1.37,1.00
2018.05.09 21:11:54.678,0.69813,0.69904,1.50,1.00
2018.05.09 21:11:54.729,0.69814,0.69902,1.37,1.00
2018.05.09 21:11:55.328,0.69813,0.69901,1.50,1.00
2018.05.09 21:11:55.664,0.69813,0.69901,1.75,1.00
2018.05.09 21:11:56.454,0.69809,0.6989,1.00,1.00
2018.05.09 21:11:56.504,0.69801,0.69903,1.37,1.00
2018.05.09 21:11:57.416,0.69801,0.69903,1.50,1.00
2018.05.09 21:11:57.467,0.69801,0.69901,1.50,1.00
2018.05.09 21:11:57.976,0.69801,0.699,1.50,1.00
2018.05.09 21:11:58.417,0.69799,0.699,2.25,1.00
2018.05.09 21:11:58.814,0.69806,0.69898,1.50,1.00
2018.05.09 21:11:59.296,0.69812,0.699,1.00,1.00
2018.05.09 21:11:59.615,0.69807,0.69901,1.75,1.00
2018.05.09 21:12:02.417,0.69812,0.69901,1.75,1.00
2018.05.09 21:12:05.536,0.69836,0.69901,1.00,1.00
2018.05.09 21:12:07.154,0.69836,0.699,1.00,1.00
2018.05.09 21:12:07.510,0.69839,0.69901,1.00,1.50
2018.05.09 21:12:07.804,0.69837,0.699,1.00,1.00
2018.05.09 21:12:08.470,0.69837,0.69901,1.00,1.12
2018.05.09 21:12:09.204,0.69838,0.69901,1.00,1.12
2018.05.09 21:12:10.213,0.69839,0.69901,1.00,1.12
2018.05.09 21:12:10.898,0.6984,0.69901,1.00,1.00
2018.05.09 21:12:12.301,0.69839,0.69901,1.00,1.00
2018.05.09 21:12:12.881,0.69838,0.69901,1.00,1.00
2018.05.09 21:12:13.396,0.69838,0.699,1.00,1.00
2018.05.09 21:12:14.192,0.69837,0.699,1.00,1.00
2018.05.09 21:12:15.296,0.69836,0.699,1.00,1.00
2018.05.09 21:12:15.347,0.69839,0.69901,1.00,1.12
2018.05.09 21:12:16.308,0.69839,0.69901,1.00,1.37
2018.05.09 21:12:16.844,0.69839,0.69901,1.00,1.00
2018.05.09 21:12:17.710,0.69839,0.69902,1.00,1.00
2018.05.09 21:12:19.489,0.69841,0.69901,1.00,1.00
2018.05.09 21:12:20.142,0.69842,0.69901,1.00,1.00
2018.05.09 21:12:21.428,0.69842,0.69903,1.00,1.00
2018.05.09 21:12:21.479,0.69842,0.69901,1.00,1.00
2018.05.09 21:12:22.127,0.69841,0.69901,1.00,1.00
2018.05.09 21:12:23.432,0.69841,0.699,1.00,1.00
2018.05.09 21:12:27.639,0.69843,0.699,1.00,1.00
2018.05.09 21:12:27.741,0.69841,0.699,1.00,1.00
2018.05.09 21:12:28.638,0.69841,0.69901,1.00,1.00
2018.05.09 21:12:29.437,0.69841,0.69903,1.00,1.12
2018.05.09 21:12:29.488,0.69841,0.69901,1.00,1.00
2018.05.09 21:12:30.048,0.69842,0.69901,1.00,1.00
2018.05.09 21:12:32.116,0.69843,0.69901,1.00,1.00
2018.05.09 21:12:32.689,0.69842,0.69902,1.00,1.00
2018.05.09 21:12:33.026,0.6984,0.69901,1.00,1.00
2018.05.09 21:12:34.062,0.69841,0.69901,1.00,1.00
2018.05.09 21:12:34.113,0.69844,0.69898,1.00,1.00
2018.05.09 21:12:34.165,0.69842,0.699,1.00,1.00
2018.05.09 21:12:34.216,0.6984,0.69901,1.00,1.00
2018.05.09 21:12:36.519,0.69841,0.69901,1.00,1.00
2018.05.09 21:12:36.864,0.69839,0.69901,1.00,1.00
2018.05.09 21:12:36.916,0.69841,0.69902,1.00,1.12
2018.05.09 21:12:36.967,0.69839,0.69902,1.00,1.12
2018.05.09 21:12:37.018,0.69838,0.699,1.00,1.37
2018.05.09 21:12:37.069,0.69836,0.69902,1.00,1.37
2018.05.09 21:12:37.589,0.69836,0.69902,1.00,1.12
2018.05.09 21:12:37.642,0.69839,0.699,1.00,1.00
2018.05.09 21:12:37.968,0.69845,0.69898,1.00,1.00
2018.05.09 21:12:40.115,0.69845,0.69899,1.00,1.00
2018.05.09 21:12:42.014,0.69847,0.69899,1.00,1.00
2018.05.09 21:12:42.594,0.69846,0.69902,1.00,1.00
2018.05.09 21:12:42.696,0.69843,0.69902,1.00,1.00
2018.05.09 21:12:42.817,0.69841,0.69902,1.00,1.00
2018.05.09 21:12:42.868,0.69822,0.69902,1.00,1.00
2018.05.09 21:12:42.920,0.69817,0.69901,1.37,1.37
2018.05.09 21:12:43.224,0.69818,0.69901,1.00,1.75
2018.05.09 21:12:43.580,0.69821,0.69901,1.00,1.75
2018.05.09 21:12:43.840,0.6982,0.69899,1.00,1.50
2018.05.09 21:12:43.942,0.69822,0.69902,1.00,1.37
2018.05.09 21:12:43.993,0.69824,0.69903,1.00,1.37
2018.05.09 21:12:44.095,0.69824,0.69903,1.00,1.37
2018.05.09 21:12:45.184,0.69824,0.69903,1.00,1.37
2018.05.09 21:12:45.858,0.69823,0.699,1.00,1.37
2018.05.09 21:12:46.226,0.69821,0.69887,1.00,1.00
2018.05.09 21:12:46.481,0.69812,0.69883,1.00,1.00
2018.05.09 21:12:46.532,0.6981,0.69883,1.00,1.00
2018.05.09 21:12:46.584,0.69808,0.69871,1.00,1.00
2018.05.09 21:12:46.885,0.69801,0.69864,1.00,1.00
2018.05.09 21:12:46.989,0.69803,0.69867,1.00,1.00
2018.05.09 21:12:47.040,0.69804,0.6987,1.00,1.00
2018.05.09 21:12:47.091,0.69802,0.69867,1.00,1.00
2018.05.09 21:12:47.460,0.69807,0.69866,1.00,1.00
2018.05.09 21:12:47.765,0.69805,0.69864,1.00,1.00
2018.05.09 21:12:48.205,0.69808,0.69865,1.00,1.00
2018.05.09 21:12:48.256,0.69806,0.69865,1.00,1.00
2018.05.09 21:12:48.758,0.69803,0.69866,1.00,1.00
2018.05.09 21:12:48.901,0.69798,0.69865,1.00,1.00
2018.05.09 21:12:49.004,0.69796,0.69864,1.00,1.00
2018.05.09 21:12:49.055,0.69797,0.69866,1.00,1.00
2018.05.09 21:12:49.565,0.69797,0.69865,1.00,1.00
2018.05.09 21:12:50.214,0.69796,0.69865,1.00,1.00
2018.05.09 21:12:50.874,0.69795,0.69865,1.00,1.00
2018.05.09 21:12:51.533,0.69794,0.69865,1.00,1.00
2018.05.09 21:12:52.054,0.69801,0.69865,1.00,1.00
2018.05.09 21:12:52.106,0.69799,0.69866,1.00,1.00
2018.05.09 21:12:52.644,0.69797,0.69863,1.00,1.00
2018.05.09 21:12:53.135,0.69793,0.69862,1.00,1.50
2018.05.09 21:12:53.647,0.69793,0.69863,1.00,1.12
2018.05.09 21:12:58.846,0.69786,0.69864,1.00,1.37
2018.05.09 21:12:59.748,0.69792,0.69863,1.00,1.12
2018.05.09 21:13:00.198,0.69793,0.69865,1.00,1.00
2018.05.09 21:13:00.308,0.69793,0.69862,1.00,1.00
2018.05.09 21:13:00.411,0.69794,0.69864,1.00,1.00
2018.05.09 21:13:01.356,0.69788,0.69866,1.00,1.37
2018.05.09 21:13:01.460,0.69791,0.69865,1.00,1.37
2018.05.09 21:13:01.562,0.69791,0.69865,1.00,1.37
2018.05.09 21:13:01.715,0.69791,0.69865,1.00,1.00
2018.05.09 21:13:01.989,0.69794,0.69868,1.00,1.12
2018.05.09 21:13:02.091,0.69798,0.69875,1.00,1.50
2018.05.09 21:13:02.348,0.69795,0.69878,1.00,1.12
2018.05.09 21:13:02.399,0.69798,0.69888,1.00,1.37
2018.05.09 21:13:02.450,0.69795,0.69883,1.00,1.37
2018.05.09 21:13:03.875,0.69801,0.69882,1.00,1.37
2018.05.09 21:13:05.302,0.69796,0.69884,1.00,1.37
2018.05.09 21:13:06.156,0.69801,0.69884,1.00,1.37
2018.05.09 21:13:08.800,0.69796,0.69884,1.00,1.37
2018.05.09 21:13:09.077,0.69802,0.69883,1.00,1.37
2018.05.09 21:13:11.801,0.69796,0.69885,1.00,1.37
2018.05.09 21:13:12.230,0.69798,0.69885,1.00,1.37
2018.05.09 21:13:12.454,0.69796,0.69887,1.00,1.37
2018.05.09 21:13:12.575,0.69798,0.69886,1.00,1.37
2018.05.09 21:13:12.766,0.69796,0.69887,1.00,1.37
2018.05.09 21:13:12.955,0.69798,0.69886,1.00,1.37
2018.05.09 21:13:13.007,0.69798,0.69886,1.00,1.37
2018.05.09 21:13:13.385,0.69801,0.69885,1.00,1.37
2018.05.09 21:13:13.927,0.69802,0.69886,1.00,1.37
2018.05.09 21:13:14.454,0.69803,0.69887,1.00,1.37
2018.05.09 21:13:15.204,0.69801,0.69887,1.00,1.37
2018.05.09 21:13:15.298,0.69803,0.69887,1.00,1.37
2018.05.09 21:13:15.938,0.69802,0.69887,1.00,1.37
2018.05.09 21:13:16.440,0.69802,0.69887,1.00,1.37
2018.05.09 21:13:16.999,0.69802,0.69888,1.00,1.37
2018.05.09 21:13:17.510,0.69802,0.69888,1.00,1.37
2018.05.09 21:13:17.833,0.69809,0.6989,1.00,1.37
2018.05.09 21:13:17.935,0.69807,0.6989,1.00,1.37
2018.05.09 21:13:18.650,0.69808,0.6989,1.00,1.37
2018.05.09 21:13:19.310,0.69808,0.6989,1.00,1.37
2018.05.09 21:13:20.106,0.69809,0.6989,1.00,1.37
2018.05.09 21:13:20.955,0.69808,0.69891,1.00,1.87
2018.05.09 21:13:21.256,0.69817,0.69891,1.00,1.87
2018.05.09 21:13:21.925,0.69818,0.69891,1.00,1.37
2018.05.09 21:13:22.942,0.69819,0.69891,1.00,1.37
2018.05.09 21:13:23.687,0.6982,0.69891,1.00,1.87
2018.05.09 21:13:24.644,0.6982,0.69891,1.00,1.37
2018.05.09 21:13:25.644,0.6982,0.69891,1.00,1.37
2018.05.09 21:13:26.012,0.69818,0.69891,1.00,1.37
2018.05.09 21:13:27.945,0.6982,0.69891,1.00,1.37
2018.05.09 21:13:27.996,0.69818,0.69891,1.00,1.37
2018.05.09 21:13:28.857,0.69818,0.69891,1.00,1.37
2018.05.09 21:13:28.997,0.69821,0.69891,1.00,1.37
2018.05.09 21:13:32.034,0.6982,0.69891,1.00,1.37
2018.05.09 21:13:32.542,0.69819,0.69891,1.00,1.37
2018.05.09 21:13:34.521,0.69814,0.69891,1.00,1.87
2018.05.09 21:13:35.061,0.69815,0.69891,1.00,1.87
2018.05.09 21:13:35.579,0.69814,0.69891,1.00,1.37
2018.05.09 21:13:35.631,0.69817,0.69891,1.00,1.87
2018.05.09 21:13:35.767,0.69814,0.69891,1.00,1.37
2018.05.09 21:13:36.329,0.69813,0.6989,1.00,1.37
2018.05.09 21:13:37.517,0.69815,0.6989,1.00,1.37
2018.05.09 21:13:38.104,0.69816,0.6989,1.00,1.37
2018.05.09 21:13:38.307,0.69814,0.6989,1.00,1.37
2018.05.09 21:13:38.358,0.69816,0.6989,1.00,1.37
2018.05.09 21:13:38.519,0.69814,0.6989,1.00,1.37
2018.05.09 21:13:38.917,0.69816,0.6989,1.00,1.37
2018.05.09 21:13:38.986,0.69814,0.6989,1.00,1.37
2018.05.09 21:13:39.525,0.69813,0.6989,1.00,1.37
2018.05.09 21:13:39.835,0.69815,0.6989,1.00,1.37
2018.05.09 21:13:39.982,0.69813,0.6989,1.00,1.37
2018.05.09 21:13:40.096,0.69816,0.6989,1.00,1.87
2018.05.09 21:13:40.147,0.69814,0.6989,1.00,1.37
2018.05.09 21:13:40.300,0.69816,0.6989,1.00,1.87
2018.05.09 21:13:40.351,0.69814,0.6989,1.00,1.37
2018.05.09 21:13:40.402,0.69816,0.6989,1.00,1.87
2018.05.09 21:13:40.569,0.69814,0.6989,1.00,1.37
2018.05.09 21:13:41.088,0.69815,0.6989,1.00,1.37
2018.05.09 21:13:41.167,0.69814,0.6989,1.00,1.87
2018.05.09 21:13:41.269,0.69816,0.6989,1.00,1.37
2018.05.09 21:13:41.330,0.69814,0.6989,1.00,1.37
2018.05.09 21:13:41.558,0.69816,0.6989,1.00,1.37
2018.05.09 21:13:41.798,0.69814,0.6989,1.00,1.37
2018.05.09 21:13:41.901,0.69816,0.6989,1.00,1.37
2018.05.09 21:13:42.105,0.69814,0.6989,1.00,1.37
2018.05.09 21:13:43.471,0.69832,0.6989,1.00,1.37
2018.05.09 21:13:43.523,0.69829,0.6989,1.00,1.37
2018.05.09 21:13:44.041,0.69831,0.6989,1.00,1.37
2018.05.09 21:13:44.092,0.69829,0.69885,1.00,1.12
2018.05.09 21:13:45.668,0.69832,0.69885,1.00,1.00
2018.05.09 21:13:46.511,0.69833,0.69885,1.00,1.00
2018.05.09 21:13:46.562,0.69831,0.69885,1.00,1.00
2018.05.09 21:13:47.687,0.69829,0.69885,1.00,1.00
2018.05.09 21:13:48.882,0.6983,0.69885,1.00,1.00
2018.05.09 21:13:49.550,0.69831,0.69885,1.00,1.00
2018.05.09 21:13:50.468,0.69831,0.69891,1.00,1.37
2018.05.09 21:13:51.064,0.69831,0.69891,1.00,1.37
2018.05.09 21:13:51.217,0.69832,0.69891,1.00,1.37
2018.05.09 21:13:51.370,0.69832,0.69891,1.00,1.37
2018.05.09 21:13:51.661,0.69832,0.69891,1.00,1.37
2018.05.09 21:13:52.652,0.6983,0.69891,1.00,1.37
2018.05.09 21:13:52.968,0.6983,0.69885,1.00,1.00
2018.05.09 21:13:53.278,0.69833,0.69885,1.00,1.00
2018.05.09 21:13:54.799,0.69832,0.69885,1.00,1.00
2018.05.09 21:13:55.499,0.69834,0.69885,1.00,1.00
2018.05.09 21:13:55.651,0.69834,0.69895,1.00,1.87
2018.05.09 21:13:55.701,0.69837,0.69895,1.00,1.87
2018.05.09 21:13:55.753,0.69824,0.69895,1.12,1.37
2018.05.09 21:13:55.804,0.69822,0.69895,1.37,1.37
2018.05.09 21:13:55.906,0.69834,0.69905,1.00,1.87
2018.05.09 21:13:56.059,0.69839,0.69901,1.00,1.00
2018.05.09 21:13:56.110,0.69831,0.69901,1.75,1.00
2018.05.09 21:13:56.436,0.69818,0.699,1.12,1.37
2018.05.09 21:13:56.538,0.69818,0.69899,1.12,1.37
2018.05.09 21:13:56.703,0.69816,0.69899,1.75,1.37
2018.05.09 21:13:57.489,0.69817,0.69899,1.37,1.37
2018.05.09 21:13:59.538,0.69819,0.69901,1.75,1.87
2018.05.09 21:14:00.216,0.69806,0.69886,1.95,1.00
2018.05.09 21:14:00.268,0.69812,0.69886,1.00,1.00
2018.05.09 21:14:00.575,0.69798,0.69882,1.75,1.37
2018.05.09 21:14:00.626,0.69799,0.69883,1.50,1.87
2018.05.09 21:14:01.190,0.69796,0.69883,1.00,1.87
2018.05.09 21:14:01.692,0.69789,0.69875,1.37,1.37
2018.05.09 21:14:01.896,0.69786,0.69875,1.75,1.37
2018.05.09 21:14:02.099,0.69786,0.69875,1.00,1.37
2018.05.09 21:14:02.429,0.69776,0.69881,1.37,1.37
2018.05.09 21:14:02.531,0.69769,0.6987,1.00,1.37
2018.05.09 21:14:02.582,0.69773,0.6987,1.00,1.00
2018.05.09 21:14:02.633,0.69769,0.69871,1.00,1.00
2018.05.09 21:14:02.684,0.6977,0.69869,1.00,1.00
2018.05.09 21:14:02.902,0.6977,0.69872,1.00,1.00
2018.05.09 21:14:03.138,0.69772,0.69872,1.00,1.00
2018.05.09 21:14:03.291,0.69773,0.69875,1.00,1.00
2018.05.09 21:14:03.366,0.69778,0.69875,1.00,1.00
2018.05.09 21:14:03.470,0.69774,0.69875,1.00,1.00
2018.05.09 21:14:03.521,0.69769,0.6988,1.00,1.00
2018.05.09 21:14:03.623,0.69769,0.69877,1.00,1.00
2018.05.09 21:14:03.674,0.69769,0.69879,1.50,1.00
2018.05.09 21:14:03.724,0.69769,0.6988,1.50,1.87
2018.05.09 21:14:03.844,0.69769,0.6988,1.00,1.00
2018.05.09 21:14:03.945,0.69769,0.69882,1.00,1.00
2018.05.09 21:14:04.047,0.69766,0.69884,1.50,1.00
2018.05.09 21:14:04.098,0.69769,0.69886,1.00,1.00
2018.05.09 21:14:04.415,0.69774,0.69885,1.00,1.00
2018.05.09 21:14:04.741,0.69786,0.69891,1.00,1.00
2018.05.09 21:14:05.070,0.69789,0.69891,1.00,1.00
2018.05.09 21:14:05.339,0.69785,0.69891,1.00,1.00
2018.05.09 21:14:05.390,0.69783,0.69891,1.00,1.00
2018.05.09 21:14:06.324,0.69784,0.69891,1.00,1.00
2018.05.09 21:14:07.440,0.69785,0.6989,1.00,1.00
2018.05.09 21:14:07.929,0.69798,0.6989,1.00,1.00
2018.05.09 21:14:08.468,0.69799,0.6989,1.00,1.00
2018.05.09 21:14:09.870,0.698,0.6989,1.00,1.00
2018.05.09 21:14:10.920,0.69802,0.6989,1.00,1.00
2018.05.09 21:14:11.441,0.698,0.6989,1.00,1.00
2018.05.09 21:14:13.751,0.69799,0.6989,1.00,1.00
2018.05.09 21:14:14.787,0.69789,0.69888,1.00,1.00
2018.05.09 21:14:15.345,0.69791,0.69888,1.00,1.00
2018.05.09 21:14:15.923,0.69791,0.69887,1.00,1.00
2018.05.09 21:14:16.918,0.69791,0.69886,1.00,1.00
2018.05.09 21:14:16.969,0.69787,0.69886,1.00,1.00
2018.05.09 21:14:17.425,0.69782,0.69886,1.50,1.00
2018.05.09 21:14:20.761,0.69782,0.69887,1.00,1.00
2018.05.09 21:14:22.463,0.69782,0.69886,1.00,1.00
2018.05.09 21:14:22.514,0.69782,0.69857,1.50,1.00
2018.05.09 21:14:22.565,0.69772,0.69859,1.50,1.00
2018.05.09 21:14:22.616,0.69777,0.69864,1.00,1.00
2018.05.09 21:14:22.668,0.69776,0.69868,1.00,1.00
2018.05.09 21:14:22.719,0.6978,0.69876,1.00,1.00
2018.05.09 21:14:22.820,0.69782,0.69876,1.00,1.00
2018.05.09 21:14:23.791,0.69783,0.69876,1.00,1.00
2018.05.09 21:14:24.374,0.69783,0.69878,1.00,1.00
2018.05.09 21:14:24.806,0.69785,0.69878,1.00,1.00
2018.05.09 21:14:25.305,0.69785,0.6988,1.00,1.00
2018.05.09 21:14:25.356,0.69785,0.69883,1.00,1.00
2018.05.09 21:14:25.913,0.69786,0.69883,1.00,1.00
2018.05.09 21:14:26.365,0.69786,0.69881,1.00,1.00
2018.05.09 21:14:26.624,0.69786,0.69889,1.00,1.00
2018.05.09 21:14:28.345,0.69787,0.69889,1.00,1.00
2018.05.09 21:14:28.866,0.69788,0.69888,1.00,1.00
2018.05.09 21:14:30.305,0.69789,0.69888,1.00,1.00
2018.05.09 21:14:30.844,0.69789,0.69887,1.00,1.00
2018.05.09 21:14:31.348,0.69787,0.69887,1.00,1.00
2018.05.09 21:14:31.830,0.69785,0.69886,1.00,1.00
2018.05.09 21:14:31.881,0.69787,0.69886,1.00,1.00
2018.05.09 21:14:32.985,0.69786,0.69886,1.00,1.00
2018.05.09 21:14:34.217,0.69788,0.69885,1.00,1.00
2018.05.09 21:14:39.372,0.69785,0.69884,1.00,1.00
2018.05.09 21:14:39.828,0.69782,0.69885,1.00,1.00
2018.05.09 21:14:41.298,0.69786,0.69885,1.00,1.00
2018.05.09 21:14:41.880,0.69787,0.69885,1.00,1.50
2018.05.09 21:14:42.418,0.69787,0.69884,1.00,1.00
2018.05.09 21:14:43.079,0.69786,0.69884,1.00,1.00
2018.05.09 21:14:44.506,0.69786,0.69882,1.00,1.00
2018.05.09 21:14:44.556,0.69786,0.69884,1.00,1.00
2018.05.09 21:14:44.830,0.69786,0.69882,1.00,1.00
2018.05.09 21:14:45.345,0.69784,0.69882,1.00,1.00
2018.05.09 21:14:45.447,0.69786,0.69882,1.00,1.00
2018.05.09 21:14:45.770,0.69788,0.69882,1.00,1.00
2018.05.09 21:14:46.463,0.69788,0.69881,1.00,1.00
2018.05.09 21:14:46.967,0.69788,0.69883,1.00,1.00
2018.05.09 21:14:47.832,0.69786,0.69883,1.00,1.00
2018.05.09 21:14:49.535,0.69787,0.69884,1.00,1.00
2018.05.09 21:14:49.636,0.69781,0.69885,1.50,1.00
2018.05.09 21:14:49.814,0.69787,0.69885,1.00,1.00
2018.05.09 21:14:49.865,0.69783,0.69885,1.00,1.00
2018.05.09 21:14:50.362,0.69788,0.69885,1.00,1.00
2018.05.09 21:14:50.413,0.69783,0.69885,1.00,1.00
2018.05.09 21:14:51.529,0.69784,0.69885,1.00,1.00
2018.05.09 21:14:52.550,0.69785,0.69885,1.00,1.00
2018.05.09 21:14:55.105,0.69783,0.69885,1.00,1.00
2018.05.09 21:14:57.291,0.698,0.69885,1.00,1.00
2018.05.09 21:14:59.507,0.69802,0.69885,1.00,1.00
2018.05.09 21:14:59.659,0.698,0.69885,1.00,1.00
2018.05.09 21:14:59.735,0.69802,0.69885,1.00,1.00
2018.05.09 21:14:59.786,0.698,0.69885,1.00,1.00
2018.05.09 21:15:00.327,0.69803,0.69884,1.00,1.00
2018.05.09 21:15:00.444,0.69803,0.69886,1.00,1.50
2018.05.09 21:15:00.944,0.698,0.69886,1.00,1.50
2018.05.09 21:15:01.536,0.69801,0.69885,1.00,1.00
2018.05.09 21:15:04.767,0.69799,0.69886,1.00,1.50
2018.05.09 21:15:04.818,0.69803,0.69886,1.00,1.50
2018.05.09 21:15:05.572,0.69803,0.69877,1.00,1.00
2018.05.09 21:15:06.001,0.69813,0.69879,1.00,1.00
2018.05.09 21:15:06.513,0.69799,0.69879,1.00,1.00
2018.05.09 21:15:07.326,0.69799,0.69878,1.00,1.00
2018.05.09 21:15:07.377,0.69796,0.69878,1.00,1.00
2018.05.09 21:15:07.987,0.69796,0.69879,1.00,1.00
2018.05.09 21:15:08.925,0.69797,0.69879,1.00,1.00
2018.05.09 21:15:09.427,0.69801,0.69879,1.00,1.00
2018.05.09 21:15:09.876,0.69797,0.69879,1.00,1.00
2018.05.09 21:15:09.927,0.69801,0.69879,1.00,1.00
2018.05.09 21:15:10.297,0.69804,0.6988,1.00,1.00
2018.05.09 21:15:10.712,0.69801,0.6988,1.00,1.00
2018.05.09 21:15:10.813,0.69804,0.6988,1.00,1.00
2018.05.09 21:15:10.864,0.69801,0.6988,1.00,1.00
2018.05.09 21:15:10.967,0.69805,0.6988,1.00,1.00
2018.05.09 21:15:11.018,0.69801,0.6988,1.00,1.00
2018.05.09 21:15:11.068,0.69805,0.6988,1.00,1.00
2018.05.09 21:15:11.119,0.698,0.6988,1.00,1.00
2018.05.09 21:15:11.170,0.69804,0.6988,1.00,1.00
2018.05.09 21:15:11.221,0.698,0.6988,1.00,1.00
2018.05.09 21:15:11.323,0.69805,0.6988,1.00,1.00
2018.05.09 21:15:11.614,0.69801,0.6988,1.00,1.00
2018.05.09 21:15:11.716,0.69804,0.6988,1.00,1.00
2018.05.09 21:15:11.781,0.69801,0.6988,1.00,1.00
2018.05.09 21:15:11.832,0.69797,0.6988,1.00,1.00
2018.05.09 21:15:11.883,0.69802,0.6988,1.00,1.00
2018.05.09 21:15:12.609,0.69803,0.6988,1.00,1.00
2018.05.09 21:15:13.757,0.69806,0.6988,1.00,1.00
2018.05.09 21:15:14.258,0.69805,0.69881,1.00,1.00
2018.05.09 21:15:14.776,0.69804,0.69881,1.00,1.00
2018.05.09 21:15:15.251,0.69804,0.69878,1.00,1.00
2018.05.09 21:15:15.681,0.69808,0.69878,1.00,1.00
2018.05.09 21:15:16.238,0.69807,0.69878,1.00,1.00
2018.05.09 21:15:16.570,0.69811,0.69878,1.00,1.00
2018.05.09 21:15:16.844,0.69808,0.69878,1.00,1.00
2018.05.09 21:15:17.293,0.6981,0.69878,1.00,1.00
2018.05.09 21:15:17.361,0.69807,0.69878,1.00,1.00
2018.05.09 21:15:18.385,0.69807,0.6988,1.00,1.00
2018.05.09 21:15:18.436,0.69805,0.6988,1.00,1.00
2018.05.09 21:15:18.900,0.6981,0.6988,1.00,1.00
2018.05.09 21:15:19.053,0.69807,0.69881,1.00,1.00
2018.05.09 21:15:19.103,0.6981,0.69881,1.00,1.50
2018.05.09 21:15:19.520,0.69807,0.69881,1.00,1.00
2018.05.09 21:15:20.363,0.6981,0.69881,1.00,1.50
2018.05.09 21:15:21.416,0.69807,0.69881,1.00,1.00
2018.05.09 21:15:21.566,0.6981,0.69881,1.00,1.00
2018.05.09 21:15:22.358,0.69807,0.69881,1.00,1.00
2018.05.09 21:15:22.634,0.69814,0.6988,1.00,1.00
2018.05.09 21:15:22.938,0.69816,0.69883,1.00,1.50
2018.05.09 21:15:22.989,0.69818,0.69886,1.00,1.00
2018.05.09 21:15:23.040,0.69821,0.69886,1.00,1.00
2018.05.09 21:15:23.091,0.69821,0.6989,1.00,1.50
2018.05.09 21:15:23.295,0.69821,0.69887,1.00,1.00
2018.05.09 21:15:23.346,0.69822,0.6989,1.00,1.00
2018.05.09 21:15:23.705,0.69821,0.69887,1.00,1.00
2018.05.09 21:15:23.829,0.69821,0.6989,1.00,1.00
2018.05.09 21:15:24.018,0.69822,0.69886,1.00,1.00
2018.05.09 21:15:24.140,0.69822,0.6989,1.00,1.00
2018.05.09 21:15:24.198,0.69822,0.69886,1.00,1.00
2018.05.09 21:15:24.388,0.69821,0.6989,1.00,1.00
2018.05.09 21:15:24.439,0.69822,0.69886,1.00,1.00
2018.05.09 21:15:24.552,0.69819,0.69886,1.00,1.00
2018.05.09 21:15:24.603,0.69818,0.6989,1.00,1.00
2018.05.09 21:15:24.654,0.69821,0.69886,1.00,1.00
2018.05.09 21:15:24.758,0.69821,0.6989,1.00,1.00
2018.05.09 21:15:24.948,0.69821,0.69887,1.00,1.00
2018.05.09 21:15:24.999,0.69821,0.6989,1.00,1.00
2018.05.09 21:15:25.138,0.69821,0.69887,1.00,1.00
2018.05.09 21:15:25.319,0.69821,0.6989,1.00,1.00
2018.05.09 21:15:25.538,0.69818,0.69884,1.00,1.00
2018.05.09 21:15:25.640,0.69818,0.6989,1.00,1.00
2018.05.09 21:15:25.691,0.69818,0.69894,1.00,1.00
2018.05.09 21:15:26.092,0.69815,0.69895,1.00,1.50
2018.05.09 21:15:26.209,0.69819,0.69893,1.00,1.00
2018.05.09 21:15:26.564,0.69814,0.69895,1.00,1.50
2018.05.09 21:15:26.764,0.69807,0.69888,1.00,1.00
2018.05.09 21:15:26.876,0.69806,0.69895,1.00,1.50
2018.05.09 21:15:27.189,0.69813,0.69887,1.00,1.00
2018.05.09 21:15:27.379,0.69818,0.69895,1.00,1.00
2018.05.09 21:15:27.429,0.69819,0.69885,1.00,1.00
2018.05.09 21:15:27.587,0.69818,0.69895,1.00,1.00
2018.05.09 21:15:27.750,0.69818,0.69886,1.00,1.00
2018.05.09 21:15:27.869,0.69818,0.69895,1.00,1.00
2018.05.09 21:15:27.940,0.69819,0.69885,1.00,1.00
2018.05.09 21:15:28.119,0.69819,0.69895,1.00,1.00
2018.05.09 21:15:28.309,0.69819,0.69885,1.00,1.00
2018.05.09 21:15:28.500,0.69818,0.69895,1.00,1.00
2018.05.09 21:15:28.679,0.69818,0.69886,1.00,1.00
2018.05.09 21:15:28.744,0.69818,0.69895,1.00,1.00
2018.05.09 21:15:28.956,0.69818,0.69886,1.00,1.00
2018.05.09 21:15:29.059,0.69818,0.69895,1.00,1.00
2018.05.09 21:15:29.155,0.69814,0.69895,1.00,1.00
2018.05.09 21:15:29.256,0.69814,0.69887,1.00,1.00
2018.05.09 21:15:29.307,0.69818,0.69895,1.00,1.50
2018.05.09 21:15:29.590,0.69815,0.69895,1.00,1.00
2018.05.09 21:15:29.641,0.69815,0.69886,1.00,1.50
2018.05.09 21:15:29.793,0.69809,0.69886,1.00,1.00
2018.05.09 21:15:29.847,0.69803,0.69886,1.00,1.00
2018.05.09 21:15:29.898,0.69808,0.69886,1.00,1.00
2018.05.09 21:15:29.949,0.69796,0.69886,1.00,1.00
2018.05.09 21:15:30.223,0.69801,0.69886,1.00,1.00
2018.05.09 21:15:30.362,0.69797,0.69886,1.00,1.00
2018.05.09 21:15:30.555,0.69801,0.69886,1.00,1.00
2018.05.09 21:15:30.741,0.69797,0.69886,1.00,1.00
2018.05.09 21:15:30.820,0.69795,0.69886,1.00,1.00
2018.05.09 21:15:30.871,0.69798,0.69886,1.00,1.00
2018.05.09 21:15:31.112,0.69794,0.69886,1.00,1.00
2018.05.09 21:15:31.163,0.69799,0.69885,1.00,1.00
2018.05.09 21:15:31.264,0.69794,0.69881,1.00,1.00
2018.05.09 21:15:31.315,0.69806,0.69881,1.00,1.00
2018.05.09 21:15:31.366,0.69807,0.69885,1.00,1.00
2018.05.09 21:15:31.473,0.6981,0.69885,1.00,1.00
2018.05.09 21:15:31.524,0.69813,0.69891,1.00,1.00
2018.05.09 21:15:31.668,0.69814,0.69886,1.00,1.00
2018.05.09 21:15:31.766,0.69815,0.69891,1.00,1.00
2018.05.09 21:15:31.876,0.69815,0.69886,1.00,1.00
2018.05.09 21:15:31.927,0.69815,0.69891,1.00,1.00
2018.05.09 21:15:32.127,0.69816,0.69885,1.00,1.00
2018.05.09 21:15:32.230,0.69815,0.69891,1.00,1.00
2018.05.09 21:15:32.367,0.69818,0.69891,1.00,1.00
2018.05.09 21:15:32.789,0.69818,0.69886,1.00,1.00
2018.05.09 21:15:32.938,0.69818,0.69891,1.00,1.00
2018.05.09 21:15:32.989,0.69818,0.69886,1.00,1.00
2018.05.09 21:15:33.198,0.69819,0.69891,1.00,1.00
2018.05.09 21:15:33.349,0.69818,0.69887,1.00,1.00
2018.05.09 21:15:33.408,0.69818,0.69891,1.00,1.00
2018.05.09 21:15:33.543,0.69818,0.69887,1.00,1.00
2018.05.09 21:15:33.719,0.69819,0.69891,1.00,1.00
2018.05.09 21:15:33.909,0.69818,0.69887,1.00,1.00
2018.05.09 21:15:34.098,0.69818,0.69891,1.00,1.00
2018.05.09 21:15:34.279,0.69819,0.69887,1.00,1.00
2018.05.09 21:15:34.436,0.69818,0.69891,1.00,1.00
2018.05.09 21:15:34.487,0.69818,0.69888,1.00,1.00
2018.05.09 21:15:34.659,0.69818,0.69891,1.00,1.00
2018.05.09 21:15:34.845,0.69818,0.69888,1.00,1.00
2018.05.09 21:15:35.036,0.69819,0.69891,1.00,1.00
2018.05.09 21:15:35.230,0.69819,0.69888,1.00,1.00
2018.05.09 21:15:35.399,0.6982,0.69891,1.00,1.00
2018.05.09 21:15:35.843,0.69819,0.69888,1.00,1.00
2018.05.09 21:15:35.959,0.69819,0.69891,1.00,1.00
2018.05.09 21:15:36.443,0.69816,0.69891,1.00,1.00
2018.05.09 21:15:36.766,0.69818,0.69891,1.00,1.00
2018.05.09 21:15:36.942,0.69816,0.69891,1.00,1.00
2018.05.09 21:15:37.445,0.69818,0.69891,1.00,1.00
2018.05.09 21:15:37.505,0.69816,0.69891,1.00,1.00
2018.05.09 21:15:37.657,0.69817,0.69889,1.00,1.00
2018.05.09 21:15:37.985,0.69819,0.69889,1.00,1.00
2018.05.09 21:15:38.138,0.69816,0.6989,1.00,1.00
2018.05.09 21:15:38.606,0.6982,0.69889,1.00,1.00
2018.05.09 21:15:39.143,0.6982,0.6989,1.00,1.50
2018.05.09 21:15:39.748,0.69821,0.6989,1.00,1.00
2018.05.09 21:15:40.364,0.6982,0.69889,1.00,1.00
2018.05.09 21:15:40.739,0.69822,0.6989,1.00,1.50
2018.05.09 21:15:40.866,0.6982,0.69889,1.00,1.00
2018.05.09 21:15:42.053,0.69822,0.6989,1.00,1.50
2018.05.09 21:15:42.104,0.69819,0.6989,1.00,1.50
2018.05.09 21:15:42.205,0.69822,0.6989,1.00,1.50
2018.05.09 21:15:42.256,0.69819,0.6989,1.00,1.50
2018.05.09 21:15:42.632,0.69822,0.6989,1.00,1.00
2018.05.09 21:15:43.548,0.6982,0.69889,1.00,1.00
2018.05.09 21:15:44.042,0.69822,0.6989,1.00,1.00
2018.05.09 21:15:45.082,0.69819,0.6989,1.00,1.00
2018.05.09 21:15:45.346,0.6982,0.69888,1.00,1.00
2018.05.09 21:15:45.688,0.69823,0.69889,1.00,1.00
2018.05.09 21:15:45.991,0.69819,0.6989,1.00,1.00
2018.05.09 21:15:46.403,0.69823,0.69889,1.00,1.00
2018.05.09 21:15:47.190,0.6982,0.6989,1.00,1.00
2018.05.09 21:15:48.054,0.69822,0.69889,1.00,1.00
2018.05.09 21:15:48.217,0.6982,0.69889,1.00,1.00
2018.05.09 21:15:48.995,0.69821,0.69889,1.00,1.00
2018.05.09 21:15:49.712,0.69818,0.69889,1.00,1.00
2018.05.09 21:15:50.094,0.69822,0.69888,1.00,1.00
2018.05.09 21:15:50.266,0.69818,0.69889,1.00,1.00
2018.05.09 21:15:50.317,0.69822,0.69888,1.00,1.00
2018.05.09 21:15:51.165,0.69817,0.69889,1.00,1.00
2018.05.09 21:15:51.338,0.6982,0.69889,1.00,1.00
2018.05.09 21:15:52.280,0.69819,0.69888,1.00,1.00
2018.05.09 21:15:53.104,0.69817,0.69889,1.00,1.00
2018.05.09 21:15:54.649,0.6982,0.69889,1.00,1.00
2018.05.09 21:15:55.155,0.69821,0.69889,1.00,1.00
2018.05.09 21:15:55.307,0.6982,0.69891,1.00,1.00
2018.05.09 21:15:55.358,0.69821,0.69896,1.00,1.00
2018.05.09 21:15:55.409,0.69818,0.699,1.00,1.00
2018.05.09 21:15:55.461,0.69819,0.69903,1.00,1.00
2018.05.09 21:15:55.664,0.69812,0.69903,1.00,1.00
2018.05.09 21:15:55.765,0.6981,0.69902,1.00,1.00
2018.05.09 21:15:55.981,0.69806,0.69902,1.00,1.00
2018.05.09 21:15:56.082,0.69803,0.6991,1.00,1.00
2018.05.09 21:15:56.624,0.69802,0.69911,1.00,1.00
2018.05.09 21:15:57.402,0.69803,0.699,1.00,1.00
2018.05.09 21:15:57.942,0.69809,0.69901,1.00,1.00
2018.05.09 21:16:00.184,0.6981,0.69893,1.00,1.00
2018.05.09 21:16:00.506,0.69815,0.69887,1.00,1.00
2018.05.09 21:16:00.557,0.69814,0.69892,1.00,1.00
2018.05.09 21:16:00.608,0.69814,0.69888,1.00,1.00
2018.05.09 21:16:00.660,0.69814,0.69892,1.00,1.00
2018.05.09 21:16:00.972,0.69814,0.69888,1.00,1.00
2018.05.09 21:16:01.023,0.69814,0.69892,1.00,1.00
2018.05.09 21:16:01.355,0.69815,0.69887,1.00,1.00
2018.05.09 21:16:01.406,0.69814,0.69892,1.00,1.00
2018.05.09 21:16:01.507,0.69815,0.69887,1.00,1.00
2018.05.09 21:16:01.558,0.69815,0.69891,1.00,1.00
2018.05.09 21:16:01.610,0.69814,0.69888,1.00,1.00
2018.05.09 21:16:02.012,0.69815,0.69891,1.00,1.00
2018.05.09 21:16:02.096,0.69815,0.69887,1.00,1.00
2018.05.09 21:16:02.200,0.69814,0.69892,1.00,1.00
2018.05.09 21:16:02.250,0.69814,0.69888,1.00,1.00
2018.05.09 21:16:02.527,0.69814,0.69893,1.00,1.00
2018.05.09 21:16:03.661,0.69813,0.69894,1.00,1.00
2018.05.09 21:16:03.754,0.6981,0.6989,1.00,1.00
2018.05.09 21:16:04.331,0.69811,0.69889,1.00,1.00
2018.05.09 21:16:04.516,0.69814,0.69893,1.00,1.00
2018.05.09 21:16:04.681,0.69813,0.6989,1.00,1.00
2018.05.09 21:16:04.992,0.69812,0.69888,1.00,1.00
2018.05.09 21:16:05.042,0.69812,0.69893,1.00,1.00
2018.05.09 21:16:05.093,0.69811,0.69889,1.00,1.00
2018.05.09 21:16:06.052,0.69811,0.69884,1.00,1.00
2018.05.09 21:16:06.707,0.69809,0.69883,1.00,1.00
2018.05.09 21:16:08.984,0.69808,0.69883,1.00,1.00
2018.05.09 21:16:09.555,0.6981,0.69882,1.00,1.00
2018.05.09 21:16:12.620,0.6981,0.69881,1.00,1.00
2018.05.09 21:16:15.340,0.69809,0.69881,1.00,1.00
2018.05.09 21:16:15.696,0.69809,0.69883,1.00,1.00
2018.05.09 21:16:17.857,0.69808,0.69882,1.00,1.00
2018.05.09 21:16:22.006,0.69809,0.69882,1.00,1.00
2018.05.09 21:16:22.057,0.69808,0.69884,1.00,1.00
2018.05.09 21:16:22.108,0.69808,0.69889,1.00,1.00
2018.05.09 21:16:22.178,0.69809,0.69885,1.00,1.00
2018.05.09 21:16:22.687,0.69808,0.6989,1.00,1.00
2018.05.09 21:16:23.223,0.6981,0.69884,1.00,1.00
2018.05.09 21:16:23.444,0.69808,0.6989,1.00,1.00
2018.05.09 21:16:23.496,0.69809,0.69885,1.00,1.00
2018.05.09 21:16:23.547,0.6981,0.6989,1.00,1.00
2018.05.09 21:16:23.948,0.69809,0.69885,1.00,1.00
2018.05.09 21:16:24.214,0.69808,0.6989,1.00,1.00
2018.05.09 21:16:25.098,0.69809,0.69885,1.00,1.00
2018.05.09 21:16:25.205,0.69809,0.69889,1.00,1.00
2018.05.09 21:16:25.697,0.6981,0.69884,1.00,1.00
2018.05.09 21:16:26.601,0.69808,0.6989,1.00,1.00
2018.05.09 21:16:26.949,0.6981,0.69884,1.00,1.00
2018.05.09 21:16:27.120,0.69809,0.6989,1.00,1.00
2018.05.09 21:16:27.311,0.69809,0.69885,1.00,1.00
2018.05.09 21:16:27.927,0.69809,0.6989,1.00,1.00
2018.05.09 21:16:27.977,0.69809,0.69885,1.00,1.00
2018.05.09 21:16:28.284,0.69809,0.6989,1.00,1.00
2018.05.09 21:16:28.925,0.69809,0.69886,1.00,1.00
2018.05.09 21:16:28.976,0.69809,0.6989,1.00,1.00
2018.05.09 21:16:29.515,0.69809,0.69886,1.00,1.00
2018.05.09 21:16:29.620,0.69809,0.6989,1.00,1.00
2018.05.09 21:16:29.729,0.69809,0.69886,1.00,1.00
2018.05.09 21:16:30.185,0.69806,0.69888,1.00,1.00
2018.05.09 21:16:32.055,0.69807,0.6989,1.00,1.00
2018.05.09 21:16:33.142,0.69808,0.69888,1.00,1.00
2018.05.09 21:16:34.004,0.69808,0.69891,1.00,1.00
2018.05.09 21:16:34.524,0.6981,0.69893,1.00,1.00
2018.05.09 21:16:35.231,0.69811,0.69893,1.00,1.00
2018.05.09 21:16:36.047,0.69812,0.69894,1.00,1.00
2018.05.09 21:16:37.811,0.69812,0.69896,1.00,1.00
2018.05.09 21:16:39.699,0.69812,0.69894,1.00,1.00
2018.05.09 21:16:40.298,0.69811,0.69894,1.00,1.00
2018.05.09 21:16:42.372,0.6981,0.69894,1.00,1.00
2018.05.09 21:16:43.800,0.6981,0.69896,1.00,1.00
2018.05.09 21:16:44.009,0.69814,0.69897,1.00,1.00
2018.05.09 21:16:44.060,0.69812,0.69897,1.50,1.00
2018.05.09 21:16:44.339,0.69815,0.69902,1.00,1.00
2018.05.09 21:16:44.682,0.69815,0.69898,1.00,1.00
2018.05.09 21:16:44.955,0.69815,0.69902,1.00,1.00
2018.05.09 21:16:45.159,0.69815,0.69899,1.00,1.00
2018.05.09 21:16:45.266,0.69815,0.69902,1.00,1.00
2018.05.09 21:16:45.574,0.69815,0.69897,1.00,1.00
2018.05.09 21:16:46.271,0.69815,0.69902,1.00,1.00
2018.05.09 21:16:46.482,0.69815,0.69897,1.00,1.00
2018.05.09 21:16:46.576,0.69815,0.69901,1.00,1.00
2018.05.09 21:16:46.915,0.69815,0.69898,1.00,1.00
2018.05.09 21:16:47.984,0.69815,0.69902,1.00,1.00
2018.05.09 21:16:48.215,0.69815,0.69897,1.00,1.00
2018.05.09 21:16:48.974,0.69815,0.69902,1.00,1.00
2018.05.09 21:16:49.124,0.69816,0.69898,1.00,1.00
2018.05.09 21:16:49.388,0.69816,0.69901,1.00,1.00
2018.05.09 21:16:49.535,0.69816,0.69898,1.00,1.00
2018.05.09 21:16:50.245,0.69816,0.699,1.00,1.00
2018.05.09 21:16:50.346,0.69816,0.69898,1.00,1.00
2018.05.09 21:16:50.668,0.69816,0.69901,1.00,1.00
2018.05.09 21:16:50.834,0.69816,0.69895,1.00,1.00
2018.05.09 21:17:01.903,0.69817,0.69895,1.00,1.00
2018.05.09 21:17:03.398,0.69815,0.69895,1.00,1.00
2018.05.09 21:17:04.316,0.69815,0.69894,1.00,1.00
2018.05.09 21:17:04.859,0.69815,0.69895,1.00,1.00
2018.05.09 21:17:05.767,0.69815,0.69894,1.00,1.00
2018.05.09 21:17:06.425,0.69815,0.69895,1.00,1.00
2018.05.09 21:17:08.088,0.69815,0.69894,1.00,1.00
2018.05.09 21:17:08.651,0.69815,0.69895,1.00,1.00
2018.05.09 21:17:09.189,0.69814,0.69895,1.00,1.00
2018.05.09 21:17:11.187,0.69815,0.69895,1.00,1.00
2018.05.09 21:17:11.707,0.69815,0.69894,1.50,1.00
2018.05.09 21:17:14.811,0.69815,0.69895,1.50,1.00
2018.05.09 21:17:15.758,0.69815,0.69894,1.50,1.00
2018.05.09 21:17:16.267,0.69816,0.69895,1.00,1.00
2018.05.09 21:17:17.298,0.69816,0.69894,1.00,1.00
2018.05.09 21:17:17.910,0.69816,0.69893,1.00,1.00
2018.05.09 21:17:18.827,0.69816,0.69894,1.00,1.00
2018.05.09 21:17:20.342,0.69816,0.69893,1.00,1.00
2018.05.09 21:17:20.952,0.69815,0.69894,1.00,1.00
2018.05.09 21:17:21.470,0.69815,0.69892,1.00,1.00
2018.05.09 21:17:22.006,0.69816,0.69893,1.00,1.00
2018.05.09 21:17:22.293,0.69816,0.69895,1.00,1.00
2018.05.09 21:17:24.975,0.69815,0.69895,1.00,1.00
2018.05.09 21:17:25.026,0.69826,0.69897,1.00,1.00
2018.05.09 21:17:29.163,0.69829,0.69897,1.00,1.00
2018.05.09 21:17:40.104,0.69827,0.69897,1.00,1.00
2018.05.09 21:17:42.697,0.69828,0.69897,1.00,1.00
2018.05.09 21:17:43.149,0.69825,0.69898,1.00,1.00
2018.05.09 21:17:43.291,0.69827,0.69898,1.00,1.00
2018.05.09 21:17:43.480,0.69825,0.69898,1.00,1.00
2018.05.09 21:17:44.034,0.69827,0.69898,1.00,1.00
2018.05.09 21:17:44.678,0.69826,0.69898,1.00,1.00
2018.05.09 21:17:45.199,0.69828,0.69899,1.00,1.00
2018.05.09 21:17:45.516,0.69828,0.69896,1.00,1.00
2018.05.09 21:17:55.104,0.69827,0.69898,1.00,1.00
2018.05.09 21:18:05.635,0.69819,0.69895,1.00,1.00
2018.05.09 21:18:06.400,0.6982,0.69895,1.00,1.00
2018.05.09 21:18:07.060,0.69819,0.69895,1.00,1.00
2018.05.09 21:18:07.433,0.69812,0.69896,1.00,1.00
2018.05.09 21:18:07.540,0.69814,0.69894,1.00,1.00
2018.05.09 21:18:07.872,0.69818,0.69895,1.00,1.00
2018.05.09 21:18:08.227,0.69822,0.69895,1.00,1.00
2018.05.09 21:18:10.624,0.69822,0.69895,1.00,1.37
2018.05.09 21:18:10.949,0.69822,0.69895,1.00,1.37
2018.05.09 21:18:11.484,0.6982,0.69892,1.50,1.37
2018.05.09 21:18:12.020,0.69821,0.69892,1.00,1.37
2018.05.09 21:18:12.472,0.69824,0.69893,1.00,1.37
2018.05.09 21:18:13.571,0.69826,0.69892,1.00,1.00
2018.05.09 21:18:13.622,0.69824,0.69893,1.00,1.00
2018.05.09 21:18:13.955,0.69822,0.69893,1.00,1.00
2018.05.09 21:18:14.548,0.69824,0.69893,1.00,1.00
2018.05.09 21:18:18.629,0.69825,0.69893,1.00,1.00
2018.05.09 21:18:19.141,0.69825,0.69892,1.00,1.00
2018.05.09 21:18:21.228,0.69828,0.69893,1.00,1.00
2018.05.09 21:18:21.729,0.69829,0.69894,1.00,1.00
2018.05.09 21:18:22.440,0.69831,0.69894,1.00,1.00
2018.05.09 21:18:22.719,0.69829,0.69894,1.00,1.00
2018.05.09 21:18:22.871,0.69831,0.69894,1.00,1.00
2018.05.09 21:18:23.280,0.69833,0.69892,1.00,1.00
2018.05.09 21:18:23.414,0.69829,0.69893,1.00,1.00
2018.05.09 21:18:23.465,0.69832,0.69893,1.00,1.00
2018.05.09 21:18:23.542,0.69829,0.69893,1.00,1.00
2018.05.09 21:18:23.987,0.69832,0.69893,1.00,1.00
2018.05.09 21:18:24.175,0.6983,0.69892,1.00,1.00
2018.05.09 21:18:24.226,0.69832,0.69893,1.00,1.00
2018.05.09 21:18:24.509,0.69829,0.69893,1.00,1.00
2018.05.09 21:18:24.560,0.69832,0.69893,1.00,1.00
2018.05.09 21:18:24.735,0.6983,0.69892,1.00,1.00
2018.05.09 21:18:24.864,0.69832,0.69893,1.00,1.00
2018.05.09 21:18:24.926,0.69829,0.69893,1.00,1.00
2018.05.09 21:18:24.977,0.69832,0.69893,1.00,1.00
2018.05.09 21:18:25.272,0.6983,0.69893,1.00,1.00
2018.05.09 21:18:25.323,0.69833,0.69893,1.00,1.00
2018.05.09 21:18:25.392,0.6983,0.69893,1.00,1.00
2018.05.09 21:18:25.442,0.69833,0.69893,1.00,1.00
2018.05.09 21:18:25.568,0.6983,0.69893,1.00,1.00
2018.05.09 21:18:25.619,0.69834,0.69892,1.00,1.00
2018.05.09 21:18:25.670,0.69831,0.69892,1.00,1.00
2018.05.09 21:18:25.720,0.69833,0.69893,1.00,1.00
2018.05.09 21:18:25.822,0.6983,0.69893,1.00,1.00
2018.05.09 21:18:25.873,0.69834,0.69892,1.00,1.00
2018.05.09 21:18:25.992,0.69831,0.69892,1.00,1.00
2018.05.09 21:18:26.374,0.69833,0.69893,1.00,1.00
2018.05.09 21:18:26.853,0.69835,0.69893,1.00,1.00
2018.05.09 21:18:26.917,0.69832,0.69894,1.00,1.00
2018.05.09 21:18:27.391,0.69834,0.69894,1.00,1.00
2018.05.09 21:18:27.891,0.69832,0.69894,1.00,1.00
2018.05.09 21:18:28.910,0.69835,0.69893,1.00,1.00
2018.05.09 21:18:29.012,0.6983,0.6989,1.00,1.00
2018.05.09 21:18:30.347,0.69832,0.6989,1.00,1.00
2018.05.09 21:18:31.037,0.69833,0.6989,1.00,1.00
2018.05.09 21:18:31.088,0.69832,0.69894,1.00,1.00
2018.05.09 21:18:31.139,0.69834,0.69893,1.00,1.00
2018.05.09 21:18:32.643,0.6983,0.69894,1.50,1.00
2018.05.09 21:18:32.748,0.69834,0.69893,1.00,1.00
2018.05.09 21:18:34.716,0.69831,0.69894,1.00,1.00
2018.05.09 21:18:34.767,0.69833,0.69893,1.00,1.00
2018.05.09 21:18:36.561,0.69829,0.69894,1.00,1.00
2018.05.09 21:18:36.612,0.69825,0.69893,1.00,1.00
2018.05.09 21:18:36.663,0.69827,0.69893,1.00,1.00
2018.05.09 21:18:37.971,0.69828,0.69893,1.00,1.00
2018.05.09 21:18:38.866,0.6983,0.69893,1.00,1.00
2018.05.09 21:18:40.010,0.69832,0.69893,1.00,1.00
2018.05.09 21:18:40.615,0.69831,0.69892,1.00,1.00
2018.05.09 21:18:40.876,0.69831,0.69894,1.00,1.00
2018.05.09 21:18:42.240,0.69833,0.69894,1.00,1.00
2018.05.09 21:18:42.928,0.69834,0.69894,1.00,1.00
2018.05.09 21:18:43.451,0.69833,0.69894,1.50,1.00
2018.05.09 21:18:45.441,0.6983,0.69894,1.50,1.00
2018.05.09 21:18:47.883,0.6983,0.69898,1.50,1.00
2018.05.09 21:18:47.934,0.69827,0.69893,1.00,1.00
2018.05.09 21:18:48.105,0.69826,0.69897,1.00,1.00
2018.05.09 21:18:48.321,0.69826,0.69893,1.00,1.00
2018.05.09 21:18:48.943,0.69825,0.69893,1.00,1.00
2018.05.09 21:18:49.149,0.69825,0.69898,1.00,1.00
2018.05.09 21:18:49.262,0.69825,0.69894,1.00,1.00
2018.05.09 21:18:49.593,0.69825,0.69898,1.00,1.00
2018.05.09 21:18:49.947,0.69825,0.69893,1.00,1.00
2018.05.09 21:18:50.317,0.69825,0.69898,1.00,1.00
2018.05.09 21:18:50.442,0.69825,0.69894,1.00,1.00
2018.05.09 21:18:52.109,0.69825,0.69898,1.00,1.00
2018.05.09 21:18:52.220,0.69825,0.69895,1.00,1.00
2018.05.09 21:18:52.374,0.69825,0.69898,1.00,1.00
2018.05.09 21:18:52.425,0.69825,0.69894,1.00,1.00
2018.05.09 21:18:52.550,0.69825,0.69897,1.00,1.00
2018.05.09 21:18:52.608,0.69825,0.69895,1.00,1.00
2018.05.09 21:18:52.670,0.69825,0.69898,1.00,1.00
2018.05.09 21:18:52.741,0.69825,0.69894,1.00,1.00
2018.05.09 21:18:53.489,0.69824,0.69894,1.00,1.00
2018.05.09 21:18:54.974,0.69823,0.69894,1.50,1.00
2018.05.09 21:18:55.508,0.69824,0.69894,1.00,1.00
2018.05.09 21:19:02.744,0.69825,0.69894,1.00,1.00
2018.05.09 21:19:04.036,0.69826,0.69894,1.00,1.00
2018.05.09 21:19:04.244,0.69826,0.69898,1.00,1.00
2018.05.09 21:19:04.295,0.69828,0.69897,1.00,1.00
2018.05.09 21:19:04.842,0.69828,0.69898,1.00,1.00
2018.05.09 21:19:04.996,0.6983,0.69902,1.00,1.00
2018.05.09 21:19:05.065,0.69828,0.69901,1.00,1.00
2018.05.09 21:19:05.261,0.69829,0.69898,1.00,1.00
2018.05.09 21:19:05.785,0.69828,0.69898,1.00,1.00
2018.05.09 21:19:06.236,0.6983,0.69897,1.00,1.00
2018.05.09 21:19:06.288,0.69829,0.69903,1.00,1.00
2018.05.09 21:19:06.339,0.69828,0.699,1.00,1.00
2018.05.09 21:19:06.715,0.69829,0.69891,1.00,1.00
2018.05.09 21:19:06.916,0.69829,0.69895,1.00,1.00
2018.05.09 21:19:07.128,0.69829,0.69891,1.00,1.00
2018.05.09 21:19:07.179,0.69829,0.69895,1.00,1.00
2018.05.09 21:19:07.305,0.69829,0.69892,1.00,1.00
2018.05.09 21:19:07.764,0.69829,0.6989,1.00,1.00
2018.05.09 21:19:07.981,0.69829,0.69892,1.00,1.00
2018.05.09 21:19:08.481,0.69826,0.69892,1.00,1.00
2018.05.09 21:19:10.942,0.69826,0.69895,1.00,1.00
2018.05.09 21:19:11.337,0.69826,0.69892,1.00,1.00
2018.05.09 21:19:11.443,0.69826,0.69895,1.00,1.00
2018.05.09 21:19:11.493,0.69826,0.69893,1.00,1.00
2018.05.09 21:19:11.872,0.69826,0.69895,1.00,1.00
2018.05.09 21:19:11.983,0.69826,0.69893,1.00,1.00
2018.05.09 21:19:12.105,0.69826,0.69896,1.00,1.00
2018.05.09 21:19:12.484,0.69826,0.69891,1.00,1.00
2018.05.09 21:19:13.425,0.69826,0.69895,1.00,1.00
2018.05.09 21:19:13.755,0.69826,0.69892,1.00,1.00
2018.05.09 21:19:14.614,0.69826,0.69895,1.00,1.00
2018.05.09 21:19:15.116,0.69826,0.69892,1.00,1.00
2018.05.09 21:19:16.640,0.69826,0.69895,1.00,1.00
2018.05.09 21:19:18.194,0.69826,0.69892,1.00,1.00
2018.05.09 21:19:18.705,0.69826,0.69895,1.00,1.00
2018.05.09 21:19:19.712,0.69826,0.69892,1.00,1.00
2018.05.09 21:19:19.816,0.69826,0.69895,1.00,1.00
2018.05.09 21:19:20.213,0.69826,0.69891,1.00,1.00
2018.05.09 21:19:20.541,0.69826,0.69895,1.00,1.00
2018.05.09 21:19:20.605,0.69826,0.69892,1.00,1.00
2018.05.09 21:19:21.299,0.69826,0.69894,1.00,1.00
2018.05.09 21:19:21.607,0.69826,0.69892,1.00,1.00
2018.05.09 21:19:21.658,0.69826,0.69894,1.00,1.00
2018.05.09 21:19:21.709,0.69826,0.69892,1.00,1.00
2018.05.09 21:19:21.771,0.69826,0.69894,1.00,1.00
2018.05.09 21:19:21.896,0.69826,0.69891,1.00,1.00
2018.05.09 21:19:22.056,0.69826,0.69895,1.00,1.00
2018.05.09 21:19:22.237,0.69826,0.69891,1.00,1.00
2018.05.09 21:19:22.427,0.69826,0.69894,1.00,1.00
2018.05.09 21:19:22.667,0.69826,0.69892,1.00,1.00
2018.05.09 21:19:22.796,0.69826,0.69895,1.00,1.00
2018.05.09 21:19:22.999,0.69826,0.69892,1.00,1.00
2018.05.09 21:19:23.176,0.69826,0.69894,1.00,1.00
2018.05.09 21:19:23.391,0.69826,0.69892,1.00,1.00
2018.05.09 21:19:23.546,0.69826,0.69895,1.00,1.00
2018.05.09 21:19:23.736,0.69826,0.69892,1.00,1.00
2018.05.09 21:19:23.916,0.69826,0.69894,1.00,1.00
2018.05.09 21:19:24.107,0.69826,0.69892,1.00,1.00
2018.05.09 21:19:24.316,0.69826,0.69894,1.00,1.00
2018.05.09 21:19:24.367,0.69826,0.69891,1.00,1.00
2018.05.09 21:19:24.829,0.69824,0.69891,1.00,1.37
2018.05.09 21:19:24.930,0.69823,0.69894,1.00,1.00
2018.05.09 21:19:25.037,0.69823,0.69891,1.00,1.00
2018.05.09 21:19:25.226,0.69823,0.69894,1.00,1.00
2018.05.09 21:19:25.417,0.69823,0.6989,1.00,1.00
2018.05.09 21:19:25.638,0.69823,0.69894,1.00,1.00
2018.05.09 21:19:25.831,0.69823,0.69891,1.00,1.00
2018.05.09 21:19:26.043,0.69823,0.69894,1.00,1.00
2018.05.09 21:19:27.422,0.69823,0.6989,1.00,1.00
2018.05.09 21:19:27.950,0.69823,0.69894,1.00,1.00
2018.05.09 21:19:28.937,0.69823,0.69891,1.00,1.00
2018.05.09 21:19:28.989,0.69823,0.69893,1.00,1.00
2018.05.09 21:19:29.431,0.69823,0.69891,1.00,1.00
2018.05.09 21:19:29.495,0.69814,0.69894,1.00,1.00
2018.05.09 21:19:29.554,0.69819,0.6989,1.00,1.00
2018.05.09 21:19:29.707,0.69818,0.69894,1.00,1.00
2018.05.09 21:19:29.930,0.69818,0.69891,1.00,1.00
2018.05.09 21:19:30.517,0.69819,0.69894,1.00,1.00
2018.05.09 21:19:31.018,0.69819,0.69891,1.00,1.00
2018.05.09 21:19:32.041,0.69818,0.69895,1.00,1.00
2018.05.09 21:19:32.136,0.69818,0.69892,1.00,1.00
2018.05.09 21:19:32.609,0.69818,0.69895,1.00,1.00
2018.05.09 21:19:33.614,0.69818,0.69892,1.00,1.00
2018.05.09 21:19:34.071,0.69818,0.69895,1.00,1.00
2018.05.09 21:19:35.237,0.69818,0.69892,1.00,1.00
2018.05.09 21:19:35.351,0.69818,0.69895,1.00,1.00
2018.05.09 21:19:36.785,0.69818,0.69892,1.00,1.00
2018.05.09 21:19:37.965,0.69818,0.69895,1.00,1.00
2018.05.09 21:19:38.016,0.69818,0.69892,1.00,1.00
2018.05.09 21:19:38.326,0.69818,0.69895,1.00,1.00
2018.05.09 21:19:38.507,0.69818,0.69892,1.00,1.00
2018.05.09 21:19:39.020,0.6982,0.6989,1.00,1.00
2018.05.09 21:19:39.071,0.69819,0.69895,1.00,1.00
2018.05.09 21:19:39.860,0.6982,0.69891,1.00,1.00
2018.05.09 21:19:39.975,0.69819,0.69895,1.00,1.00
2018.05.09 21:19:41.370,0.69819,0.69892,1.00,1.00
2018.05.09 21:19:41.906,0.6982,0.69894,1.00,1.00
2018.05.09 21:19:41.987,0.6982,0.69892,1.00,1.00
2018.05.09 21:19:42.038,0.6982,0.69894,1.00,1.00
2018.05.09 21:19:42.586,0.69819,0.69893,1.00,1.00
2018.05.09 21:19:43.147,0.69819,0.69895,1.00,1.00
2018.05.09 21:19:43.336,0.69819,0.69893,1.00,1.00
2018.05.09 21:19:43.516,0.69819,0.69895,1.00,1.00
2018.05.09 21:19:43.706,0.69819,0.69893,1.00,1.00
2018.05.09 21:19:43.897,0.69819,0.69895,1.00,1.00
2018.05.09 21:19:44.216,0.69819,0.69893,1.00,1.00
2018.05.09 21:19:44.268,0.69819,0.69895,1.00,1.00
2018.05.09 21:19:44.470,0.69819,0.69893,1.00,1.00
2018.05.09 21:19:44.637,0.69819,0.69895,1.00,1.00
2018.05.09 21:19:44.712,0.69819,0.69893,1.00,1.00
2018.05.09 21:19:44.813,0.69819,0.69895,1.00,1.00
2018.05.09 21:19:44.864,0.6982,0.69892,1.00,1.00
2018.05.09 21:19:45.017,0.69819,0.69895,1.00,1.00
2018.05.09 21:19:45.281,0.69819,0.69892,1.00,1.00
2018.05.09 21:19:45.386,0.69819,0.69895,1.00,1.00
2018.05.09 21:19:45.577,0.69819,0.69892,1.00,1.00
2018.05.09 21:19:45.782,0.69819,0.69895,1.00,1.00
2018.05.09 21:19:45.947,0.69819,0.69892,1.00,1.00
2018.05.09 21:19:46.152,0.6982,0.69894,1.00,1.00
2018.05.09 21:19:46.207,0.69819,0.69892,1.00,1.00
2018.05.09 21:19:47.764,0.69819,0.69895,1.00,1.00
2018.05.09 21:19:49.413,0.69819,0.69892,1.00,1.00
2018.05.09 21:19:50.882,0.6982,0.69894,1.00,1.00
2018.05.09 21:19:50.988,0.69819,0.69892,1.00,1.00
2018.05.09 21:19:52.494,0.69819,0.69895,1.00,1.00
2018.05.09 21:19:54.037,0.69819,0.69892,1.00,1.00
2018.05.09 21:19:54.506,0.6982,0.69894,1.00,1.00
2018.05.09 21:19:55.356,0.69819,0.69892,1.00,1.00
2018.05.09 21:19:55.507,0.6982,0.69894,1.00,1.00
2018.05.09 21:19:55.558,0.69819,0.69892,1.00,1.00
2018.05.09 21:19:56.491,0.69819,0.69895,1.00,1.00
2018.05.09 21:19:57.100,0.69819,0.69892,1.00,1.00
2018.05.09 21:20:00.159,0.6982,0.69891,1.00,1.00
2018.05.09 21:20:00.364,0.6982,0.69894,1.00,1.00
2018.05.09 21:20:00.597,0.6982,0.69891,1.00,1.00
2018.05.09 21:20:00.648,0.69819,0.69895,1.00,1.00
2018.05.09 21:20:00.700,0.69819,0.69892,1.00,1.00
2018.05.09 21:20:01.679,0.69819,0.69895,1.00,1.00
2018.05.09 21:20:01.960,0.69819,0.69892,1.00,1.00
2018.05.09 21:20:02.011,0.69819,0.69895,1.00,1.00
2018.05.09 21:20:02.082,0.69819,0.69892,1.00,1.00
2018.05.09 21:20:02.286,0.6982,0.69894,1.00,1.00
2018.05.09 21:20:02.992,0.69818,0.69897,1.00,1.00
2018.05.09 21:20:03.164,0.69818,0.69894,1.00,1.00
2018.05.09 21:20:03.312,0.69818,0.69897,1.00,1.00
2018.05.09 21:20:07.960,0.69819,0.69898,1.00,1.00
2018.05.09 21:20:08.538,0.6982,0.69898,1.00,1.00
2018.05.09 21:20:08.731,0.6982,0.69894,1.00,1.00
2018.05.09 21:20:08.919,0.69819,0.69899,1.00,1.00
2018.05.09 21:20:09.101,0.69819,0.69894,1.00,1.00
2018.05.09 21:20:09.282,0.69818,0.69899,1.00,1.00
2018.05.09 21:20:09.471,0.69818,0.69895,1.00,1.00
2018.05.09 21:20:09.522,0.69819,0.69898,1.00,1.00
2018.05.09 21:20:09.674,0.69818,0.69894,1.00,1.00
2018.05.09 21:20:15.346,0.69818,0.69895,1.00,1.00
2018.05.09 21:20:20.514,0.69819,0.69895,1.00,1.00
2018.05.09 21:20:22.572,0.69818,0.69898,1.00,1.00
2018.05.09 21:20:27.700,0.69817,0.69896,1.00,1.00
2018.05.09 21:20:30.346,0.69818,0.69897,1.00,1.00
2018.05.09 21:20:31.028,0.69818,0.69898,1.00,1.00
2018.05.09 21:20:35.534,0.6982,0.69897,1.00,1.00
2018.05.09 21:20:37.584,0.69819,0.69897,1.00,1.00
2018.05.09 21:20:41.775,0.69819,0.69898,1.00,1.00
2018.05.09 21:20:44.302,0.69818,0.69898,1.00,1.00
2018.05.09 21:20:45.347,0.69817,0.69898,1.00,1.00
2018.05.09 21:20:46.817,0.6982,0.69899,1.00,1.00
2018.05.09 21:20:50.628,0.69819,0.69899,1.00,1.00
2018.05.09 21:20:51.236,0.69818,0.69899,1.00,1.00
2018.05.09 21:20:52.391,0.6982,0.69898,1.00,1.00
2018.05.09 21:20:53.948,0.69818,0.69899,1.00,1.00
2018.05.09 21:21:06.992,0.69817,0.69898,1.00,1.00
2018.05.09 21:21:25.106,0.69816,0.69898,1.00,1.00
2018.05.09 21:21:27.497,0.69817,0.69898,1.00,1.00
2018.05.09 21:21:30.572,0.69817,0.69899,1.00,1.00
2018.05.09 21:21:38.105,0.69817,0.69898,1.00,1.00
2018.05.09 21:21:40.120,0.69816,0.69897,1.00,1.00
2018.05.09 21:21:42.740,0.69813,0.69895,1.00,1.00
2018.05.09 21:21:42.842,0.69809,0.69898,1.00,1.00
2018.05.09 21:21:43.248,0.69809,0.69896,1.00,1.00
2018.05.09 21:21:43.513,0.69799,0.69897,1.00,1.00
2018.05.09 21:21:43.565,0.69794,0.69896,1.00,1.00
2018.05.09 21:21:43.616,0.69794,0.69894,1.50,1.00
2018.05.09 21:21:44.914,0.69791,0.69887,1.00,1.00
2018.05.09 21:21:44.987,0.69788,0.69886,1.00,1.00
2018.05.09 21:21:45.038,0.69784,0.69881,1.00,1.00
2018.05.09 21:21:45.314,0.69784,0.69884,1.00,1.00
2018.05.09 21:21:45.627,0.69784,0.69886,1.00,2.25
2018.05.09 21:21:46.346,0.69784,0.69885,1.00,1.00
2018.05.09 21:21:47.795,0.69784,0.69886,1.00,2.25
2018.05.09 21:21:47.865,0.69784,0.69882,1.00,1.00
2018.05.09 21:21:48.570,0.69784,0.69881,1.00,1.00
2018.05.09 21:21:49.079,0.69784,0.69882,1.00,1.00
2018.05.09 21:21:49.443,0.69784,0.69879,1.00,1.00
2018.05.09 21:21:50.469,0.69784,0.69877,1.00,1.00
2018.05.09 21:21:51.411,0.69784,0.69876,1.00,1.00
2018.05.09 21:21:51.644,0.69769,0.69869,1.00,1.00
2018.05.09 21:21:51.695,0.69765,0.69869,1.00,1.50
2018.05.09 21:21:51.796,0.69769,0.69869,1.00,1.50
2018.05.09 21:21:53.017,0.69769,0.69868,1.00,1.00
2018.05.09 21:21:53.500,0.69764,0.69867,1.50,1.00
2018.05.09 21:21:54.011,0.69765,0.69863,1.00,1.00
2018.05.09 21:21:54.651,0.69765,0.69861,1.00,1.00
2018.05.09 21:21:55.005,0.69764,0.69847,1.50,1.00
2018.05.09 21:21:55.443,0.69759,0.6986,1.50,1.00
2018.05.09 21:21:55.579,0.69757,0.6986,1.00,1.00
2018.05.09 21:21:55.897,0.69759,0.69857,1.00,1.00
2018.05.09 21:21:56.557,0.69758,0.69856,1.00,1.00
2018.05.09 21:21:57.156,0.69758,0.69854,1.00,1.00
2018.05.09 21:21:58.029,0.69759,0.69852,1.50,1.00
2018.05.09 21:21:58.332,0.69765,0.69852,1.50,1.00
2018.05.09 21:21:58.667,0.69769,0.69852,1.00,1.00
2018.05.09 21:21:58.718,0.69771,0.69871,1.00,1.00
2018.05.09 21:21:58.769,0.69773,0.69864,1.00,1.00
2018.05.09 21:21:59.046,0.69772,0.69866,1.00,1.00
2018.05.09 21:21:59.399,0.69777,0.69867,1.00,1.00
2018.05.09 21:22:00.345,0.69776,0.69867,1.00,1.00
2018.05.09 21:22:01.721,0.69779,0.69867,1.00,1.00
2018.05.09 21:22:02.658,0.69776,0.69867,1.00,1.00
2018.05.09 21:22:02.709,0.69778,0.69867,1.00,1.00
2018.05.09 21:22:03.265,0.69778,0.69866,1.00,1.00
2018.05.09 21:22:03.590,0.69774,0.69865,1.00,1.00
2018.05.09 21:22:04.068,0.69771,0.69865,1.50,1.00
2018.05.09 21:22:04.638,0.69772,0.69865,1.00,1.00
2018.05.09 21:22:07.027,0.69772,0.69864,1.00,1.00
2018.05.09 21:22:10.037,0.69771,0.69864,1.00,1.00
2018.05.09 21:22:10.561,0.69771,0.69863,1.00,1.00
2018.05.09 21:22:12.911,0.69765,0.69857,1.00,1.00
2018.05.09 21:22:13.516,0.69764,0.69856,1.00,1.00
2018.05.09 21:22:16.780,0.69772,0.69856,1.00,1.00
2018.05.09 21:22:18.155,0.69772,0.69858,1.00,1.00
2018.05.09 21:22:20.005,0.69769,0.69858,1.00,1.00
2018.05.09 21:22:20.056,0.69771,0.69858,1.00,1.00
2018.05.09 21:22:20.243,0.69767,0.69858,1.00,1.00
2018.05.09 21:22:20.391,0.6977,0.69858,1.00,1.00
2018.05.09 21:22:20.442,0.69767,0.69858,1.00,1.00
2018.05.09 21:22:21.020,0.69771,0.69858,1.00,1.00
2018.05.09 21:22:21.485,0.69764,0.69858,1.00,1.00
2018.05.09 21:22:23.149,0.69767,0.69858,1.00,1.00
2018.05.09 21:22:25.139,0.69766,0.69858,1.00,1.00
2018.05.09 21:22:25.588,0.69771,0.69858,1.00,1.00
2018.05.09 21:22:26.122,0.69767,0.69858,1.00,1.00
2018.05.09 21:22:26.368,0.6977,0.69858,1.00,1.00
2018.05.09 21:22:26.870,0.69765,0.6986,1.00,1.00
2018.05.09 21:22:27.243,0.69769,0.6986,1.00,1.00
2018.05.09 21:22:27.774,0.69766,0.6986,1.00,1.00
2018.05.09 21:22:28.515,0.69766,0.69859,1.00,1.00
2018.05.09 21:22:30.013,0.69769,0.69859,1.00,1.00
2018.05.09 21:22:30.064,0.6976,0.69855,1.50,1.00
2018.05.09 21:22:30.115,0.69754,0.69856,1.50,1.00
2018.05.09 21:22:30.166,0.69757,0.69854,1.00,1.00
2018.05.09 21:22:30.470,0.6976,0.69855,1.50,1.00
2018.05.09 21:22:30.774,0.69768,0.69855,1.00,1.00
2018.05.09 21:22:32.227,0.69768,0.69861,1.00,1.00
2018.05.09 21:22:32.757,0.69769,0.6986,1.00,1.00
2018.05.09 21:22:36.941,0.69761,0.69854,1.00,1.00
2018.05.09 21:22:36.992,0.69761,0.69852,1.00,1.00
2018.05.09 21:22:37.043,0.69754,0.69852,1.00,1.00
2018.05.09 21:22:38.163,0.69754,0.69851,1.00,1.00
2018.05.09 21:22:38.471,0.69751,0.69851,2.25,1.00
2018.05.09 21:22:38.522,0.69757,0.69852,1.00,1.00
2018.05.09 21:22:38.829,0.6977,0.69858,1.00,1.00
2018.05.09 21:22:38.880,0.69767,0.69856,1.00,1.00
2018.05.09 21:22:39.410,0.69767,0.69855,1.00,1.00
2018.05.09 21:22:39.461,0.69763,0.69854,1.00,1.00
2018.05.09 21:22:39.968,0.69762,0.69855,1.50,1.00
2018.05.09 21:22:41.404,0.69763,0.69855,1.00,1.00
2018.05.09 21:22:43.154,0.69762,0.69855,1.50,1.00
2018.05.09 21:22:43.651,0.69762,0.69843,1.00,1.00
2018.05.09 21:22:43.962,0.69749,0.69825,1.00,1.00
2018.05.09 21:22:44.816,0.69749,0.69827,1.00,1.00
2018.05.09 21:22:44.981,0.69749,0.69825,1.00,1.00
2018.05.09 21:22:45.484,0.69749,0.69826,1.00,1.00
2018.05.09 21:22:46.310,0.6975,0.69826,1.00,1.00
2018.05.09 21:22:46.910,0.6975,0.69825,1.00,1.00
2018.05.09 21:22:47.115,0.69747,0.69825,1.00,1.00
2018.05.09 21:22:47.166,0.69743,0.69818,1.00,1.00
2018.05.09 21:22:47.217,0.69739,0.69815,1.50,1.00
2018.05.09 21:22:47.754,0.69739,0.69823,1.00,1.00
2018.05.09 21:22:48.285,0.6974,0.69823,1.00,1.00
2018.05.09 21:22:48.429,0.6974,0.69821,1.00,1.00
2018.05.09 21:22:49.452,0.6974,0.69823,1.00,1.00
2018.05.09 21:22:49.960,0.69739,0.69823,1.00,1.00
2018.05.09 21:22:51.146,0.69739,0.69822,1.00,1.00
2018.05.09 21:22:51.655,0.69739,0.69826,1.00,1.00
2018.05.09 21:22:51.760,0.69739,0.69828,1.00,1.00
2018.05.09 21:22:52.523,0.69739,0.69829,1.00,1.00
2018.05.09 21:22:53.066,0.69739,0.6983,1.00,1.00
2018.05.09 21:22:53.441,0.69739,0.69834,1.00,1.00
2018.05.09 21:22:53.894,0.69739,0.69829,1.00,1.00
2018.05.09 21:22:54.288,0.69739,0.69832,1.00,1.00
2018.05.09 21:22:54.339,0.69739,0.69829,1.00,1.00
2018.05.09 21:22:54.642,0.69739,0.69831,1.50,1.00
2018.05.09 21:22:55.563,0.69739,0.69829,1.00,1.00
2018.05.09 21:22:55.758,0.69739,0.69831,1.50,1.00
2018.05.09 21:22:55.809,0.69739,0.69828,1.50,1.00
2018.05.09 21:22:55.859,0.69739,0.69832,1.00,1.00
2018.05.09 21:22:57.655,0.69739,0.69829,1.50,1.00
2018.05.09 21:22:57.974,0.69739,0.69832,1.00,1.00
2018.05.09 21:22:58.185,0.69744,0.69832,1.00,1.00
2018.05.09 21:22:59.307,0.69744,0.6983,1.00,1.00
2018.05.09 21:23:00.345,0.69744,0.69831,1.00,1.00
2018.05.09 21:23:00.775,0.69745,0.69825,1.00,1.00
2018.05.09 21:23:01.536,0.69739,0.69825,1.00,1.00
2018.05.09 21:23:01.602,0.69734,0.69825,1.50,1.00
2018.05.09 21:23:01.653,0.69731,0.69829,1.00,1.00
2018.05.09 21:23:01.705,0.69729,0.69828,1.00,1.00
2018.05.09 21:23:01.756,0.69735,0.69828,1.00,1.00
2018.05.09 21:23:02.373,0.69735,0.69829,1.50,1.00
2018.05.09 21:23:02.756,0.69737,0.69828,1.00,1.00
2018.05.09 21:23:03.041,0.69735,0.69828,1.50,1.00
2018.05.09 21:23:03.093,0.6973,0.69827,1.50,1.00
2018.05.09 21:23:03.195,0.69734,0.69827,1.00,1.00
2018.05.09 21:23:03.749,0.69734,0.69826,1.00,1.00
2018.05.09 21:23:04.407,0.69734,0.69825,1.00,1.00
2018.05.09 21:23:04.736,0.69734,0.69822,1.00,1.00
2018.05.09 21:23:05.779,0.69734,0.69819,1.00,1.00
2018.05.09 21:23:06.822,0.69734,0.69816,1.00,1.00
2018.05.09 21:23:07.739,0.69734,0.69814,1.00,1.00
2018.05.09 21:23:07.791,0.69734,0.69816,1.00,1.00
2018.05.09 21:23:07.894,0.69734,0.69821,1.00,1.00
2018.05.09 21:23:07.996,0.69734,0.69818,1.00,1.00
2018.05.09 21:23:08.154,0.69734,0.6982,1.00,1.00
2018.05.09 21:23:09.165,0.69735,0.6982,1.00,1.00
2018.05.09 21:23:09.288,0.69735,0.69818,1.00,1.00
2018.05.09 21:23:09.508,0.69735,0.6982,1.00,1.00
2018.05.09 21:23:10.166,0.69735,0.69818,1.00,1.00
2018.05.09 21:23:10.557,0.69735,0.69821,1.00,1.00
2018.05.09 21:23:13.369,0.69735,0.69824,1.00,1.00
2018.05.09 21:23:15.428,0.69735,0.69827,1.00,1.00
2018.05.09 21:23:16.454,0.69735,0.69824,1.00,1.00
2018.05.09 21:23:18.505,0.69735,0.69825,1.00,1.00
2018.05.09 21:23:19.536,0.69735,0.69823,1.00,1.00
2018.05.09 21:23:20.007,0.69729,0.69823,1.00,1.00
2018.05.09 21:23:20.109,0.6973,0.69819,1.00,1.00
2018.05.09 21:23:20.624,0.6973,0.6982,1.00,1.00
2018.05.09 21:23:21.025,0.6973,0.69817,1.00,1.00
2018.05.09 21:23:21.182,0.6973,0.6982,1.00,1.00
2018.05.09 21:23:25.141,0.6973,0.69817,1.00,1.00
2018.05.09 21:23:25.684,0.6973,0.69821,1.00,1.00
2018.05.09 21:23:27.010,0.69729,0.69821,1.00,1.00
2018.05.09 21:23:27.061,0.69729,0.69817,1.00,1.00
2018.05.09 21:23:27.666,0.69729,0.69821,1.00,1.00
2018.05.09 21:23:29.329,0.69729,0.69817,1.00,1.00
2018.05.09 21:23:29.427,0.69729,0.69819,1.00,1.00
2018.05.09 21:23:29.617,0.69729,0.69817,1.00,1.00
2018.05.09 21:23:29.668,0.69729,0.6982,1.00,1.00
2018.05.09 21:23:29.797,0.69729,0.69816,1.00,1.00
2018.05.09 21:23:29.970,0.69729,0.69819,1.00,1.00
2018.05.09 21:23:30.021,0.69729,0.69817,1.00,1.00
2018.05.09 21:23:30.072,0.69729,0.6982,1.00,1.00
2018.05.09 21:23:31.657,0.69729,0.69817,1.00,1.00
2018.05.09 21:23:31.759,0.69729,0.6982,1.00,1.00
2018.05.09 21:23:32.901,0.69729,0.69816,1.00,1.00
2018.05.09 21:23:33.349,0.69729,0.6982,1.00,1.00
2018.05.09 21:23:33.861,0.69724,0.69821,1.00,1.50
2018.05.09 21:23:33.912,0.69724,0.69818,1.00,1.00
2018.05.09 21:23:34.216,0.69719,0.69807,1.00,1.00
2018.05.09 21:23:34.419,0.69721,0.69814,1.00,1.00
2018.05.09 21:23:34.521,0.69719,0.69814,1.50,1.00
2018.05.09 21:23:34.724,0.69719,0.69812,1.50,1.00
2018.05.09 21:23:35.252,0.69719,0.69813,1.50,1.00
2018.05.09 21:23:35.882,0.69719,0.69814,1.50,1.00
2018.05.09 21:23:36.314,0.69719,0.69812,2.25,1.00
2018.05.09 21:23:36.878,0.69719,0.69811,1.50,1.00
2018.05.09 21:23:37.439,0.69719,0.69812,2.25,1.00
2018.05.09 21:23:38.033,0.69719,0.6981,2.25,1.00
2018.05.09 21:23:38.248,0.69719,0.69814,2.25,1.00
2018.05.09 21:23:38.469,0.69719,0.6981,2.25,1.00
2018.05.09 21:23:39.140,0.69719,0.69811,2.25,1.00
2018.05.09 21:23:39.849,0.6972,0.69811,1.00,1.00
2018.05.09 21:23:40.064,0.6972,0.69813,1.00,1.00
2018.05.09 21:23:40.115,0.69725,0.69818,1.50,1.00
2018.05.09 21:23:40.167,0.69725,0.69821,1.50,1.00
2018.05.09 21:23:40.218,0.69725,0.69818,1.50,1.00
2018.05.09 21:23:40.269,0.69725,0.69821,1.50,1.00
2018.05.09 21:23:40.320,0.69725,0.69817,1.50,1.00
2018.05.09 21:23:40.411,0.69725,0.69821,1.50,1.00
2018.05.09 21:23:40.462,0.69725,0.69818,1.50,1.00
2018.05.09 21:23:40.615,0.69725,0.6982,1.50,1.00
2018.05.09 21:23:40.716,0.69725,0.69817,1.50,1.00
2018.05.09 21:23:40.767,0.69725,0.6982,1.50,1.00
2018.05.09 21:23:41.273,0.69725,0.69817,1.50,1.00
2018.05.09 21:23:41.827,0.69725,0.69816,1.50,1.00
2018.05.09 21:23:41.879,0.69725,0.69821,1.50,1.00
2018.05.09 21:23:42.034,0.69725,0.69817,1.50,1.00
2018.05.09 21:23:42.187,0.69725,0.69821,1.50,1.00
2018.05.09 21:23:42.311,0.69725,0.69817,1.50,1.00
2018.05.09 21:23:42.362,0.69725,0.69821,1.50,1.00
2018.05.09 21:23:42.413,0.69725,0.69817,1.50,1.00
2018.05.09 21:23:42.538,0.69725,0.69821,1.50,1.00
2018.05.09 21:23:42.589,0.69725,0.69817,1.50,1.00
2018.05.09 21:23:42.691,0.69725,0.69823,1.50,1.00
2018.05.09 21:23:42.742,0.69725,0.69818,1.50,1.00
2018.05.09 21:23:42.793,0.69725,0.6982,1.50,1.00
2018.05.09 21:23:42.844,0.69725,0.69818,1.50,1.00
2018.05.09 21:23:42.895,0.69725,0.69822,1.50,1.00
2018.05.09 21:23:43.034,0.69725,0.69816,1.50,1.00
2018.05.09 21:23:43.514,0.69725,0.69819,1.50,1.00
2018.05.09 21:23:43.565,0.69725,0.69816,1.50,1.00
2018.05.09 21:23:43.768,0.69725,0.6982,1.50,1.00
2018.05.09 21:23:43.869,0.69725,0.69816,1.50,1.00
2018.05.09 21:23:44.436,0.69725,0.6982,1.50,1.00
2018.05.09 21:23:44.553,0.69725,0.69815,1.50,1.00
2018.05.09 21:23:44.655,0.69725,0.69819,1.50,1.00
2018.05.09 21:23:44.759,0.69726,0.69816,1.00,1.00
2018.05.09 21:23:45.033,0.69726,0.6982,1.00,1.00
2018.05.09 21:23:45.111,0.69726,0.69815,1.00,1.00
2018.05.09 21:23:45.212,0.69725,0.69819,1.50,1.00
2018.05.09 21:23:45.301,0.69725,0.69816,1.50,1.00
2018.05.09 21:23:45.352,0.69725,0.6982,1.50,1.00
2018.05.09 21:23:45.403,0.69725,0.69816,1.50,1.00
2018.05.09 21:23:45.791,0.69725,0.6982,1.00,1.00
2018.05.09 21:23:45.842,0.6972,0.69817,1.50,1.00
2018.05.09 21:23:46.864,0.69721,0.69817,1.00,1.00
2018.05.09 21:23:47.563,0.6972,0.69817,1.50,1.00
2018.05.09 21:23:48.082,0.6972,0.69818,1.50,1.00
2018.05.09 21:23:48.662,0.6972,0.69817,1.50,1.00
2018.05.09 21:23:49.190,0.6972,0.69818,1.50,1.00
2018.05.09 21:23:49.564,0.69715,0.69806,1.00,1.00
2018.05.09 21:23:49.666,0.6971,0.69816,1.00,1.00
2018.05.09 21:23:49.819,0.69715,0.69818,1.50,1.00
2018.05.09 21:23:50.207,0.69715,0.69816,1.50,1.00
2018.05.09 21:23:50.772,0.69719,0.69816,1.50,1.00
2018.05.09 21:23:51.762,0.6972,0.69816,1.00,1.00
2018.05.09 21:23:52.494,0.69719,0.69816,1.50,1.00
2018.05.09 21:23:53.475,0.69719,0.69815,1.50,1.00
2018.05.09 21:23:54.036,0.6972,0.69815,1.00,1.00
2018.05.09 21:23:54.593,0.6972,0.69814,1.00,1.00
2018.05.09 21:23:55.213,0.69719,0.69814,1.50,1.00
2018.05.09 21:23:55.796,0.69719,0.69813,1.50,1.00
2018.05.09 21:23:56.463,0.6972,0.69814,1.00,1.00
2018.05.09 21:23:56.774,0.69719,0.69812,1.50,1.00
2018.05.09 21:23:56.825,0.69719,0.69815,1.50,1.00
2018.05.09 21:23:57.267,0.69719,0.69813,1.50,1.00
2018.05.09 21:23:59.026,0.69719,0.69816,1.50,1.00
2018.05.09 21:23:59.077,0.69719,0.69812,1.50,1.00
2018.05.09 21:23:59.428,0.69719,0.69815,1.50,1.00
2018.05.09 21:23:59.507,0.69719,0.69812,1.50,1.00
2018.05.09 21:23:59.696,0.69719,0.69816,1.50,1.00
2018.05.09 21:23:59.887,0.69719,0.69812,1.50,1.00
2018.05.09 21:23:59.938,0.69719,0.69818,1.50,1.00
2018.05.09 21:23:59.989,0.69719,0.69816,1.50,1.00
2018.05.09 21:24:00.817,0.6972,0.69816,1.00,1.00
2018.05.09 21:24:01.419,0.69719,0.69817,2.25,1.00
2018.05.09 21:24:01.754,0.69719,0.69822,3.00,1.00
2018.05.09 21:24:01.919,0.6972,0.69818,1.00,1.00
2018.05.09 21:24:02.841,0.6972,0.69819,1.50,1.00
2018.05.09 21:24:02.943,0.6972,0.69822,1.50,1.00
2018.05.09 21:24:03.174,0.6972,0.69819,1.50,1.00
2018.05.09 21:24:03.225,0.6972,0.69823,1.50,1.00
2018.05.09 21:24:03.276,0.69723,0.69823,1.00,1.00
2018.05.09 21:24:03.595,0.69723,0.69819,1.00,1.00
2018.05.09 21:24:03.646,0.69723,0.69823,1.00,1.00
2018.05.09 21:24:03.813,0.69724,0.69818,1.00,1.00
2018.05.09 21:24:03.966,0.69724,0.69822,1.00,1.00
2018.05.09 21:24:04.143,0.69723,0.69819,1.00,1.00
2018.05.09 21:24:04.194,0.69724,0.69822,1.00,1.00
2018.05.09 21:24:04.245,0.69723,0.69819,1.00,1.00
2018.05.09 21:24:04.346,0.69723,0.69823,1.00,1.00
2018.05.09 21:24:04.526,0.69723,0.69819,1.00,1.00
2018.05.09 21:24:04.577,0.69723,0.69823,1.00,1.00
2018.05.09 21:24:04.634,0.69723,0.69819,1.00,1.00
2018.05.09 21:24:04.716,0.69723,0.69823,1.00,1.00
2018.05.09 21:24:04.906,0.69723,0.69819,1.00,1.00
2018.05.09 21:24:04.957,0.69724,0.69822,1.00,1.00
2018.05.09 21:24:05.276,0.69724,0.6982,1.00,1.00
2018.05.09 21:24:05.467,0.69724,0.69823,1.00,1.00
2018.05.09 21:24:05.647,0.69723,0.6982,1.00,1.00
2018.05.09 21:24:10.185,0.69723,0.69816,1.00,1.00
2018.05.09 21:24:10.580,0.69725,0.69816,1.00,1.00
2018.05.09 21:24:13.190,0.69725,0.69815,1.00,1.00
2018.05.09 21:24:15.391,0.69725,0.69814,1.00,1.00
2018.05.09 21:24:19.049,0.6972,0.69814,1.00,1.00
2018.05.09 21:24:19.151,0.6972,0.69816,1.00,1.00
2018.05.09 21:24:19.320,0.6972,0.69812,1.00,1.00
2018.05.09 21:24:19.540,0.6972,0.69815,1.00,1.00
2018.05.09 21:24:19.683,0.6972,0.69812,1.00,1.00
2018.05.09 21:24:19.750,0.6972,0.69815,1.00,1.00
2018.05.09 21:24:19.839,0.6972,0.69812,1.00,1.00
2018.05.09 21:24:20.077,0.69719,0.69814,1.50,1.00
2018.05.09 21:24:20.128,0.69719,0.6981,1.50,1.00
2018.05.09 21:24:20.186,0.69719,0.69815,1.50,1.00
2018.05.09 21:24:20.237,0.69719,0.6981,1.50,1.00
2018.05.09 21:24:20.288,0.69719,0.69813,1.50,1.00
2018.05.09 21:24:20.953,0.69719,0.69812,1.00,1.00
2018.05.09 21:24:21.706,0.69719,0.6981,1.00,1.00
2018.05.09 21:24:23.042,0.69719,0.69811,1.00,1.00
2018.05.09 21:24:26.051,0.6972,0.69811,1.00,1.00
2018.05.09 21:24:27.011,0.6972,0.69813,1.00,1.00
2018.05.09 21:24:29.045,0.6972,0.69814,1.50,1.00
2018.05.09 21:24:30.346,0.6972,0.69812,1.50,1.00
2018.05.09 21:24:38.876,0.6972,0.69813,1.00,1.00
2018.05.09 21:24:40.105,0.6972,0.69814,1.50,1.00
2018.05.09 21:24:41.822,0.69719,0.69812,1.00,1.00
2018.05.09 21:24:41.873,0.69711,0.69812,1.00,1.00
2018.05.09 21:24:41.924,0.69714,0.69812,1.00,1.00
2018.05.09 21:24:42.457,0.69714,0.69811,1.00,1.00
2018.05.09 21:24:43.102,0.69714,0.6981,1.00,1.00
2018.05.09 21:24:43.522,0.69713,0.69808,1.00,1.00
2018.05.09 21:24:44.313,0.69712,0.69808,2.25,1.00
2018.05.09 21:24:46.543,0.69712,0.69807,1.50,1.00
2018.05.09 21:24:47.152,0.69713,0.69806,1.00,1.00
2018.05.09 21:24:47.812,0.69712,0.69806,2.25,1.00
2018.05.09 21:24:48.194,0.69715,0.69806,1.00,1.00
2018.05.09 21:24:48.245,0.69713,0.69807,1.00,1.00
2018.05.09 21:24:48.879,0.69714,0.69807,1.00,1.00
2018.05.09 21:24:52.155,0.69713,0.69804,1.00,1.00
2018.05.09 21:24:52.765,0.69714,0.69805,1.00,1.00
2018.05.09 21:24:53.020,0.69712,0.69805,1.00,1.50
2018.05.09 21:24:53.071,0.69701,0.698,1.00,1.00
2018.05.09 21:24:53.123,0.69704,0.698,1.00,1.00
2018.05.09 21:24:53.475,0.69704,0.69803,1.00,1.50
2018.05.09 21:24:53.885,0.69704,0.698,1.00,1.00
2018.05.09 21:24:54.618,0.69704,0.69799,1.00,1.00
2018.05.09 21:24:55.021,0.69704,0.69797,1.00,1.00
2018.05.09 21:24:55.736,0.69704,0.69796,1.00,1.00
2018.05.09 21:24:56.049,0.69704,0.69794,1.00,1.00
2018.05.09 21:24:56.358,0.69705,0.69788,1.00,1.00
2018.05.09 21:24:56.839,0.69705,0.69785,1.00,1.00
2018.05.09 21:24:56.890,0.69699,0.69784,1.50,1.00
2018.05.09 21:24:56.941,0.69699,0.69788,1.50,1.00
2018.05.09 21:24:56.993,0.69699,0.69783,1.50,1.00
2018.05.09 21:24:57.044,0.69699,0.69788,1.00,1.00
2018.05.09 21:24:58.189,0.69705,0.69788,1.00,1.00
2018.05.09 21:24:58.640,0.69695,0.69788,1.00,1.00
2018.05.09 21:24:58.691,0.69695,0.69782,1.00,1.00
2018.05.09 21:24:59.243,0.69695,0.6978,1.00,1.00
2018.05.09 21:24:59.314,0.69695,0.69782,1.00,1.00
2018.05.09 21:25:00.078,0.69694,0.69782,1.00,1.00
2018.05.09 21:25:00.129,0.69694,0.69786,1.00,1.00
2018.05.09 21:25:00.230,0.69694,0.69788,1.00,1.00
2018.05.09 21:25:00.520,0.69694,0.69785,1.00,1.00
2018.05.09 21:25:03.524,0.69689,0.69784,1.00,1.00
2018.05.09 21:25:03.575,0.69688,0.6977,1.50,1.00
2018.05.09 21:25:03.626,0.69683,0.69769,1.00,1.00
2018.05.09 21:25:03.678,0.69681,0.69765,1.00,1.00
2018.05.09 21:25:04.006,0.6968,0.69767,1.00,1.00
2018.05.09 21:25:04.057,0.69679,0.69769,1.00,1.00
2018.05.09 21:25:04.108,0.69679,0.69777,1.00,1.00
2018.05.09 21:25:04.159,0.69683,0.69778,1.50,1.00
2018.05.09 21:25:04.439,0.69685,0.69782,1.00,1.00
2018.05.09 21:25:04.898,0.69687,0.69781,1.00,1.00
2018.05.09 21:25:05.403,0.69687,0.69783,1.00,1.00
2018.05.09 21:25:08.865,0.69688,0.69779,1.00,1.00
2018.05.09 21:25:13.099,0.69702,0.69779,1.00,1.00
2018.05.09 21:25:13.151,0.69699,0.69784,1.00,1.00
2018.05.09 21:25:13.252,0.69699,0.69786,1.00,1.00
2018.05.09 21:25:14.496,0.69699,0.69788,1.00,1.00
2018.05.09 21:25:15.878,0.69699,0.6979,1.00,1.00
2018.05.09 21:25:18.973,0.69699,0.69788,1.00,1.00
2018.05.09 21:25:20.962,0.69699,0.69787,1.00,1.00
2018.05.09 21:25:22.866,0.69699,0.69788,1.00,1.00
2018.05.09 21:25:25.106,0.697,0.69788,1.00,1.00
2018.05.09 21:25:25.919,0.69706,0.69785,1.00,1.00
2018.05.09 21:25:31.918,0.69712,0.6979,1.00,1.00
2018.05.09 21:25:31.969,0.69709,0.6979,1.00,1.00
2018.05.09 21:25:32.101,0.69712,0.69789,1.00,1.00
2018.05.09 21:25:32.491,0.69708,0.6979,1.00,1.00
2018.05.09 21:25:33.791,0.69711,0.6979,1.00,1.00
2018.05.09 21:25:35.740,0.69709,0.69789,1.00,1.00
2018.05.09 21:25:35.791,0.69711,0.6979,1.00,1.00
2018.05.09 21:25:36.464,0.69708,0.69784,1.00,1.00
2018.05.09 21:25:40.104,0.69708,0.69785,1.00,1.00
2018.05.09 21:25:41.289,0.69701,0.69785,1.00,1.00
2018.05.09 21:25:41.340,0.69694,0.69782,1.00,1.00
2018.05.09 21:25:41.428,0.69694,0.69785,1.00,1.00
2018.05.09 21:25:44.558,0.69694,0.69779,1.00,1.00
2018.05.09 21:25:44.609,0.69694,0.69782,1.00,1.00
2018.05.09 21:25:45.351,0.69694,0.69783,1.00,1.00
2018.05.09 21:25:45.527,0.69694,0.69779,1.00,1.00
2018.05.09 21:25:45.578,0.69694,0.69782,1.00,1.00
2018.05.09 21:25:48.939,0.69695,0.69781,1.00,1.00
2018.05.09 21:25:49.040,0.69695,0.69783,1.00,1.00
2018.05.09 21:25:49.979,0.69688,0.69785,1.00,1.00
2018.05.09 21:25:50.031,0.69679,0.69782,1.50,1.00
2018.05.09 21:25:50.132,0.69682,0.69782,1.00,1.00
2018.05.09 21:25:50.479,0.69685,0.69782,1.00,1.00
2018.05.09 21:25:50.791,0.69685,0.6978,1.00,1.00
2018.05.09 21:25:51.318,0.69685,0.69777,1.00,1.00
2018.05.09 21:25:52.011,0.69685,0.69776,1.00,1.00
2018.05.09 21:25:52.119,0.69681,0.69776,1.00,1.00
2018.05.09 21:25:52.841,0.69682,0.69773,1.00,1.00
2018.05.09 21:25:53.164,0.69675,0.69774,1.00,1.00
2018.05.09 21:25:53.215,0.69673,0.69773,1.00,1.00
2018.05.09 21:25:53.266,0.69671,0.69773,1.00,1.00
2018.05.09 21:25:53.632,0.69674,0.69771,1.00,1.00
2018.05.09 21:25:54.225,0.69674,0.69772,1.00,1.00
2018.05.09 21:25:54.983,0.69674,0.69769,1.00,1.00
2018.05.09 21:25:56.865,0.69674,0.69767,1.00,1.00
2018.05.09 21:25:58.483,0.69675,0.69767,1.00,1.00
2018.05.09 21:25:58.989,0.69669,0.69764,1.00,1.00
2018.05.09 21:25:59.090,0.69663,0.69765,1.00,1.00
2018.05.09 21:25:59.291,0.69664,0.69748,1.00,1.00
2018.05.09 21:25:59.545,0.69662,0.69748,6.75,1.00
2018.05.09 21:26:00.092,0.69662,0.69742,6.75,1.00
2018.05.09 21:26:03.142,0.69662,0.69756,6.00,1.00
2018.05.09 21:26:03.586,0.69662,0.69758,6.00,1.00
2018.05.09 21:26:04.138,0.69661,0.69758,5.25,1.00
2018.05.09 21:26:04.240,0.69663,0.69773,1.00,1.00
2018.05.09 21:26:04.291,0.69665,0.69765,1.00,1.00
2018.05.09 21:26:04.343,0.69665,0.69767,1.00,1.00
2018.05.09 21:26:04.454,0.69665,0.69771,1.00,1.00
2018.05.09 21:26:04.725,0.69665,0.69766,1.00,1.00
2018.05.09 21:26:04.954,0.69665,0.69771,1.00,1.00
2018.05.09 21:26:05.005,0.69665,0.69766,1.00,1.00
2018.05.09 21:26:05.056,0.69665,0.69771,1.00,1.00
2018.05.09 21:26:05.200,0.69665,0.69767,1.00,1.00
2018.05.09 21:26:05.600,0.69667,0.69774,1.00,1.00
2018.05.09 21:26:05.666,0.69667,0.69769,1.00,1.00
2018.05.09 21:26:05.717,0.69667,0.69772,1.00,1.00
2018.05.09 21:26:05.883,0.69667,0.69769,1.00,1.00
2018.05.09 21:26:05.951,0.69667,0.69772,1.00,1.00
2018.05.09 21:26:07.564,0.69667,0.69775,1.00,1.00
2018.05.09 21:26:07.665,0.69667,0.69769,1.00,1.00
2018.05.09 21:26:07.743,0.69667,0.69772,1.00,1.00
2018.05.09 21:26:07.933,0.69667,0.69769,1.00,1.00
2018.05.09 21:26:08.002,0.69667,0.69772,1.00,1.00
2018.05.09 21:26:08.151,0.69667,0.69769,1.00,1.00
2018.05.09 21:26:08.303,0.69667,0.69771,1.00,1.00
2018.05.09 21:26:08.519,0.69667,0.69768,1.00,1.00
2018.05.09 21:26:08.570,0.69667,0.69772,1.00,1.00
2018.05.09 21:26:08.683,0.69667,0.69769,1.00,1.00
2018.05.09 21:26:08.733,0.69667,0.69771,1.00,1.00
2018.05.09 21:26:08.851,0.69667,0.69769,1.00,1.00
2018.05.09 21:26:08.921,0.69667,0.69772,1.00,1.00
2018.05.09 21:26:09.864,0.69667,0.69769,1.00,1.00
2018.05.09 21:26:10.454,0.69667,0.69772,1.00,1.00
2018.05.09 21:26:10.543,0.69667,0.69768,1.00,1.00
2018.05.09 21:26:10.735,0.69667,0.69771,1.00,1.00
2018.05.09 21:26:10.836,0.69667,0.69769,1.00,1.00
2018.05.09 21:26:10.886,0.69666,0.69772,1.00,1.00
2018.05.09 21:26:10.937,0.69666,0.69769,1.00,1.00
2018.05.09 21:26:11.103,0.69666,0.69772,1.00,1.00
2018.05.09 21:26:11.265,0.69666,0.69768,1.00,1.00
2018.05.09 21:26:11.315,0.69666,0.69771,1.00,1.00
2018.05.09 21:26:11.366,0.69666,0.69769,1.00,1.00
2018.05.09 21:26:11.416,0.69666,0.69772,1.00,1.00
2018.05.09 21:26:11.467,0.69666,0.69769,1.00,1.00
2018.05.09 21:26:11.518,0.69666,0.69772,1.00,1.00
2018.05.09 21:26:11.603,0.69665,0.69769,1.00,1.00
2018.05.09 21:26:11.754,0.69665,0.69772,1.00,1.00
2018.05.09 21:26:11.805,0.69665,0.69768,1.00,1.00
2018.05.09 21:26:11.963,0.69665,0.69772,1.00,1.00
2018.05.09 21:26:12.014,0.69665,0.69768,1.00,1.00
2018.05.09 21:26:12.406,0.69669,0.69767,1.50,1.00
2018.05.09 21:26:13.610,0.69669,0.69769,1.00,1.00
2018.05.09 21:26:16.435,0.69669,0.6977,1.50,1.00
2018.05.09 21:26:18.850,0.69671,0.6977,1.00,1.00
2018.05.09 21:26:20.489,0.69673,0.6977,1.00,1.00
2018.05.09 21:26:21.260,0.69674,0.6977,1.00,1.00
2018.05.09 21:26:22.943,0.69672,0.6977,1.00,1.00
2018.05.09 21:26:23.474,0.69671,0.6977,1.00,1.00
2018.05.09 21:26:24.058,0.69671,0.69771,1.00,1.00
2018.05.09 21:26:24.573,0.69671,0.6977,1.00,1.00
2018.05.09 21:26:25.458,0.69669,0.6977,1.00,1.00
2018.05.09 21:26:27.011,0.69669,0.69773,1.50,1.00
2018.05.09 21:26:27.113,0.69669,0.6977,1.00,1.00
2018.05.09 21:26:27.724,0.69669,0.69771,1.00,1.00
2018.05.09 21:26:29.125,0.69669,0.6977,1.00,1.00
2018.05.09 21:26:34.999,0.69666,0.6977,2.25,1.00
2018.05.09 21:26:36.002,0.69673,0.69773,1.50,1.00
2018.05.09 21:26:38.069,0.69673,0.69776,1.00,1.00
2018.05.09 21:26:38.216,0.69673,0.69772,1.00,1.00
2018.05.09 21:26:51.910,0.69673,0.6978,1.50,1.00
2018.05.09 21:26:52.012,0.69673,0.69774,1.00,1.00
2018.05.09 21:26:53.106,0.69673,0.69773,1.50,1.00
2018.05.09 21:26:54.264,0.69679,0.69773,1.00,1.00
2018.05.09 21:26:54.798,0.69679,0.6977,1.00,1.00
2018.05.09 21:26:55.342,0.69679,0.69771,1.00,1.00
2018.05.09 21:27:00.859,0.69679,0.6977,1.00,1.00
2018.05.09 21:27:01.244,0.69679,0.69766,1.00,1.00
2018.05.09 21:27:01.394,0.69679,0.6977,1.00,1.50
2018.05.09 21:27:01.704,0.69679,0.69768,1.00,1.00
2018.05.09 21:27:01.871,0.69679,0.6977,1.00,1.00
2018.05.09 21:27:02.397,0.69679,0.69769,1.00,1.00
2018.05.09 21:27:04.494,0.69679,0.69767,1.00,1.00
2018.05.09 21:27:06.352,0.69679,0.69765,1.00,1.00
2018.05.09 21:27:07.139,0.69666,0.69766,1.00,1.00
2018.05.09 21:27:07.190,0.69662,0.69766,5.25,1.00
2018.05.09 21:27:07.241,0.69664,0.69766,1.00,1.00
2018.05.09 21:27:08.085,0.69664,0.69765,1.00,1.00
2018.05.09 21:27:08.508,0.69664,0.69761,1.00,1.00
2018.05.09 21:27:09.379,0.69664,0.69757,1.00,1.00
2018.05.09 21:27:09.990,0.69664,0.69755,1.00,1.00
2018.05.09 21:27:10.688,0.69664,0.69754,1.00,1.00
2018.05.09 21:27:11.741,0.69664,0.69751,1.00,1.00
2018.05.09 21:27:12.943,0.69664,0.69749,1.00,1.00
2018.05.09 21:27:14.818,0.69664,0.69746,1.00,1.00
2018.05.09 21:27:17.122,0.69664,0.69742,1.50,1.00
2018.05.09 21:27:17.673,0.69665,0.69742,1.00,1.00
2018.05.09 21:27:20.508,0.69665,0.69741,1.00,1.00
2018.05.09 21:27:25.105,0.69665,0.69739,1.00,1.00
2018.05.09 21:27:25.651,0.69664,0.6974,1.50,1.00
2018.05.09 21:27:26.744,0.69665,0.6974,1.00,1.00
2018.05.09 21:27:27.328,0.69665,0.69738,1.00,1.00
2018.05.09 21:27:27.714,0.69665,0.69736,1.00,1.00
2018.05.09 21:27:27.868,0.69665,0.6974,1.50,1.00
2018.05.09 21:27:27.919,0.69672,0.69763,1.00,1.00
2018.05.09 21:27:27.970,0.69675,0.69765,1.00,1.00
2018.05.09 21:27:28.022,0.69672,0.69767,1.00,1.00
2018.05.09 21:27:28.346,0.69672,0.69769,1.50,1.00
2018.05.09 21:27:28.397,0.69677,0.69769,1.00,1.00
2018.05.09 21:27:30.091,0.69678,0.69769,1.00,1.00
2018.05.09 21:27:30.740,0.69679,0.69769,1.00,1.00
2018.05.09 21:27:31.865,0.69679,0.69768,1.00,1.00
2018.05.09 21:27:33.170,0.69679,0.69769,1.00,1.00
2018.05.09 21:27:33.829,0.69678,0.69769,1.00,1.00
2018.05.09 21:27:34.490,0.69679,0.69769,1.00,1.00
2018.05.09 21:27:35.000,0.6968,0.69767,1.50,1.00
2018.05.09 21:27:38.172,0.69686,0.69767,1.00,1.00
2018.05.09 21:27:38.223,0.6968,0.69768,2.25,1.00
2018.05.09 21:27:38.274,0.69685,0.69768,1.00,1.00
2018.05.09 21:27:38.325,0.6968,0.69768,2.25,1.00
2018.05.09 21:27:38.375,0.69686,0.69766,1.00,1.00
2018.05.09 21:27:39.544,0.69685,0.6977,1.00,1.00
2018.05.09 21:27:39.645,0.69684,0.69766,1.00,1.00
2018.05.09 21:27:41.423,0.6968,0.6977,2.25,1.00
2018.05.09 21:27:41.525,0.69687,0.6977,1.00,1.00
2018.05.09 21:27:41.873,0.69684,0.6977,1.00,1.00
2018.05.09 21:27:41.924,0.69689,0.6977,1.00,1.00
2018.05.09 21:27:44.357,0.69684,0.69771,1.00,1.00
2018.05.09 21:27:44.458,0.6968,0.6976,1.00,1.00
2018.05.09 21:27:45.056,0.6968,0.69759,1.00,1.00
2018.05.09 21:27:48.078,0.6968,0.69754,1.00,1.00
2018.05.09 21:27:48.331,0.69669,0.6975,1.50,1.00
2018.05.09 21:27:48.382,0.69673,0.6975,1.00,1.00
2018.05.09 21:27:49.017,0.69674,0.6975,1.00,1.00
2018.05.09 21:27:49.566,0.69673,0.69749,1.50,1.00
2018.05.09 21:27:49.695,0.69673,0.69751,1.50,1.00
2018.05.09 21:27:49.747,0.69669,0.6975,1.00,1.00
2018.05.09 21:27:49.798,0.69669,0.69748,1.00,1.00
2018.05.09 21:27:51.248,0.69669,0.69746,1.00,1.00
2018.05.09 21:27:52.253,0.69669,0.69744,1.00,1.00
2018.05.09 21:27:55.353,0.69669,0.69742,1.00,1.00
2018.05.09 21:27:56.099,0.69674,0.69742,1.00,1.00
2018.05.09 21:27:58.345,0.69674,0.69741,1.00,1.00
2018.05.09 21:27:58.986,0.69674,0.6974,1.00,1.00
2018.05.09 21:28:00.055,0.69674,0.69742,1.00,1.00
2018.05.09 21:28:00.136,0.69674,0.6974,1.00,1.00
2018.05.09 21:28:01.380,0.69675,0.6974,1.00,1.00
2018.05.09 21:28:01.525,0.69675,0.69749,1.00,1.00
2018.05.09 21:28:01.881,0.69675,0.69751,1.00,1.00
2018.05.09 21:28:01.932,0.69678,0.6976,1.00,1.00
2018.05.09 21:28:01.983,0.69681,0.69766,1.00,1.00
2018.05.09 21:28:02.035,0.69678,0.69768,1.00,1.00
2018.05.09 21:28:02.237,0.69683,0.69769,1.00,1.00
2018.05.09 21:28:02.661,0.69683,0.69767,1.00,1.00
2018.05.09 21:28:03.111,0.69674,0.69768,1.00,1.00
2018.05.09 21:28:03.212,0.69676,0.69768,1.00,1.00
2018.05.09 21:28:03.263,0.69674,0.69767,1.00,1.00
2018.05.09 21:28:03.314,0.69674,0.69754,1.00,1.00
2018.05.09 21:28:04.455,0.69674,0.69755,1.50,1.00
2018.05.09 21:28:04.875,0.69674,0.69753,1.00,1.00
2018.05.09 21:28:05.584,0.69677,0.69766,1.00,1.00
2018.05.09 21:28:05.791,0.69674,0.69766,1.00,1.00
2018.05.09 21:28:06.313,0.69676,0.69766,1.00,1.00
2018.05.09 21:28:07.056,0.69675,0.69769,1.00,1.00
2018.05.09 21:28:07.787,0.69674,0.69768,1.00,1.00
2018.05.09 21:28:07.896,0.69676,0.69767,1.00,1.00
2018.05.09 21:28:08.464,0.69674,0.69766,1.00,1.00
2018.05.09 21:28:10.588,0.69674,0.69765,1.00,1.00
2018.05.09 21:28:10.663,0.69674,0.69767,1.50,1.00
2018.05.09 21:28:11.711,0.69675,0.69766,1.00,1.00
2018.05.09 21:28:25.965,0.69677,0.69767,1.00,1.00
2018.05.09 21:28:29.532,0.69685,0.69767,1.00,1.50
2018.05.09 21:28:29.967,0.69685,0.69765,1.00,1.00
2018.05.09 21:28:30.568,0.69685,0.69764,1.00,1.00
2018.05.09 21:28:33.839,0.69689,0.69767,1.00,1.00
2018.05.09 21:28:33.890,0.69684,0.69776,1.00,1.37
2018.05.09 21:28:33.941,0.69684,0.69766,1.00,1.00
2018.05.09 21:28:34.634,0.69684,0.69767,1.00,1.00
2018.05.09 21:28:36.864,0.69684,0.69766,1.00,1.00
2018.05.09 21:28:37.594,0.69684,0.69764,1.00,1.00
2018.05.09 21:28:37.864,0.69684,0.69766,1.00,1.00
2018.05.09 21:28:41.686,0.69684,0.69767,1.50,1.00
2018.05.09 21:28:42.381,0.69685,0.69767,1.00,1.00
2018.05.09 21:28:42.547,0.69686,0.69765,1.00,1.00
2018.05.09 21:28:43.927,0.69688,0.69766,1.00,1.00
2018.05.09 21:28:45.345,0.69689,0.69766,1.00,1.00
2018.05.09 21:28:47.492,0.6969,0.69766,1.00,1.00
2018.05.09 21:28:53.105,0.69691,0.69767,1.00,1.00
2018.05.09 21:28:57.493,0.69692,0.69767,1.00,1.00
2018.05.09 21:28:58.543,0.69691,0.69766,1.00,1.00
2018.05.09 21:28:59.098,0.6969,0.69766,1.00,1.00
2018.05.09 21:29:00.346,0.69689,0.69766,1.00,1.00
2018.05.09 21:29:01.088,0.6969,0.69765,1.00,1.00
2018.05.09 21:29:02.804,0.69689,0.69766,1.00,1.00
2018.05.09 21:29:03.152,0.69689,0.69764,1.00,1.00
2018.05.09 21:29:03.961,0.69684,0.69764,1.00,1.00
2018.05.09 21:29:04.011,0.6969,0.69763,1.00,1.00
2018.05.09 21:29:04.726,0.6969,0.69764,1.00,1.00
2018.05.09 21:29:10.105,0.69691,0.69764,1.00,1.00
2018.05.09 21:29:23.105,0.6969,0.69764,1.00,1.00
2018.05.09 21:29:25.106,0.69688,0.69766,1.00,1.00
2018.05.09 21:29:25.157,0.69692,0.69766,1.00,1.00
2018.05.09 21:29:25.258,0.69689,0.69766,1.00,1.00
2018.05.09 21:29:27.956,0.6969,0.69764,1.00,1.00
2018.05.09 21:29:36.304,0.6969,0.69762,1.50,1.00
2018.05.09 21:29:45.730,0.69689,0.69762,1.50,1.00
2018.05.09 21:29:45.831,0.69689,0.69768,1.00,1.00
2018.05.09 21:29:45.882,0.69692,0.69768,1.00,1.00
2018.05.09 21:29:55.105,0.69691,0.69768,1.00,1.00
2018.05.09 21:29:59.672,0.69691,0.69771,1.00,1.00
2018.05.09 21:30:00.031,0.69689,0.6977,1.00,1.00
2018.05.09 21:30:00.083,0.69692,0.6977,1.00,1.00
2018.05.09 21:30:00.593,0.69693,0.69769,1.00,1.00
2018.05.09 21:30:01.122,0.69692,0.69769,1.00,1.00
2018.05.09 21:30:01.271,0.69689,0.69772,1.00,1.00
2018.05.09 21:30:01.829,0.69689,0.69771,1.00,1.00
2018.05.09 21:30:02.368,0.69689,0.69772,1.00,1.00
2018.05.09 21:30:02.420,0.69689,0.69774,1.00,1.00
2018.05.09 21:30:07.094,0.6969,0.69774,1.00,1.00
2018.05.09 21:30:09.229,0.69691,0.69774,1.00,1.00
2018.05.09 21:30:10.042,0.69694,0.69772,1.00,1.00
2018.05.09 21:30:14.148,0.69695,0.69772,1.00,1.00
2018.05.09 21:30:15.347,0.69694,0.69772,1.00,1.00
2018.05.09 21:30:15.996,0.69695,0.69773,1.00,1.00
2018.05.09 21:30:16.233,0.69695,0.69779,1.00,1.00
2018.05.09 21:30:16.334,0.69695,0.69782,1.00,1.00
2018.05.09 21:30:16.388,0.69696,0.69784,1.00,1.00
2018.05.09 21:30:16.934,0.69697,0.69785,1.00,1.00
2018.05.09 21:30:17.035,0.69702,0.69786,1.00,1.00
2018.05.09 21:30:17.339,0.69705,0.69783,1.00,1.00
2018.05.09 21:30:17.542,0.69698,0.69787,1.00,1.00
2018.05.09 21:30:17.594,0.69698,0.6979,1.00,1.00
2018.05.09 21:30:17.695,0.69714,0.6979,1.00,1.00
2018.05.09 21:30:18.243,0.69714,0.69792,1.00,1.00
2018.05.09 21:30:18.294,0.69705,0.69792,1.00,1.00
2018.05.09 21:30:19.096,0.69705,0.69793,1.00,1.00
2018.05.09 21:30:19.754,0.69706,0.69793,1.00,1.00
2018.05.09 21:30:20.466,0.6971,0.69792,1.00,1.00
2018.05.09 21:30:21.076,0.6971,0.69793,1.00,1.00
2018.05.09 21:30:21.458,0.69712,0.69793,1.00,1.00
2018.05.09 21:30:22.864,0.69715,0.69793,1.00,1.00
2018.05.09 21:30:23.748,0.69716,0.69793,1.00,1.00
2018.05.09 21:30:24.447,0.69717,0.69792,1.00,1.00
2018.05.09 21:30:25.105,0.69718,0.69792,1.00,1.00
2018.05.09 21:30:25.610,0.69718,0.69791,1.00,1.00
2018.05.09 21:30:26.485,0.69719,0.69791,1.00,1.00
2018.05.09 21:30:27.466,0.69719,0.69792,1.00,1.00
2018.05.09 21:30:27.794,0.69722,0.69792,1.00,1.00
2018.05.09 21:30:30.346,0.69723,0.69791,1.00,1.00
2018.05.09 21:30:30.938,0.69722,0.69791,1.00,1.00
2018.05.09 21:30:31.455,0.69718,0.69791,1.00,1.00
2018.05.09 21:30:31.506,0.69715,0.69791,1.00,1.00
2018.05.09 21:30:31.557,0.69712,0.6979,1.00,1.00
2018.05.09 21:30:31.659,0.69707,0.69788,1.00,1.00
2018.05.09 21:30:31.915,0.69704,0.69789,1.00,1.00
2018.05.09 21:30:32.081,0.69696,0.69773,1.00,1.00
2018.05.09 21:30:32.384,0.6969,0.69765,1.00,1.00
2018.05.09 21:30:32.962,0.69691,0.69768,1.00,1.00
2018.05.09 21:30:33.012,0.69691,0.69766,1.00,1.00
2018.05.09 21:30:33.516,0.69692,0.69766,1.00,1.00
2018.05.09 21:30:34.043,0.69691,0.69766,1.00,1.00
2018.05.09 21:30:34.619,0.69691,0.69777,1.00,1.00
2018.05.09 21:30:34.805,0.69691,0.69775,1.00,1.00
2018.05.09 21:30:35.362,0.6969,0.69774,1.00,1.00
2018.05.09 21:30:35.709,0.6969,0.69772,1.00,1.00
2018.05.09 21:30:36.526,0.69689,0.6977,1.00,1.00
2018.05.09 21:30:36.889,0.69691,0.6977,1.00,1.00
2018.05.09 21:30:37.724,0.69692,0.6977,1.00,1.00
2018.05.09 21:30:38.337,0.69692,0.69769,1.00,1.00
2018.05.09 21:30:38.665,0.69696,0.69772,1.00,1.00
2018.05.09 21:30:38.767,0.69697,0.69776,1.00,1.00
2018.05.09 21:30:39.757,0.69697,0.69777,1.00,1.00
2018.05.09 21:30:40.340,0.69697,0.69778,1.00,1.00
2018.05.09 21:30:40.391,0.69699,0.69788,1.00,1.00
2018.05.09 21:30:40.443,0.69699,0.69786,1.00,1.00
2018.05.09 21:30:41.025,0.69702,0.69785,1.00,1.00
2018.05.09 21:30:41.628,0.69702,0.69786,1.00,1.00
2018.05.09 21:30:42.037,0.69704,0.69786,1.00,1.00
2018.05.09 21:30:42.869,0.69705,0.69784,1.00,1.00
2018.05.09 21:30:42.920,0.69702,0.69785,1.00,1.00
2018.05.09 21:30:43.199,0.69705,0.69784,1.00,1.00
2018.05.09 21:30:43.782,0.69701,0.69788,1.00,1.00
2018.05.09 21:30:43.947,0.69699,0.69787,1.00,1.00
2018.05.09 21:30:44.660,0.69699,0.69788,1.00,1.00
2018.05.09 21:30:45.348,0.697,0.69788,1.00,1.00
2018.05.09 21:30:45.929,0.69701,0.69788,1.00,1.00
2018.05.09 21:30:48.042,0.69702,0.69788,1.00,1.00
2018.05.09 21:30:49.280,0.69704,0.69787,1.00,1.00
2018.05.09 21:30:49.528,0.69701,0.69787,1.00,1.00
2018.05.09 21:30:49.731,0.69699,0.69786,1.00,1.00
2018.05.09 21:30:51.076,0.697,0.69783,1.00,1.00
2018.05.09 21:30:51.262,0.69699,0.69785,1.00,1.00
2018.05.09 21:30:51.475,0.697,0.69783,1.00,1.00
2018.05.09 21:30:55.105,0.697,0.69784,1.00,1.00
2018.05.09 21:30:55.635,0.697,0.69783,1.00,1.00
2018.05.09 21:30:57.587,0.69701,0.69781,1.00,1.00
2018.05.09 21:30:59.044,0.697,0.6978,1.00,1.00
2018.05.09 21:31:00.396,0.69701,0.69781,1.00,1.00
2018.05.09 21:31:04.773,0.69699,0.69782,1.00,1.50
2018.05.09 21:31:05.455,0.697,0.6978,1.00,1.00
2018.05.09 21:31:06.170,0.69699,0.69779,1.00,1.00
2018.05.09 21:31:08.891,0.697,0.69777,1.00,1.00
2018.05.09 21:31:09.390,0.69702,0.69781,1.00,1.00
2018.05.09 21:31:10.053,0.69703,0.69782,1.00,1.00
2018.05.09 21:31:12.715,0.697,0.69782,1.00,1.00
2018.05.09 21:31:12.849,0.69695,0.6978,1.00,1.00
2018.05.09 21:31:12.899,0.69693,0.69776,1.00,1.00
2018.05.09 21:31:12.952,0.69687,0.69775,1.00,1.00
2018.05.09 21:31:13.078,0.69686,0.69773,1.00,1.00
2018.05.09 21:31:13.129,0.69678,0.69772,1.00,1.00
2018.05.09 21:31:13.180,0.69674,0.69772,1.00,1.87
2018.05.09 21:31:13.454,0.69674,0.69769,1.00,1.00
2018.05.09 21:31:14.135,0.69675,0.6977,1.00,1.00
2018.05.09 21:31:14.747,0.69674,0.6977,1.00,1.00
2018.05.09 21:31:15.053,0.69686,0.69769,1.00,1.00
2018.05.09 21:31:15.298,0.69684,0.6977,1.00,1.00
2018.05.09 21:31:16.163,0.69686,0.6977,1.00,1.00
2018.05.09 21:31:17.288,0.69691,0.69771,1.00,1.00
2018.05.09 21:31:17.591,0.69702,0.69781,1.00,1.00
2018.05.09 21:31:20.475,0.697,0.6978,1.00,1.00
2018.05.09 21:31:25.120,0.69702,0.69779,1.00,1.00
2018.05.09 21:31:25.742,0.697,0.69781,1.00,1.00
2018.05.09 21:31:26.825,0.69697,0.69779,1.00,1.00
2018.05.09 21:31:26.876,0.69699,0.69779,1.00,1.00
2018.05.09 21:31:30.543,0.69698,0.69777,1.00,1.00
2018.05.09 21:31:32.433,0.69699,0.69779,1.00,1.00
2018.05.09 21:31:32.798,0.69696,0.6978,1.00,1.00
2018.05.09 21:31:32.863,0.697,0.69779,1.00,1.00
2018.05.09 21:31:33.198,0.69694,0.6977,1.00,1.00
2018.05.09 21:31:34.161,0.69694,0.69771,1.50,1.00
2018.05.09 21:31:34.718,0.69695,0.6977,1.00,1.00
2018.05.09 21:31:35.416,0.69694,0.69771,1.00,1.00
2018.05.09 21:31:36.423,0.69695,0.6977,1.00,1.00
2018.05.09 21:31:37.768,0.69694,0.6977,1.00,1.00
2018.05.09 21:31:38.370,0.69694,0.69771,1.00,1.00
2018.05.09 21:31:38.990,0.69694,0.6977,1.50,1.00
2018.05.09 21:31:39.513,0.69694,0.69771,1.00,1.00
2018.05.09 21:31:40.116,0.69694,0.6977,1.00,1.00
2018.05.09 21:31:40.634,0.69694,0.69769,1.50,1.00
2018.05.09 21:31:41.174,0.69694,0.6977,1.00,1.00
2018.05.09 21:31:42.765,0.69694,0.69769,1.00,1.00
2018.05.09 21:31:43.519,0.69694,0.6977,1.00,1.00
2018.05.09 21:31:44.035,0.69694,0.69768,1.00,1.00
2018.05.09 21:31:44.551,0.69694,0.69769,1.00,1.00
2018.05.09 21:31:45.347,0.69694,0.69768,1.00,1.00
2018.05.09 21:31:45.918,0.69694,0.69769,1.00,1.00
2018.05.09 21:31:50.333,0.69694,0.69767,1.00,1.00
2018.05.09 21:31:50.869,0.69694,0.69768,1.00,1.00
2018.05.09 21:31:51.479,0.69694,0.69767,1.00,1.00
2018.05.09 21:31:52.137,0.69693,0.69767,1.00,1.00
2018.05.09 21:31:52.188,0.69691,0.69766,1.00,1.00
2018.05.09 21:31:55.105,0.69691,0.69764,1.00,1.00
2018.05.09 21:31:56.234,0.69692,0.69766,1.00,1.00
2018.05.09 21:31:56.284,0.69694,0.69767,1.00,1.00
2018.05.09 21:31:56.815,0.69694,0.69766,1.00,1.00
2018.05.09 21:31:57.016,0.69692,0.69772,1.00,1.00
2018.05.09 21:31:57.535,0.69692,0.69767,1.00,1.00
2018.05.09 21:31:58.346,0.69692,0.69766,1.00,1.00
2018.05.09 21:32:00.346,0.69693,0.69767,1.00,1.00
2018.05.09 21:32:02.914,0.69694,0.69772,1.00,1.00
2018.05.09 21:32:03.016,0.69694,0.69765,1.00,1.00
2018.05.09 21:32:10.939,0.69692,0.69768,1.00,1.00
2018.05.09 21:32:11.009,0.69692,0.6977,1.00,1.00
2018.05.09 21:32:11.690,0.69692,0.69771,1.00,1.00
2018.05.09 21:32:12.192,0.69692,0.69772,1.00,1.00
2018.05.09 21:32:14.415,0.69692,0.69778,1.00,1.00
2018.05.09 21:32:14.466,0.69693,0.69773,1.00,1.00
2018.05.09 21:32:15.639,0.69688,0.69774,1.00,1.00
2018.05.09 21:32:15.690,0.6969,0.69774,1.00,1.00
2018.05.09 21:32:15.741,0.69688,0.69773,1.00,1.00
2018.05.09 21:32:15.842,0.69686,0.69771,1.00,1.00
2018.05.09 21:32:16.463,0.69687,0.69769,1.00,1.00
2018.05.09 21:32:16.817,0.69685,0.69764,1.00,1.00
2018.05.09 21:32:17.226,0.69685,0.69757,1.00,1.00
2018.05.09 21:32:17.277,0.69683,0.69756,1.00,1.00
2018.05.09 21:32:17.328,0.69679,0.69757,1.00,1.00
2018.05.09 21:32:17.379,0.69677,0.69757,1.00,1.00
2018.05.09 21:32:17.481,0.69675,0.69757,1.00,1.00
2018.05.09 21:32:17.532,0.69674,0.69755,1.50,1.00
2018.05.09 21:32:18.383,0.69679,0.69754,1.00,1.00
2018.05.09 21:32:18.435,0.69675,0.69753,1.00,1.00
2018.05.09 21:32:19.291,0.69674,0.69755,1.00,1.00
2018.05.09 21:32:19.342,0.69685,0.69764,1.00,1.00
2018.05.09 21:32:19.393,0.69688,0.69768,1.00,1.00
2018.05.09 21:32:19.444,0.6969,0.69769,1.00,1.00
2018.05.09 21:32:19.495,0.69686,0.69772,1.00,1.00
2018.05.09 21:32:19.546,0.69683,0.69752,1.00,1.00
2018.05.09 21:32:19.648,0.69684,0.69762,1.00,1.00
2018.05.09 21:32:19.699,0.69681,0.69762,1.00,1.00
2018.05.09 21:32:19.750,0.69681,0.69764,1.00,1.00
2018.05.09 21:32:19.801,0.69685,0.69763,1.00,1.00
2018.05.09 21:32:25.105,0.69683,0.69764,1.00,1.00
2018.05.09 21:32:28.388,0.69684,0.69764,1.00,1.00
2018.05.09 21:32:37.739,0.69684,0.69766,1.00,1.00
2018.05.09 21:32:40.109,0.69684,0.69765,1.50,1.00
2018.05.09 21:32:40.331,0.69689,0.69771,1.00,1.00
2018.05.09 21:32:40.382,0.69688,0.69773,1.00,1.00
2018.05.09 21:32:40.433,0.6969,0.69773,1.00,1.00
2018.05.09 21:32:40.484,0.69688,0.69773,1.00,1.00
2018.05.09 21:32:40.655,0.69685,0.69765,1.00,1.00
2018.05.09 21:32:40.959,0.69685,0.69754,1.00,1.00
2018.05.09 21:32:41.732,0.69684,0.69754,1.00,1.00
2018.05.09 21:32:44.933,0.69684,0.69752,1.00,1.00
2018.05.09 21:32:49.850,0.69684,0.69751,1.00,1.00
2018.05.09 21:32:50.464,0.69681,0.69751,1.00,1.00
2018.05.09 21:32:50.565,0.69681,0.69753,1.00,1.00
2018.05.09 21:32:57.166,0.69684,0.69753,1.00,1.00
2018.05.09 21:32:57.494,0.69684,0.6975,1.00,1.00
2018.05.09 21:32:57.954,0.69684,0.69748,1.00,1.00
2018.05.09 21:33:02.356,0.69684,0.69753,1.50,1.00
2018.05.09 21:33:02.980,0.69684,0.69754,1.50,1.00
2018.05.09 21:33:04.750,0.69684,0.69753,1.50,1.00
2018.05.09 21:33:05.588,0.69684,0.69752,1.50,1.00
2018.05.09 21:33:06.111,0.69683,0.69768,1.00,1.12
2018.05.09 21:33:06.162,0.69685,0.69768,1.00,1.12
2018.05.09 21:33:06.479,0.69689,0.6977,1.00,1.00
2018.05.09 21:33:08.336,0.6969,0.69774,1.00,1.00
2018.05.09 21:33:08.387,0.6969,0.69776,1.00,1.00
2018.05.09 21:33:10.105,0.6969,0.69777,1.00,1.00
2018.05.09 21:33:11.931,0.69695,0.69776,1.00,1.00
2018.05.09 21:33:11.982,0.69695,0.6978,1.00,1.00
2018.05.09 21:33:13.019,0.69697,0.69778,1.00,1.00
2018.05.09 21:33:14.035,0.69702,0.69778,1.00,1.00
2018.05.09 21:33:15.346,0.69702,0.69779,1.00,1.00
2018.05.09 21:33:18.118,0.69701,0.69778,1.00,1.00
2018.05.09 21:33:18.597,0.69706,0.69778,1.00,1.00
2018.05.09 21:33:20.582,0.69705,0.69777,1.00,1.00
2018.05.09 21:33:23.105,0.69703,0.69778,1.00,1.00
2018.05.09 21:33:24.782,0.69702,0.69778,1.00,1.00
2018.05.09 21:33:25.200,0.69698,0.69778,1.00,1.00
2018.05.09 21:33:25.251,0.69704,0.69777,1.00,1.00
2018.05.09 21:33:25.746,0.69695,0.69779,1.00,1.00
2018.05.09 21:33:25.847,0.6969,0.69782,1.00,1.00
2018.05.09 21:33:25.897,0.69694,0.69781,1.00,1.00
2018.05.09 21:33:26.204,0.69701,0.69778,1.00,1.00
2018.05.09 21:33:26.586,0.69707,0.69778,1.00,1.00
2018.05.09 21:33:27.642,0.69709,0.69778,1.00,1.00
2018.05.09 21:33:28.697,0.69709,0.69777,1.00,1.00
2018.05.09 21:33:30.865,0.69708,0.69778,1.00,1.00
2018.05.09 21:33:38.107,0.69707,0.69778,1.00,1.00
2018.05.09 21:33:43.390,0.69708,0.69778,1.00,1.00
2018.05.09 21:33:43.441,0.69705,0.69778,1.00,1.00
2018.05.09 21:33:47.434,0.69707,0.69778,1.00,1.00
2018.05.09 21:34:00.364,0.69708,0.69778,1.00,1.00
2018.05.09 21:34:03.074,0.69706,0.69778,1.00,1.00
2018.05.09 21:34:03.125,0.69704,0.69778,1.00,1.00
2018.05.09 21:34:03.374,0.69702,0.69779,1.00,1.00
2018.05.09 21:34:03.425,0.69694,0.69778,1.00,1.00
2018.05.09 21:34:03.477,0.69691,0.69778,1.00,1.00
2018.05.09 21:34:04.036,0.6969,0.69776,1.00,1.00
2018.05.09 21:34:04.550,0.69689,0.69776,1.00,1.00
2018.05.09 21:34:05.043,0.6969,0.69772,1.00,1.00
2018.05.09 21:34:05.300,0.69685,0.69772,1.00,1.00
2018.05.09 21:34:05.351,0.69688,0.69773,1.00,1.00
2018.05.09 21:34:05.930,0.69688,0.69771,1.00,1.00
2018.05.09 21:34:06.909,0.69688,0.69769,1.00,1.00
2018.05.09 21:34:08.032,0.69688,0.69767,1.00,1.00
2018.05.09 21:34:10.116,0.69689,0.69764,1.00,1.00
2018.05.09 21:34:12.153,0.69688,0.69763,1.00,1.00
2018.05.09 21:34:12.864,0.69689,0.69761,1.00,1.00
2018.05.09 21:34:13.642,0.69688,0.69759,1.00,1.00
2018.05.09 21:34:14.804,0.69685,0.69759,1.00,1.00
2018.05.09 21:34:15.599,0.69686,0.69759,1.00,1.00
2018.05.09 21:34:16.301,0.69688,0.69758,1.00,1.00
2018.05.09 21:34:21.992,0.69686,0.69759,1.00,1.00
2018.05.09 21:34:22.236,0.69689,0.69759,1.00,1.00
2018.05.09 21:34:25.136,0.6969,0.69759,1.00,1.00
2018.05.09 21:34:26.567,0.69685,0.69752,1.00,1.00
2018.05.09 21:34:29.718,0.69688,0.6975,1.00,1.00
2018.05.09 21:34:30.346,0.69687,0.6975,1.00,1.00
2018.05.09 21:34:31.054,0.69685,0.6975,1.00,1.00
2018.05.09 21:34:40.263,0.69684,0.69749,1.00,1.00
2018.05.09 21:34:40.314,0.6968,0.6975,1.00,1.00
2018.05.09 21:34:40.973,0.69678,0.6975,1.00,1.00
2018.05.09 21:34:41.072,0.69678,0.69744,1.00,1.00
2018.05.09 21:34:42.153,0.69678,0.69743,1.00,1.00
2018.05.09 21:34:43.718,0.69678,0.69745,1.00,1.00
2018.05.09 21:34:45.367,0.69678,0.69744,1.00,1.00
2018.05.09 21:34:51.152,0.69678,0.69745,1.00,1.00
2018.05.09 21:34:51.497,0.69676,0.69745,1.00,1.00
2018.05.09 21:34:51.966,0.69674,0.69745,1.00,1.00
2018.05.09 21:34:52.293,0.69674,0.6975,1.00,1.50
2018.05.09 21:34:52.524,0.69677,0.69749,1.00,1.00
2018.05.09 21:34:53.420,0.69683,0.69748,1.00,1.00
2018.05.09 21:34:54.418,0.69685,0.69748,1.00,1.00
2018.05.09 21:34:58.382,0.69686,0.69749,1.00,1.00
2018.05.09 21:34:58.714,0.69688,0.69747,1.00,1.00
2018.05.09 21:35:00.378,0.69688,0.69748,1.00,1.00
2018.05.09 21:35:01.088,0.69681,0.69749,1.00,1.00
2018.05.09 21:35:01.167,0.69687,0.69749,1.00,1.00
2018.05.09 21:35:03.219,0.69686,0.69748,1.00,1.00
2018.05.09 21:35:03.606,0.69688,0.69748,1.00,1.00
2018.05.09 21:35:06.433,0.69686,0.69748,1.00,1.00
2018.05.09 21:35:06.541,0.69687,0.69746,1.00,1.00
2018.05.09 21:35:06.591,0.69689,0.69749,1.00,1.00
2018.05.09 21:35:07.491,0.69688,0.6975,1.00,1.00
2018.05.09 21:35:08.148,0.69688,0.69749,1.00,1.00
2018.05.09 21:35:10.549,0.69686,0.69748,1.00,1.00
2018.05.09 21:35:10.928,0.69681,0.6975,1.00,1.00
2018.05.09 21:35:11.041,0.69679,0.6975,1.00,1.00
2018.05.09 21:35:13.318,0.69681,0.6975,1.00,1.00
2018.05.09 21:35:14.146,0.69682,0.6975,1.00,1.00
2018.05.09 21:35:15.346,0.69682,0.69749,1.00,1.00
2018.05.09 21:35:19.249,0.6968,0.6975,1.00,1.00
2018.05.09 21:35:20.254,0.69685,0.69748,1.00,1.00
2018.05.09 21:35:20.489,0.69677,0.69749,1.00,1.00
2018.05.09 21:35:20.540,0.69675,0.69748,1.00,1.00
2018.05.09 21:35:21.688,0.69675,0.69742,1.00,1.00
2018.05.09 21:35:24.670,0.6967,0.69742,1.00,1.00
2018.05.09 21:35:25.323,0.69669,0.69742,1.00,1.00
2018.05.09 21:35:25.374,0.69671,0.69742,1.00,1.00
2018.05.09 21:35:25.882,0.69669,0.69741,1.00,1.00
2018.05.09 21:35:25.933,0.69671,0.69741,1.00,1.00
2018.05.09 21:35:26.102,0.69669,0.69741,1.00,1.00
2018.05.09 21:35:26.252,0.69671,0.69741,1.00,1.00
2018.05.09 21:35:26.790,0.6967,0.69741,1.00,1.00
2018.05.09 21:35:27.922,0.69671,0.69741,1.00,1.00
2018.05.09 21:35:27.973,0.69669,0.69741,1.00,1.00
2018.05.09 21:35:28.162,0.69672,0.69741,1.00,1.00
2018.05.09 21:35:28.514,0.69669,0.69741,1.00,1.00
2018.05.09 21:35:28.681,0.69672,0.69741,1.00,1.00
2018.05.09 21:35:28.872,0.69669,0.69741,1.00,1.00
2018.05.09 21:35:29.454,0.69671,0.69741,1.00,1.00
2018.05.09 21:35:29.612,0.69669,0.69741,1.00,1.00
2018.05.09 21:35:29.673,0.69671,0.69741,1.00,1.00
2018.05.09 21:35:30.061,0.69668,0.69741,1.00,1.00
2018.05.09 21:35:30.174,0.6967,0.69741,1.00,1.00
2018.05.09 21:35:30.362,0.69668,0.69741,1.00,1.00
2018.05.09 21:35:30.536,0.69671,0.69741,1.00,1.00
2018.05.09 21:35:30.677,0.69669,0.69741,1.00,1.00
2018.05.09 21:35:31.412,0.6967,0.69741,1.00,1.00
2018.05.09 21:35:32.075,0.69669,0.69741,1.00,1.00
2018.05.09 21:35:32.500,0.69667,0.69741,1.00,1.00
2018.05.09 21:35:32.806,0.6967,0.69741,1.00,1.00
2018.05.09 21:35:33.328,0.69671,0.6974,1.00,1.00
2018.05.09 21:35:33.830,0.6967,0.6974,1.00,1.00
2018.05.09 21:35:34.159,0.69672,0.6974,1.00,1.00
2018.05.09 21:35:34.705,0.69671,0.6974,1.00,1.00
2018.05.09 21:35:34.756,0.69669,0.69739,1.00,1.00
2018.05.09 21:35:34.807,0.69669,0.69737,1.00,1.00
2018.05.09 21:35:35.410,0.69668,0.69737,1.00,1.00
2018.05.09 21:35:36.624,0.69668,0.69738,1.00,1.00
2018.05.09 21:35:36.943,0.6967,0.69738,1.00,1.00
2018.05.09 21:35:37.452,0.69671,0.69738,1.00,1.00
2018.05.09 21:35:38.014,0.6967,0.69739,1.00,1.00
2018.05.09 21:35:38.572,0.69671,0.69739,1.00,1.00
2018.05.09 21:35:39.427,0.6967,0.69739,1.00,1.00
2018.05.09 21:35:39.997,0.69671,0.69739,1.00,1.00
2018.05.09 21:35:40.658,0.6967,0.69739,1.00,1.00
2018.05.09 21:35:41.762,0.69671,0.69739,1.00,1.00
2018.05.09 21:35:42.309,0.6967,0.69739,1.00,1.00
2018.05.09 21:35:42.711,0.69672,0.6974,1.00,1.00
2018.05.09 21:35:43.246,0.69673,0.6974,1.00,1.00
2018.05.09 21:35:43.806,0.69674,0.6974,1.00,1.00
2018.05.09 21:35:44.103,0.69673,0.69744,1.00,1.00
2018.05.09 21:35:44.312,0.69675,0.69744,1.00,1.50
2018.05.09 21:35:44.863,0.69676,0.69744,1.00,1.00
2018.05.09 21:35:45.378,0.69677,0.69744,1.00,1.00
2018.05.09 21:35:46.120,0.6968,0.69744,1.00,1.00
2018.05.09 21:35:46.676,0.6968,0.69746,1.00,1.00
2018.05.09 21:35:49.126,0.6968,0.69749,1.00,1.00
2018.05.09 21:35:49.345,0.6968,0.69747,1.00,1.00
2018.05.09 21:35:49.396,0.69673,0.69749,1.00,1.00
2018.05.09 21:35:49.448,0.69674,0.69756,1.00,1.00
2018.05.09 21:35:49.499,0.69683,0.69758,1.00,1.00
2018.05.09 21:35:49.550,0.69682,0.6976,1.00,1.00
2018.05.09 21:35:49.652,0.69687,0.6976,1.00,1.00
2018.05.09 21:35:50.223,0.6969,0.69759,1.00,1.00
2018.05.09 21:35:53.105,0.69688,0.6976,1.00,1.00
2018.05.09 21:35:55.105,0.69689,0.69761,1.00,1.00
2018.05.09 21:36:01.164,0.69694,0.69761,1.00,1.00
2018.05.09 21:36:02.168,0.69696,0.6976,1.00,1.00
2018.05.09 21:36:04.426,0.69697,0.6976,1.00,1.00
2018.05.09 21:36:06.890,0.69698,0.6976,1.00,1.00
2018.05.09 21:36:09.766,0.69694,0.69761,1.00,1.00
2018.05.09 21:36:09.867,0.6969,0.69761,1.00,1.00
2018.05.09 21:36:09.969,0.69688,0.69761,1.00,1.00
2018.05.09 21:36:10.070,0.69686,0.6976,1.00,1.00
2018.05.09 21:36:10.121,0.69684,0.69761,1.00,1.00
2018.05.09 21:36:10.332,0.69679,0.69761,1.00,1.00
2018.05.09 21:36:10.433,0.69677,0.69761,1.00,1.00
2018.05.09 21:36:10.754,0.69675,0.69762,1.00,1.00
2018.05.09 21:36:13.394,0.69674,0.69762,1.00,1.00
2018.05.09 21:36:14.749,0.69669,0.69756,1.00,1.00
2018.05.09 21:36:15.081,0.69673,0.69756,1.00,1.00
2018.05.09 21:36:16.399,0.69669,0.69756,1.00,1.00
2018.05.09 21:36:18.065,0.69668,0.69756,1.00,1.00
2018.05.09 21:36:19.610,0.69673,0.69756,1.00,1.00
2018.05.09 21:36:22.835,0.69669,0.69755,1.00,1.00
2018.05.09 21:36:22.903,0.69673,0.69756,1.00,1.00
2018.05.09 21:36:24.104,0.69675,0.69756,1.00,1.00
2018.05.09 21:36:24.830,0.69671,0.69752,1.00,1.00
2018.05.09 21:36:24.881,0.69665,0.69749,1.00,1.00
2018.05.09 21:36:24.933,0.69661,0.69741,1.00,1.00
2018.05.09 21:36:24.984,0.69661,0.69753,1.00,1.00
2018.05.09 21:36:25.202,0.69656,0.69753,1.00,1.00
2018.05.09 21:36:25.253,0.69663,0.69753,1.00,1.00
2018.05.09 21:36:25.809,0.69663,0.69751,1.00,1.00
2018.05.09 21:36:26.144,0.69658,0.69738,1.00,1.00
2018.05.09 21:36:26.225,0.6966,0.69751,1.00,1.00
2018.05.09 21:36:26.470,0.69656,0.69752,1.00,1.50
2018.05.09 21:36:26.521,0.69659,0.6975,1.00,1.00
2018.05.09 21:36:26.572,0.69662,0.69754,1.00,1.00
2018.05.09 21:36:26.623,0.6967,0.69755,1.00,1.00
2018.05.09 21:36:26.933,0.69672,0.69755,1.00,1.00
2018.05.09 21:36:27.860,0.69674,0.69756,1.00,1.00
2018.05.09 21:36:28.406,0.69675,0.69757,1.00,1.00
2018.05.09 21:36:29.755,0.69677,0.69757,1.00,1.00
2018.05.09 21:36:30.234,0.69676,0.69754,1.00,1.00
2018.05.09 21:36:30.894,0.69677,0.69754,1.00,1.00
2018.05.09 21:36:34.242,0.69678,0.69755,1.00,1.00
2018.05.09 21:36:35.094,0.6968,0.69757,1.00,1.00
2018.05.09 21:36:35.234,0.69676,0.69758,1.00,1.00
2018.05.09 21:36:36.144,0.69679,0.69758,1.00,1.00
2018.05.09 21:36:37.125,0.69682,0.69758,1.00,1.00
2018.05.09 21:36:37.488,0.69683,0.6976,1.00,1.00
2018.05.09 21:36:37.538,0.69686,0.69763,1.00,1.00
2018.05.09 21:36:37.589,0.69687,0.69765,1.00,1.00
2018.05.09 21:36:37.640,0.69689,0.69766,1.00,1.00
2018.05.09 21:36:37.690,0.6969,0.69768,1.00,1.00
2018.05.09 21:36:38.105,0.69692,0.69767,1.00,1.00
2018.05.09 21:36:39.217,0.69692,0.69768,1.00,1.00
2018.05.09 21:36:40.105,0.69694,0.69768,1.00,1.00
2018.05.09 21:36:40.631,0.6969,0.69767,1.00,1.00
2018.05.09 21:36:40.833,0.69685,0.69766,1.00,1.00
2018.05.09 21:36:42.107,0.69684,0.69765,1.00,1.00
2018.05.09 21:36:45.347,0.69682,0.69766,1.00,1.00
2018.05.09 21:36:45.864,0.69678,0.69766,1.00,1.00
2018.05.09 21:36:46.381,0.69677,0.69765,1.00,1.50
2018.05.09 21:36:47.129,0.69676,0.69764,1.00,1.00
2018.05.09 21:36:49.463,0.69675,0.69764,1.00,1.50
2018.05.09 21:36:49.633,0.69678,0.69763,1.00,1.00
2018.05.09 21:36:50.680,0.69672,0.69764,1.00,1.50
2018.05.09 21:36:50.899,0.69676,0.69764,1.00,1.50
2018.05.09 21:36:53.013,0.69679,0.69764,1.00,1.00
2018.05.09 21:36:53.114,0.69677,0.69764,1.00,1.00
2018.05.09 21:36:53.410,0.6968,0.69765,1.00,1.00
2018.05.09 21:36:56.241,0.69677,0.69765,1.00,1.00
2018.05.09 21:36:59.442,0.69682,0.69765,1.00,1.00
2018.05.09 21:37:00.846,0.69678,0.69766,1.00,1.00
2018.05.09 21:37:01.079,0.69682,0.69765,1.00,1.00
2018.05.09 21:37:01.280,0.69678,0.69765,1.00,1.00
2018.05.09 21:37:01.331,0.69681,0.69766,1.00,1.00
2018.05.09 21:37:01.653,0.69683,0.69766,1.00,1.00
2018.05.09 21:37:05.710,0.69682,0.69765,1.00,1.00
2018.05.09 21:37:08.510,0.69675,0.69765,1.00,1.00
2018.05.09 21:37:08.561,0.69682,0.69764,1.00,1.00
2018.05.09 21:37:10.105,0.69682,0.69766,1.00,1.00
2018.05.09 21:37:14.516,0.69675,0.69766,1.00,1.00
2018.05.09 21:37:14.803,0.69681,0.69766,1.00,1.00
2018.05.09 21:37:15.345,0.69682,0.69765,1.00,1.00
2018.05.09 21:37:16.024,0.69677,0.69764,1.00,1.00
2018.05.09 21:37:17.505,0.69681,0.69765,1.00,1.00
2018.05.09 21:37:23.105,0.69683,0.69764,1.00,1.00
2018.05.09 21:37:26.438,0.69681,0.69765,1.00,1.00
2018.05.09 21:37:28.116,0.69676,0.69764,1.00,1.00
2018.05.09 21:37:28.217,0.69686,0.69763,1.00,1.00
2018.05.09 21:37:28.733,0.69683,0.69763,1.00,1.00
2018.05.09 21:37:29.364,0.69683,0.69764,1.00,1.00
2018.05.09 21:37:31.255,0.69683,0.69763,1.00,1.00
2018.05.09 21:37:33.368,0.6968,0.69762,1.00,1.00
2018.05.09 21:37:33.419,0.69684,0.69763,1.00,1.00
2018.05.09 21:37:35.951,0.69682,0.69759,1.00,1.00
2018.05.09 21:37:38.004,0.6968,0.69759,1.00,1.00
2018.05.09 21:37:38.699,0.69681,0.6976,1.00,1.00
2018.05.09 21:37:42.603,0.69679,0.69759,1.00,1.00
2018.05.09 21:37:42.714,0.69682,0.69759,1.00,1.00
2018.05.09 21:37:43.915,0.69683,0.69759,1.00,1.00
2018.05.09 21:37:45.237,0.69684,0.69759,1.00,1.00
2018.05.09 21:37:45.401,0.69685,0.69761,1.00,1.00
2018.05.09 21:37:46.616,0.69686,0.69762,1.00,1.00
2018.05.09 21:37:49.442,0.69685,0.6976,1.00,1.00
2018.05.09 21:37:49.645,0.6968,0.69758,1.00,1.00
2018.05.09 21:37:49.695,0.69682,0.69758,1.00,1.00
2018.05.09 21:37:50.152,0.69683,0.69754,1.00,1.00
2018.05.09 21:37:52.476,0.69682,0.69758,1.00,1.00
2018.05.09 21:37:54.815,0.69684,0.69758,1.00,1.00
2018.05.09 21:37:55.199,0.69683,0.69756,1.00,1.00
2018.05.09 21:37:58.549,0.69685,0.69756,1.00,1.00
2018.05.09 21:38:05.324,0.6968,0.69757,1.00,1.00
2018.05.09 21:38:05.375,0.69682,0.69757,1.00,1.00
2018.05.09 21:38:08.355,0.6968,0.69753,1.00,1.00
2018.05.09 21:38:08.406,0.69676,0.69752,1.00,1.00
2018.05.09 21:38:09.171,0.69676,0.69751,1.00,1.00
2018.05.09 21:38:10.213,0.69676,0.6975,1.00,1.00
2018.05.09 21:38:17.293,0.69681,0.69755,1.00,1.00
2018.05.09 21:38:17.634,0.69681,0.69753,1.00,1.00
2018.05.09 21:38:20.352,0.69682,0.69753,1.00,1.00
2018.05.09 21:38:24.302,0.69683,0.69756,1.00,1.00
2018.05.09 21:38:25.346,0.69686,0.69755,1.00,1.00
2018.05.09 21:38:26.340,0.69686,0.69756,1.00,1.00
2018.05.09 21:38:28.544,0.69688,0.69756,1.00,1.00
2018.05.09 21:38:34.263,0.69678,0.6975,1.00,1.00
2018.05.09 21:38:34.949,0.69678,0.69749,1.00,1.00
2018.05.09 21:38:37.540,0.69677,0.69753,1.00,1.00
2018.05.09 21:38:39.420,0.69677,0.69751,1.00,1.00
2018.05.09 21:38:40.519,0.69677,0.69753,1.00,1.00
2018.05.09 21:38:40.659,0.69677,0.69742,1.00,1.00
2018.05.09 21:38:40.710,0.69675,0.69744,1.00,1.00
2018.05.09 21:38:41.655,0.69675,0.69747,1.00,1.00
2018.05.09 21:38:41.947,0.69676,0.6975,1.00,1.00
2018.05.09 21:38:42.503,0.69677,0.69751,1.00,1.00
2018.05.09 21:38:44.457,0.69678,0.69752,1.00,1.00
2018.05.09 21:38:45.009,0.69677,0.69751,1.00,1.00
2018.05.09 21:38:45.060,0.69676,0.69754,1.00,1.00
2018.05.09 21:38:45.346,0.69679,0.69753,1.00,1.00
2018.05.09 21:38:45.990,0.69678,0.69753,1.00,1.00
2018.05.09 21:38:52.649,0.69678,0.69754,1.00,1.00
2018.05.09 21:39:00.359,0.69677,0.69753,1.00,1.00
2018.05.09 21:39:01.980,0.69678,0.6975,1.00,1.00
2018.05.09 21:39:02.501,0.6968,0.6975,1.00,1.00
2018.05.09 21:39:02.724,0.69677,0.69751,1.00,1.00
2018.05.09 21:39:03.571,0.69677,0.69753,1.00,1.00
2018.05.09 21:39:06.354,0.69683,0.69753,1.00,1.00
2018.05.09 21:39:07.122,0.69684,0.69754,1.00,1.00
2018.05.09 21:39:07.429,0.69689,0.69753,1.00,1.00
2018.05.09 21:39:07.610,0.6968,0.69753,1.00,1.00
2018.05.09 21:39:08.112,0.69679,0.69754,1.00,1.00
2018.05.09 21:39:08.588,0.69682,0.69753,1.00,1.00
2018.05.09 21:39:09.264,0.69679,0.69754,1.00,1.00
2018.05.09 21:39:09.767,0.69682,0.69753,1.00,1.00
2018.05.09 21:39:10.145,0.69682,0.6975,1.00,1.00
2018.05.09 21:39:10.392,0.69679,0.69751,1.00,1.00
2018.05.09 21:39:10.604,0.69681,0.69752,1.00,1.00
2018.05.09 21:39:11.131,0.6968,0.69751,1.00,1.00
2018.05.09 21:39:11.455,0.69682,0.69751,1.00,1.00
2018.05.09 21:39:11.610,0.69679,0.69752,1.00,1.00
2018.05.09 21:39:11.661,0.69681,0.69752,1.00,1.00
2018.05.09 21:39:12.375,0.69679,0.69752,1.00,1.00
2018.05.09 21:39:12.610,0.69681,0.69752,1.00,1.00
2018.05.09 21:39:12.925,0.69679,0.69752,1.00,1.00
2018.05.09 21:39:13.942,0.69681,0.69752,1.00,1.00
2018.05.09 21:39:14.467,0.6968,0.69751,1.00,1.00
2018.05.09 21:39:14.866,0.69679,0.69755,1.00,1.00
2018.05.09 21:39:14.918,0.69681,0.69755,1.00,1.00
2018.05.09 21:39:15.495,0.69679,0.69755,1.00,1.00
2018.05.09 21:39:15.798,0.69681,0.69755,1.00,1.00
2018.05.09 21:39:15.971,0.69679,0.69755,1.00,1.00
2018.05.09 21:39:16.051,0.69681,0.69755,1.00,1.00
2018.05.09 21:39:16.393,0.69681,0.69752,1.00,1.00
2018.05.09 21:39:17.187,0.69679,0.69752,1.00,1.00
2018.05.09 21:39:17.689,0.69681,0.69752,1.00,1.00
2018.05.09 21:39:19.367,0.6968,0.69751,1.00,1.00
2018.05.09 21:39:19.867,0.69682,0.69751,1.00,1.00
2018.05.09 21:39:21.410,0.69679,0.69752,1.00,1.00
2018.05.09 21:39:21.881,0.69681,0.69752,1.00,1.00
2018.05.09 21:39:22.578,0.69682,0.69754,1.00,1.00
2018.05.09 21:39:23.202,0.69679,0.69755,1.00,1.00
2018.05.09 21:39:23.744,0.69682,0.69754,1.00,1.00
2018.05.09 21:39:24.619,0.69682,0.69752,1.00,1.00
2018.05.09 21:39:24.858,0.69679,0.69753,1.00,1.00
2018.05.09 21:39:24.918,0.69679,0.69755,1.00,1.00
2018.05.09 21:39:25.397,0.69686,0.69755,1.00,1.00
2018.05.09 21:39:25.699,0.69688,0.69752,1.00,1.00
2018.05.09 21:39:25.860,0.69684,0.69753,1.00,1.00
2018.05.09 21:39:26.368,0.69687,0.69753,1.00,1.00
2018.05.09 21:39:26.869,0.69684,0.69753,1.00,1.00
2018.05.09 21:39:27.704,0.69688,0.69752,1.00,1.00
2018.05.09 21:39:28.190,0.69684,0.69753,1.00,1.00
2018.05.09 21:39:28.606,0.69687,0.69753,1.00,1.00
2018.05.09 21:39:28.691,0.69685,0.69753,1.00,1.00
2018.05.09 21:39:28.850,0.69685,0.69755,1.00,1.00
2018.05.09 21:39:29.191,0.69688,0.69754,1.00,1.00
2018.05.09 21:39:29.431,0.69686,0.69754,1.00,1.00
2018.05.09 21:39:29.532,0.69689,0.69755,1.00,1.00
2018.05.09 21:39:31.017,0.69689,0.69753,1.00,1.00
2018.05.09 21:39:32.182,0.69689,0.69755,1.00,1.00
2018.05.09 21:39:32.233,0.69691,0.69756,1.00,1.00
2018.05.09 21:39:32.707,0.6969,0.69754,1.00,1.00
2018.05.09 21:39:36.761,0.69688,0.69754,1.00,1.00
2018.05.09 21:39:40.105,0.69687,0.69754,1.00,1.00
2018.05.09 21:39:45.346,0.69688,0.69754,1.00,1.00
2018.05.09 21:39:58.346,0.69688,0.69755,1.00,1.00
2018.05.09 21:39:58.397,0.6969,0.69754,1.00,1.00
2018.05.09 21:40:00.346,0.69688,0.69755,1.00,1.00
2018.05.09 21:40:00.912,0.69686,0.69755,1.00,1.00
2018.05.09 21:40:02.482,0.69687,0.69755,1.00,1.00
2018.05.09 21:40:02.682,0.6969,0.69755,1.00,1.00
2018.05.09 21:40:03.194,0.69694,0.69755,1.00,1.00
2018.05.09 21:40:04.631,0.69696,0.69754,1.00,1.00
2018.05.09 21:40:10.106,0.69692,0.69755,1.00,1.00
2018.05.09 21:40:10.408,0.69694,0.69755,1.00,1.00
2018.05.09 21:40:11.937,0.69692,0.69755,1.00,1.00
2018.05.09 21:40:12.949,0.69696,0.69754,1.00,1.00
2018.05.09 21:40:15.360,0.69695,0.69755,1.00,1.00
2018.05.09 21:40:16.484,0.69697,0.69755,1.00,1.00
2018.05.09 21:40:16.535,0.69695,0.69755,1.00,1.00
2018.05.09 21:40:17.006,0.69697,0.69755,1.00,1.00
2018.05.09 21:40:17.538,0.69695,0.69755,1.00,1.00
2018.05.09 21:40:18.367,0.69697,0.69755,1.00,1.00
2018.05.09 21:40:18.868,0.69695,0.69755,1.00,1.00
2018.05.09 21:40:19.318,0.69698,0.69754,1.00,1.00
2018.05.09 21:40:19.369,0.69695,0.69755,1.00,1.00
2018.05.09 21:40:19.556,0.69697,0.69754,1.00,1.00
2018.05.09 21:40:19.888,0.69694,0.69755,1.00,1.00
2018.05.09 21:40:20.903,0.69696,0.69755,1.00,1.00
2018.05.09 21:40:22.174,0.69694,0.69755,1.00,1.00
2018.05.09 21:40:22.288,0.69697,0.69754,1.00,1.00
2018.05.09 21:40:22.870,0.69698,0.69754,1.00,1.00
2018.05.09 21:40:25.106,0.69698,0.69755,1.00,1.00
2018.05.09 21:40:26.839,0.697,0.69755,1.00,1.00
2018.05.09 21:40:27.138,0.69698,0.69765,1.00,1.00
2018.05.09 21:40:27.850,0.69699,0.69765,1.00,1.00
2018.05.09 21:40:28.029,0.697,0.69767,1.00,1.00
2018.05.09 21:40:29.144,0.69702,0.69767,1.00,1.00
2018.05.09 21:40:29.195,0.69702,0.69769,1.00,1.00
2018.05.09 21:40:30.346,0.69704,0.69769,1.00,1.00
2018.05.09 21:40:30.870,0.69701,0.69769,1.00,1.00
2018.05.09 21:40:31.000,0.69704,0.69768,1.00,1.00
2018.05.09 21:40:31.810,0.69705,0.69768,1.00,1.00
2018.05.09 21:40:32.326,0.69707,0.69768,1.00,1.00
2018.05.09 21:40:33.541,0.69709,0.69768,1.00,1.00
2018.05.09 21:40:37.373,0.69713,0.69768,1.00,1.00
2018.05.09 21:40:38.080,0.69712,0.69767,1.00,1.00
2018.05.09 21:40:51.110,0.69706,0.69768,1.00,1.00
2018.05.09 21:40:51.620,0.69707,0.69768,1.00,1.00
2018.05.09 21:40:53.713,0.6971,0.69769,1.00,1.00
2018.05.09 21:41:20.241,0.69707,0.69768,1.00,1.00
2018.05.09 21:41:20.435,0.697,0.69769,1.00,1.00
2018.05.09 21:41:20.536,0.69698,0.69769,1.00,1.00
2018.05.09 21:41:20.862,0.69694,0.69768,1.00,1.00
2018.05.09 21:41:22.131,0.69692,0.69768,1.00,1.00
2018.05.09 21:41:25.945,0.6969,0.69767,1.00,1.00
2018.05.09 21:41:32.179,0.69686,0.69766,1.00,1.00
2018.05.09 21:41:34.618,0.69679,0.69767,1.00,1.00
2018.05.09 21:41:36.367,0.69685,0.69767,1.00,1.00
2018.05.09 21:41:38.105,0.69684,0.69767,1.00,1.00
2018.05.09 21:41:38.845,0.69679,0.69766,1.00,1.00
2018.05.09 21:41:39.413,0.69684,0.69767,1.00,1.00
2018.05.09 21:41:42.056,0.69679,0.69766,1.00,1.00
2018.05.09 21:41:42.465,0.69684,0.69767,1.00,1.00
2018.05.09 21:41:43.771,0.69685,0.69765,1.00,1.00
2018.05.09 21:41:46.750,0.69683,0.69765,1.00,1.00
2018.05.09 21:41:48.357,0.6968,0.69764,1.00,1.00
2018.05.09 21:41:51.300,0.69685,0.69764,1.00,1.00
2018.05.09 21:41:51.622,0.69685,0.69768,1.00,1.00
2018.05.09 21:41:53.265,0.69678,0.6976,1.00,1.00
2018.05.09 21:41:53.569,0.69683,0.69758,1.00,1.00
2018.05.09 21:41:54.510,0.69683,0.69759,1.00,1.00
2018.05.09 21:41:55.052,0.69684,0.6976,1.00,1.00
2018.05.09 21:41:58.346,0.69683,0.69762,1.00,1.00
2018.05.09 21:42:04.790,0.69693,0.69763,1.00,1.00
2018.05.09 21:42:04.841,0.69692,0.69765,1.00,1.00
2018.05.09 21:42:05.350,0.69692,0.69766,1.00,1.00
2018.05.09 21:42:06.016,0.69692,0.69767,1.00,1.00
2018.05.09 21:42:10.118,0.69693,0.69768,1.00,1.00
2018.05.09 21:42:11.535,0.69693,0.69769,1.00,1.00
2018.05.09 21:42:20.512,0.69691,0.69769,1.00,1.00
2018.05.09 21:42:20.627,0.69689,0.6977,1.00,1.00
2018.05.09 21:42:25.996,0.69692,0.69769,1.00,1.00
2018.05.09 21:42:26.179,0.69688,0.6977,1.00,1.00
2018.05.09 21:42:26.230,0.69693,0.69769,1.00,1.00
2018.05.09 21:42:28.986,0.69688,0.69761,1.00,1.00
2018.05.09 21:42:29.037,0.69684,0.69759,1.00,1.00
2018.05.09 21:42:29.542,0.69683,0.69759,1.00,1.00
2018.05.09 21:42:30.346,0.69683,0.69757,1.00,1.00
2018.05.09 21:42:33.109,0.69684,0.69757,1.00,1.00
2018.05.09 21:42:33.660,0.69685,0.69759,1.00,1.00
2018.05.09 21:42:34.198,0.69686,0.6976,1.00,1.00
2018.05.09 21:42:35.166,0.69691,0.69759,1.00,1.00
2018.05.09 21:42:36.196,0.69692,0.69759,1.00,1.00
2018.05.09 21:42:36.803,0.69691,0.6976,1.00,1.00
2018.05.09 21:42:37.464,0.69692,0.69761,1.00,1.00
2018.05.09 21:42:38.189,0.69693,0.69761,1.00,1.00
2018.05.09 21:42:38.784,0.69694,0.69761,1.00,1.00
2018.05.09 21:42:39.895,0.69694,0.69762,1.00,1.00
2018.05.09 21:42:43.309,0.69696,0.69761,1.00,1.00
2018.05.09 21:42:46.025,0.69696,0.69762,1.00,1.00
2018.05.09 21:42:46.559,0.69697,0.69762,1.00,1.00
2018.05.09 21:42:48.132,0.69693,0.69762,1.00,1.00
2018.05.09 21:42:48.409,0.69699,0.69761,1.00,1.00
2018.05.09 21:42:49.650,0.69693,0.69762,1.00,1.00
2018.05.09 21:42:50.211,0.697,0.6976,1.00,1.00
2018.05.09 21:42:50.916,0.69698,0.69761,1.00,1.00
2018.05.09 21:42:54.635,0.697,0.6976,1.00,1.00
2018.05.09 21:42:55.928,0.69701,0.69762,1.00,1.00
2018.05.09 21:43:06.102,0.69702,0.69764,1.00,1.00
2018.05.09 21:43:06.204,0.697,0.69766,1.00,1.00
2018.05.09 21:43:06.342,0.69702,0.69764,1.00,1.00
2018.05.09 21:43:06.663,0.69701,0.69762,1.00,1.00
2018.05.09 21:43:15.385,0.69702,0.69763,1.00,1.00
2018.05.09 21:43:19.128,0.69701,0.69763,1.00,1.00
2018.05.09 21:43:33.655,0.69702,0.69763,1.00,1.00
2018.05.09 21:43:33.961,0.69705,0.69763,1.00,1.00
2018.05.09 21:43:38.105,0.69707,0.69762,1.00,1.00
2018.05.09 21:43:45.346,0.69705,0.69763,1.00,1.00
2018.05.09 21:43:46.097,0.6971,0.69764,1.00,1.00
2018.05.09 21:44:23.105,0.69712,0.69763,1.00,1.00
2018.05.09 21:44:30.419,0.69714,0.69763,1.00,1.00
2018.05.09 21:44:32.794,0.69709,0.69764,1.00,1.00
2018.05.09 21:44:32.994,0.69714,0.69764,1.00,1.00
2018.05.09 21:44:40.106,0.69715,0.69764,1.00,1.00
2018.05.09 21:44:41.175,0.69716,0.69764,1.00,1.00
2018.05.09 21:44:43.217,0.69717,0.69764,1.00,1.00
2018.05.09 21:44:45.351,0.69716,0.69764,1.00,1.00
2018.05.09 21:44:48.787,0.69716,0.69763,1.00,1.00
2018.05.09 21:44:54.819,0.69715,0.69767,1.00,1.00
2018.05.09 21:44:55.989,0.6971,0.69766,1.00,1.00
2018.05.09 21:44:59.602,0.69708,0.69767,1.00,1.00
2018.05.09 21:45:00.101,0.6971,0.69767,1.00,1.00
2018.05.09 21:45:00.404,0.69725,0.69765,1.00,1.00
2018.05.09 21:45:02.010,0.69727,0.69767,1.00,1.00
2018.05.09 21:45:04.906,0.69726,0.69766,1.00,1.00
2018.05.09 21:45:06.155,0.69728,0.69766,1.00,1.00
2018.05.09 21:45:10.105,0.69728,0.69767,1.00,1.00
2018.05.09 21:45:10.431,0.6973,0.69768,1.00,1.00
2018.05.09 21:45:10.519,0.69728,0.69768,1.00,1.00
2018.05.09 21:45:11.294,0.69729,0.69768,1.00,1.00
2018.05.09 21:45:17.220,0.69727,0.69767,1.00,1.00
2018.05.09 21:45:22.907,0.69729,0.69767,1.00,1.00
2018.05.09 21:45:24.040,0.69731,0.69767,1.00,1.00
2018.05.09 21:45:25.175,0.69731,0.69768,1.00,1.00
2018.05.09 21:45:28.983,0.69729,0.69768,1.00,1.00
2018.05.09 21:45:30.590,0.69728,0.69768,1.00,1.00
2018.05.09 21:45:31.500,0.6972,0.69769,1.00,1.00
2018.05.09 21:45:31.652,0.69718,0.6977,1.00,1.00
2018.05.09 21:45:31.702,0.69722,0.69769,1.00,1.00
2018.05.09 21:45:32.062,0.69726,0.69769,1.00,1.00
2018.05.09 21:45:34.854,0.69728,0.6977,1.00,1.00
2018.05.09 21:45:34.905,0.69725,0.69771,1.00,1.00
2018.05.09 21:45:34.956,0.69727,0.6977,1.00,1.00
2018.05.09 21:45:35.471,0.69727,0.69772,1.00,1.00
2018.05.09 21:45:35.906,0.69729,0.69771,1.00,1.00
2018.05.09 21:45:35.982,0.69726,0.69772,1.00,1.00
2018.05.09 21:45:36.033,0.69728,0.69772,1.00,1.00
2018.05.09 21:45:36.550,0.69727,0.69772,1.00,1.00
2018.05.09 21:45:38.011,0.69728,0.69772,1.00,1.00
2018.05.09 21:45:39.098,0.69724,0.69771,1.00,1.00
2018.05.09 21:45:39.190,0.69729,0.69772,1.00,1.00
2018.05.09 21:45:40.108,0.69731,0.69771,1.00,1.00
2018.05.09 21:45:42.117,0.69727,0.69769,1.00,1.00
2018.05.09 21:45:43.731,0.69721,0.69769,1.00,1.00
2018.05.09 21:45:44.037,0.6972,0.69766,1.00,1.00
2018.05.09 21:45:44.088,0.69707,0.69767,1.00,1.00
2018.05.09 21:45:44.139,0.69712,0.69767,1.00,1.00
2018.05.09 21:45:44.191,0.69707,0.69765,1.00,1.00
2018.05.09 21:45:44.394,0.6971,0.69766,1.00,1.00
2018.05.09 21:45:44.445,0.69707,0.69767,1.00,1.00
2018.05.09 21:45:44.496,0.69707,0.69764,1.00,1.00
2018.05.09 21:45:45.268,0.69708,0.69764,1.00,1.50
2018.05.09 21:45:46.497,0.69707,0.69762,1.00,1.00
2018.05.09 21:45:48.215,0.6971,0.69758,1.00,1.00
2018.05.09 21:45:48.367,0.69707,0.69759,1.00,1.00
2018.05.09 21:45:49.432,0.69709,0.69759,1.00,1.00
2018.05.09 21:45:50.048,0.6971,0.69756,1.00,1.00
2018.05.09 21:45:52.864,0.69709,0.69755,1.00,1.00
2018.05.09 21:45:53.215,0.69711,0.69754,1.00,1.00
2018.05.09 21:45:54.107,0.69711,0.69751,1.00,1.00
2018.05.09 21:45:58.354,0.6971,0.69751,1.00,1.00
2018.05.09 21:46:00.731,0.69703,0.69752,1.00,1.00
2018.05.09 21:46:00.958,0.6971,0.69752,1.00,1.00
2018.05.09 21:46:04.631,0.69708,0.69752,1.00,1.00
2018.05.09 21:46:08.105,0.69709,0.69752,1.00,1.00
2018.05.09 21:46:10.120,0.69709,0.69751,1.00,1.00
2018.05.09 21:46:13.589,0.69709,0.69753,1.00,1.00
2018.05.09 21:46:14.112,0.69708,0.69752,1.00,1.00
2018.05.09 21:46:15.155,0.6971,0.69752,1.00,1.00
2018.05.09 21:46:15.207,0.69712,0.69756,1.00,1.00
2018.05.09 21:46:15.308,0.69716,0.69758,1.00,1.00
2018.05.09 21:46:15.359,0.69716,0.6976,1.00,1.00
2018.05.09 21:46:16.388,0.69718,0.6976,1.00,1.00
2018.05.09 21:46:16.987,0.6971,0.69761,1.00,1.00
2018.05.09 21:46:17.196,0.69716,0.6976,1.00,1.00
2018.05.09 21:46:18.811,0.69715,0.69759,1.00,1.00
2018.05.09 21:46:20.672,0.69709,0.6976,1.00,1.00
2018.05.09 21:46:21.223,0.69715,0.6976,1.00,1.00
2018.05.09 21:46:25.112,0.69716,0.69758,1.00,1.00
2018.05.09 21:46:25.416,0.69694,0.6976,1.00,1.00
2018.05.09 21:46:25.467,0.69698,0.69758,1.00,1.00
2018.05.09 21:46:25.568,0.69694,0.69758,1.00,1.00
2018.05.09 21:46:25.619,0.69694,0.69754,1.00,1.00
2018.05.09 21:46:25.851,0.69693,0.69758,1.00,1.00
2018.05.09 21:46:25.901,0.69693,0.69756,1.00,1.00
2018.05.09 21:46:26.054,0.69669,0.69755,1.00,1.00
2018.05.09 21:46:26.105,0.69667,0.69758,1.00,1.00
2018.05.09 21:46:26.206,0.6969,0.69762,1.00,1.00
2018.05.09 21:46:26.590,0.69692,0.69761,1.00,1.00
2018.05.09 21:46:27.228,0.69668,0.69762,1.00,1.00
2018.05.09 21:46:27.355,0.69692,0.69761,1.00,1.00
2018.05.09 21:46:27.816,0.69682,0.6976,1.00,1.00
2018.05.09 21:46:27.967,0.69692,0.6976,1.00,1.00
2018.05.09 21:46:28.264,0.69681,0.69761,1.00,1.00
2018.05.09 21:46:28.411,0.69691,0.69761,1.00,1.00
2018.05.09 21:46:29.730,0.6967,0.6976,1.00,1.00
2018.05.09 21:46:29.866,0.69691,0.69761,1.00,1.00
2018.05.09 21:46:30.815,0.69675,0.6976,1.00,1.00
2018.05.09 21:46:30.992,0.69691,0.69761,1.00,1.00
2018.05.09 21:46:31.215,0.69682,0.6976,1.00,1.00
2018.05.09 21:46:31.412,0.69691,0.69761,1.00,1.00
2018.05.09 21:46:38.421,0.69668,0.6976,1.00,1.00
2018.05.09 21:46:38.579,0.69692,0.6976,1.00,1.00
2018.05.09 21:46:38.932,0.69685,0.6976,1.00,1.00
2018.05.09 21:46:38.983,0.69692,0.6976,1.00,1.00
2018.05.09 21:46:39.216,0.6968,0.69761,1.00,1.00
2018.05.09 21:46:39.368,0.69692,0.6976,1.00,1.00
2018.05.09 21:46:40.105,0.69691,0.69762,1.00,1.00
2018.05.09 21:46:45.353,0.69692,0.69762,1.00,1.00
2018.05.09 21:46:46.458,0.69693,0.69762,1.00,1.00
2018.05.09 21:46:46.509,0.69691,0.69762,1.00,1.00
2018.05.09 21:46:47.953,0.69668,0.69761,1.00,1.00
2018.05.09 21:46:48.105,0.69692,0.69762,1.00,1.00
2018.05.09 21:46:48.362,0.69668,0.69761,1.00,1.00
2018.05.09 21:46:48.463,0.69692,0.69761,1.00,1.00
2018.05.09 21:46:48.916,0.69682,0.69761,1.00,1.00
2018.05.09 21:46:49.056,0.69691,0.69762,1.00,1.00
2018.05.09 21:46:49.315,0.69674,0.69762,1.00,1.00
2018.05.09 21:46:49.503,0.69692,0.69761,1.00,1.00
2018.05.09 21:46:49.716,0.69681,0.69762,1.00,1.00
2018.05.09 21:46:49.910,0.69691,0.69762,1.00,1.00
2018.05.09 21:46:50.223,0.69681,0.69761,1.00,1.00
2018.05.09 21:46:50.415,0.69692,0.69761,1.00,1.00
2018.05.09 21:46:52.959,0.69693,0.69762,1.00,1.00
2018.05.09 21:46:53.460,0.69692,0.69762,1.00,1.00
2018.05.09 21:46:53.750,0.69669,0.69762,1.00,1.00
2018.05.09 21:46:53.902,0.69692,0.69761,1.00,1.00
2018.05.09 21:46:54.316,0.69681,0.69762,1.00,1.00
2018.05.09 21:46:54.509,0.69692,0.69761,1.00,1.00
2018.05.09 21:46:54.716,0.69681,0.69762,1.00,1.00
2018.05.09 21:46:54.888,0.69691,0.69762,1.00,1.00
2018.05.09 21:47:04.616,0.69692,0.69762,1.00,1.00
2018.05.09 21:47:05.454,0.69672,0.69762,1.00,1.00
2018.05.09 21:47:05.605,0.69691,0.69762,1.00,1.00
2018.05.09 21:47:05.835,0.69672,0.69762,1.00,1.00
2018.05.09 21:47:05.987,0.69691,0.69762,1.00,1.00
2018.05.09 21:47:06.447,0.69681,0.69762,1.00,1.00
2018.05.09 21:47:06.555,0.69691,0.69762,1.00,1.00
2018.05.09 21:47:06.816,0.69675,0.69761,1.00,1.00
2018.05.09 21:47:06.966,0.69691,0.69762,1.00,1.00
2018.05.09 21:47:07.390,0.697,0.69763,1.00,1.00
2018.05.09 21:47:14.948,0.69698,0.69763,1.00,1.00
2018.05.09 21:47:15.461,0.69698,0.69764,1.00,1.00
2018.05.09 21:47:16.150,0.69677,0.69764,1.00,1.00
2018.05.09 21:47:16.302,0.69698,0.69763,1.00,1.00
2018.05.09 21:47:16.541,0.69692,0.69763,1.00,1.00
2018.05.09 21:47:16.683,0.69697,0.69764,1.00,1.00
2018.05.09 21:47:16.915,0.69687,0.69764,1.00,1.00
2018.05.09 21:47:17.105,0.69698,0.69763,1.00,1.00
2018.05.09 21:47:18.924,0.69678,0.69764,1.00,1.00
2018.05.09 21:47:18.974,0.69678,0.69762,1.00,1.00
2018.05.09 21:47:19.434,0.69697,0.69764,1.00,1.00
2018.05.09 21:47:22.751,0.69697,0.69758,1.00,1.00
2018.05.09 21:47:23.004,0.69696,0.6976,1.00,1.00
2018.05.09 21:47:23.054,0.69695,0.69751,1.00,1.00
2018.05.09 21:47:23.156,0.69695,0.69762,1.00,1.00
2018.05.09 21:47:23.308,0.69697,0.69763,1.00,1.00
2018.05.09 21:47:23.750,0.69676,0.69764,1.00,1.00
2018.05.09 21:47:23.902,0.69696,0.69764,1.00,1.00
2018.05.09 21:47:24.163,0.69676,0.69764,1.00,1.00
2018.05.09 21:47:24.264,0.69696,0.69763,1.00,1.00
2018.05.09 21:47:24.769,0.69686,0.69763,1.00,1.00
2018.05.09 21:47:24.871,0.69696,0.69764,1.00,1.00
2018.05.09 21:47:25.156,0.69678,0.69763,1.00,1.00
2018.05.09 21:47:25.310,0.69696,0.69762,1.00,1.00
2018.05.09 21:47:25.516,0.69687,0.69762,1.00,1.00
2018.05.09 21:47:25.667,0.69696,0.69763,1.00,1.00
2018.05.09 21:47:26.188,0.69698,0.69763,1.00,1.00
2018.05.09 21:47:26.239,0.69688,0.69762,1.00,1.00
2018.05.09 21:47:26.391,0.69698,0.69763,1.00,1.00
2018.05.09 21:47:26.616,0.69683,0.69763,1.00,1.00
2018.05.09 21:47:26.785,0.69698,0.69763,1.00,1.00
2018.05.09 21:47:27.044,0.69687,0.69763,1.00,1.00
2018.05.09 21:47:27.190,0.69698,0.69763,1.00,1.00
2018.05.09 21:47:32.522,0.69698,0.69765,1.00,1.00
2018.05.09 21:47:33.182,0.69697,0.69765,1.00,1.00
2018.05.09 21:47:33.785,0.69695,0.69765,1.00,1.00
2018.05.09 21:47:34.413,0.69694,0.69764,1.00,1.00
2018.05.09 21:47:34.464,0.69694,0.69757,1.00,1.00
2018.05.09 21:47:34.759,0.69694,0.69764,1.00,1.00
2018.05.09 21:47:35.345,0.69685,0.69765,1.00,1.00
2018.05.09 21:47:35.472,0.69695,0.69764,1.00,1.00
2018.05.09 21:47:35.715,0.69688,0.69764,1.00,1.00
2018.05.09 21:47:35.914,0.69694,0.69765,1.00,1.00
2018.05.09 21:47:36.115,0.69685,0.69764,1.00,1.00
2018.05.09 21:47:36.282,0.69694,0.69765,1.00,1.00
2018.05.09 21:47:39.164,0.6968,0.69765,1.00,1.00
2018.05.09 21:47:39.265,0.69694,0.69765,1.00,1.00
2018.05.09 21:47:39.716,0.69703,0.69769,1.00,1.00
2018.05.09 21:47:39.767,0.69694,0.6977,1.00,1.00
2018.05.09 21:47:39.819,0.69691,0.69773,1.00,1.00
2018.05.09 21:47:39.870,0.69695,0.69773,1.00,1.00
2018.05.09 21:47:40.157,0.69691,0.69772,1.00,1.00
2018.05.09 21:47:40.268,0.69696,0.69772,1.00,1.00
2018.05.09 21:47:40.319,0.69696,0.69774,1.00,1.00
2018.05.09 21:47:40.828,0.69698,0.69773,1.00,1.00
2018.05.09 21:47:41.475,0.69698,0.69774,1.00,1.00
2018.05.09 21:47:42.106,0.697,0.69773,1.00,1.00
2018.05.09 21:47:44.278,0.69701,0.69774,1.00,1.00
2018.05.09 21:47:45.164,0.69701,0.69767,1.00,1.00
2018.05.09 21:47:45.516,0.69703,0.69762,1.00,1.00
2018.05.09 21:47:45.567,0.69702,0.69772,1.00,1.00
2018.05.09 21:47:45.618,0.69702,0.69774,1.00,1.00
2018.05.09 21:47:46.160,0.69675,0.69774,1.50,1.00
2018.05.09 21:47:46.312,0.69702,0.69774,1.00,1.00
2018.05.09 21:47:46.713,0.69704,0.69773,1.00,1.00
2018.05.09 21:47:46.765,0.69693,0.69774,1.00,1.00
2018.05.09 21:47:46.896,0.69703,0.69774,1.00,1.00
2018.05.09 21:47:47.159,0.69687,0.69773,1.00,1.00
2018.05.09 21:47:47.299,0.69703,0.69774,1.00,1.00
2018.05.09 21:47:47.516,0.69693,0.69774,1.00,1.00
2018.05.09 21:47:47.709,0.69704,0.69774,1.00,1.00
2018.05.09 21:47:48.683,0.69705,0.69772,1.00,1.00
2018.05.09 21:47:49.788,0.69708,0.69774,1.00,1.00
2018.05.09 21:47:50.347,0.69707,0.69775,1.00,1.00
2018.05.09 21:47:51.464,0.69707,0.69772,1.00,1.00
2018.05.09 21:47:51.787,0.69707,0.69767,1.00,1.00
2018.05.09 21:47:52.040,0.69706,0.69772,1.00,1.00
2018.05.09 21:47:52.091,0.69707,0.69774,1.00,1.00
2018.05.09 21:47:52.593,0.69707,0.69775,1.00,1.00
2018.05.09 21:47:52.644,0.69675,0.69774,1.50,1.00
2018.05.09 21:47:52.755,0.69708,0.69774,1.00,1.00
2018.05.09 21:47:53.215,0.69696,0.69775,1.00,1.00
2018.05.09 21:47:53.399,0.69707,0.69775,1.00,1.00
2018.05.09 21:47:53.615,0.69689,0.69775,1.00,1.00
2018.05.09 21:47:53.768,0.69707,0.69775,1.00,1.00
2018.05.09 21:47:54.029,0.69696,0.69775,1.00,1.00
2018.05.09 21:47:54.202,0.69707,0.69775,1.00,1.00
2018.05.09 21:47:55.570,0.69707,0.6977,1.00,1.00
2018.05.09 21:47:55.970,0.69704,0.69762,1.00,1.00
2018.05.09 21:47:56.022,0.6968,0.69762,1.00,1.00
2018.05.09 21:47:56.145,0.6968,0.69768,1.00,1.00
2018.05.09 21:47:56.196,0.69705,0.69771,1.00,1.00
2018.05.09 21:48:05.610,0.69704,0.69767,1.00,1.00
2018.05.09 21:48:05.974,0.69704,0.69769,1.00,1.00
2018.05.09 21:48:06.025,0.69704,0.69774,1.00,1.00
2018.05.09 21:48:06.555,0.6968,0.69774,1.00,1.00
2018.05.09 21:48:06.666,0.69705,0.69774,1.00,1.00
2018.05.09 21:48:06.947,0.69697,0.69775,1.00,1.00
2018.05.09 21:48:07.101,0.69704,0.69775,1.00,1.00
2018.05.09 21:48:11.630,0.6968,0.69775,1.00,1.00
2018.05.09 21:48:11.782,0.69704,0.69775,1.00,1.00
2018.05.09 21:48:12.063,0.69697,0.69775,1.00,1.00
2018.05.09 21:48:12.215,0.69705,0.69774,1.00,1.00
2018.05.09 21:48:12.416,0.69694,0.69775,1.00,1.00
2018.05.09 21:48:12.577,0.69704,0.69775,1.00,1.00
2018.05.09 21:48:23.740,0.69681,0.69775,1.50,1.00
2018.05.09 21:48:23.892,0.69705,0.69774,1.00,1.00
2018.05.09 21:48:24.136,0.69681,0.69775,1.50,1.00
2018.05.09 21:48:24.302,0.69705,0.69774,1.00,1.00
2018.05.09 21:48:24.745,0.69695,0.69774,1.00,1.00
2018.05.09 21:48:24.856,0.69704,0.69775,1.00,1.00
2018.05.09 21:48:25.111,0.69687,0.69775,1.00,1.00
2018.05.09 21:48:25.288,0.69704,0.69775,1.00,1.00
2018.05.09 21:48:25.589,0.69694,0.69776,1.00,1.00
2018.05.09 21:48:25.691,0.69704,0.69776,1.00,1.00
2018.05.09 21:48:31.117,0.69704,0.69775,1.00,1.00
2018.05.09 21:48:31.645,0.69682,0.69776,1.00,1.00
2018.05.09 21:48:31.796,0.69704,0.69776,1.00,1.00
2018.05.09 21:48:32.012,0.69681,0.69776,1.50,1.00
2018.05.09 21:48:32.157,0.69705,0.69775,1.00,1.00
2018.05.09 21:48:32.610,0.69695,0.69775,1.00,1.00
2018.05.09 21:48:32.762,0.69704,0.69776,1.00,1.00
2018.05.09 21:48:33.011,0.69688,0.69775,1.00,1.00
2018.05.09 21:48:33.188,0.69705,0.69775,1.00,1.00
2018.05.09 21:48:33.411,0.69694,0.69776,1.00,1.00
2018.05.09 21:48:33.563,0.69705,0.69775,1.00,1.00
2018.05.09 21:48:40.071,0.69705,0.69776,1.00,1.00
2018.05.09 21:48:43.097,0.69701,0.69775,1.00,1.00
2018.05.09 21:48:43.148,0.69705,0.69776,1.00,1.00
2018.05.09 21:48:44.550,0.69681,0.69776,1.50,1.00
2018.05.09 21:48:44.690,0.69705,0.69776,1.00,1.00
2018.05.09 21:48:44.932,0.69698,0.69776,1.00,1.00
2018.05.09 21:48:45.097,0.69706,0.69775,1.00,1.00
2018.05.09 21:48:45.313,0.69695,0.69776,1.00,1.00
2018.05.09 21:48:45.473,0.69704,0.69776,1.00,1.00
2018.05.09 21:48:48.038,0.69681,0.69775,1.50,1.00
2018.05.09 21:48:48.188,0.69704,0.69776,1.00,1.00
2018.05.09 21:48:48.411,0.69698,0.69775,1.00,1.00
2018.05.09 21:48:48.583,0.69704,0.69775,1.00,1.00
2018.05.09 21:48:48.810,0.69695,0.69775,1.00,1.00
2018.05.09 21:48:48.993,0.69704,0.69776,1.00,1.00
2018.05.09 21:48:52.532,0.69705,0.69772,1.00,1.00
2018.05.09 21:48:52.872,0.69704,0.69766,1.00,1.00
2018.05.09 21:48:53.163,0.69704,0.69774,1.00,1.00
2018.05.09 21:48:53.677,0.69704,0.69775,1.00,1.00
2018.05.09 21:48:53.728,0.6968,0.69775,1.00,1.00
2018.05.09 21:48:53.882,0.69704,0.69775,1.00,1.00
2018.05.09 21:48:54.130,0.6968,0.69775,1.00,1.00
2018.05.09 21:48:54.262,0.69704,0.69775,1.00,1.00
2018.05.09 21:48:54.762,0.69694,0.69775,1.00,1.00
2018.05.09 21:48:54.863,0.69704,0.69775,1.00,1.00
2018.05.09 21:48:55.156,0.69688,0.69775,1.00,1.00
2018.05.09 21:48:55.261,0.69706,0.69774,1.00,1.00
2018.05.09 21:48:55.510,0.69696,0.69774,1.00,1.00
2018.05.09 21:48:55.661,0.69705,0.69775,1.00,1.00
2018.05.09 21:48:59.138,0.69684,0.69775,1.00,1.00
2018.05.09 21:48:59.260,0.69705,0.69775,1.00,1.00
2018.05.09 21:48:59.769,0.69695,0.69775,1.00,1.00
2018.05.09 21:48:59.880,0.69705,0.69775,1.00,1.00
2018.05.09 21:49:00.144,0.69688,0.69775,1.00,1.00
2018.05.09 21:49:00.282,0.69705,0.69775,1.00,1.00
2018.05.09 21:49:00.516,0.69695,0.69775,1.00,1.00
2018.05.09 21:49:00.684,0.69705,0.69775,1.00,1.00
2018.05.09 21:49:03.317,0.69705,0.69772,1.00,1.00
2018.05.09 21:49:03.695,0.69704,0.69765,1.00,1.00
2018.05.09 21:49:03.862,0.69705,0.69773,1.00,1.00
2018.05.09 21:49:04.375,0.69706,0.69774,1.00,1.00
2018.05.09 21:49:04.476,0.69684,0.69774,1.00,1.00
2018.05.09 21:49:04.580,0.69705,0.69775,1.00,1.00
2018.05.09 21:49:04.816,0.69684,0.69774,1.00,1.00
2018.05.09 21:49:04.967,0.69705,0.69775,1.00,1.00
2018.05.09 21:49:05.424,0.69694,0.69775,1.00,1.00
2018.05.09 21:49:05.576,0.69705,0.69775,1.00,1.00
2018.05.09 21:49:05.811,0.69687,0.69775,1.00,1.00
2018.05.09 21:49:05.989,0.69706,0.69774,1.00,1.00
2018.05.09 21:49:06.211,0.69694,0.69775,1.00,1.00
2018.05.09 21:49:06.362,0.69705,0.69775,1.00,1.00
2018.05.09 21:49:09.036,0.69712,0.69775,1.00,1.00
2018.05.09 21:49:09.352,0.69715,0.69774,1.00,1.00
2018.05.09 21:49:10.240,0.69686,0.69775,1.50,1.00
2018.05.09 21:49:10.392,0.6971,0.69775,1.00,1.00
2018.05.09 21:49:10.658,0.69686,0.69775,1.50,1.00
2018.05.09 21:49:10.760,0.6971,0.69775,1.00,1.00
2018.05.09 21:49:11.211,0.69701,0.69774,1.00,1.00
2018.05.09 21:49:11.363,0.69711,0.69774,1.00,1.00
2018.05.09 21:49:14.999,0.69711,0.69772,1.00,1.00
2018.05.09 21:49:15.050,0.69705,0.69768,1.00,1.00
2018.05.09 21:49:15.105,0.69709,0.69771,1.00,1.00
2018.05.09 21:49:15.156,0.69709,0.69773,1.00,1.00
2018.05.09 21:49:15.206,0.69711,0.69775,1.00,1.00
2018.05.09 21:49:15.938,0.6971,0.69776,1.00,1.00
2018.05.09 21:49:20.105,0.69721,0.69775,1.00,1.00
2018.05.09 21:49:21.158,0.69724,0.69776,1.00,1.00
2018.05.09 21:49:22.196,0.69727,0.69776,1.00,1.00
2018.05.09 21:49:22.935,0.69726,0.69775,1.00,1.00
2018.05.09 21:49:25.156,0.69723,0.69775,1.00,1.00
2018.05.09 21:49:25.373,0.69726,0.69775,1.00,1.00
2018.05.09 21:49:25.938,0.6973,0.69775,1.00,1.00
2018.05.09 21:49:26.602,0.6973,0.69776,1.00,1.00
2018.05.09 21:49:28.422,0.69729,0.69776,1.00,1.00
2018.05.09 21:49:30.714,0.69729,0.69775,1.00,1.00
2018.05.09 21:49:31.351,0.69726,0.69775,1.00,1.00
2018.05.09 21:49:31.452,0.6973,0.69776,1.00,1.00
2018.05.09 21:49:32.965,0.69727,0.69776,1.00,1.00
2018.05.09 21:49:33.527,0.69731,0.69776,1.00,1.00
2018.05.09 21:49:35.863,0.69733,0.69775,1.00,1.00
2018.05.09 21:49:36.871,0.69729,0.69776,1.00,1.00
2018.05.09 21:49:36.972,0.69733,0.69776,1.00,1.00
2018.05.09 21:49:38.105,0.69734,0.69776,1.00,1.00
2018.05.09 21:49:39.812,0.69731,0.69775,1.00,1.00
2018.05.09 21:49:40.752,0.69734,0.69776,1.00,1.00
2018.05.09 21:49:42.743,0.6973,0.69776,1.00,1.00
2018.05.09 21:49:42.794,0.69735,0.69776,1.00,1.00
2018.05.09 21:49:53.105,0.69734,0.69776,1.00,1.00
2018.05.09 21:49:58.346,0.6972,0.69776,1.00,1.00
2018.05.09 21:49:58.397,0.6971,0.69775,1.00,1.00
2018.05.09 21:49:58.448,0.69702,0.69775,1.00,1.00
2018.05.09 21:49:58.553,0.69708,0.69774,1.00,1.00
2018.05.09 21:49:58.851,0.69706,0.69775,1.00,1.00
2018.05.09 21:49:58.902,0.69697,0.69775,1.00,1.00
2018.05.09 21:50:02.855,0.697,0.69774,1.00,1.00
2018.05.09 21:50:04.744,0.69701,0.69774,1.00,1.00
2018.05.09 21:50:05.265,0.69701,0.69775,1.00,1.00
2018.05.09 21:50:05.598,0.6971,0.69775,1.00,1.00
2018.05.09 21:50:06.422,0.69713,0.69775,1.00,1.00
2018.05.09 21:50:06.916,0.69723,0.69775,1.00,1.00
2018.05.09 21:50:08.494,0.69726,0.69775,1.00,1.00
2018.05.09 21:50:09.229,0.69727,0.69775,1.00,1.00
2018.05.09 21:50:09.891,0.69727,0.69776,1.00,1.00
2018.05.09 21:50:10.543,0.69728,0.69775,1.00,1.00
2018.05.09 21:50:11.209,0.69729,0.69775,1.00,1.00
2018.05.09 21:50:11.868,0.69729,0.69776,1.00,1.00
2018.05.09 21:50:13.346,0.6973,0.69776,1.00,1.00
2018.05.09 21:50:13.852,0.69731,0.69775,1.00,1.00
2018.05.09 21:50:18.812,0.69732,0.69777,1.00,1.00
2018.05.09 21:50:25.106,0.69732,0.69776,1.00,1.00
2018.05.09 21:50:25.919,0.69732,0.69777,1.00,1.00
2018.05.09 21:50:26.925,0.69734,0.69775,1.00,1.00
2018.05.09 21:50:27.389,0.69736,0.6978,1.00,1.00
2018.05.09 21:50:27.613,0.69738,0.69779,1.00,1.00
2018.05.09 21:50:27.801,0.69722,0.69779,1.00,1.00
2018.05.09 21:50:27.933,0.69701,0.69779,1.00,1.00
2018.05.09 21:50:27.984,0.69706,0.69779,1.00,1.00
2018.05.09 21:50:28.036,0.69704,0.69779,1.00,1.00
2018.05.09 21:50:34.665,0.69703,0.69776,1.00,1.00
2018.05.09 21:50:35.403,0.69702,0.69775,1.00,1.00
2018.05.09 21:50:37.685,0.69701,0.69774,1.00,1.00
2018.05.09 21:50:38.161,0.69715,0.69775,1.00,1.00
2018.05.09 21:50:38.485,0.69725,0.69776,1.00,1.00
2018.05.09 21:50:39.464,0.69726,0.69776,1.00,1.00
2018.05.09 21:50:40.011,0.69727,0.69776,1.00,1.00
2018.05.09 21:50:40.537,0.69728,0.69775,1.00,1.00
2018.05.09 21:50:41.393,0.69729,0.69775,1.00,1.00
2018.05.09 21:50:42.005,0.6973,0.69775,1.00,1.00
2018.05.09 21:50:42.790,0.69731,0.69775,1.00,1.00
2018.05.09 21:50:42.841,0.69728,0.69776,1.00,1.00
2018.05.09 21:50:43.374,0.69727,0.69776,1.00,1.00
2018.05.09 21:50:43.869,0.69729,0.69775,1.00,1.00
2018.05.09 21:50:44.390,0.6973,0.69776,1.00,1.00
2018.05.09 21:50:44.441,0.69731,0.69779,1.00,1.00
2018.05.09 21:50:44.975,0.6973,0.69779,1.00,1.00
2018.05.09 21:50:46.012,0.69732,0.69777,1.00,1.00
2018.05.09 21:50:48.988,0.69733,0.69779,1.00,1.00
2018.05.09 21:50:49.039,0.69734,0.69777,1.00,1.00
2018.05.09 21:50:55.439,0.69731,0.69776,1.00,1.00
2018.05.09 21:50:56.241,0.69726,0.69771,1.00,1.00
2018.05.09 21:50:57.146,0.69728,0.69771,1.00,1.00
2018.05.09 21:50:58.290,0.69712,0.69772,1.00,1.00
2018.05.09 21:50:58.341,0.69728,0.69772,1.00,1.00
2018.05.09 21:50:59.220,0.69729,0.69772,1.00,1.00
2018.05.09 21:50:59.586,0.69727,0.6977,1.00,1.00
2018.05.09 21:51:00.090,0.69732,0.69775,1.00,1.00
2018.05.09 21:51:00.776,0.69732,0.69774,1.00,1.00
2018.05.09 21:51:01.243,0.6973,0.69776,1.00,1.00
2018.05.09 21:51:02.215,0.69729,0.69775,1.00,1.00
2018.05.09 21:51:02.801,0.69729,0.69774,1.00,1.00
2018.05.09 21:51:04.864,0.69727,0.69774,1.00,1.00
2018.05.09 21:51:05.343,0.69725,0.69775,1.00,1.00
2018.05.09 21:51:06.411,0.69725,0.69774,1.00,1.00
2018.05.09 21:51:07.142,0.69724,0.69774,1.00,1.00
2018.05.09 21:51:07.370,0.69722,0.69775,1.00,1.00
2018.05.09 21:51:10.112,0.69724,0.69775,1.00,1.00
2018.05.09 21:51:10.271,0.69722,0.69775,1.00,1.00
2018.05.09 21:51:11.494,0.69723,0.69776,1.00,1.00
2018.05.09 21:51:14.410,0.69722,0.69776,1.00,1.00
2018.05.09 21:51:23.105,0.69722,0.69775,1.00,1.00
2018.05.09 21:51:25.105,0.69723,0.69775,1.00,1.00
2018.05.09 21:51:26.908,0.69724,0.69775,1.00,1.00
2018.05.09 21:51:26.960,0.69718,0.69776,1.00,1.00
2018.05.09 21:51:28.609,0.69717,0.69776,1.00,1.00
2018.05.09 21:51:29.219,0.69716,0.69776,1.00,1.00
2018.05.09 21:51:30.347,0.69715,0.69775,1.00,1.00
2018.05.09 21:51:30.870,0.69716,0.69775,1.00,1.00
2018.05.09 21:51:36.340,0.69716,0.69777,1.00,1.00
2018.05.09 21:51:36.391,0.69715,0.6978,1.00,1.00
2018.05.09 21:51:36.442,0.69715,0.69777,1.00,1.00
2018.05.09 21:51:37.112,0.69713,0.69778,1.00,1.00
2018.05.09 21:51:39.158,0.69714,0.69778,1.00,1.00
2018.05.09 21:51:39.842,0.69715,0.69778,1.00,1.00
2018.05.09 21:51:43.081,0.69716,0.69778,1.00,1.00
2018.05.09 21:51:43.555,0.69716,0.69783,1.00,1.00
2018.05.09 21:51:43.606,0.69717,0.69779,1.00,1.00
2018.05.09 21:51:44.236,0.69705,0.69779,1.00,1.00
2018.05.09 21:51:44.287,0.69716,0.69779,1.00,1.00
2018.05.09 21:51:44.505,0.69714,0.69779,1.00,1.00
2018.05.09 21:51:45.114,0.69713,0.69779,1.00,1.00
2018.05.09 21:51:45.498,0.69713,0.69781,1.00,1.00
2018.05.09 21:51:45.606,0.69713,0.69778,1.00,1.00
2018.05.09 21:51:47.216,0.69713,0.69781,1.00,1.00
2018.05.09 21:51:47.359,0.69713,0.69778,1.00,1.00
2018.05.09 21:51:47.540,0.69714,0.6978,1.00,1.00
2018.05.09 21:51:47.641,0.69713,0.69778,1.00,1.00
2018.05.09 21:51:48.326,0.69712,0.69778,1.00,1.00
2018.05.09 21:51:48.870,0.69712,0.69781,1.00,1.00
2018.05.09 21:51:49.404,0.69713,0.69781,1.00,1.00
2018.05.09 21:51:52.931,0.69703,0.6978,1.00,1.00
2018.05.09 21:51:52.982,0.69713,0.69781,1.00,1.00
2018.05.09 21:51:54.539,0.69712,0.6978,1.00,1.00
2018.05.09 21:51:54.949,0.69712,0.69777,1.00,1.00
2018.05.09 21:51:57.380,0.69713,0.69777,1.00,1.00
2018.05.09 21:51:58.550,0.69713,0.69776,1.00,1.00
2018.05.09 21:52:00.348,0.69711,0.69777,1.00,1.00
2018.05.09 21:52:05.412,0.69705,0.69777,1.00,1.00
2018.05.09 21:52:05.726,0.69714,0.69777,1.00,1.00
2018.05.09 21:52:06.108,0.69714,0.69779,1.00,1.00
2018.05.09 21:52:06.482,0.69716,0.69779,1.00,1.00
2018.05.09 21:52:08.864,0.69708,0.6978,1.00,1.00
2018.05.09 21:52:08.965,0.69714,0.6978,1.00,1.00
2018.05.09 21:52:09.743,0.69712,0.6978,1.00,1.00
2018.05.09 21:52:11.281,0.69713,0.6978,1.00,1.00
2018.05.09 21:52:11.830,0.69714,0.6978,1.00,1.00
2018.05.09 21:52:12.558,0.69716,0.6978,1.00,1.00
2018.05.09 21:52:12.761,0.69706,0.69779,1.00,1.00
2018.05.09 21:52:12.812,0.69716,0.6978,1.00,1.00
2018.05.09 21:52:15.782,0.69717,0.6978,1.00,1.00
2018.05.09 21:52:16.488,0.69718,0.69779,1.00,1.00
2018.05.09 21:52:16.884,0.69708,0.6978,1.00,1.00
2018.05.09 21:52:16.934,0.69718,0.6978,1.00,1.00
2018.05.09 21:52:17.242,0.6972,0.6978,1.00,1.00
2018.05.09 21:52:17.771,0.69716,0.69779,1.00,1.00
2018.05.09 21:52:17.873,0.69704,0.69776,1.00,1.00
2018.05.09 21:52:18.223,0.69712,0.69777,1.00,1.00
2018.05.09 21:52:18.324,0.6971,0.69777,1.00,1.00
2018.05.09 21:52:19.274,0.69708,0.69777,1.00,1.00
2018.05.09 21:52:20.830,0.69709,0.69776,1.00,1.00
2018.05.09 21:52:21.886,0.6971,0.69775,1.00,1.00
2018.05.09 21:52:25.121,0.6971,0.69776,1.00,1.00
2018.05.09 21:52:25.484,0.6971,0.69778,1.00,1.00
2018.05.09 21:52:26.093,0.6971,0.69777,1.00,1.00
2018.05.09 21:52:29.205,0.69711,0.69778,1.00,1.00
2018.05.09 21:52:29.361,0.69709,0.69775,1.00,1.00
2018.05.09 21:52:30.392,0.6971,0.69775,1.00,1.00
2018.05.09 21:52:31.489,0.69696,0.69778,1.00,1.00
2018.05.09 21:52:31.998,0.69699,0.69776,1.00,1.00
2018.05.09 21:52:32.102,0.69696,0.69776,1.00,1.00
2018.05.09 21:52:32.561,0.697,0.69775,1.00,1.00
2018.05.09 21:52:32.612,0.69696,0.69775,1.00,1.00
2018.05.09 21:52:32.714,0.697,0.69774,1.00,1.00
2018.05.09 21:52:32.815,0.69696,0.69774,1.00,1.00
2018.05.09 21:52:33.367,0.69697,0.69774,1.00,1.00
2018.05.09 21:52:33.514,0.69701,0.69773,1.00,1.00
2018.05.09 21:52:33.998,0.69707,0.69775,1.00,1.00
2018.05.09 21:52:34.653,0.69706,0.69775,1.00,1.00
2018.05.09 21:52:35.347,0.69705,0.69775,1.00,1.00
2018.05.09 21:52:36.284,0.69706,0.69776,1.00,1.00
2018.05.09 21:52:36.774,0.6971,0.69775,1.00,1.00
2018.05.09 21:52:38.105,0.6971,0.69776,1.00,1.00
2018.05.09 21:52:38.208,0.697,0.69776,1.00,1.00
2018.05.09 21:52:38.258,0.6971,0.69776,1.00,1.00
2018.05.09 21:52:38.701,0.69712,0.69775,1.00,1.00
2018.05.09 21:52:39.720,0.69713,0.69775,1.00,1.00
2018.05.09 21:52:40.328,0.69713,0.69776,1.00,1.00
2018.05.09 21:52:40.777,0.69715,0.69777,1.00,1.00
2018.05.09 21:52:41.754,0.69715,0.69778,1.00,1.00
2018.05.09 21:52:43.182,0.69716,0.69779,1.00,1.00
2018.05.09 21:52:43.689,0.69717,0.69779,1.00,1.00
2018.05.09 21:52:46.906,0.69716,0.69779,1.00,1.00
2018.05.09 21:52:49.381,0.69715,0.69779,1.00,1.00
2018.05.09 21:52:50.397,0.69716,0.6978,1.00,1.00
2018.05.09 21:52:50.981,0.69716,0.69781,1.00,1.00
2018.05.09 21:52:51.804,0.69717,0.69781,1.00,1.00
2018.05.09 21:52:52.109,0.69719,0.69781,1.00,1.00
2018.05.09 21:53:02.089,0.69721,0.6978,1.00,1.00
2018.05.09 21:53:03.936,0.69721,0.69781,1.00,1.00
2018.05.09 21:53:04.359,0.69723,0.69781,1.00,1.00
2018.05.09 21:53:05.685,0.69725,0.6978,1.00,1.00
2018.05.09 21:53:08.982,0.69725,0.69781,1.00,1.00
2018.05.09 21:53:12.471,0.69726,0.69781,1.00,1.00
2018.05.09 21:53:14.190,0.69726,0.6978,1.00,1.00
2018.05.09 21:53:15.346,0.69724,0.6978,1.00,1.00
2018.05.09 21:53:15.397,0.69727,0.69781,1.00,1.00
2018.05.09 21:53:16.035,0.69727,0.69782,1.00,1.00
2018.05.09 21:53:22.086,0.69728,0.69782,1.00,1.00
2018.05.09 21:53:27.393,0.69728,0.69781,1.00,1.00
2018.05.09 21:53:27.444,0.69725,0.69782,1.00,1.00
2018.05.09 21:53:30.346,0.69725,0.6978,1.00,1.00
2018.05.09 21:53:31.975,0.69725,0.69781,1.00,1.00
2018.05.09 21:53:32.794,0.69726,0.69781,1.00,1.00
2018.05.09 21:53:39.190,0.69728,0.69783,1.00,1.00
2018.05.09 21:53:39.494,0.69728,0.69792,1.00,1.00
2018.05.09 21:53:40.107,0.69727,0.69792,1.00,1.00
2018.05.09 21:53:40.486,0.6973,0.69791,1.00,1.00
2018.05.09 21:53:42.025,0.69731,0.69792,1.00,1.00
2018.05.09 21:53:43.346,0.69731,0.69791,1.00,1.00
2018.05.09 21:53:45.241,0.69733,0.69791,1.00,1.00
2018.05.09 21:53:47.453,0.69737,0.69791,1.00,1.00
2018.05.09 21:53:48.164,0.69736,0.69791,1.00,1.00
2018.05.09 21:53:49.581,0.69734,0.69791,1.00,1.00
2018.05.09 21:53:49.634,0.69738,0.6979,1.00,1.00
2018.05.09 21:53:50.014,0.69742,0.69792,1.00,1.00
2018.05.09 21:53:50.579,0.69741,0.69791,1.00,1.00
2018.05.09 21:53:52.703,0.69739,0.69791,1.00,1.00
2018.05.09 21:53:54.298,0.69739,0.69792,1.00,1.00
2018.05.09 21:53:55.153,0.69739,0.69791,1.00,1.00
2018.05.09 21:53:55.766,0.69739,0.69792,1.00,1.00
2018.05.09 21:53:56.360,0.6974,0.69791,1.00,1.00
2018.05.09 21:53:56.921,0.69738,0.69792,1.00,1.00
2018.05.09 21:53:56.971,0.6974,0.69791,1.00,1.00
2018.05.09 21:53:57.132,0.69738,0.69792,1.00,1.00
2018.05.09 21:53:57.669,0.69739,0.69792,1.00,1.00
2018.05.09 21:54:00.346,0.6974,0.69792,1.00,1.00
2018.05.09 21:54:00.396,0.69738,0.69793,1.00,1.00
2018.05.09 21:54:00.447,0.6974,0.69793,1.00,1.00
2018.05.09 21:54:00.565,0.69738,0.69793,1.00,1.00
2018.05.09 21:54:00.659,0.6974,0.69793,1.00,1.00
2018.05.09 21:54:01.273,0.69735,0.69791,1.00,1.00
2018.05.09 21:54:05.794,0.69733,0.69792,1.00,1.00
2018.05.09 21:54:10.116,0.69734,0.6979,1.00,1.00
2018.05.09 21:54:18.539,0.69734,0.69788,1.00,1.00
2018.05.09 21:54:18.590,0.69729,0.69786,1.00,1.00
2018.05.09 21:54:18.691,0.69724,0.69783,1.00,1.00
2018.05.09 21:54:18.887,0.69722,0.69783,1.00,1.00
2018.05.09 21:54:19.564,0.69723,0.69783,1.00,1.00
2018.05.09 21:54:20.121,0.69722,0.69783,1.00,1.00
2018.05.09 21:54:20.172,0.69724,0.69783,1.00,1.00
2018.05.09 21:54:20.849,0.69724,0.69782,1.00,1.00
2018.05.09 21:54:21.642,0.69723,0.69782,1.00,1.00
2018.05.09 21:54:22.317,0.69723,0.6978,1.00,1.00
2018.05.09 21:54:22.367,0.69723,0.69787,1.00,1.50
2018.05.09 21:54:23.066,0.69722,0.69786,1.00,1.00
2018.05.09 21:54:25.107,0.69722,0.69784,1.00,1.00
2018.05.09 21:54:25.303,0.6972,0.69784,1.00,1.00
2018.05.09 21:54:26.343,0.69721,0.69784,1.00,1.00
2018.05.09 21:54:27.318,0.6972,0.69784,1.00,1.00
2018.05.09 21:54:28.010,0.6972,0.69783,1.00,1.00
2018.05.09 21:54:29.246,0.69721,0.6978,1.00,1.00
2018.05.09 21:54:30.414,0.69715,0.69781,1.00,1.00
2018.05.09 21:54:30.468,0.69707,0.6978,1.00,1.00
2018.05.09 21:54:30.519,0.69705,0.6978,1.00,1.00
2018.05.09 21:54:34.478,0.69705,0.69779,1.00,1.00
2018.05.09 21:54:39.894,0.6971,0.69779,1.00,1.00
2018.05.09 21:54:42.210,0.69712,0.69779,1.00,1.00
2018.05.09 21:54:42.681,0.69714,0.69779,1.00,1.00
2018.05.09 21:54:43.284,0.69718,0.69778,1.00,1.00
2018.05.09 21:54:44.265,0.69718,0.69779,1.00,1.00
2018.05.09 21:54:44.660,0.6972,0.69779,1.00,1.00
2018.05.09 21:54:46.948,0.69719,0.69779,1.00,1.00
2018.05.09 21:54:47.543,0.69708,0.69779,1.00,1.00
2018.05.09 21:54:47.593,0.6972,0.69779,1.00,1.00
2018.05.09 21:54:52.364,0.69721,0.69779,1.00,1.00
2018.05.09 21:54:52.919,0.69723,0.69778,1.00,1.00
2018.05.09 21:54:55.537,0.69722,0.69778,1.00,1.00
2018.05.09 21:54:57.189,0.69722,0.69779,1.00,1.00
2018.05.09 21:54:58.247,0.69723,0.69779,1.00,1.00
2018.05.09 21:55:00.266,0.69722,0.69779,1.00,1.00
2018.05.09 21:55:01.940,0.69716,0.69779,1.00,1.00
2018.05.09 21:55:01.991,0.69712,0.69779,1.00,1.00
2018.05.09 21:55:02.550,0.69711,0.69779,1.00,1.00
2018.05.09 21:55:03.540,0.69686,0.69779,1.50,1.00
2018.05.09 21:55:03.591,0.69711,0.69779,1.00,1.00
2018.05.09 21:55:03.863,0.69686,0.69779,1.50,1.00
2018.05.09 21:55:03.966,0.69712,0.69778,1.00,1.00
2018.05.09 21:55:04.416,0.69701,0.69778,1.00,1.00
2018.05.09 21:55:04.555,0.69711,0.69779,1.00,1.00
2018.05.09 21:55:04.856,0.69694,0.69778,1.00,1.00
2018.05.09 21:55:04.966,0.69712,0.69778,1.00,1.00
2018.05.09 21:55:05.216,0.697,0.69779,1.00,1.00
2018.05.09 21:55:05.388,0.6971,0.69779,1.00,1.00
2018.05.09 21:55:06.709,0.6971,0.69778,1.00,1.00
2018.05.09 21:55:06.760,0.69708,0.69778,1.00,1.00
2018.05.09 21:55:06.861,0.69687,0.69777,1.00,1.00
2018.05.09 21:55:06.991,0.69708,0.69778,1.00,1.00
2018.05.09 21:55:07.215,0.69698,0.69778,1.00,1.00
2018.05.09 21:55:07.266,0.69696,0.69775,1.00,1.00
2018.05.09 21:55:07.618,0.69707,0.69773,1.00,1.00
2018.05.09 21:55:07.927,0.69696,0.69774,1.00,1.00
2018.05.09 21:55:08.056,0.69707,0.69774,1.00,1.00
2018.05.09 21:55:08.316,0.6969,0.69774,1.00,1.00
2018.05.09 21:55:08.488,0.69707,0.69774,1.00,1.00
2018.05.09 21:55:08.715,0.69696,0.69774,1.00,1.00
2018.05.09 21:55:08.891,0.69707,0.69774,1.00,1.00
2018.05.09 21:55:10.117,0.69707,0.69775,1.00,1.00
2018.05.09 21:55:10.455,0.6971,0.69775,1.00,1.00
2018.05.09 21:55:12.458,0.6971,0.69774,1.00,1.00
2018.05.09 21:55:13.031,0.6971,0.69775,1.00,1.00
2018.05.09 21:55:13.082,0.6971,0.69777,1.00,1.00
2018.05.09 21:55:13.415,0.69685,0.69777,1.00,1.00
2018.05.09 21:55:13.567,0.6971,0.69777,1.00,1.00
2018.05.09 21:55:14.018,0.697,0.69777,1.00,1.00
2018.05.09 21:55:14.176,0.69716,0.69779,1.00,1.00
2018.05.09 21:55:14.302,0.69714,0.69779,1.00,1.00
2018.05.09 21:55:14.352,0.6971,0.69778,1.00,1.00
2018.05.09 21:55:14.415,0.69694,0.69777,1.00,1.00
2018.05.09 21:55:14.602,0.6971,0.69778,1.00,1.00
2018.05.09 21:55:14.820,0.69701,0.69777,1.00,1.00
2018.05.09 21:55:14.966,0.69711,0.69777,1.00,1.00
2018.05.09 21:55:15.505,0.6971,0.69777,1.00,1.00
2018.05.09 21:55:16.468,0.6971,0.69772,1.00,1.00
2018.05.09 21:55:16.933,0.69684,0.69761,1.00,1.00
2018.05.09 21:55:17.054,0.69709,0.69774,1.00,1.00
2018.05.09 21:55:17.404,0.69711,0.69774,1.00,1.00
2018.05.09 21:55:18.505,0.69709,0.69775,1.00,1.00
2018.05.09 21:55:24.156,0.69712,0.69774,1.00,1.00
2018.05.09 21:55:24.870,0.6971,0.69775,1.00,1.00
2018.05.09 21:55:25.420,0.69711,0.69776,1.00,1.00
2018.05.09 21:55:27.485,0.69716,0.69776,1.00,1.00
2018.05.09 21:55:29.388,0.69718,0.69776,1.00,1.00
2018.05.09 21:55:29.695,0.69722,0.69776,1.00,1.00
2018.05.09 21:55:30.003,0.69725,0.69777,1.00,1.00
2018.05.09 21:55:30.813,0.69726,0.69777,1.00,1.00
2018.05.09 21:55:31.978,0.69727,0.69777,1.00,1.00
2018.05.09 21:55:32.591,0.69728,0.69777,1.00,1.00
2018.05.09 21:55:35.940,0.69728,0.69786,1.00,1.00
2018.05.09 21:55:35.991,0.69717,0.69785,1.00,1.00
2018.05.09 21:55:36.042,0.69719,0.69783,1.00,1.00
2018.05.09 21:55:36.550,0.6972,0.69772,1.00,1.00
2018.05.09 21:55:53.105,0.69718,0.69773,1.00,1.00
2018.05.09 21:55:56.889,0.69721,0.69773,1.00,1.00
2018.05.09 21:55:57.338,0.69726,0.69773,1.00,1.00
2018.05.09 21:55:57.914,0.69728,0.69773,1.00,1.00
2018.05.09 21:55:58.339,0.6973,0.69773,1.00,1.00
2018.05.09 21:56:00.988,0.69729,0.69775,1.00,1.00
2018.05.09 21:56:03.729,0.69727,0.69775,1.00,1.00
2018.05.09 21:56:03.890,0.6973,0.69773,1.00,1.00
2018.05.09 21:56:04.990,0.69731,0.69774,1.00,1.00
2018.05.09 21:56:06.132,0.6973,0.69774,1.00,1.00
2018.05.09 21:56:10.105,0.69731,0.69774,1.00,1.00
2018.05.09 21:56:13.568,0.69719,0.69774,1.00,1.00
2018.05.09 21:56:13.618,0.69719,0.69772,1.00,1.00
2018.05.09 21:56:29.313,0.69722,0.69774,1.00,1.00
2018.05.09 21:56:31.255,0.69725,0.69774,1.00,1.00
2018.05.09 21:56:35.401,0.69726,0.69773,1.00,1.00
2018.05.09 21:56:37.005,0.69728,0.69774,1.00,1.00
2018.05.09 21:56:38.027,0.69728,0.6978,1.00,1.00
2018.05.09 21:56:38.078,0.69729,0.69773,1.00,1.00
2018.05.09 21:56:39.156,0.6973,0.69774,1.00,1.00
2018.05.09 21:56:40.134,0.69729,0.69774,1.00,1.00
2018.05.09 21:56:40.184,0.69727,0.69778,1.00,1.00
2018.05.09 21:56:43.329,0.69731,0.69773,1.00,1.00
2018.05.09 21:56:44.186,0.69735,0.69775,1.00,1.00
2018.05.09 21:56:44.518,0.69739,0.69785,1.00,1.00
2018.05.09 21:56:44.569,0.6974,0.69787,1.00,1.00
2018.05.09 21:56:45.192,0.6974,0.69786,1.00,1.00
2018.05.09 21:56:45.982,0.6974,0.69785,1.00,1.00
2018.05.09 21:56:46.033,0.69739,0.69782,1.00,1.00
2018.05.09 21:56:46.516,0.69738,0.6978,1.00,1.00
2018.05.09 21:56:47.281,0.69739,0.6978,1.00,1.00
2018.05.09 21:56:48.483,0.69738,0.6978,1.00,1.00
2018.05.09 21:56:50.141,0.69737,0.6978,1.00,1.00
2018.05.09 21:56:53.496,0.69738,0.6978,1.00,1.00
2018.05.09 21:56:55.345,0.69738,0.69781,1.00,1.00
2018.05.09 21:56:55.759,0.69742,0.6978,1.00,1.00
2018.05.09 21:56:56.142,0.69739,0.6978,1.00,1.00
2018.05.09 21:56:56.193,0.6973,0.69781,1.00,1.00
2018.05.09 21:56:56.244,0.69728,0.69781,1.00,1.00
2018.05.09 21:56:56.408,0.69728,0.69783,1.00,1.50
2018.05.09 21:56:56.919,0.6973,0.69784,1.00,1.00
2018.05.09 21:56:57.472,0.69731,0.69785,1.00,1.00
2018.05.09 21:57:00.652,0.69731,0.69784,1.00,1.00
2018.05.09 21:57:01.749,0.69731,0.69785,1.00,1.00
2018.05.09 21:57:04.166,0.69734,0.6979,1.00,1.50
2018.05.09 21:57:05.381,0.69739,0.69789,1.00,1.00
2018.05.09 21:57:07.183,0.69742,0.69791,1.00,1.50
2018.05.09 21:57:07.519,0.69743,0.69789,1.00,1.00
2018.05.09 21:57:09.279,0.69743,0.69791,1.00,1.50
2018.05.09 21:57:09.330,0.69743,0.69789,1.00,1.50
2018.05.09 21:57:09.835,0.69743,0.6979,1.00,1.00
2018.05.09 21:57:10.281,0.69746,0.69789,1.00,1.00
2018.05.09 21:57:11.327,0.69746,0.6979,1.00,1.00
2018.05.09 21:57:11.932,0.69747,0.6979,1.00,1.00
2018.05.09 21:57:13.346,0.69748,0.6979,1.00,1.00
2018.05.09 21:57:13.647,0.6975,0.69789,1.00,1.00
2018.05.09 21:57:14.301,0.6975,0.6979,1.00,1.00
2018.05.09 21:57:15.776,0.69747,0.6979,1.00,1.00
2018.05.09 21:57:15.877,0.69749,0.6979,1.00,1.00
2018.05.09 21:57:17.744,0.69748,0.6979,1.00,1.00
2018.05.09 21:57:20.575,0.69748,0.69789,0.75,1.00
2018.05.09 21:57:22.419,0.69745,0.6979,1.00,1.00
2018.05.09 21:57:22.937,0.69744,0.69791,1.00,1.50
2018.05.09 21:57:23.475,0.69743,0.6979,1.00,1.00
2018.05.09 21:57:25.106,0.6974,0.69791,1.00,1.00
2018.05.09 21:57:30.185,0.69743,0.69791,1.00,1.00
2018.05.09 21:57:30.527,0.69745,0.69794,1.00,1.00
2018.05.09 21:57:30.740,0.6974,0.69793,1.00,1.00
2018.05.09 21:57:31.469,0.6974,0.69792,1.00,1.00
2018.05.09 21:57:41.688,0.69741,0.69793,1.00,1.00
2018.05.09 21:57:44.726,0.69741,0.69798,1.00,1.00
2018.05.09 21:57:44.827,0.69739,0.69803,1.00,1.00
2018.05.09 21:57:45.029,0.69741,0.69805,1.00,1.00
2018.05.09 21:57:45.798,0.69728,0.69805,1.00,1.00
2018.05.09 21:57:45.899,0.69723,0.69805,1.00,1.50
2018.05.09 21:57:46.951,0.69725,0.69805,1.00,1.50
2018.05.09 21:57:47.774,0.69725,0.69804,1.00,1.00
2018.05.09 21:57:48.238,0.69728,0.69803,1.00,1.00
2018.05.09 21:57:50.949,0.6973,0.69803,1.00,1.00
2018.05.09 21:57:53.145,0.69731,0.69803,1.00,1.00
2018.05.09 21:57:54.816,0.69732,0.69804,1.00,1.00
2018.05.09 21:57:55.439,0.69732,0.69805,1.00,1.50
2018.05.09 21:57:56.355,0.69732,0.69804,1.00,1.00
2018.05.09 21:57:56.658,0.69729,0.69801,1.00,1.00
2018.05.09 21:57:57.293,0.69728,0.69801,1.00,1.00
2018.05.09 21:57:59.767,0.6973,0.69801,1.00,1.00
2018.05.09 21:58:01.086,0.6973,0.69802,1.00,1.00
2018.05.09 21:58:01.402,0.69731,0.69804,1.00,1.50
2018.05.09 21:58:01.732,0.69733,0.69804,1.00,1.50
2018.05.09 21:58:05.400,0.69733,0.69803,1.00,1.00
2018.05.09 21:58:05.745,0.69736,0.69802,1.00,1.00
2018.05.09 21:58:08.138,0.69744,0.69805,1.00,1.00
2018.05.09 21:58:15.234,0.69742,0.69804,1.00,1.00
2018.05.09 21:58:16.308,0.69741,0.69803,1.00,1.00
2018.05.09 21:58:16.538,0.69735,0.69802,1.00,1.00
2018.05.09 21:58:16.589,0.69735,0.698,1.00,1.00
2018.05.09 21:58:16.828,0.69732,0.698,1.00,1.00
2018.05.09 21:58:17.020,0.69734,0.69801,1.00,1.00
2018.05.09 21:58:17.154,0.69731,0.69803,1.00,1.00
2018.05.09 21:58:17.205,0.69733,0.69801,1.00,1.00
2018.05.09 21:58:17.561,0.69736,0.69801,1.00,1.00
2018.05.09 21:58:18.613,0.69733,0.69801,1.00,1.00
2018.05.09 21:58:18.664,0.69735,0.698,1.00,1.00
2018.05.09 21:58:18.715,0.69732,0.69801,1.00,1.00
2018.05.09 21:58:18.974,0.69734,0.69802,1.00,1.00
2018.05.09 21:58:19.781,0.69731,0.69802,1.00,1.00
2018.05.09 21:58:19.831,0.69737,0.69802,1.00,1.00
2018.05.09 21:58:20.137,0.69744,0.69803,1.00,1.00
2018.05.09 21:58:20.532,0.69748,0.69803,1.00,1.00
2018.05.09 21:58:21.175,0.69749,0.69805,1.00,1.00
2018.05.09 21:58:21.226,0.6975,0.69802,1.00,1.00
2018.05.09 21:58:22.252,0.6975,0.69804,1.00,1.00
2018.05.09 21:58:22.303,0.69752,0.69804,1.00,1.00
2018.05.09 21:58:25.141,0.69753,0.69804,1.00,1.00
2018.05.09 21:58:25.893,0.69751,0.69804,1.00,1.00
2018.05.09 21:58:26.071,0.69754,0.69803,1.00,1.00
2018.05.09 21:58:26.358,0.69754,0.69805,1.00,1.00
2018.05.09 21:58:28.271,0.69755,0.69805,1.00,1.00
2018.05.09 21:58:30.418,0.69756,0.69804,1.00,1.00
2018.05.09 21:58:33.692,0.69757,0.69803,1.00,1.00
2018.05.09 21:58:37.572,0.69759,0.69802,1.00,1.00
2018.05.09 21:58:40.106,0.69758,0.69804,1.00,1.00
2018.05.09 21:58:41.816,0.69754,0.69802,1.00,1.00
2018.05.09 21:58:41.867,0.6975,0.69799,1.00,1.00
2018.05.09 21:58:41.918,0.69746,0.69797,1.00,1.00
2018.05.09 21:58:41.969,0.69744,0.69796,1.00,1.00
2018.05.09 21:58:42.020,0.69742,0.69796,1.00,1.00
2018.05.09 21:58:44.656,0.69744,0.69796,1.00,1.00
2018.05.09 21:58:45.337,0.69742,0.69796,1.00,1.00
2018.05.09 21:58:46.255,0.69744,0.69796,1.00,1.00
2018.05.09 21:58:47.376,0.69747,0.69798,1.00,1.00
2018.05.09 21:58:47.878,0.69745,0.69798,1.00,1.50
2018.05.09 21:58:48.460,0.69744,0.69797,1.00,1.00
2018.05.09 21:58:48.511,0.6974,0.69798,1.00,1.00
2018.05.09 21:58:48.562,0.69741,0.69795,1.00,1.00
2018.05.09 21:58:49.077,0.69745,0.69796,1.00,1.00
2018.05.09 21:58:49.514,0.69747,0.69797,1.00,1.00
2018.05.09 21:58:50.224,0.69747,0.69798,1.00,1.00
2018.05.09 21:58:55.106,0.69749,0.69797,1.00,1.00
2018.05.09 21:58:57.603,0.69743,0.69799,1.00,1.50
2018.05.09 21:58:57.705,0.69742,0.69795,1.00,1.00
2018.05.09 21:58:57.756,0.69737,0.69798,1.00,1.00
2018.05.09 21:58:57.807,0.69741,0.69796,1.00,1.00
2018.05.09 21:58:57.858,0.69739,0.69797,1.00,1.00
2018.05.09 21:58:58.285,0.69734,0.69798,1.00,1.00
2018.05.09 21:58:58.386,0.69721,0.69798,1.00,1.00
2018.05.09 21:58:58.437,0.69725,0.69799,1.00,1.00
2018.05.09 21:58:58.488,0.69723,0.69798,1.00,1.00
2018.05.09 21:58:58.539,0.69725,0.69798,1.00,1.00
2018.05.09 21:58:58.842,0.69739,0.69801,1.00,1.00
2018.05.09 21:58:59.143,0.69743,0.69799,1.00,1.00
2018.05.09 21:58:59.896,0.69745,0.69797,1.00,1.00
2018.05.09 21:59:00.629,0.69744,0.69797,0.75,0.75
2018.05.09 21:59:01.208,0.69746,0.69796,0.75,0.75
2018.05.09 21:59:02.447,0.69745,0.69799,0.75,0.75
2018.05.09 21:59:02.498,0.69741,0.69797,0.75,1.50
2018.05.09 21:59:02.650,0.69743,0.69797,0.75,0.75
2018.05.09 21:59:03.048,0.69745,0.69798,0.75,0.75
2018.05.09 21:59:03.432,0.69747,0.69797,0.75,0.75
2018.05.09 21:59:03.552,0.69746,0.69799,0.75,0.75
2018.05.09 21:59:04.274,0.69747,0.69799,0.75,0.75
2018.05.09 21:59:04.488,0.69747,0.69802,0.75,1.50
2018.05.09 21:59:04.539,0.69747,0.69799,0.75,0.75
2018.05.09 21:59:04.887,0.69746,0.69792,0.75,0.75
2018.05.09 21:59:06.408,0.69745,0.69792,0.75,0.75
2018.05.09 21:59:06.985,0.69746,0.69792,0.75,0.75
2018.05.09 21:59:07.703,0.69747,0.69793,0.75,0.75
2018.05.09 21:59:08.748,0.69745,0.69792,0.75,0.75
2018.05.09 21:59:08.800,0.69748,0.69794,0.75,0.75
2018.05.09 21:59:09.429,0.69748,0.69795,0.75,0.75
2018.05.09 21:59:09.808,0.69749,0.69801,0.75,0.75
2018.05.09 21:59:10.347,0.69748,0.698,0.75,0.75
2018.05.09 21:59:11.743,0.6975,0.698,0.75,0.75
2018.05.09 21:59:12.086,0.69752,0.698,0.75,0.75
2018.05.09 21:59:13.364,0.69749,0.698,0.75,0.75
2018.05.09 21:59:13.465,0.69746,0.69799,0.75,0.75
2018.05.09 21:59:13.533,0.69748,0.69799,0.75,0.75
2018.05.09 21:59:13.684,0.69749,0.69801,0.75,0.75
2018.05.09 21:59:13.834,0.69751,0.69803,0.75,0.75
2018.05.09 21:59:15.347,0.69753,0.69802,0.75,0.75
2018.05.09 21:59:15.836,0.69754,0.698,0.75,0.75
2018.05.09 21:59:15.887,0.69749,0.69799,0.75,0.75
2018.05.09 21:59:16.142,0.69746,0.698,0.75,0.75
2018.05.09 21:59:16.344,0.69739,0.69801,0.75,0.75
2018.05.09 21:59:16.395,0.69749,0.698,0.75,0.75
2018.05.09 21:59:16.735,0.69752,0.69801,0.75,0.75
2018.05.09 21:59:18.341,0.6975,0.69801,0.75,0.75
2018.05.09 21:59:18.531,0.69749,0.69803,0.75,0.75
2018.05.09 21:59:18.632,0.69757,0.69803,0.75,0.75
2018.05.09 21:59:18.683,0.69755,0.69803,0.75,0.75
2018.05.09 21:59:18.734,0.69754,0.69801,0.75,0.75
2018.05.09 21:59:19.287,0.69753,0.698,0.75,0.75
2018.05.09 21:59:19.755,0.69753,0.69802,0.75,0.75
2018.05.09 21:59:23.106,0.69753,0.69803,0.75,0.75
2018.05.09 21:59:23.257,0.69749,0.698,0.75,0.75
2018.05.09 21:59:25.108,0.69751,0.69799,0.75,0.75
2018.05.09 21:59:25.236,0.69749,0.69798,0.75,0.75
2018.05.09 21:59:25.494,0.69749,0.69802,0.75,0.75
2018.05.09 21:59:25.546,0.6975,0.698,0.75,0.75
2018.05.09 21:59:25.860,0.6975,0.69802,0.75,0.75
2018.05.09 21:59:25.911,0.6975,0.698,0.75,0.75
2018.05.09 21:59:26.089,0.6975,0.69802,0.75,0.75
2018.05.09 21:59:26.140,0.6975,0.698,0.75,0.75
2018.05.09 21:59:26.196,0.6975,0.69802,0.75,0.75
2018.05.09 21:59:26.247,0.69751,0.69798,0.75,0.75
2018.05.09 21:59:29.799,0.69752,0.69801,0.75,0.75
2018.05.09 21:59:30.080,0.69752,0.69803,0.75,0.75
2018.05.09 21:59:32.202,0.69753,0.698,0.75,0.75
2018.05.09 21:59:32.703,0.6975,0.69801,0.75,0.75
2018.05.09 21:59:33.668,0.69752,0.69802,0.75,0.75
2018.05.09 21:59:34.103,0.69751,0.698,0.75,0.75
2018.05.09 21:59:35.206,0.69745,0.69802,0.75,0.75
2018.05.09 21:59:35.362,0.69745,0.698,0.75,0.75
2018.05.09 21:59:35.543,0.69735,0.69806,0.75,0.75
2018.05.09 21:59:35.594,0.69744,0.69802,0.75,0.75
2018.05.09 21:59:35.944,0.69746,0.69802,0.75,0.75
2018.05.09 21:59:35.994,0.69746,0.69805,0.75,0.75
2018.05.09 21:59:36.395,0.69748,0.69802,0.75,0.75
2018.05.09 21:59:38.106,0.69746,0.69803,0.75,0.75
2018.05.09 21:59:40.106,0.69746,0.69804,0.75,0.75
2018.05.09 21:59:43.594,0.69747,0.69801,0.75,0.75
2018.05.09 21:59:45.365,0.69748,0.69802,0.75,0.75
2018.05.09 21:59:46.245,0.69746,0.69802,0.75,0.75
2018.05.09 21:59:46.346,0.69741,0.69801,0.75,0.75
2018.05.09 21:59:46.876,0.69742,0.69802,0.75,0.75
2018.05.09 21:59:47.587,0.69743,0.69803,0.75,0.75
2018.05.09 21:59:48.272,0.69744,0.69804,0.75,0.75
2018.05.09 21:59:48.533,0.69735,0.69801,0.75,0.75
2018.05.09 21:59:48.584,0.69736,0.69799,0.75,0.75
2018.05.09 21:59:48.718,0.69731,0.69802,0.75,0.75
2018.05.09 21:59:48.769,0.69736,0.698,0.75,0.75
2018.05.09 21:59:49.133,0.69734,0.69803,0.75,0.75
2018.05.09 21:59:49.234,0.69738,0.69801,0.75,0.75
2018.05.09 21:59:50.689,0.69739,0.69803,0.75,0.75
2018.05.09 21:59:51.187,0.69733,0.69803,0.75,0.75
2018.05.09 21:59:51.339,0.69735,0.69803,0.75,0.75
2018.05.09 21:59:52.003,0.69736,0.69799,0.75,0.75
2018.05.09 21:59:52.334,0.69735,0.69802,0.75,0.75
2018.05.09 21:59:52.436,0.69729,0.69799,0.75,0.75
2018.05.09 21:59:52.487,0.69733,0.69799,0.75,0.75
2018.05.09 21:59:53.891,0.69734,0.69795,0.75,0.75
2018.05.09 21:59:54.015,0.69731,0.69794,0.75,0.75
2018.05.09 21:59:54.117,0.69731,0.69792,0.75,0.75
2018.05.09 21:59:54.771,0.6973,0.69793,0.75,0.75
2018.05.09 21:59:54.873,0.6973,0.69795,0.75,0.75
2018.05.09 21:59:55.320,0.69731,0.69798,0.75,0.75
2018.05.09 21:59:56.893,0.69734,0.69797,0.75,0.75
2018.05.09 21:59:57.905,0.69736,0.69797,0.75,0.75
2018.05.09 21:59:58.431,0.69735,0.69797,0.75,0.75
2018.05.09 21:59:59.186,0.69734,0.69798,0.75,0.75
2018.05.09 21:59:59.289,0.69731,0.698,0.75,1.50
2018.05.09 21:59:59.436,0.69738,0.69801,0.75,0.75
2018.05.09 21:59:59.831,0.69741,0.69804,0.75,0.75
