2010.05.05 16:00:00.376,0.798,0.79845,2.40,2.80
2010.05.05 16:00:00.670,0.798,0.7984,1.00,3.20
2010.05.05 16:00:00.963,0.798,0.7984,1.00,1.00
2010.05.05 16:00:01.367,0.79795,0.7984,3.20,3.20
2010.05.05 16:00:01.712,0.79795,0.7983,2.40,1.00
2010.05.05 16:00:02.313,0.7979,0.79835,3.20,3.20
2010.05.05 16:00:02.651,0.7979,0.79835,1.00,3.30
2010.05.05 16:00:03.302,0.7979,0.7983,3.20,1.00
2010.05.05 16:00:03.644,0.7979,0.7983,1.00,1.00
2010.05.05 16:00:03.951,0.79785,0.79825,3.20,1.00
2010.05.05 16:00:04.623,0.7979,0.79825,1.00,1.00
2010.05.05 16:00:04.961,0.7979,0.79835,3.20,3.20
2010.05.05 16:00:05.343,0.7979,0.7983,3.20,1.00
2010.05.05 16:00:05.671,0.798,0.7984,1.00,3.20
2010.05.05 16:00:06.355,0.798,0.7984,1.00,3.30
2010.05.05 16:00:06.745,0.798,0.7984,1.00,4.90
2010.05.05 16:00:07.421,0.79795,0.7983,1.00,3.20
2010.05.05 16:00:08.122,0.7979,0.7984,3.70,3.20
2010.05.05 16:00:09.302,0.79795,0.7984,1.00,2.40
2010.05.05 16:00:09.641,0.7979,0.7984,3.70,3.20
2010.05.05 16:00:10.482,0.79795,0.7984,2.80,2.40
2010.05.05 16:00:10.790,0.798,0.79845,2.40,3.20
2010.05.05 16:00:11.157,0.798,0.79845,2.40,2.50
2010.05.05 16:00:11.480,0.79805,0.79845,2.40,1.00
2010.05.05 16:00:11.821,0.79805,0.7985,4.80,4.80
2010.05.05 16:00:12.374,0.79805,0.7985,4.80,1.00
2010.05.05 16:00:12.712,0.79785,0.79825,2.80,1.60
2010.05.05 16:00:13.051,0.7979,0.79815,1.00,4.00
2010.05.05 16:00:13.467,0.7979,0.79815,3.20,1.60
2010.05.05 16:00:13.811,0.7978,0.79835,2.90,2.40
2010.05.05 16:00:14.805,0.7978,0.79835,2.80,1.00
2010.05.05 16:00:15.481,0.79785,0.79835,1.00,1.00
2010.05.05 16:00:15.853,0.79785,0.79835,2.40,1.00
2010.05.05 16:00:16.101,0.79795,0.7984,1.00,4.90
2010.05.05 16:00:16.934,0.79795,0.7984,3.20,1.00
2010.05.05 16:00:17.271,0.79795,0.79845,3.20,3.30
2010.05.05 16:00:17.610,0.79795,0.79845,3.30,3.30
2010.05.05 16:00:17.977,0.798,0.79845,2.40,3.30
2010.05.05 16:00:18.322,0.798,0.7985,3.30,1.00
2010.05.05 16:00:19.683,0.7981,0.7985,1.00,1.00
2010.05.05 16:00:21.995,0.79805,0.7985,3.20,1.00
2010.05.05 16:00:22.585,0.79805,0.79845,3.20,1.00
2010.05.05 16:00:22.852,0.798,0.79845,3.20,3.30
2010.05.05 16:00:24.380,0.79795,0.7984,1.00,4.90
2010.05.05 16:00:25.292,0.798,0.79845,3.20,3.30
2010.05.05 16:00:26.741,0.79795,0.7984,3.20,3.30
2010.05.05 16:00:27.020,0.798,0.7984,1.00,2.40
2010.05.05 16:00:27.299,0.798,0.79845,3.20,3.30
2010.05.05 16:00:28.353,0.798,0.79845,3.30,3.20
2010.05.05 16:00:28.689,0.798,0.79845,3.30,1.00
2010.05.05 16:00:29.348,0.798,0.79845,2.40,1.00
2010.05.05 16:00:29.675,0.79795,0.7984,2.50,1.00
2010.05.05 16:00:30.003,0.79795,0.79835,2.40,1.00
2010.05.05 16:00:30.191,0.79795,0.79835,1.00,1.00
2010.05.05 16:00:30.746,0.79795,0.7984,2.50,4.80
2010.05.05 16:00:30.931,0.79795,0.7984,2.50,1.00
2010.05.05 16:00:31.109,0.798,0.7984,1.00,1.00
2010.05.05 16:00:32.150,0.798,0.7984,1.00,1.00
2010.05.05 16:00:33.034,0.798,0.79845,3.20,3.30
2010.05.05 16:00:33.621,0.798,0.79845,3.30,3.20
2010.05.05 16:00:35.053,0.798,0.79845,3.20,3.30
2010.05.05 16:00:36.356,0.798,0.79845,3.30,3.20
2010.05.05 16:00:36.955,0.79805,0.79845,1.00,3.20
2010.05.05 16:00:37.043,0.79805,0.7985,1.00,4.90
2010.05.05 16:00:37.129,0.79805,0.7985,3.20,4.90
2010.05.05 16:00:37.220,0.79805,0.7985,1.00,4.90
2010.05.05 16:00:37.940,0.798,0.79845,3.20,3.20
2010.05.05 16:00:40.051,0.798,0.79845,3.20,3.30
2010.05.05 16:00:40.200,0.798,0.7984,2.40,1.00
2010.05.05 16:00:40.349,0.79795,0.7984,3.30,3.20
2010.05.05 16:00:41.152,0.79795,0.7984,3.20,3.20
2010.05.05 16:00:43.950,0.79795,0.79835,1.00,2.40
2010.05.05 16:00:44.149,0.7979,0.79835,3.20,3.20
2010.05.05 16:00:44.349,0.79795,0.79835,1.60,3.20
2010.05.05 16:00:44.930,0.79795,0.79835,4.80,1.00
2010.05.05 16:00:45.129,0.79795,0.7984,4.80,3.20
2010.05.05 16:00:45.469,0.798,0.7984,1.00,3.20
2010.05.05 16:00:46.087,0.798,0.79845,3.30,3.20
2010.05.05 16:00:46.382,0.798,0.79845,3.20,3.30
2010.05.05 16:00:46.843,0.798,0.79845,3.30,3.20
2010.05.05 16:00:47.635,0.798,0.79845,1.00,3.20
2010.05.05 16:00:47.974,0.79795,0.7984,3.20,3.30
2010.05.05 16:00:48.311,0.798,0.79835,1.00,1.00
2010.05.05 16:00:48.651,0.798,0.79845,1.00,3.30
2010.05.05 16:00:49.352,0.7979,0.79835,3.20,3.20
2010.05.05 16:00:49.580,0.79795,0.7984,3.20,1.60
2010.05.05 16:00:50.033,0.79795,0.79845,3.20,3.30
2010.05.05 16:00:51.090,0.79795,0.79845,3.20,3.20
2010.05.05 16:00:51.419,0.79795,0.79845,3.20,3.30
2010.05.05 16:00:52.024,0.79795,0.79845,3.30,3.20
2010.05.05 16:00:53.490,0.79795,0.79845,3.20,3.20
2010.05.05 16:00:54.062,0.79805,0.79845,1.00,2.40
2010.05.05 16:00:54.344,0.79795,0.79845,3.70,3.20
2010.05.05 16:00:54.620,0.798,0.79845,1.00,3.20
2010.05.05 16:00:54.889,0.798,0.79845,2.40,2.40
2010.05.05 16:00:55.206,0.798,0.79845,2.40,2.40
2010.05.05 16:00:55.541,0.798,0.79845,2.50,2.40
2010.05.05 16:00:57.702,0.798,0.79845,2.40,2.40
2010.05.05 16:00:58.045,0.79795,0.7984,3.30,4.80
2010.05.05 16:00:59.173,0.79795,0.7984,3.20,4.80
2010.05.05 16:01:00.166,0.79795,0.7984,3.30,4.80
2010.05.05 16:01:01.732,0.79795,0.79835,3.20,1.60
2010.05.05 16:01:01.961,0.798,0.79845,1.00,4.80
2010.05.05 16:01:03.233,0.798,0.79845,1.00,4.80
2010.05.05 16:01:03.573,0.79805,0.7984,2.40,2.40
2010.05.05 16:01:04.271,0.79805,0.7985,4.80,3.20
2010.05.05 16:01:04.611,0.79805,0.7985,2.40,4.80
2010.05.05 16:01:04.988,0.79805,0.7985,4.80,4.80
2010.05.05 16:01:05.334,0.7981,0.79855,2.40,2.40
2010.05.05 16:01:05.672,0.7981,0.79855,2.40,2.40
2010.05.05 16:01:06.628,0.79805,0.7985,2.50,2.40
2010.05.05 16:01:07.540,0.79805,0.7985,2.40,2.40
2010.05.05 16:01:08.141,0.798,0.7984,1.00,1.00
2010.05.05 16:01:08.173,0.798,0.7984,2.50,1.00
2010.05.05 16:01:08.510,0.798,0.79845,3.20,1.00
2010.05.05 16:01:09.022,0.798,0.79845,3.20,3.20
2010.05.05 16:01:09.390,0.79805,0.7985,2.40,2.40
2010.05.05 16:01:09.726,0.798,0.7984,2.50,1.00
2010.05.05 16:01:10.356,0.798,0.79845,3.30,3.20
2010.05.05 16:01:10.662,0.79795,0.79845,3.30,3.20
2010.05.05 16:01:11.319,0.7981,0.79855,3.20,1.00
2010.05.05 16:01:11.653,0.79815,0.79865,2.40,3.20
2010.05.05 16:01:11.990,0.7981,0.79855,3.30,3.20
2010.05.05 16:01:12.488,0.7981,0.79855,3.20,3.20
2010.05.05 16:01:12.831,0.79815,0.79855,1.00,3.20
2010.05.05 16:01:13.171,0.79815,0.7986,3.30,3.20
2010.05.05 16:01:14.501,0.79815,0.7985,2.40,1.00
2010.05.05 16:01:14.840,0.79805,0.7985,1.00,3.20
2010.05.05 16:01:15.193,0.79805,0.7985,3.30,3.20
2010.05.05 16:01:15.532,0.79805,0.7985,3.20,3.20
2010.05.05 16:01:15.873,0.79805,0.79845,3.20,1.60
2010.05.05 16:01:16.340,0.798,0.79845,4.90,4.80
2010.05.05 16:01:16.592,0.79805,0.7985,3.20,3.70
2010.05.05 16:01:16.842,0.79805,0.7985,3.30,3.20
2010.05.05 16:01:17.730,0.7981,0.7985,1.00,3.20
2010.05.05 16:01:18.070,0.79805,0.7985,3.30,3.20
2010.05.05 16:01:18.756,0.7981,0.7985,1.00,2.80
2010.05.05 16:01:19.060,0.7981,0.7985,1.00,2.40
2010.05.05 16:01:19.382,0.7982,0.7985,1.00,2.40
2010.05.05 16:01:20.061,0.7981,0.7985,1.00,2.40
2010.05.05 16:01:21.154,0.7981,0.79855,3.30,1.00
2010.05.05 16:01:21.410,0.7981,0.79855,3.20,1.00
2010.05.05 16:01:22.635,0.79815,0.79855,1.00,1.00
2010.05.05 16:01:23.025,0.7981,0.79855,3.20,1.00
2010.05.05 16:01:26.649,0.79815,0.7986,4.80,4.80
2010.05.05 16:01:27.780,0.7982,0.79865,1.00,4.80
2010.05.05 16:01:28.369,0.7982,0.7986,1.00,1.60
2010.05.05 16:01:28.709,0.7982,0.79865,1.00,2.40
2010.05.05 16:01:29.173,0.79825,0.7987,2.40,4.00
2010.05.05 16:01:29.514,0.79825,0.7987,3.30,2.40
2010.05.05 16:01:29.841,0.79825,0.7987,3.30,4.80
2010.05.05 16:01:30.179,0.79825,0.7987,3.20,4.80
2010.05.05 16:01:30.349,0.7983,0.7987,1.00,2.40
2010.05.05 16:01:30.519,0.7983,0.7987,3.20,1.60
2010.05.05 16:01:30.888,0.7983,0.79865,3.20,1.60
2010.05.05 16:01:31.086,0.7983,0.7987,1.00,2.40
2010.05.05 16:01:31.241,0.7983,0.7987,1.00,1.60
2010.05.05 16:01:31.675,0.7983,0.7987,3.20,1.60
2010.05.05 16:01:31.834,0.7983,0.7987,3.20,2.40
2010.05.05 16:01:31.992,0.7983,0.7987,1.00,2.40
2010.05.05 16:01:32.680,0.79835,0.79875,2.40,3.20
2010.05.05 16:01:33.022,0.79835,0.7988,3.20,4.90
2010.05.05 16:01:33.361,0.7983,0.79875,1.00,3.20
2010.05.05 16:01:33.700,0.7983,0.79875,1.00,3.30
2010.05.05 16:01:34.465,0.7983,0.79875,1.00,3.20
2010.05.05 16:01:35.299,0.7983,0.79875,3.30,3.20
2010.05.05 16:01:36.192,0.7983,0.79875,3.20,3.20
2010.05.05 16:01:38.709,0.79835,0.7987,1.00,1.60
2010.05.05 16:01:39.054,0.79825,0.7987,4.80,4.80
2010.05.05 16:01:39.403,0.79825,0.7987,4.80,4.90
2010.05.05 16:01:40.162,0.79835,0.7987,1.60,3.30
2010.05.05 16:01:40.506,0.7983,0.79875,4.80,4.90
2010.05.05 16:01:40.715,0.7983,0.79875,3.20,4.90
2010.05.05 16:01:40.939,0.7983,0.7986,3.20,1.60
2010.05.05 16:01:41.050,0.7983,0.7986,1.00,4.40
2010.05.05 16:01:41.492,0.7983,0.7987,3.20,1.00
2010.05.05 16:01:41.831,0.7983,0.7987,1.00,2.40
2010.05.05 16:01:42.169,0.79825,0.7987,3.20,3.20
2010.05.05 16:01:42.963,0.79825,0.7987,3.20,3.30
2010.05.05 16:01:43.300,0.79825,0.79865,2.40,1.00
2010.05.05 16:01:43.639,0.79815,0.7986,1.00,2.40
2010.05.05 16:01:43.900,0.79805,0.7985,4.80,1.00
2010.05.05 16:01:44.521,0.7982,0.7986,3.20,1.00
2010.05.05 16:01:44.780,0.79815,0.79855,1.00,1.00
2010.05.05 16:01:45.111,0.79815,0.7985,1.60,3.20
2010.05.05 16:01:45.589,0.79815,0.7985,1.60,1.00
2010.05.05 16:01:45.828,0.79815,0.7986,4.80,4.90
2010.05.05 16:01:47.107,0.79815,0.79855,3.20,1.60
2010.05.05 16:01:48.359,0.79815,0.7986,4.80,4.80
2010.05.05 16:01:48.922,0.79815,0.79855,3.20,1.60
2010.05.05 16:01:49.131,0.7981,0.79855,2.40,4.80
2010.05.05 16:01:49.340,0.7981,0.79855,4.80,2.40
2010.05.05 16:01:49.551,0.7981,0.79855,4.80,2.50
2010.05.05 16:01:50.270,0.7981,0.79855,1.00,4.90
2010.05.05 16:01:50.609,0.7981,0.79855,1.00,4.80
2010.05.05 16:01:51.659,0.79815,0.79855,1.00,1.00
2010.05.05 16:01:52.850,0.7981,0.79845,4.00,1.00
2010.05.05 16:01:53.190,0.7982,0.79845,3.20,1.00
2010.05.05 16:01:53.529,0.7982,0.7986,3.20,1.00
2010.05.05 16:01:53.909,0.7982,0.79855,2.40,1.00
2010.05.05 16:01:54.251,0.79815,0.79855,1.00,1.00
2010.05.05 16:01:54.461,0.79815,0.79855,1.00,1.00
2010.05.05 16:01:55.761,0.7981,0.79845,1.60,1.00
2010.05.05 16:01:55.971,0.7982,0.79845,4.00,1.00
2010.05.05 16:01:56.180,0.7982,0.7986,3.20,1.00
2010.05.05 16:01:56.391,0.7982,0.79855,2.40,1.00
2010.05.05 16:01:56.600,0.79815,0.79855,1.00,1.00
2010.05.05 16:01:57.334,0.79815,0.79855,1.00,1.00
2010.05.05 16:01:57.673,0.79815,0.7984,1.00,1.60
2010.05.05 16:01:58.002,0.7982,0.79865,3.20,4.90
2010.05.05 16:01:58.730,0.79815,0.79855,1.00,1.00
2010.05.05 16:02:00.654,0.79815,0.79855,2.40,1.00
2010.05.05 16:02:00.912,0.79815,0.7986,3.20,3.30
2010.05.05 16:02:01.151,0.7981,0.79855,1.00,3.20
2010.05.05 16:02:01.769,0.798,0.79845,3.30,1.00
2010.05.05 16:02:02.340,0.798,0.7984,3.30,1.60
2010.05.05 16:02:03.060,0.798,0.7984,3.20,1.60
2010.05.05 16:02:04.936,0.798,0.7984,3.20,1.70
2010.05.05 16:02:05.269,0.79795,0.7984,4.80,2.50
2010.05.05 16:02:07.016,0.798,0.7984,1.00,1.70
2010.05.05 16:02:07.290,0.798,0.7984,3.30,1.60
2010.05.05 16:02:07.719,0.798,0.79845,3.30,4.80
2010.05.05 16:02:07.950,0.798,0.79845,4.90,4.80
2010.05.05 16:02:09.083,0.798,0.79845,4.80,4.80
2010.05.05 16:02:09.420,0.79805,0.79845,1.00,3.30
2010.05.05 16:02:09.519,0.79805,0.79845,1.00,1.00
2010.05.05 16:02:09.620,0.7981,0.79845,1.00,1.00
2010.05.05 16:02:10.084,0.79805,0.79845,1.00,4.90
2010.05.05 16:02:10.390,0.79805,0.7984,1.00,1.60
2010.05.05 16:02:10.759,0.798,0.7984,1.00,1.60
2010.05.05 16:02:11.102,0.798,0.7984,1.00,4.80
2010.05.05 16:02:11.440,0.798,0.7984,1.00,1.70
2010.05.05 16:02:12.065,0.79805,0.7984,1.00,1.70
2010.05.05 16:02:12.352,0.798,0.79845,4.40,4.90
2010.05.05 16:02:12.930,0.79805,0.7984,2.00,1.00
2010.05.05 16:02:13.332,0.79805,0.7984,1.00,1.00
2010.05.05 16:02:13.671,0.7981,0.7984,1.00,1.00
2010.05.05 16:02:13.941,0.79805,0.7984,1.00,1.00
2010.05.05 16:02:14.209,0.79805,0.79845,1.00,4.80
2010.05.05 16:02:15.390,0.7981,0.79845,1.00,1.00
2010.05.05 16:02:15.720,0.7981,0.79845,1.00,1.00
2010.05.05 16:02:17.059,0.79805,0.79845,1.00,4.80
2010.05.05 16:02:17.695,0.7981,0.79845,1.00,4.80
2010.05.05 16:02:18.039,0.79815,0.79845,1.00,4.80
2010.05.05 16:02:18.489,0.79815,0.79845,1.00,3.20
2010.05.05 16:02:18.649,0.79815,0.79845,1.00,1.00
2010.05.05 16:02:20.034,0.79815,0.7985,1.00,4.90
2010.05.05 16:02:20.259,0.7982,0.7985,1.00,2.50
2010.05.05 16:02:20.773,0.7982,0.7985,1.00,1.00
2010.05.05 16:02:21.831,0.79805,0.79845,4.80,1.00
2010.05.05 16:02:22.434,0.79805,0.79845,2.40,1.00
2010.05.05 16:02:22.730,0.79805,0.79845,1.00,2.40
2010.05.05 16:02:23.030,0.79805,0.7984,1.00,1.60
2010.05.05 16:02:23.794,0.79805,0.7985,5.20,4.90
2010.05.05 16:02:24.152,0.79805,0.79845,2.80,1.00
2010.05.05 16:02:24.379,0.79805,0.79845,2.40,1.00
2010.05.05 16:02:25.656,0.79805,0.7984,2.40,1.00
2010.05.05 16:02:25.990,0.798,0.7984,4.40,1.00
2010.05.05 16:02:26.619,0.79795,0.7984,4.40,1.00
2010.05.05 16:02:27.310,0.79795,0.79825,2.40,2.40
2010.05.05 16:02:27.550,0.79795,0.79825,2.40,1.00
2010.05.05 16:02:28.079,0.79795,0.7984,3.20,2.50
2010.05.05 16:02:28.411,0.798,0.7984,1.00,2.40
2010.05.05 16:02:28.753,0.798,0.79845,4.80,1.00
2010.05.05 16:02:29.051,0.798,0.79845,4.80,4.90
2010.05.05 16:02:29.410,0.798,0.79845,2.40,4.90
2010.05.05 16:02:29.690,0.7981,0.7985,1.00,1.00
2010.05.05 16:02:30.030,0.7981,0.7985,1.00,1.70
2010.05.05 16:02:30.451,0.79805,0.79845,2.80,2.40
2010.05.05 16:02:30.795,0.79805,0.79845,1.00,1.60
2010.05.05 16:02:31.204,0.79805,0.79845,1.00,1.70
2010.05.05 16:02:32.391,0.79805,0.79845,1.00,1.60
2010.05.05 16:02:32.690,0.7981,0.79855,1.00,4.90
2010.05.05 16:02:34.186,0.7981,0.79855,1.20,4.90
2010.05.05 16:02:34.449,0.7981,0.79855,1.20,4.80
2010.05.05 16:02:35.090,0.7981,0.7985,1.20,1.60
2010.05.05 16:02:35.250,0.79805,0.7985,3.20,4.90
2010.05.05 16:02:35.632,0.79805,0.7985,3.30,4.80
2010.05.05 16:02:35.804,0.7981,0.79855,1.00,4.90
2010.05.05 16:02:35.963,0.7981,0.79845,1.00,1.60
2010.05.05 16:02:36.301,0.79815,0.7985,1.60,3.20
2010.05.05 16:02:36.669,0.79815,0.7986,4.80,4.90
2010.05.05 16:02:37.011,0.7981,0.79855,2.80,3.20
2010.05.05 16:02:37.341,0.7981,0.79855,1.20,4.80
2010.05.05 16:02:37.950,0.7981,0.79855,1.00,4.80
2010.05.05 16:02:38.282,0.79815,0.79855,1.00,2.50
2010.05.05 16:02:39.664,0.79815,0.79855,1.00,4.80
2010.05.05 16:02:39.999,0.79815,0.79855,1.00,2.40
2010.05.05 16:02:43.539,0.79815,0.79855,1.00,4.80
2010.05.05 16:02:43.800,0.7982,0.7986,1.00,1.00
2010.05.05 16:02:44.070,0.7982,0.7986,1.00,1.00
2010.05.05 16:02:45.448,0.7982,0.79855,1.00,1.00
2010.05.05 16:02:46.413,0.79815,0.7985,1.00,1.00
2010.05.05 16:02:47.611,0.79815,0.79855,4.40,1.00
2010.05.05 16:02:48.096,0.79815,0.7985,4.40,1.00
2010.05.05 16:02:48.639,0.79815,0.79855,4.40,1.00
2010.05.05 16:02:50.550,0.79815,0.79855,2.80,1.70
2010.05.05 16:02:50.740,0.7982,0.79855,1.00,1.70
2010.05.05 16:02:52.570,0.7982,0.7985,1.00,1.60
2010.05.05 16:02:53.172,0.7981,0.7985,1.00,4.10
2010.05.05 16:02:53.512,0.7982,0.7986,1.00,1.00
2010.05.05 16:02:53.852,0.79815,0.79855,5.20,1.00
2010.05.05 16:02:54.573,0.79815,0.7986,2.80,1.00
2010.05.05 16:02:54.911,0.79815,0.7986,1.20,3.30
2010.05.05 16:02:55.159,0.79815,0.7986,3.60,3.30
2010.05.05 16:02:55.541,0.79815,0.79855,3.60,1.00
2010.05.05 16:02:55.795,0.79815,0.79855,1.00,1.00
2010.05.05 16:02:56.041,0.79815,0.7985,1.00,1.00
2010.05.05 16:02:56.369,0.7981,0.7985,1.00,1.00
2010.05.05 16:02:57.073,0.79815,0.79855,1.00,2.40
2010.05.05 16:02:57.360,0.79815,0.7985,1.00,1.70
2010.05.05 16:02:58.052,0.79815,0.79845,2.40,2.50
2010.05.05 16:02:58.341,0.7981,0.79845,2.40,1.00
2010.05.05 16:02:58.752,0.7981,0.79845,2.40,1.00
2010.05.05 16:02:59.094,0.79815,0.79845,1.00,1.00
2010.05.05 16:02:59.372,0.7982,0.79855,4.00,1.00
2010.05.05 16:02:59.651,0.7982,0.7986,4.40,1.00
2010.05.05 16:03:00.261,0.79825,0.7986,1.00,3.30
2010.05.05 16:03:00.530,0.79835,0.7987,1.00,1.00
2010.05.05 16:03:01.334,0.7983,0.7987,2.00,1.00
2010.05.05 16:03:01.660,0.79835,0.7987,1.00,1.00
2010.05.05 16:03:02.332,0.7984,0.7988,1.00,1.00
2010.05.05 16:03:02.661,0.79835,0.79875,3.20,1.60
2010.05.05 16:03:03.001,0.7983,0.79875,2.40,3.20
2010.05.05 16:03:03.422,0.7983,0.79875,2.00,3.20
2010.05.05 16:03:04.239,0.79855,0.7988,1.00,3.30
2010.05.05 16:03:04.708,0.79855,0.79875,1.00,2.40
2010.05.05 16:03:05.040,0.79825,0.7987,4.90,1.00
2010.05.05 16:03:05.370,0.7983,0.7987,1.00,1.00
2010.05.05 16:03:06.035,0.7983,0.7987,2.00,1.00
2010.05.05 16:03:06.370,0.7983,0.7987,4.80,1.00
2010.05.05 16:03:07.430,0.7983,0.79875,2.40,3.30
2010.05.05 16:03:07.770,0.7983,0.79875,5.20,3.30
2010.05.05 16:03:08.470,0.79825,0.79865,1.00,3.30
2010.05.05 16:03:08.811,0.7982,0.79865,5.20,2.40
2010.05.05 16:03:09.439,0.79825,0.7987,2.40,3.30
2010.05.05 16:03:09.781,0.79825,0.7987,2.40,2.50
2010.05.05 16:03:10.809,0.7982,0.79855,1.60,3.20
2010.05.05 16:03:11.153,0.79805,0.79845,2.00,1.00
2010.05.05 16:03:12.239,0.79805,0.7985,4.40,3.30
2010.05.05 16:03:12.429,0.79805,0.79845,2.40,1.00
2010.05.05 16:03:12.769,0.79805,0.79845,2.40,1.00
2010.05.05 16:03:13.314,0.79805,0.79845,2.40,1.00
2010.05.05 16:03:13.652,0.79805,0.7984,1.00,1.00
2010.05.05 16:03:13.985,0.79795,0.79835,4.80,1.00
2010.05.05 16:03:14.348,0.79795,0.79835,4.80,1.00
2010.05.05 16:03:14.693,0.798,0.79835,1.60,1.00
2010.05.05 16:03:15.033,0.79795,0.7983,1.60,1.00
2010.05.05 16:03:16.062,0.79785,0.7983,4.80,3.30
2010.05.05 16:03:16.758,0.79785,0.79825,1.60,3.20
2010.05.05 16:03:17.025,0.79785,0.79825,2.40,1.00
2010.05.05 16:03:17.661,0.79785,0.7983,4.80,3.30
2010.05.05 16:03:18.262,0.79785,0.79825,4.00,1.00
2010.05.05 16:03:18.645,0.79785,0.79825,2.40,1.00
2010.05.05 16:03:18.985,0.7978,0.79825,4.80,1.00
2010.05.05 16:03:19.614,0.79785,0.79825,2.40,2.40
2010.05.05 16:03:19.961,0.79785,0.7983,4.80,4.90
2010.05.05 16:03:21.250,0.79785,0.7983,4.90,4.80
2010.05.05 16:03:21.590,0.79785,0.7983,4.80,4.90
2010.05.05 16:03:22.270,0.79785,0.7983,4.80,4.80
2010.05.05 16:03:24.047,0.79785,0.7983,4.40,4.80
2010.05.05 16:03:24.573,0.79785,0.7983,4.50,4.80
2010.05.05 16:03:24.880,0.79795,0.7983,2.00,2.40
2010.05.05 16:03:25.182,0.79795,0.7984,2.00,4.90
2010.05.05 16:03:25.834,0.79795,0.79835,2.40,1.00
2010.05.05 16:03:26.172,0.7978,0.7983,4.80,4.80
2010.05.05 16:03:26.808,0.79785,0.79835,2.40,2.50
2010.05.05 16:03:27.081,0.7979,0.7984,2.40,3.30
2010.05.05 16:03:28.060,0.7979,0.79835,5.20,1.00
2010.05.05 16:03:28.400,0.79785,0.7983,3.20,1.00
2010.05.05 16:03:28.740,0.79785,0.7983,1.00,4.80
2010.05.05 16:03:29.534,0.7979,0.7983,1.00,4.80
2010.05.05 16:03:29.849,0.7979,0.7983,1.00,1.00
2010.05.05 16:03:30.741,0.7979,0.7983,1.00,3.20
2010.05.05 16:03:30.990,0.79785,0.7983,1.00,3.20
2010.05.05 16:03:31.610,0.79785,0.79825,1.00,1.60
2010.05.05 16:03:31.944,0.7978,0.79825,4.90,1.00
2010.05.05 16:03:32.272,0.7978,0.79825,2.40,3.20
2010.05.05 16:03:32.942,0.79785,0.7983,1.00,3.20
2010.05.05 16:03:33.620,0.79785,0.7983,1.00,3.30
2010.05.05 16:03:34.060,0.7978,0.7983,4.40,3.30
2010.05.05 16:03:34.401,0.7978,0.79825,4.80,1.00
2010.05.05 16:03:35.468,0.7978,0.79825,3.20,1.00
2010.05.05 16:03:35.816,0.7978,0.7982,2.40,1.00
2010.05.05 16:03:36.011,0.79785,0.7983,1.00,4.80
2010.05.05 16:03:36.201,0.79785,0.79825,1.60,1.00
2010.05.05 16:03:36.588,0.79785,0.79825,1.60,3.20
2010.05.05 16:03:36.783,0.79785,0.7983,1.00,3.20
2010.05.05 16:03:36.981,0.79785,0.7983,1.00,3.20
2010.05.05 16:03:37.705,0.7978,0.79825,4.80,1.00
2010.05.05 16:03:38.047,0.79775,0.79825,4.80,3.20
2010.05.05 16:03:38.711,0.79775,0.79825,4.90,3.20
2010.05.05 16:03:39.052,0.79775,0.79825,4.80,3.30
2010.05.05 16:03:39.381,0.79775,0.7982,2.40,4.80
2010.05.05 16:03:40.051,0.79775,0.7982,4.80,1.00
2010.05.05 16:03:40.380,0.79775,0.7982,4.80,1.00
2010.05.05 16:03:41.388,0.79775,0.7982,4.80,1.00
2010.05.05 16:03:43.699,0.79775,0.7982,4.80,1.00
2010.05.05 16:03:44.216,0.79775,0.79815,1.60,3.20
2010.05.05 16:03:44.753,0.79775,0.79815,1.60,3.30
2010.05.05 16:03:45.090,0.79775,0.79815,1.60,3.20
2010.05.05 16:03:45.900,0.79775,0.7982,4.00,1.00
2010.05.05 16:03:46.129,0.7978,0.7982,1.60,1.00
2010.05.05 16:03:46.942,0.7979,0.7983,1.60,3.30
2010.05.05 16:03:47.270,0.7978,0.7982,3.20,1.60
2010.05.05 16:03:48.001,0.79775,0.7982,4.80,1.00
2010.05.05 16:03:48.340,0.79775,0.7982,4.80,1.00
2010.05.05 16:03:49.027,0.79775,0.7982,4.80,2.40
2010.05.05 16:03:49.360,0.79775,0.7982,4.80,2.50
2010.05.05 16:03:49.699,0.79775,0.79815,1.60,1.00
2010.05.05 16:03:50.040,0.7977,0.79815,1.60,3.30
2010.05.05 16:03:50.655,0.79775,0.7982,2.40,4.90
2010.05.05 16:03:50.921,0.79775,0.7982,1.70,4.80
2010.05.05 16:03:51.189,0.79775,0.7982,1.60,4.80
2010.05.05 16:03:51.489,0.79775,0.7982,1.60,4.90
2010.05.05 16:03:52.161,0.79775,0.7982,1.70,4.80
2010.05.05 16:03:52.460,0.79775,0.7982,4.10,1.00
2010.05.05 16:03:53.039,0.79775,0.79815,3.30,1.60
2010.05.05 16:03:53.303,0.7977,0.79815,2.40,4.80
2010.05.05 16:03:53.642,0.7977,0.79815,2.40,4.90
2010.05.05 16:03:54.571,0.7976,0.798,1.00,2.40
2010.05.05 16:03:54.910,0.7975,0.79795,2.40,1.00
2010.05.05 16:03:55.620,0.7975,0.798,3.20,3.20
2010.05.05 16:03:55.960,0.79755,0.798,3.30,1.00
2010.05.05 16:03:56.300,0.7976,0.79805,1.00,3.20
2010.05.05 16:03:56.990,0.7977,0.79815,3.20,1.00
2010.05.05 16:03:57.810,0.7977,0.7981,3.20,1.60
2010.05.05 16:03:58.151,0.79765,0.7981,4.90,1.00
2010.05.05 16:03:58.496,0.79765,0.79805,1.60,1.00
2010.05.05 16:03:58.791,0.79765,0.7981,2.40,3.20
2010.05.05 16:03:59.473,0.79765,0.79805,1.70,1.00
2010.05.05 16:03:59.811,0.79775,0.7982,1.60,4.90
2010.05.05 16:04:00.500,0.79775,0.7982,2.40,2.40
2010.05.05 16:04:00.840,0.7979,0.79825,1.00,1.60
2010.05.05 16:04:01.170,0.79795,0.79825,1.00,1.00
2010.05.05 16:04:04.190,0.7979,0.79825,1.00,2.40
2010.05.05 16:04:04.379,0.7979,0.79825,1.00,4.80
2010.05.05 16:04:04.570,0.7979,0.79825,1.00,4.80
2010.05.05 16:04:05.341,0.79795,0.7983,1.00,1.00
2010.05.05 16:04:06.621,0.79795,0.7983,1.00,1.00
2010.05.05 16:04:06.961,0.79795,0.79825,1.00,1.00
2010.05.05 16:04:07.611,0.7979,0.7983,1.00,4.90
2010.05.05 16:04:07.900,0.7979,0.7983,1.60,1.00
2010.05.05 16:04:09.226,0.79785,0.7983,4.90,2.40
2010.05.05 16:04:09.570,0.79785,0.7983,2.90,3.20
2010.05.05 16:04:10.153,0.79795,0.79835,1.60,1.00
2010.05.05 16:04:10.491,0.79795,0.79835,1.60,3.30
2010.05.05 16:04:10.750,0.7979,0.7983,1.60,3.20
2010.05.05 16:04:11.289,0.79795,0.79835,1.60,3.20
2010.05.05 16:04:11.600,0.7979,0.79835,2.50,3.20
2010.05.05 16:04:12.313,0.79795,0.79835,1.00,3.20
2010.05.05 16:04:13.201,0.79795,0.7984,3.20,1.60
2010.05.05 16:04:13.541,0.79795,0.7984,1.60,4.80
2010.05.05 16:04:14.160,0.79795,0.79835,1.60,2.40
2010.05.05 16:04:14.501,0.79795,0.79835,1.60,3.20
2010.05.05 16:04:15.919,0.79795,0.7983,1.60,1.00
2010.05.05 16:04:17.102,0.79795,0.79835,1.60,1.00
2010.05.05 16:04:17.353,0.7979,0.7983,1.00,2.40
2010.05.05 16:04:17.600,0.7979,0.79835,3.20,3.20
2010.05.05 16:04:19.239,0.7979,0.79835,3.30,3.20
2010.05.05 16:04:20.324,0.79785,0.7983,2.50,4.80
2010.05.05 16:04:22.428,0.79785,0.7983,2.50,3.20
2010.05.05 16:04:22.663,0.7979,0.7983,3.20,1.60
2010.05.05 16:04:22.902,0.79785,0.79825,3.20,1.60
2010.05.05 16:04:23.221,0.7978,0.79825,2.90,4.80
2010.05.05 16:04:23.902,0.79785,0.79825,1.60,3.20
2010.05.05 16:04:24.241,0.7978,0.79825,3.30,3.20
2010.05.05 16:04:25.302,0.79775,0.7982,4.50,1.00
2010.05.05 16:04:27.111,0.7978,0.79825,1.00,3.20
2010.05.05 16:04:27.310,0.79785,0.79825,1.00,3.20
2010.05.05 16:04:27.779,0.7978,0.79825,3.60,3.20
2010.05.05 16:04:28.147,0.7978,0.79825,3.60,3.30
2010.05.05 16:04:28.421,0.7977,0.79815,1.00,3.20
2010.05.05 16:04:29.369,0.79765,0.79815,4.90,3.20
2010.05.05 16:04:30.144,0.79765,0.79815,4.90,3.30
2010.05.05 16:04:31.649,0.79765,0.79815,4.80,3.20
2010.05.05 16:04:31.771,0.7977,0.79815,1.00,3.20
2010.05.05 16:04:31.892,0.7977,0.79815,1.00,3.20
2010.05.05 16:04:32.131,0.79775,0.79815,1.60,3.20
2010.05.05 16:04:32.510,0.79775,0.79815,2.40,2.40
2010.05.05 16:04:32.647,0.79775,0.7982,2.40,3.20
2010.05.05 16:04:32.996,0.7977,0.7982,3.20,3.20
2010.05.05 16:04:33.331,0.79775,0.7982,1.00,3.20
2010.05.05 16:04:33.750,0.7978,0.7982,1.00,3.20
2010.05.05 16:04:34.040,0.7978,0.7982,1.00,1.00
2010.05.05 16:04:34.909,0.7978,0.79825,1.00,3.20
2010.05.05 16:04:35.611,0.79785,0.79825,1.00,3.20
2010.05.05 16:04:35.950,0.7978,0.7982,1.00,1.00
2010.05.05 16:04:36.534,0.7978,0.79825,1.70,3.20
2010.05.05 16:04:36.863,0.7978,0.7982,1.70,1.00
2010.05.05 16:04:37.191,0.7978,0.7982,1.00,1.00
2010.05.05 16:04:41.330,0.79775,0.7982,4.90,1.00
2010.05.05 16:04:42.762,0.7978,0.79825,1.60,3.30
2010.05.05 16:04:43.260,0.79775,0.7982,4.90,1.00
2010.05.05 16:04:43.919,0.79775,0.7982,4.80,1.00
2010.05.05 16:04:44.695,0.79795,0.7982,1.00,1.00
2010.05.05 16:04:46.681,0.79795,0.7982,1.00,1.00
2010.05.05 16:04:46.971,0.79805,0.79825,1.00,3.20
2010.05.05 16:04:48.611,0.798,0.7982,1.00,3.20
2010.05.05 16:04:48.622,0.798,0.7982,1.00,4.80
2010.05.05 16:04:48.781,0.79795,0.7982,1.00,4.80
2010.05.05 16:04:48.958,0.7979,0.7982,1.00,4.80
2010.05.05 16:04:49.186,0.79775,0.7982,2.00,4.80
2010.05.05 16:04:49.790,0.79775,0.7982,1.60,4.80
2010.05.05 16:04:51.630,0.79775,0.79815,2.40,1.00
2010.05.05 16:04:54.153,0.7978,0.79815,1.00,1.00
2010.05.05 16:04:54.849,0.79775,0.79815,2.40,1.00
2010.05.05 16:04:55.051,0.79775,0.79815,1.00,3.20
2010.05.05 16:04:56.094,0.7977,0.79815,3.30,3.20
2010.05.05 16:04:56.410,0.79775,0.79815,2.40,1.00
2010.05.05 16:04:56.720,0.7978,0.79825,3.20,1.00
2010.05.05 16:04:57.531,0.79785,0.7983,4.80,1.00
2010.05.05 16:04:57.870,0.7979,0.7983,1.60,1.00
2010.05.05 16:04:59.322,0.7978,0.7982,1.00,4.80
2010.05.05 16:04:59.612,0.79775,0.7982,4.90,4.80
2010.05.05 16:05:00.743,0.79775,0.79815,1.00,3.20
2010.05.05 16:05:01.482,0.7977,0.79815,3.30,3.20
2010.05.05 16:05:02.670,0.79775,0.79815,2.40,1.00
2010.05.05 16:05:02.840,0.79775,0.7982,2.40,2.40
2010.05.05 16:05:03.570,0.7977,0.79815,2.90,3.20
2010.05.05 16:05:04.023,0.79775,0.79815,1.00,3.20
2010.05.05 16:05:04.359,0.79775,0.79815,1.00,4.80
2010.05.05 16:05:04.699,0.79775,0.7981,1.00,1.00
2010.05.05 16:05:05.530,0.7977,0.79815,3.20,3.20
2010.05.05 16:05:05.811,0.7977,0.79815,3.60,3.20
2010.05.05 16:05:06.677,0.7977,0.79815,3.20,3.20
2010.05.05 16:05:06.930,0.79775,0.79815,2.50,2.40
2010.05.05 16:05:07.210,0.79775,0.7982,3.30,1.00
2010.05.05 16:05:07.993,0.7977,0.7981,1.00,2.40
2010.05.05 16:05:08.330,0.79765,0.7981,4.90,3.20
2010.05.05 16:05:09.410,0.79765,0.7981,4.80,3.20
2010.05.05 16:05:09.971,0.79765,0.7981,4.90,3.20
2010.05.05 16:05:10.251,0.7977,0.7981,1.00,3.20
2010.05.05 16:05:10.833,0.7977,0.7981,1.00,1.00
2010.05.05 16:05:12.460,0.7977,0.79815,1.00,4.80
2010.05.05 16:05:12.944,0.79775,0.79815,1.00,4.80
2010.05.05 16:05:13.092,0.79775,0.79815,1.00,1.00
2010.05.05 16:05:13.240,0.79775,0.79815,1.00,1.00
2010.05.05 16:05:15.974,0.79775,0.79815,1.00,4.80
2010.05.05 16:05:16.660,0.79775,0.7981,1.00,1.00
2010.05.05 16:05:18.214,0.79775,0.7981,1.00,1.00
2010.05.05 16:05:18.454,0.7977,0.7981,3.30,1.00
2010.05.05 16:05:18.689,0.7977,0.7981,1.00,1.00
2010.05.05 16:05:19.086,0.7977,0.7981,1.00,1.20
2010.05.05 16:05:19.421,0.79775,0.7981,1.00,1.00
2010.05.05 16:05:19.760,0.79775,0.79815,1.00,1.00
2010.05.05 16:05:20.903,0.7978,0.79815,1.00,1.00
2010.05.05 16:05:21.172,0.7978,0.7982,1.00,1.00
2010.05.05 16:05:21.754,0.7978,0.7982,3.30,1.00
2010.05.05 16:05:22.354,0.79775,0.7982,1.00,3.30
2010.05.05 16:05:22.671,0.79775,0.79815,1.00,1.00
2010.05.05 16:05:23.341,0.79775,0.79815,1.00,1.00
2010.05.05 16:05:23.670,0.79775,0.7982,1.00,3.60
2010.05.05 16:05:24.375,0.79775,0.7982,1.00,3.70
2010.05.05 16:05:24.712,0.79775,0.79815,1.00,1.00
2010.05.05 16:05:25.540,0.79775,0.7982,1.00,3.60
2010.05.05 16:05:26.213,0.79775,0.79815,1.00,1.00
2010.05.05 16:05:26.462,0.79765,0.7981,2.50,2.40
2010.05.05 16:05:26.842,0.79765,0.7981,2.40,2.40
2010.05.05 16:05:27.202,0.7977,0.7981,1.00,2.80
2010.05.05 16:05:27.541,0.7977,0.7981,3.20,1.00
2010.05.05 16:05:29.280,0.7977,0.7981,3.30,1.00
2010.05.05 16:05:30.990,0.7977,0.79815,2.90,3.20
2010.05.05 16:05:31.212,0.7977,0.7981,1.00,3.20
2010.05.05 16:05:31.553,0.7977,0.79805,1.00,1.00
2010.05.05 16:05:34.250,0.79775,0.7981,1.00,1.00
2010.05.05 16:05:35.691,0.79775,0.79815,1.00,3.20
2010.05.05 16:05:36.339,0.79775,0.79815,1.00,3.20
2010.05.05 16:05:37.041,0.7978,0.79815,1.00,3.20
2010.05.05 16:05:39.298,0.79775,0.79815,1.00,3.20
2010.05.05 16:05:39.897,0.7978,0.79815,1.00,3.20
2010.05.05 16:05:40.550,0.79775,0.79815,1.00,3.20
2010.05.05 16:05:40.970,0.79775,0.7981,1.00,1.00
2010.05.05 16:05:41.402,0.7977,0.7981,1.00,3.20
2010.05.05 16:05:42.566,0.7978,0.79815,1.00,3.20
2010.05.05 16:05:42.901,0.79775,0.7981,1.00,4.80
2010.05.05 16:05:43.240,0.7977,0.7981,1.00,4.80
2010.05.05 16:05:43.630,0.79775,0.79805,1.00,1.00
2010.05.05 16:05:43.972,0.79775,0.7981,1.00,4.80
2010.05.05 16:05:45.193,0.7978,0.7981,1.00,1.60
2010.05.05 16:05:46.464,0.7978,0.79815,1.00,4.80
2010.05.05 16:05:46.681,0.7978,0.79815,1.00,2.40
2010.05.05 16:05:46.900,0.7978,0.79815,1.00,1.00
2010.05.05 16:05:53.490,0.7978,0.7982,1.00,4.80
2010.05.05 16:05:55.125,0.7978,0.79815,1.00,1.00
2010.05.05 16:05:55.151,0.79785,0.79815,1.00,1.00
2010.05.05 16:05:56.121,0.79785,0.7982,1.00,4.80
2010.05.05 16:05:57.300,0.79785,0.7982,1.00,3.20
2010.05.05 16:05:57.763,0.79795,0.79825,1.00,4.00
2010.05.05 16:05:58.108,0.79795,0.79825,1.00,2.40
2010.05.05 16:05:58.421,0.7979,0.79825,1.00,2.40
2010.05.05 16:06:00.180,0.7979,0.79825,1.00,2.40
2010.05.05 16:06:00.480,0.798,0.7983,1.00,1.60
2010.05.05 16:06:01.183,0.798,0.79835,1.00,3.20
2010.05.05 16:06:01.642,0.798,0.79835,1.00,4.80
2010.05.05 16:06:02.320,0.79795,0.7983,1.00,1.00
2010.05.05 16:06:02.660,0.7979,0.79835,1.00,4.90
2010.05.05 16:06:03.383,0.7979,0.7983,1.00,1.00
2010.05.05 16:06:05.109,0.79785,0.7983,4.90,1.00
2010.05.05 16:06:06.591,0.79785,0.7983,4.80,1.00
2010.05.05 16:06:07.368,0.79785,0.7983,4.80,2.00
2010.05.05 16:06:09.125,0.7979,0.7983,1.00,2.00
2010.05.05 16:06:09.461,0.7978,0.7982,3.20,1.60
2010.05.05 16:06:09.981,0.7978,0.79825,4.80,2.40
2010.05.05 16:06:10.202,0.7978,0.79825,3.20,2.40
2010.05.05 16:06:11.216,0.7978,0.79825,1.00,4.80
2010.05.05 16:06:11.551,0.7978,0.79825,3.30,2.40
2010.05.05 16:06:12.231,0.79785,0.7983,4.80,2.10
2010.05.05 16:06:12.541,0.7978,0.79825,3.20,4.90
2010.05.05 16:06:13.190,0.79775,0.79815,3.30,1.60
2010.05.05 16:06:14.371,0.79775,0.79815,3.20,1.60
2010.05.05 16:06:15.424,0.79775,0.79815,2.40,2.40
2010.05.05 16:06:15.962,0.7977,0.7981,3.30,1.60
2010.05.05 16:06:16.171,0.79765,0.798,1.00,1.60
2010.05.05 16:06:16.380,0.7976,0.798,3.20,1.60
2010.05.05 16:06:17.430,0.79765,0.7981,4.90,2.40
2010.05.05 16:06:18.065,0.79775,0.7981,1.60,1.00
2010.05.05 16:06:18.351,0.7977,0.7981,1.00,1.60
2010.05.05 16:06:18.640,0.79765,0.7981,4.90,1.60
2010.05.05 16:06:19.267,0.79775,0.7981,1.00,1.60
2010.05.05 16:06:20.180,0.7977,0.7981,1.00,1.60
2010.05.05 16:06:20.912,0.79775,0.79815,1.00,2.40
2010.05.05 16:06:21.210,0.79775,0.79815,1.00,4.80
2010.05.05 16:06:21.656,0.79775,0.7981,1.00,1.60
2010.05.05 16:06:21.991,0.79775,0.7981,1.00,2.40
2010.05.05 16:06:22.283,0.7977,0.7981,1.00,1.60
2010.05.05 16:06:22.572,0.7977,0.7981,1.00,2.40
2010.05.05 16:06:23.490,0.79775,0.7981,1.00,1.00
2010.05.05 16:06:23.830,0.79775,0.79815,2.50,1.60
2010.05.05 16:06:24.230,0.79775,0.79815,1.00,1.60
2010.05.05 16:06:24.550,0.7977,0.79815,4.90,1.60
2010.05.05 16:06:24.890,0.79775,0.79815,1.00,2.40
2010.05.05 16:06:25.570,0.7978,0.79815,1.00,4.80
2010.05.05 16:06:25.821,0.7977,0.7981,1.00,2.40
2010.05.05 16:06:26.990,0.79775,0.79815,1.00,1.60
2010.05.05 16:06:27.630,0.79775,0.79815,1.00,1.70
2010.05.05 16:06:28.351,0.7977,0.7981,1.00,1.60
2010.05.05 16:06:29.081,0.7977,0.7981,1.00,1.60
2010.05.05 16:06:30.944,0.7977,0.79815,1.00,4.80
2010.05.05 16:06:31.140,0.7977,0.7981,1.00,1.60
2010.05.05 16:06:32.195,0.79765,0.7981,4.40,4.00
2010.05.05 16:06:32.721,0.79765,0.7981,4.50,4.00
2010.05.05 16:06:32.981,0.7978,0.7981,1.60,2.40
2010.05.05 16:06:33.591,0.7977,0.79815,1.60,4.80
2010.05.05 16:06:33.930,0.7977,0.79815,1.60,4.00
2010.05.05 16:06:34.592,0.7977,0.79815,1.70,4.00
2010.05.05 16:06:35.653,0.7977,0.79815,1.60,4.00
2010.05.05 16:06:35.969,0.7977,0.79815,1.60,4.80
2010.05.05 16:06:36.180,0.7977,0.7981,1.00,1.60
2010.05.05 16:06:36.733,0.79765,0.7981,1.70,4.80
2010.05.05 16:06:36.930,0.79775,0.79815,1.60,3.20
2010.05.05 16:06:37.132,0.79765,0.7981,4.10,1.60
2010.05.05 16:06:37.680,0.7977,0.7981,1.00,4.80
2010.05.05 16:06:38.230,0.79765,0.7981,1.70,4.80
2010.05.05 16:06:39.153,0.79765,0.7981,1.60,4.80
2010.05.05 16:06:39.429,0.79765,0.7981,2.00,4.80
2010.05.05 16:06:44.431,0.7977,0.7981,1.00,4.80
2010.05.05 16:06:44.773,0.7977,0.7981,1.00,4.00
2010.05.05 16:06:46.395,0.79765,0.798,1.00,1.60
2010.05.05 16:06:46.554,0.79765,0.79805,1.00,4.80
2010.05.05 16:06:49.542,0.79765,0.7981,1.70,4.80
2010.05.05 16:06:50.207,0.7977,0.7981,1.00,4.00
2010.05.05 16:06:55.670,0.79765,0.7981,1.00,4.00
2010.05.05 16:06:55.821,0.79765,0.798,1.00,1.60
2010.05.05 16:06:56.344,0.7976,0.79805,1.00,4.80
2010.05.05 16:06:56.685,0.7976,0.798,1.00,4.00
2010.05.05 16:06:58.928,0.79765,0.798,1.00,1.60
2010.05.05 16:06:59.273,0.7976,0.798,1.00,4.00
2010.05.05 16:07:01.701,0.79755,0.79795,2.50,1.60
2010.05.05 16:07:02.124,0.79755,0.798,2.50,2.40
2010.05.05 16:07:02.391,0.79755,0.79795,1.00,1.60
2010.05.05 16:07:02.777,0.7975,0.79795,4.40,1.60
2010.05.05 16:07:03.436,0.79755,0.7979,1.00,1.60
2010.05.05 16:07:03.778,0.79745,0.79785,1.00,1.60
2010.05.05 16:07:04.124,0.79755,0.7979,1.60,3.20
2010.05.05 16:07:04.631,0.79755,0.798,1.60,4.50
2010.05.05 16:07:04.979,0.79745,0.79795,4.90,2.40
2010.05.05 16:07:05.654,0.7975,0.79795,1.00,2.40
2010.05.05 16:07:06.012,0.7975,0.79795,1.00,3.20
2010.05.05 16:07:06.350,0.7975,0.79795,1.00,3.20
2010.05.05 16:07:06.690,0.79745,0.79795,4.50,3.30
2010.05.05 16:07:07.363,0.7975,0.798,4.50,4.80
2010.05.05 16:07:08.560,0.7975,0.798,4.40,4.80
2010.05.05 16:07:09.240,0.7975,0.79795,4.40,2.50
2010.05.05 16:07:09.643,0.7975,0.79795,4.50,2.40
2010.05.05 16:07:09.995,0.79755,0.798,1.00,4.10
2010.05.05 16:07:10.227,0.79755,0.798,2.90,4.00
2010.05.05 16:07:10.797,0.7975,0.798,4.50,4.90
2010.05.05 16:07:11.032,0.79755,0.798,1.00,4.80
2010.05.05 16:07:12.714,0.79755,0.798,1.00,4.80
2010.05.05 16:07:12.950,0.7975,0.79795,4.10,1.00
2010.05.05 16:07:13.527,0.7975,0.79795,1.60,4.90
2010.05.05 16:07:13.872,0.7975,0.79795,4.40,2.50
2010.05.05 16:07:15.590,0.7975,0.79795,2.80,4.90
2010.05.05 16:07:15.699,0.7975,0.79795,1.00,4.90
2010.05.05 16:07:16.752,0.7975,0.79795,4.40,2.50
2010.05.05 16:07:18.541,0.7976,0.79805,4.80,4.90
2010.05.05 16:07:18.880,0.79755,0.7979,2.40,1.00
2010.05.05 16:07:19.319,0.79745,0.7979,4.90,3.20
2010.05.05 16:07:19.561,0.79745,0.79785,3.30,1.60
2010.05.05 16:07:19.802,0.79745,0.79785,2.90,2.40
2010.05.05 16:07:20.042,0.7974,0.79785,4.90,4.80
2010.05.05 16:07:20.732,0.7972,0.7977,2.80,3.20
2010.05.05 16:07:21.071,0.79735,0.7978,2.40,2.40
2010.05.05 16:07:21.850,0.7973,0.79775,1.00,3.20
2010.05.05 16:07:22.112,0.7974,0.79775,1.60,2.40
2010.05.05 16:07:22.489,0.7974,0.79785,4.80,4.90
2010.05.05 16:07:22.659,0.79735,0.7978,4.80,1.00
2010.05.05 16:07:22.823,0.79735,0.79775,1.60,1.00
2010.05.05 16:07:23.551,0.79735,0.7978,2.40,3.20
2010.05.05 16:07:23.891,0.7974,0.7978,3.20,1.60
2010.05.05 16:07:24.230,0.79735,0.79775,1.60,1.00
2010.05.05 16:07:24.594,0.7973,0.79775,4.80,1.00
2010.05.05 16:07:24.932,0.7973,0.79775,4.90,1.00
2010.05.05 16:07:25.271,0.79735,0.79775,2.40,1.00
2010.05.05 16:07:25.952,0.7974,0.79785,4.80,4.80
2010.05.05 16:07:26.291,0.7974,0.79785,4.90,4.80
2010.05.05 16:07:26.913,0.7974,0.79785,4.80,4.90
2010.05.05 16:07:27.820,0.7974,0.7978,2.40,1.00
2010.05.05 16:07:27.990,0.79735,0.7978,4.80,1.00
2010.05.05 16:07:28.160,0.79735,0.79775,4.10,1.00
2010.05.05 16:07:28.330,0.79735,0.79775,1.60,1.00
2010.05.05 16:07:32.035,0.79735,0.7978,2.40,4.80
2010.05.05 16:07:32.152,0.79735,0.7978,4.80,1.00
2010.05.05 16:07:34.651,0.7974,0.79785,1.00,4.90
2010.05.05 16:07:34.880,0.79735,0.7978,4.90,1.00
2010.05.05 16:07:35.443,0.7974,0.7978,1.00,1.00
2010.05.05 16:07:35.730,0.7974,0.79785,3.30,4.80
2010.05.05 16:07:36.461,0.7974,0.79785,3.20,4.80
2010.05.05 16:07:37.006,0.79745,0.79785,1.00,4.80
2010.05.05 16:07:37.510,0.7974,0.79785,4.90,4.80
2010.05.05 16:07:37.851,0.79745,0.79785,1.00,2.40
2010.05.05 16:07:38.190,0.79745,0.79785,1.00,4.80
2010.05.05 16:07:39.211,0.7974,0.79785,4.90,4.80
2010.05.05 16:07:39.611,0.79745,0.79785,1.00,4.80
2010.05.05 16:07:39.840,0.79745,0.79785,1.00,2.40
2010.05.05 16:07:40.335,0.79745,0.7979,3.30,1.00
2010.05.05 16:07:40.561,0.79745,0.79785,1.70,3.20
2010.05.05 16:07:40.790,0.7975,0.79785,1.00,2.40
2010.05.05 16:07:41.319,0.7975,0.79785,1.00,1.60
2010.05.05 16:07:41.654,0.79735,0.79775,1.00,2.40
2010.05.05 16:07:41.992,0.79735,0.7978,3.20,4.80
2010.05.05 16:07:42.711,0.79735,0.7978,4.90,4.80
2010.05.05 16:07:43.155,0.79735,0.7978,3.30,4.80
2010.05.05 16:07:44.128,0.79735,0.7978,4.90,4.80
2010.05.05 16:07:47.272,0.7974,0.7978,1.00,4.80
2010.05.05 16:07:49.588,0.79735,0.7978,4.90,4.80
2010.05.05 16:07:49.859,0.79735,0.7978,3.30,4.80
2010.05.05 16:07:50.218,0.79735,0.79775,2.50,1.00
2010.05.05 16:07:50.741,0.79735,0.79775,4.10,1.00
2010.05.05 16:07:50.921,0.7974,0.7978,1.00,1.00
2010.05.05 16:07:51.100,0.79735,0.79775,1.00,1.00
2010.05.05 16:07:51.492,0.7974,0.7978,1.00,3.20
2010.05.05 16:07:51.672,0.7974,0.7978,1.00,1.00
2010.05.05 16:07:52.677,0.7974,0.7978,1.00,1.00
2010.05.05 16:07:53.012,0.79735,0.7978,4.90,3.20
2010.05.05 16:07:56.294,0.79735,0.7977,3.30,1.60
2010.05.05 16:07:58.620,0.7974,0.7977,1.00,1.60
2010.05.05 16:07:59.911,0.7974,0.7978,1.00,2.40
2010.05.05 16:08:01.628,0.7974,0.7978,1.00,2.80
2010.05.05 16:08:01.782,0.7974,0.7978,1.00,2.80
2010.05.05 16:08:01.922,0.79735,0.7978,3.20,2.50
2010.05.05 16:08:02.072,0.79735,0.7977,2.40,1.60
2010.05.05 16:08:02.524,0.7973,0.7977,1.00,1.60
2010.05.05 16:08:03.200,0.7973,0.7977,1.00,1.60
2010.05.05 16:08:03.940,0.7973,0.7977,3.20,1.60
2010.05.05 16:08:07.062,0.7973,0.7977,3.20,1.60
2010.05.05 16:08:07.117,0.7973,0.7977,1.00,1.60
2010.05.05 16:08:07.141,0.7973,0.7977,1.00,1.60
2010.05.05 16:08:07.241,0.7973,0.7977,3.30,1.60
2010.05.05 16:08:08.140,0.7973,0.7977,3.20,1.60
2010.05.05 16:08:08.480,0.7973,0.7977,1.00,1.60
2010.05.05 16:08:10.652,0.7973,0.7977,1.00,1.60
2010.05.05 16:08:10.850,0.7973,0.7977,3.20,1.60
2010.05.05 16:08:10.921,0.7973,0.7977,1.00,1.60
2010.05.05 16:08:11.289,0.7973,0.7977,3.20,1.60
2010.05.05 16:08:12.230,0.7973,0.7977,3.20,1.60
2010.05.05 16:08:14.112,0.7973,0.7977,3.30,1.60
2010.05.05 16:08:15.432,0.7973,0.7977,3.20,1.60
2010.05.05 16:08:21.073,0.7973,0.7977,3.30,1.60
2010.05.05 16:08:22.390,0.7974,0.7978,1.00,1.70
2010.05.05 16:08:23.371,0.79735,0.79775,4.80,1.00
2010.05.05 16:08:24.050,0.79735,0.7977,1.00,1.60
2010.05.05 16:08:24.711,0.79725,0.7977,3.30,2.40
2010.05.05 16:08:25.052,0.7973,0.7977,1.00,2.40
2010.05.05 16:08:25.252,0.7973,0.7977,1.00,2.40
2010.05.05 16:08:25.426,0.7973,0.7977,1.00,2.40
2010.05.05 16:08:25.934,0.7973,0.7977,1.00,4.00
2010.05.05 16:08:26.097,0.79725,0.79765,1.60,3.20
2010.05.05 16:08:26.433,0.7973,0.7977,1.00,3.20
2010.05.05 16:08:27.092,0.7973,0.7977,1.00,1.00
2010.05.05 16:08:27.114,0.7973,0.7977,1.00,4.80
2010.05.05 16:08:27.411,0.79725,0.7977,4.80,3.20
2010.05.05 16:08:27.700,0.7973,0.7977,1.00,1.00
2010.05.05 16:08:28.330,0.7973,0.7977,1.00,1.00
2010.05.05 16:08:28.621,0.79725,0.7977,4.80,1.00
2010.05.05 16:08:29.260,0.7972,0.79765,3.30,3.20
2010.05.05 16:08:31.466,0.79725,0.79765,1.00,2.40
2010.05.05 16:08:31.619,0.79725,0.7977,3.20,4.90
2010.05.05 16:08:33.465,0.79725,0.7977,3.30,4.80
2010.05.05 16:08:34.170,0.79725,0.79765,2.40,1.00
2010.05.05 16:08:34.634,0.7972,0.7976,3.20,1.00
2010.05.05 16:08:34.792,0.79715,0.7976,3.20,1.00
2010.05.05 16:08:35.131,0.79715,0.7976,3.20,3.20
2010.05.05 16:08:35.893,0.79715,0.7976,3.30,3.20
2010.05.05 16:08:37.045,0.79715,0.7976,3.20,3.20
2010.05.05 16:08:38.352,0.7971,0.7975,1.00,1.00
2010.05.05 16:08:38.680,0.797,0.79745,2.80,3.20
2010.05.05 16:08:39.011,0.79695,0.7974,2.40,2.40
2010.05.05 16:08:39.381,0.79695,0.7974,3.20,3.20
2010.05.05 16:08:39.722,0.797,0.7974,1.00,2.40
2010.05.05 16:08:40.060,0.797,0.79745,3.20,3.20
2010.05.05 16:08:40.781,0.79705,0.79745,2.40,1.00
2010.05.05 16:08:40.978,0.79715,0.7975,1.60,1.00
2010.05.05 16:08:41.162,0.7972,0.79755,1.60,1.00
2010.05.05 16:08:41.850,0.79715,0.79755,1.60,1.00
2010.05.05 16:08:42.191,0.79715,0.79755,1.60,1.00
2010.05.05 16:08:42.531,0.79715,0.79755,1.60,1.00
2010.05.05 16:08:42.872,0.79715,0.79755,1.60,3.20
2010.05.05 16:08:43.891,0.79715,0.7975,1.60,1.00
2010.05.05 16:08:45.363,0.7972,0.7975,1.60,1.00
2010.05.05 16:08:46.472,0.7972,0.7975,1.60,1.00
2010.05.05 16:08:47.038,0.79715,0.7975,1.60,1.00
2010.05.05 16:08:47.711,0.7972,0.7975,1.60,1.00
2010.05.05 16:08:47.790,0.79715,0.7975,1.60,1.00
2010.05.05 16:08:48.251,0.79715,0.79745,1.60,3.20
2010.05.05 16:08:49.427,0.79705,0.79745,1.60,3.20
2010.05.05 16:08:49.777,0.79715,0.7976,3.20,3.20
2010.05.05 16:08:50.568,0.79715,0.7976,3.20,3.30
2010.05.05 16:08:50.900,0.79715,0.7976,3.30,3.20
2010.05.05 16:08:51.240,0.79715,0.7976,3.20,3.20
2010.05.05 16:08:52.313,0.79715,0.7976,3.30,3.20
2010.05.05 16:08:56.421,0.79715,0.7976,3.20,3.20
2010.05.05 16:08:56.610,0.79735,0.7976,1.60,3.20
2010.05.05 16:08:56.800,0.79735,0.7976,1.60,1.00
2010.05.05 16:08:57.361,0.79715,0.79755,2.50,2.40
2010.05.05 16:08:57.470,0.7971,0.79755,3.30,4.80
2010.05.05 16:08:58.989,0.79715,0.79755,1.60,3.20
2010.05.05 16:08:59.333,0.797,0.79745,1.00,4.80
2010.05.05 16:09:00.153,0.797,0.79745,1.00,4.80
2010.05.05 16:09:01.050,0.797,0.79745,1.00,4.80
2010.05.05 16:09:02.273,0.797,0.79745,1.00,4.90
2010.05.05 16:09:03.579,0.797,0.79745,1.00,4.80
2010.05.05 16:09:03.710,0.79705,0.79745,2.40,2.40
2010.05.05 16:09:03.847,0.79705,0.7975,4.80,4.90
2010.05.05 16:09:06.636,0.79705,0.7975,4.90,4.80
2010.05.05 16:09:08.171,0.7971,0.7975,1.60,3.20
2010.05.05 16:09:08.471,0.797,0.79745,1.00,4.80
2010.05.05 16:09:08.988,0.79695,0.79735,2.40,1.00
2010.05.05 16:09:09.322,0.79695,0.79735,1.00,1.00
2010.05.05 16:09:10.245,0.79695,0.79735,1.00,1.00
2010.05.05 16:09:11.212,0.79695,0.79735,1.00,1.00
2010.05.05 16:09:12.843,0.79685,0.7973,3.30,2.40
2010.05.05 16:09:13.100,0.79685,0.7973,4.90,1.00
2010.05.05 16:09:13.709,0.79685,0.7973,4.90,4.80
2010.05.05 16:09:14.056,0.79685,0.79725,3.30,1.60
2010.05.05 16:09:14.393,0.79685,0.7973,4.90,4.80
2010.05.05 16:09:14.990,0.79695,0.7973,1.60,2.40
2010.05.05 16:09:15.251,0.79695,0.79735,2.50,1.00
2010.05.05 16:09:15.521,0.79695,0.7973,1.00,1.60
2010.05.05 16:09:16.223,0.7969,0.7973,1.00,1.60
2010.05.05 16:09:16.560,0.79685,0.7973,4.80,4.80
2010.05.05 16:09:16.900,0.79685,0.79725,1.60,3.20
2010.05.05 16:09:17.449,0.79685,0.79725,1.00,4.80
2010.05.05 16:09:18.624,0.79685,0.7972,1.00,1.60
2010.05.05 16:09:19.374,0.7969,0.7972,1.00,1.60
2010.05.05 16:09:21.070,0.79685,0.79725,2.50,2.40
2010.05.05 16:09:21.585,0.79695,0.79725,1.00,2.40
2010.05.05 16:09:21.815,0.797,0.7974,1.00,3.20
2010.05.05 16:09:22.500,0.79695,0.7974,3.70,3.20
2010.05.05 16:09:23.420,0.797,0.7974,1.00,3.20
2010.05.05 16:09:24.721,0.7969,0.79735,2.10,4.80
2010.05.05 16:09:25.062,0.7969,0.7974,4.50,2.40
2010.05.05 16:09:26.211,0.79695,0.79735,1.00,4.80
2010.05.05 16:09:27.362,0.7969,0.79735,2.50,4.80
2010.05.05 16:09:27.652,0.7969,0.79735,4.90,4.80
2010.05.05 16:09:28.150,0.7969,0.79735,4.90,2.40
2010.05.05 16:09:28.290,0.7969,0.79735,4.90,1.00
2010.05.05 16:09:28.430,0.79695,0.7974,1.00,3.30
2010.05.05 16:09:29.151,0.79695,0.7974,4.90,1.00
2010.05.05 16:09:29.490,0.79695,0.7974,3.30,1.00
2010.05.05 16:09:30.461,0.797,0.7974,1.00,1.00
2010.05.05 16:09:32.173,0.79705,0.79745,1.00,4.80
2010.05.05 16:09:32.281,0.79705,0.79745,1.00,3.20
2010.05.05 16:09:33.490,0.797,0.79745,3.20,3.20
2010.05.05 16:09:33.831,0.79695,0.7974,3.20,4.80
2010.05.05 16:09:34.030,0.7969,0.79735,3.30,3.20
2010.05.05 16:09:34.821,0.7969,0.79735,3.20,3.20
2010.05.05 16:09:35.163,0.7969,0.79735,1.00,3.20
2010.05.05 16:09:35.502,0.79685,0.7973,3.30,2.40
2010.05.05 16:09:35.950,0.7969,0.7973,1.00,4.80
2010.05.05 16:09:36.291,0.79695,0.79735,1.00,1.00
2010.05.05 16:09:37.811,0.7969,0.7973,1.00,2.40
2010.05.05 16:09:38.141,0.7969,0.7973,1.00,4.80
2010.05.05 16:09:38.551,0.7969,0.7973,2.50,1.00
2010.05.05 16:09:38.892,0.7969,0.79735,3.20,2.40
2010.05.05 16:09:39.231,0.7969,0.79735,3.30,2.40
2010.05.05 16:09:39.948,0.79695,0.79735,1.00,2.40
2010.05.05 16:09:40.295,0.79695,0.79735,1.00,2.40
2010.05.05 16:09:40.464,0.79695,0.79735,1.60,1.00
2010.05.05 16:09:40.632,0.79695,0.7974,2.40,4.90
2010.05.05 16:09:41.294,0.79695,0.7974,4.80,4.90
2010.05.05 16:09:41.641,0.797,0.7974,1.00,2.40
2010.05.05 16:09:41.983,0.7969,0.79735,3.30,1.00
2010.05.05 16:09:42.321,0.79695,0.7974,2.40,4.80
2010.05.05 16:09:42.960,0.79695,0.7974,2.40,4.90
2010.05.05 16:09:43.270,0.79695,0.7974,2.50,4.80
2010.05.05 16:09:46.418,0.79695,0.7974,2.40,4.80
2010.05.05 16:09:46.626,0.79695,0.7974,2.40,4.90
2010.05.05 16:09:47.912,0.79695,0.7974,4.90,1.00
2010.05.05 16:09:52.346,0.79705,0.7974,1.00,1.00
2010.05.05 16:09:52.560,0.79705,0.79745,1.00,2.40
2010.05.05 16:09:53.005,0.79705,0.7975,3.20,3.20
2010.05.05 16:09:53.222,0.797,0.7974,2.40,1.00
2010.05.05 16:09:53.560,0.79695,0.79735,1.00,3.20
2010.05.05 16:09:54.591,0.79695,0.79735,1.00,3.20
2010.05.05 16:09:55.207,0.79695,0.79735,1.00,3.20
2010.05.05 16:09:55.552,0.797,0.79735,1.00,3.20
2010.05.05 16:09:56.130,0.79695,0.79735,1.00,3.20
2010.05.05 16:09:56.154,0.797,0.79735,1.00,3.20
2010.05.05 16:09:57.182,0.797,0.79735,1.00,2.40
2010.05.05 16:09:57.390,0.79695,0.7974,1.00,3.20
2010.05.05 16:09:57.792,0.79695,0.79735,1.00,3.20
2010.05.05 16:09:58.031,0.79695,0.79735,1.00,3.20
2010.05.05 16:09:58.270,0.797,0.79735,1.00,4.80
2010.05.05 16:10:04.252,0.7969,0.7973,1.00,1.00
2010.05.05 16:10:04.455,0.7969,0.79735,4.80,4.80
2010.05.05 16:10:04.652,0.7969,0.79735,4.80,4.80
2010.05.05 16:10:05.189,0.79695,0.7974,3.20,1.00
2010.05.05 16:10:05.394,0.79695,0.7974,2.40,2.40
2010.05.05 16:10:05.733,0.7969,0.7974,4.80,2.50
2010.05.05 16:10:06.249,0.7969,0.79735,2.40,1.00
2010.05.05 16:10:06.581,0.7968,0.7973,3.30,2.40
2010.05.05 16:10:08.361,0.7968,0.79725,2.50,2.40
2010.05.05 16:10:08.611,0.7968,0.79725,3.30,2.40
2010.05.05 16:10:08.860,0.7968,0.7973,3.30,2.40
2010.05.05 16:10:09.551,0.79695,0.79735,1.00,2.40
2010.05.05 16:10:09.891,0.7969,0.7973,2.40,1.00
2010.05.05 16:10:10.417,0.7969,0.7973,1.00,3.20
2010.05.05 16:10:10.756,0.79695,0.7974,4.90,1.00
2010.05.05 16:10:11.799,0.79695,0.79735,1.00,4.80
2010.05.05 16:10:12.142,0.79695,0.79735,1.00,1.60
2010.05.05 16:10:13.561,0.7969,0.79735,4.90,2.40
2010.05.05 16:10:13.900,0.7969,0.79735,4.90,4.80
2010.05.05 16:10:14.240,0.7969,0.79735,3.30,4.80
2010.05.05 16:10:14.961,0.79695,0.79735,1.00,4.80
2010.05.05 16:10:15.300,0.79695,0.79735,1.00,1.60
2010.05.05 16:10:15.955,0.79695,0.7974,4.90,2.40
2010.05.05 16:10:16.253,0.79695,0.79735,3.30,1.60
2010.05.05 16:10:16.553,0.79695,0.79735,4.00,1.00
2010.05.05 16:10:16.892,0.79695,0.7974,3.20,3.20
2010.05.05 16:10:17.572,0.7969,0.79735,3.30,3.20
2010.05.05 16:10:18.772,0.79695,0.7974,4.90,1.00
2010.05.05 16:10:19.852,0.7969,0.79735,4.90,4.80
2010.05.05 16:10:20.190,0.79695,0.79735,1.60,3.20
2010.05.05 16:10:21.251,0.797,0.7974,1.60,3.20
2010.05.05 16:10:21.512,0.797,0.79745,2.40,4.80
2010.05.05 16:10:22.147,0.797,0.79745,2.40,4.80
2010.05.05 16:10:22.860,0.79695,0.79735,1.60,3.20
2010.05.05 16:10:23.514,0.79695,0.79735,1.70,3.20
2010.05.05 16:10:23.853,0.797,0.7974,1.60,3.20
2010.05.05 16:10:24.191,0.797,0.79745,2.40,4.90
2010.05.05 16:10:27.222,0.79695,0.7974,4.90,1.00
2010.05.05 16:10:27.421,0.797,0.7974,1.60,1.00
2010.05.05 16:10:27.620,0.79695,0.7974,4.90,1.00
2010.05.05 16:10:27.820,0.79695,0.7974,2.50,4.80
2010.05.05 16:10:28.334,0.79695,0.79735,1.70,3.20
2010.05.05 16:10:29.688,0.79695,0.79735,1.70,1.00
2010.05.05 16:10:30.331,0.79695,0.79735,2.50,2.40
2010.05.05 16:10:30.630,0.79695,0.7974,2.50,4.80
2010.05.05 16:10:37.071,0.79705,0.7974,1.00,1.00
2010.05.05 16:10:37.233,0.79705,0.7974,1.70,1.00
2010.05.05 16:10:37.658,0.79705,0.7975,4.90,3.20
2010.05.05 16:10:37.954,0.7969,0.79735,1.00,3.20
2010.05.05 16:10:39.151,0.7969,0.7973,1.00,4.80
2010.05.05 16:10:41.172,0.7969,0.7973,1.00,4.80
2010.05.05 16:10:41.542,0.79685,0.7973,1.00,4.80
2010.05.05 16:10:41.700,0.79685,0.7973,1.00,4.80
2010.05.05 16:10:45.379,0.7969,0.7973,1.00,4.80
2010.05.05 16:10:45.570,0.79685,0.7973,1.00,4.80
2010.05.05 16:10:46.279,0.7969,0.7973,1.00,4.80
2010.05.05 16:10:46.600,0.79685,0.7973,1.00,4.80
2010.05.05 16:10:46.952,0.7969,0.7973,1.00,4.80
2010.05.05 16:10:47.132,0.79685,0.7973,1.00,4.80
2010.05.05 16:10:47.312,0.7969,0.7973,1.00,4.80
2010.05.05 16:10:51.305,0.79695,0.7973,1.00,2.40
2010.05.05 16:10:51.611,0.7969,0.7973,1.00,4.80
2010.05.05 16:10:52.101,0.79685,0.7973,4.90,4.80
2010.05.05 16:10:53.613,0.7969,0.7973,1.00,4.80
2010.05.05 16:10:53.932,0.79685,0.79725,1.00,1.00
2010.05.05 16:10:54.682,0.7969,0.7973,1.60,3.20
2010.05.05 16:10:55.021,0.79685,0.7973,4.90,4.80
2010.05.05 16:10:55.763,0.7969,0.7973,1.00,4.80
2010.05.05 16:10:56.103,0.7971,0.7974,1.00,2.00
2010.05.05 16:10:56.485,0.7971,0.7974,1.00,1.00
2010.05.05 16:10:56.823,0.797,0.79725,1.70,1.00
2010.05.05 16:10:57.163,0.797,0.79725,1.00,1.00
2010.05.05 16:10:57.871,0.79685,0.7972,3.20,1.00
2010.05.05 16:10:59.293,0.79685,0.7972,3.30,1.00
2010.05.05 16:11:00.440,0.79685,0.79715,3.30,1.00
2010.05.05 16:11:01.147,0.7968,0.79715,3.30,1.00
2010.05.05 16:11:02.330,0.7968,0.79715,3.20,1.00
2010.05.05 16:11:03.230,0.79685,0.79715,1.60,1.00
2010.05.05 16:11:03.515,0.7968,0.79715,3.20,1.00
2010.05.05 16:11:03.852,0.79685,0.7972,3.20,2.00
2010.05.05 16:11:04.463,0.7968,0.79715,3.30,1.00
2010.05.05 16:11:04.804,0.7969,0.7972,1.60,1.00
2010.05.05 16:11:05.133,0.79685,0.79715,4.80,1.00
2010.05.05 16:11:05.475,0.79685,0.79715,4.90,1.00
2010.05.05 16:11:05.801,0.7969,0.79725,3.20,1.00
2010.05.05 16:11:06.140,0.7969,0.79725,3.30,1.00
2010.05.05 16:11:07.220,0.7968,0.7971,3.20,1.00
2010.05.05 16:11:07.563,0.79675,0.7971,1.00,1.00
2010.05.05 16:11:10.088,0.79675,0.79705,1.00,1.00
2010.05.05 16:11:10.325,0.79685,0.7972,1.00,1.00
2010.05.05 16:11:11.009,0.79685,0.7972,1.00,1.00
2010.05.05 16:11:11.242,0.7968,0.7972,3.20,1.00
2010.05.05 16:11:12.571,0.79675,0.79715,3.30,1.00
2010.05.05 16:11:13.590,0.7968,0.79715,1.00,1.00
2010.05.05 16:11:13.942,0.7968,0.79725,3.30,4.80
2010.05.05 16:11:14.281,0.7968,0.7972,1.00,1.00
2010.05.05 16:11:17.298,0.79685,0.7972,1.00,1.00
2010.05.05 16:11:18.337,0.7968,0.7972,1.00,1.00
2010.05.05 16:11:19.662,0.79685,0.7972,1.00,1.00
2010.05.05 16:11:20.412,0.79685,0.79725,1.60,2.80
2010.05.05 16:11:20.682,0.79685,0.79715,1.00,1.00
2010.05.05 16:11:20.951,0.79685,0.7973,3.20,5.20
2010.05.05 16:11:21.349,0.79685,0.79725,1.00,2.40
2010.05.05 16:11:21.692,0.79685,0.7972,1.00,1.60
2010.05.05 16:11:22.033,0.79685,0.7972,1.60,1.00
2010.05.05 16:11:22.372,0.7968,0.7972,3.30,1.00
2010.05.05 16:11:22.693,0.79675,0.7972,4.90,4.40
2010.05.05 16:11:23.011,0.7968,0.7972,3.30,2.00
2010.05.05 16:11:23.646,0.7968,0.7972,1.00,2.80
2010.05.05 16:11:23.973,0.7968,0.7972,3.20,1.00
2010.05.05 16:11:24.300,0.79675,0.7972,4.90,4.80
2010.05.05 16:11:24.667,0.79675,0.7972,4.90,3.20
2010.05.05 16:11:25.006,0.79675,0.79715,4.90,1.00
2010.05.05 16:11:25.343,0.79675,0.79715,1.70,1.00
2010.05.05 16:11:26.712,0.79685,0.7972,1.60,1.00
2010.05.05 16:11:31.887,0.7968,0.7972,3.20,1.00
2010.05.05 16:11:32.421,0.7968,0.7972,1.00,2.80
2010.05.05 16:11:32.687,0.7968,0.7972,1.00,4.40
2010.05.05 16:11:33.314,0.7968,0.7972,1.00,4.40
2010.05.05 16:11:33.652,0.79675,0.7972,4.90,4.40
2010.05.05 16:11:35.029,0.79675,0.7972,4.90,2.80
2010.05.05 16:11:35.373,0.7968,0.79725,3.30,5.20
2010.05.05 16:11:35.800,0.7968,0.7972,3.30,1.00
2010.05.05 16:11:36.521,0.79685,0.79725,2.50,1.00
2010.05.05 16:11:36.731,0.7969,0.79725,1.00,1.00
2010.05.05 16:11:38.070,0.7969,0.79725,1.60,1.00
2010.05.05 16:11:38.712,0.79695,0.7973,1.00,1.00
2010.05.05 16:11:39.787,0.79695,0.79735,1.00,1.00
2010.05.05 16:11:40.122,0.7969,0.7973,1.00,1.00
2010.05.05 16:11:41.990,0.7969,0.7973,1.00,4.40
2010.05.05 16:11:42.141,0.79685,0.7973,4.90,4.40
2010.05.05 16:11:42.516,0.79685,0.79725,4.90,1.00
2010.05.05 16:11:43.336,0.7969,0.79725,1.00,1.00
2010.05.05 16:11:43.590,0.7969,0.7973,1.00,1.00
2010.05.05 16:11:43.840,0.7969,0.7973,1.00,1.00
2010.05.05 16:11:45.410,0.7969,0.7973,1.00,2.00
2010.05.05 16:11:45.570,0.7969,0.79725,1.60,1.00
2010.05.05 16:11:46.245,0.79695,0.7973,1.70,1.00
2010.05.05 16:11:46.584,0.79695,0.7973,1.60,1.00
2010.05.05 16:11:48.100,0.7969,0.79725,1.60,1.00
2010.05.05 16:11:51.374,0.7969,0.79725,1.60,1.00
2010.05.05 16:11:51.771,0.7969,0.7973,2.40,1.00
2010.05.05 16:11:52.222,0.7969,0.79725,1.60,1.00
2010.05.05 16:11:52.573,0.7969,0.79725,1.60,1.00
2010.05.05 16:11:53.901,0.7969,0.79725,1.60,1.00
2010.05.05 16:11:55.276,0.79695,0.7973,1.70,1.00
2010.05.05 16:11:56.396,0.79695,0.7973,1.60,1.00
2010.05.05 16:11:56.733,0.79675,0.7971,1.00,1.60
2010.05.05 16:11:57.070,0.79675,0.79715,1.00,2.00
2010.05.05 16:11:58.413,0.79675,0.79715,1.00,2.40
2010.05.05 16:11:58.819,0.79675,0.7971,1.00,1.60
2010.05.05 16:12:00.091,0.7967,0.7971,1.00,1.60
2010.05.05 16:12:00.364,0.7967,0.7971,3.30,1.60
2010.05.05 16:12:00.829,0.7967,0.7971,3.20,2.40
2010.05.05 16:12:01.090,0.7967,0.7971,1.00,2.40
2010.05.05 16:12:01.430,0.79675,0.7971,1.00,1.60
2010.05.05 16:12:01.770,0.7967,0.7971,3.30,1.60
2010.05.05 16:12:02.607,0.7967,0.7971,3.20,1.60
2010.05.05 16:12:02.828,0.7967,0.7971,1.00,2.40
2010.05.05 16:12:06.590,0.79665,0.79705,3.30,1.60
2010.05.05 16:12:06.720,0.79665,0.79705,1.00,1.60
2010.05.05 16:12:06.851,0.79665,0.79705,1.00,1.60
2010.05.05 16:12:07.603,0.7968,0.7972,3.20,2.00
2010.05.05 16:12:07.942,0.79675,0.79715,2.50,2.40
2010.05.05 16:12:08.587,0.7968,0.7972,1.60,3.30
2010.05.05 16:12:08.873,0.79675,0.79715,1.00,3.20
2010.05.05 16:12:09.162,0.79675,0.79715,1.00,3.20
2010.05.05 16:12:09.501,0.7967,0.79715,3.30,4.80
2010.05.05 16:12:11.568,0.79675,0.79715,1.00,4.80
2010.05.05 16:12:11.829,0.7968,0.79715,1.00,3.20
2010.05.05 16:12:12.086,0.7968,0.7972,1.00,3.20
2010.05.05 16:12:13.401,0.79675,0.7972,1.00,3.20
2010.05.05 16:12:15.271,0.79675,0.79715,1.00,1.00
2010.05.05 16:12:15.581,0.79675,0.7972,1.00,3.30
2010.05.05 16:12:16.147,0.79675,0.7972,1.00,3.20
2010.05.05 16:12:16.758,0.79675,0.7972,1.00,3.30
2010.05.05 16:12:17.063,0.7968,0.79725,2.40,4.80
2010.05.05 16:12:17.695,0.7969,0.7973,1.60,3.20
2010.05.05 16:12:18.002,0.7969,0.79725,1.60,1.00
2010.05.05 16:12:18.696,0.79685,0.79725,1.60,3.20
2010.05.05 16:12:20.010,0.7969,0.79725,1.60,3.20
2010.05.05 16:12:20.880,0.7969,0.7973,1.60,3.20
2010.05.05 16:12:21.171,0.7969,0.79725,1.60,3.20
2010.05.05 16:12:21.461,0.7969,0.7972,1.60,3.20
2010.05.05 16:12:22.083,0.7968,0.7972,1.70,3.20
2010.05.05 16:12:22.243,0.79685,0.7972,1.00,3.20
2010.05.05 16:12:22.562,0.7968,0.7972,1.60,1.00
2010.05.05 16:12:23.100,0.7968,0.7972,1.60,3.20
2010.05.05 16:12:23.260,0.79675,0.7972,4.90,3.20
2010.05.05 16:12:23.600,0.79675,0.7972,4.90,4.80
2010.05.05 16:12:24.502,0.7968,0.7972,1.00,4.80
2010.05.05 16:12:26.407,0.7968,0.7972,1.00,3.20
2010.05.05 16:12:26.601,0.7968,0.7972,1.60,3.20
2010.05.05 16:12:28.688,0.7968,0.7972,1.70,3.20
2010.05.05 16:12:29.913,0.7968,0.7972,1.60,3.20
2010.05.05 16:12:30.497,0.7967,0.79715,4.80,4.80
2010.05.05 16:12:30.811,0.7967,0.79715,4.90,4.80
2010.05.05 16:12:31.890,0.79675,0.79715,1.00,4.80
2010.05.05 16:12:37.185,0.7967,0.79715,4.90,4.80
2010.05.05 16:12:37.753,0.79675,0.79715,1.00,4.80
2010.05.05 16:12:38.222,0.79675,0.79715,1.00,4.80
2010.05.05 16:12:41.811,0.7967,0.79715,4.90,4.80
2010.05.05 16:12:52.063,0.79675,0.79715,1.00,4.80
2010.05.05 16:12:52.534,0.79675,0.79715,1.00,4.00
2010.05.05 16:12:52.763,0.7968,0.7972,1.00,3.20
2010.05.05 16:12:55.870,0.7968,0.79715,1.00,2.40
2010.05.05 16:12:57.651,0.7968,0.79715,1.00,1.00
2010.05.05 16:12:58.331,0.7968,0.7972,1.00,3.20
2010.05.05 16:13:00.542,0.7968,0.79715,1.00,2.80
2010.05.05 16:13:00.791,0.7967,0.79705,1.00,1.60
2010.05.05 16:13:01.021,0.7967,0.7971,1.00,4.80
2010.05.05 16:13:02.180,0.7967,0.7971,1.00,4.00
2010.05.05 16:13:02.421,0.7967,0.7971,3.30,1.60
2010.05.05 16:13:02.817,0.7967,0.79715,3.30,4.80
2010.05.05 16:13:03.050,0.7967,0.7971,3.30,1.60
2010.05.05 16:13:03.475,0.7967,0.79715,4.90,4.80
2010.05.05 16:13:05.114,0.79675,0.79715,1.60,3.20
2010.05.05 16:13:05.940,0.7967,0.79715,4.90,4.80
2010.05.05 16:13:09.424,0.7967,0.79715,4.80,4.80
2010.05.05 16:13:12.687,0.7968,0.79715,1.00,4.80
2010.05.05 16:13:13.283,0.7968,0.7971,2.40,1.60
2010.05.05 16:13:13.501,0.7967,0.7971,1.00,1.60
2010.05.05 16:13:14.180,0.7967,0.7971,1.00,1.60
2010.05.05 16:13:15.130,0.7967,0.7971,1.00,1.60
2010.05.05 16:13:15.771,0.7967,0.79705,1.00,2.40
2010.05.05 16:13:15.934,0.79665,0.79695,1.00,1.60
2010.05.05 16:13:16.184,0.7966,0.79695,1.00,1.60
2010.05.05 16:13:17.734,0.79665,0.79695,1.00,1.60
2010.05.05 16:13:18.071,0.79665,0.79695,1.00,1.60
2010.05.05 16:13:18.321,0.7966,0.79695,1.00,1.60
2010.05.05 16:13:18.981,0.79655,0.79695,3.30,1.60
2010.05.05 16:13:20.511,0.79655,0.79695,3.20,1.60
2010.05.05 16:13:20.831,0.79665,0.79695,1.00,1.60
2010.05.05 16:13:22.630,0.79665,0.797,1.00,1.00
2010.05.05 16:13:22.842,0.79665,0.797,1.00,1.00
2010.05.05 16:13:23.402,0.7966,0.79705,2.50,3.20
2010.05.05 16:13:23.611,0.7966,0.79705,3.30,3.20
2010.05.05 16:13:24.321,0.7966,0.79705,3.20,3.20
2010.05.05 16:13:24.666,0.7966,0.79705,3.30,3.20
2010.05.05 16:13:24.954,0.79665,0.7971,4.80,4.80
2010.05.05 16:13:26.382,0.7967,0.7971,1.00,4.80
2010.05.05 16:13:26.630,0.79675,0.7971,1.60,3.20
2010.05.05 16:13:26.881,0.79675,0.7971,1.60,1.00
2010.05.05 16:13:29.570,0.7967,0.7971,1.00,4.80
2010.05.05 16:13:30.122,0.79675,0.79715,1.70,3.20
2010.05.05 16:13:31.078,0.79675,0.7971,1.70,1.00
2010.05.05 16:13:31.422,0.79675,0.7971,1.60,1.00
2010.05.05 16:13:33.671,0.7967,0.7971,1.00,4.80
2010.05.05 16:13:33.770,0.79675,0.7971,1.00,4.80
2010.05.05 16:13:33.871,0.79675,0.7971,1.00,4.80
2010.05.05 16:13:34.711,0.7968,0.79715,1.00,3.20
2010.05.05 16:13:35.990,0.79675,0.79715,1.70,3.20
2010.05.05 16:13:38.461,0.7967,0.7971,1.00,2.40
2010.05.05 16:13:39.081,0.7967,0.7971,1.00,4.80
2010.05.05 16:13:39.423,0.7968,0.79715,1.00,4.80
2010.05.05 16:13:39.762,0.7968,0.79715,1.00,3.20
2010.05.05 16:13:40.763,0.79675,0.79715,1.70,3.20
2010.05.05 16:13:41.191,0.79675,0.7971,1.70,1.00
2010.05.05 16:13:41.934,0.79675,0.7971,1.00,1.00
2010.05.05 16:13:44.192,0.7968,0.79715,1.00,4.80
2010.05.05 16:13:44.521,0.7968,0.79715,1.00,3.20
2010.05.05 16:13:46.134,0.79675,0.79715,1.60,3.20
2010.05.05 16:13:46.472,0.7967,0.79705,1.00,1.00
2010.05.05 16:13:47.022,0.7967,0.7971,1.00,4.80
2010.05.05 16:13:49.459,0.7967,0.7971,1.00,3.20
2010.05.05 16:13:49.723,0.79675,0.79715,1.00,2.40
2010.05.05 16:13:49.954,0.7968,0.7972,1.70,1.00
2010.05.05 16:13:50.474,0.79675,0.7972,4.90,4.80
2010.05.05 16:13:50.691,0.79675,0.7971,1.00,1.60
2010.05.05 16:13:51.031,0.7968,0.7971,1.00,1.60
2010.05.05 16:13:51.371,0.7968,0.7971,1.00,1.60
2010.05.05 16:13:52.171,0.7968,0.79715,1.00,2.40
2010.05.05 16:13:52.512,0.79685,0.7972,1.00,1.60
2010.05.05 16:13:52.850,0.7968,0.7972,1.00,2.40
2010.05.05 16:13:53.342,0.79675,0.79715,2.50,1.00
2010.05.05 16:13:53.501,0.7968,0.79715,1.00,1.00
2010.05.05 16:13:53.661,0.7968,0.7972,1.00,2.40
2010.05.05 16:13:55.160,0.79685,0.7972,1.00,2.40
2010.05.05 16:13:55.963,0.79685,0.7972,1.00,2.40
2010.05.05 16:13:56.172,0.79685,0.79725,1.00,1.60
2010.05.05 16:13:56.761,0.79685,0.79725,1.00,2.40
2010.05.05 16:13:58.789,0.7968,0.79725,3.30,2.40
2010.05.05 16:13:58.911,0.7968,0.79725,1.00,4.80
2010.05.05 16:14:01.556,0.7968,0.79725,1.00,4.80
2010.05.05 16:14:08.142,0.79685,0.79725,1.00,4.80
2010.05.05 16:14:08.716,0.7968,0.79725,2.80,4.80
2010.05.05 16:14:08.912,0.7968,0.7972,2.50,2.40
2010.05.05 16:14:09.441,0.7968,0.7972,1.00,2.40
2010.05.05 16:14:09.773,0.79685,0.7972,1.00,1.60
2010.05.05 16:14:10.112,0.7969,0.79725,1.00,1.00
2010.05.05 16:14:10.450,0.7969,0.7973,1.00,1.60
2010.05.05 16:14:11.302,0.79695,0.7973,1.00,1.60
2010.05.05 16:14:11.550,0.79695,0.79735,1.00,2.40
2010.05.05 16:14:11.800,0.79695,0.79735,1.00,1.60
2010.05.05 16:14:12.642,0.79695,0.79735,1.00,1.60
2010.05.05 16:14:12.951,0.79695,0.79735,1.00,4.00
2010.05.05 16:14:13.261,0.79695,0.79735,1.00,4.80
2010.05.05 16:14:14.731,0.797,0.7974,1.00,4.80
2010.05.05 16:14:16.684,0.797,0.79735,1.00,1.60
2010.05.05 16:14:16.962,0.79695,0.79735,1.00,2.40
2010.05.05 16:14:17.822,0.79695,0.79735,1.00,4.80
2010.05.05 16:14:18.330,0.7969,0.79735,1.00,4.80
2010.05.05 16:14:20.163,0.79695,0.7974,1.00,4.80
2010.05.05 16:14:20.571,0.79695,0.7974,1.00,4.80
2010.05.05 16:14:20.935,0.79695,0.7974,2.10,3.20
2010.05.05 16:14:21.072,0.797,0.7974,3.20,1.60
2010.05.05 16:14:22.017,0.797,0.7974,3.30,1.60
2010.05.05 16:14:22.991,0.797,0.7974,3.20,1.60
2010.05.05 16:14:23.212,0.79695,0.7974,1.00,4.80
2010.05.05 16:14:23.568,0.79695,0.79735,1.00,1.00
2010.05.05 16:14:24.013,0.7969,0.79735,3.30,3.20
2010.05.05 16:14:24.357,0.79695,0.79735,1.00,1.00
2010.05.05 16:14:24.981,0.7969,0.79735,3.20,1.00
2010.05.05 16:14:25.638,0.7969,0.79735,3.20,3.20
2010.05.05 16:14:25.932,0.79695,0.79735,1.00,3.20
2010.05.05 16:14:26.241,0.79695,0.79735,1.00,1.00
2010.05.05 16:14:29.741,0.7969,0.79725,1.00,1.60
2010.05.05 16:14:30.211,0.79685,0.79725,1.00,4.00
2010.05.05 16:14:30.341,0.79685,0.79725,3.20,1.60
2010.05.05 16:14:30.470,0.79685,0.7973,4.80,4.80
2010.05.05 16:14:31.005,0.79685,0.79725,3.20,1.60
2010.05.05 16:14:31.342,0.79695,0.79735,1.00,1.00
2010.05.05 16:14:31.682,0.797,0.7974,1.00,3.20
2010.05.05 16:14:32.022,0.79705,0.79745,2.40,2.40
2010.05.05 16:14:32.378,0.79705,0.79745,1.60,3.20
2010.05.05 16:14:38.200,0.79705,0.79745,1.70,3.20
2010.05.05 16:14:43.318,0.79705,0.79745,1.60,3.20
2010.05.05 16:14:43.831,0.79705,0.79745,1.70,3.20
2010.05.05 16:14:45.734,0.79705,0.79745,1.70,1.00
2010.05.05 16:14:46.173,0.7971,0.79745,1.00,1.00
2010.05.05 16:14:46.341,0.7971,0.7975,1.00,4.80
2010.05.05 16:14:48.412,0.79705,0.7975,2.40,4.80
2010.05.05 16:14:49.855,0.7971,0.7975,1.60,3.20
2010.05.05 16:14:50.125,0.79705,0.79745,1.60,1.00
2010.05.05 16:14:50.394,0.79695,0.7974,1.00,4.80
2010.05.05 16:14:51.103,0.79695,0.7974,1.00,4.80
2010.05.05 16:14:51.441,0.79685,0.79735,3.30,3.20
2010.05.05 16:14:51.741,0.7969,0.79735,1.00,3.20
2010.05.05 16:14:52.041,0.7969,0.7974,3.30,3.20
2010.05.05 16:14:53.121,0.79695,0.7974,2.40,2.40
2010.05.05 16:14:53.656,0.797,0.7974,1.00,2.40
2010.05.05 16:14:53.853,0.797,0.79745,2.50,2.40
2010.05.05 16:14:55.923,0.79705,0.79745,1.00,2.40
2010.05.05 16:14:56.130,0.79705,0.7975,1.00,3.20
2010.05.05 16:14:57.541,0.797,0.7975,3.20,2.40
2010.05.05 16:14:57.881,0.797,0.7974,1.00,3.20
2010.05.05 16:14:59.510,0.797,0.79745,3.20,4.80
2010.05.05 16:14:59.811,0.797,0.79745,3.30,4.80
2010.05.05 16:15:00.720,0.79705,0.79745,1.00,4.80
2010.05.05 16:15:00.963,0.79695,0.79735,2.50,2.40
2010.05.05 16:15:01.200,0.79695,0.7974,3.30,3.20
2010.05.05 16:15:01.441,0.79695,0.79735,1.00,2.40
2010.05.05 16:15:01.681,0.7969,0.79735,4.90,4.80
2010.05.05 16:15:02.271,0.7969,0.79735,4.90,2.40
2010.05.05 16:15:02.510,0.7969,0.79735,4.90,4.80
2010.05.05 16:15:04.712,0.7969,0.79735,4.80,4.80
2010.05.05 16:15:04.913,0.7969,0.79735,4.80,4.90
2010.05.05 16:15:05.060,0.7969,0.79735,3.20,4.90
2010.05.05 16:15:05.471,0.7969,0.7973,3.20,1.00
2010.05.05 16:15:05.793,0.79695,0.7973,1.60,2.40
2010.05.05 16:15:06.111,0.79695,0.7974,4.80,1.00
2010.05.05 16:15:06.490,0.79695,0.79735,3.20,1.60
2010.05.05 16:15:06.832,0.79695,0.79735,3.20,1.60
2010.05.05 16:15:07.173,0.79695,0.79735,1.00,1.60
2010.05.05 16:15:07.511,0.79695,0.79735,3.30,1.60
2010.05.05 16:15:10.181,0.79695,0.7974,4.90,4.80
2010.05.05 16:15:10.511,0.79695,0.7974,4.90,2.40
2010.05.05 16:15:11.181,0.797,0.7974,1.00,2.40
2010.05.05 16:15:13.121,0.79695,0.7974,3.20,2.40
2010.05.05 16:15:13.604,0.79695,0.7974,3.20,4.80
2010.05.05 16:15:14.321,0.79695,0.7974,1.00,4.80
2010.05.05 16:15:14.620,0.79695,0.7974,4.90,2.40
2010.05.05 16:15:15.691,0.79695,0.7974,3.30,4.80
2010.05.05 16:15:17.196,0.79695,0.7974,4.90,4.80
2010.05.05 16:15:17.803,0.79695,0.7974,4.90,3.20
2010.05.05 16:15:17.903,0.797,0.79745,4.80,4.80
2010.05.05 16:15:18.001,0.797,0.79745,4.90,4.80
2010.05.05 16:15:18.200,0.797,0.79745,4.10,4.80
2010.05.05 16:15:18.840,0.79695,0.7974,4.80,4.80
2010.05.05 16:15:19.181,0.79695,0.7974,3.20,4.80
2010.05.05 16:15:20.162,0.797,0.7974,1.00,4.00
2010.05.05 16:15:20.499,0.797,0.7974,1.00,1.60
2010.05.05 16:15:20.793,0.79705,0.79745,1.00,3.20
2010.05.05 16:15:30.442,0.797,0.79745,3.30,4.80
2010.05.05 16:15:30.623,0.797,0.7974,1.00,4.00
2010.05.05 16:15:31.136,0.79695,0.7974,4.90,4.80
2010.05.05 16:15:31.714,0.79695,0.7974,4.90,2.40
2010.05.05 16:15:32.051,0.79705,0.79745,1.00,3.20
2010.05.05 16:15:32.822,0.797,0.79745,4.90,3.20
2010.05.05 16:15:43.162,0.797,0.7974,1.00,1.00
2010.05.05 16:15:43.651,0.797,0.7974,1.00,2.40
2010.05.05 16:15:50.373,0.79695,0.79735,1.00,4.00
2010.05.05 16:15:50.633,0.79695,0.7973,1.00,1.60
2010.05.05 16:15:52.192,0.797,0.7974,1.00,4.80
2010.05.05 16:15:52.411,0.797,0.7974,1.00,2.40
2010.05.05 16:15:52.631,0.797,0.7974,1.00,1.00
2010.05.05 16:15:53.201,0.79695,0.7974,3.30,4.80
2010.05.05 16:15:53.787,0.797,0.7974,1.60,3.20
2010.05.05 16:15:54.382,0.79705,0.79745,1.00,4.00
2010.05.05 16:15:54.723,0.7971,0.7975,1.00,4.80
2010.05.05 16:15:55.061,0.79705,0.7974,1.00,1.00
2010.05.05 16:15:55.610,0.797,0.7974,2.50,1.00
2010.05.05 16:15:55.953,0.797,0.7974,2.40,1.00
2010.05.05 16:15:56.292,0.79705,0.7974,1.00,1.00
2010.05.05 16:15:56.561,0.79705,0.7974,2.40,1.00
2010.05.05 16:15:57.190,0.79705,0.7975,3.20,4.80
2010.05.05 16:16:01.595,0.79705,0.79745,3.20,1.00
2010.05.05 16:16:01.951,0.79705,0.79745,1.00,1.00
2010.05.05 16:16:02.083,0.79705,0.79745,3.20,1.60
2010.05.05 16:16:02.213,0.79705,0.79745,2.40,2.00
2010.05.05 16:16:02.343,0.797,0.7974,3.20,1.60
2010.05.05 16:16:03.053,0.7971,0.7975,1.00,1.60
2010.05.05 16:16:04.422,0.7971,0.7975,1.00,4.00
2010.05.05 16:16:04.761,0.79705,0.7975,1.00,4.80
2010.05.05 16:16:05.102,0.7971,0.7975,1.00,1.60
2010.05.05 16:16:06.341,0.79705,0.7975,3.30,4.80
2010.05.05 16:16:06.812,0.797,0.79735,2.50,1.60
2010.05.05 16:16:07.122,0.797,0.7974,4.10,1.00
2010.05.05 16:16:07.631,0.7971,0.7975,1.60,3.30
2010.05.05 16:16:07.925,0.7971,0.7975,1.60,3.20
2010.05.05 16:16:08.656,0.797,0.79745,4.90,4.80
2010.05.05 16:16:10.375,0.797,0.79745,4.90,3.20
2010.05.05 16:16:10.570,0.79705,0.79745,1.00,2.40
2010.05.05 16:16:10.770,0.79705,0.7975,3.20,4.90
2010.05.05 16:16:12.870,0.79705,0.7975,3.30,4.80
2010.05.05 16:16:13.071,0.7971,0.7975,2.40,1.00
2010.05.05 16:16:13.271,0.79715,0.7976,4.80,1.00
2010.05.05 16:16:14.210,0.79715,0.7976,4.80,1.00
2010.05.05 16:16:16.930,0.79715,0.79755,3.20,1.60
2010.05.05 16:16:17.210,0.79715,0.79755,1.00,1.60
2010.05.05 16:16:20.261,0.7971,0.7975,1.00,2.40
2010.05.05 16:16:28.390,0.7971,0.7975,1.00,1.60
2010.05.05 16:16:28.480,0.7971,0.79755,3.20,3.30
2010.05.05 16:16:31.375,0.7971,0.7975,3.20,1.00
2010.05.05 16:16:31.520,0.7971,0.7975,1.00,2.40
2010.05.05 16:16:32.187,0.7971,0.79755,1.00,3.20
2010.05.05 16:16:32.463,0.79715,0.7976,4.90,2.40
2010.05.05 16:16:32.859,0.79715,0.7976,4.90,4.80
2010.05.05 16:16:36.851,0.79715,0.7976,2.40,4.90
2010.05.05 16:16:38.101,0.79715,0.79755,1.00,1.00
2010.05.05 16:16:38.628,0.7971,0.79755,3.20,3.30
2010.05.05 16:16:39.241,0.7971,0.7975,3.20,2.40
2010.05.05 16:16:39.581,0.7971,0.7975,1.00,2.40
2010.05.05 16:16:42.071,0.7971,0.79755,1.00,3.20
2010.05.05 16:16:42.190,0.7971,0.79755,3.30,3.20
2010.05.05 16:16:44.422,0.7971,0.79755,3.20,3.30
2010.05.05 16:16:47.191,0.7971,0.7975,3.20,1.00
2010.05.05 16:16:47.311,0.7971,0.7975,2.40,2.40
2010.05.05 16:16:47.430,0.79705,0.7975,3.20,2.40
2010.05.05 16:16:47.551,0.7971,0.7975,1.00,4.80
2010.05.05 16:16:48.040,0.7971,0.7975,1.00,2.40
2010.05.05 16:16:48.381,0.79705,0.7975,3.30,3.20
2010.05.05 16:16:48.991,0.7971,0.79755,3.20,3.30
2010.05.05 16:16:49.332,0.7971,0.79755,1.00,3.30
2010.05.05 16:16:49.672,0.7971,0.7975,1.00,2.40
2010.05.05 16:16:50.123,0.7971,0.7975,1.00,2.40
2010.05.05 16:16:50.670,0.79705,0.7975,4.80,2.40
2010.05.05 16:16:50.991,0.7971,0.7975,1.00,2.40
2010.05.05 16:16:51.541,0.7971,0.79755,3.20,3.20
2010.05.05 16:16:52.094,0.7971,0.7975,1.00,2.40
2010.05.05 16:16:52.412,0.7971,0.7975,1.00,2.40
2010.05.05 16:16:52.721,0.7971,0.7975,1.00,2.40
2010.05.05 16:16:53.030,0.7971,0.7974,1.00,1.60
2010.05.05 16:16:54.490,0.797,0.7974,3.30,1.60
2010.05.05 16:16:55.261,0.79705,0.7974,1.00,1.60
2010.05.05 16:16:57.590,0.79705,0.79745,1.00,2.40
2010.05.05 16:16:58.250,0.79705,0.79745,1.60,1.00
2010.05.05 16:17:00.781,0.79705,0.7974,1.00,1.60
2010.05.05 16:17:03.893,0.797,0.7974,3.20,1.60
2010.05.05 16:17:09.771,0.79695,0.7974,3.30,2.40
2010.05.05 16:17:09.971,0.797,0.7974,1.00,1.60
2010.05.05 16:17:10.370,0.797,0.7974,3.30,1.60
2010.05.05 16:17:16.333,0.79695,0.7974,4.90,4.80
2010.05.05 16:17:17.347,0.79695,0.7974,4.80,4.80
2010.05.05 16:17:19.583,0.79695,0.7974,1.00,4.90
2010.05.05 16:17:19.994,0.79695,0.7974,2.40,4.90
2010.05.05 16:17:20.252,0.79695,0.7974,4.80,4.90
2010.05.05 16:17:20.540,0.79695,0.7974,4.90,4.80
2010.05.05 16:17:21.751,0.79695,0.7974,4.90,2.40
2010.05.05 16:17:22.091,0.79705,0.79745,1.00,3.20
2010.05.05 16:17:22.432,0.797,0.79745,4.90,1.00
2010.05.05 16:17:22.838,0.79705,0.79745,1.00,1.00
2010.05.05 16:17:23.162,0.797,0.79735,1.00,1.60
2010.05.05 16:17:23.508,0.79705,0.79735,1.00,1.60
2010.05.05 16:17:24.195,0.79705,0.79745,1.00,1.60
2010.05.05 16:17:24.521,0.797,0.79745,4.80,4.80
2010.05.05 16:17:24.781,0.797,0.7974,1.60,1.00
2010.05.05 16:17:27.209,0.79695,0.79735,3.30,1.60
2010.05.05 16:17:27.534,0.79695,0.79735,2.40,2.40
2010.05.05 16:17:27.702,0.7969,0.79735,5.30,4.80
2010.05.05 16:17:28.442,0.7969,0.79735,5.20,4.80
2010.05.05 16:17:29.320,0.7969,0.79735,5.30,4.80
2010.05.05 16:17:31.377,0.7969,0.7973,5.20,1.00
2010.05.05 16:17:31.515,0.7969,0.79735,5.30,4.80
2010.05.05 16:17:31.641,0.7969,0.7973,4.50,1.00
2010.05.05 16:17:31.760,0.7969,0.7973,2.10,1.00
2010.05.05 16:17:32.207,0.7969,0.79735,5.30,4.80
2010.05.05 16:17:34.218,0.79695,0.79735,1.00,4.80
2010.05.05 16:17:34.502,0.797,0.79745,4.80,4.80
2010.05.05 16:17:35.570,0.797,0.79745,4.80,4.80
2010.05.05 16:17:35.911,0.79695,0.79735,3.20,1.60
2010.05.05 16:17:36.251,0.79695,0.79735,1.00,1.60
2010.05.05 16:17:40.132,0.79695,0.7973,1.00,1.60
2010.05.05 16:17:41.801,0.79695,0.79735,3.30,1.60
2010.05.05 16:17:46.650,0.79695,0.79735,2.50,2.40
2010.05.05 16:17:46.790,0.79695,0.7973,1.00,1.60
2010.05.05 16:17:47.701,0.7969,0.7973,3.30,1.60
2010.05.05 16:17:48.006,0.7969,0.7973,1.00,1.60
2010.05.05 16:17:48.914,0.79695,0.7973,1.00,1.60
2010.05.05 16:17:49.140,0.7969,0.7973,1.00,1.60
2010.05.05 16:17:54.218,0.79695,0.7973,1.00,1.60
2010.05.05 16:17:54.393,0.79695,0.7973,1.00,1.60
2010.05.05 16:17:54.732,0.79695,0.7973,1.00,1.60
2010.05.05 16:17:54.902,0.79695,0.79735,1.00,1.60
2010.05.05 16:17:56.310,0.79695,0.7974,2.40,4.90
2010.05.05 16:17:57.401,0.79695,0.79735,2.40,1.00
2010.05.05 16:17:57.611,0.79695,0.79735,1.60,3.20
2010.05.05 16:17:58.043,0.79695,0.79735,2.40,2.40
2010.05.05 16:17:58.251,0.79695,0.7974,4.80,4.80
2010.05.05 16:18:04.321,0.79695,0.7974,4.80,2.40
2010.05.05 16:18:04.591,0.79695,0.7974,4.80,1.00
2010.05.05 16:18:05.489,0.79695,0.7974,4.80,2.40
2010.05.05 16:18:07.731,0.79695,0.7974,3.20,2.40
2010.05.05 16:18:07.980,0.79695,0.79735,3.20,1.60
2010.05.05 16:18:08.233,0.79695,0.79735,3.20,1.60
2010.05.05 16:18:08.922,0.7969,0.79735,4.90,4.80
2010.05.05 16:18:12.631,0.7969,0.7973,1.00,1.60
2010.05.05 16:18:14.250,0.7969,0.79735,1.00,4.80
2010.05.05 16:18:14.441,0.7969,0.79735,3.30,2.40
2010.05.05 16:18:15.476,0.7969,0.79735,3.20,2.40
2010.05.05 16:18:16.100,0.7969,0.79735,3.20,4.80
2010.05.05 16:18:17.722,0.7969,0.79735,1.00,4.80
2010.05.05 16:18:17.962,0.79685,0.7973,2.40,4.90
2010.05.05 16:18:22.931,0.7969,0.7973,1.00,1.60
2010.05.05 16:18:23.636,0.79695,0.79735,1.00,4.80
2010.05.05 16:18:23.923,0.79695,0.79735,2.40,2.40
2010.05.05 16:18:24.212,0.7969,0.79735,3.20,4.80
2010.05.05 16:18:24.881,0.7969,0.79735,1.00,4.80
2010.05.05 16:18:25.224,0.7969,0.79735,1.00,4.80
2010.05.05 16:18:25.561,0.79695,0.7974,1.00,4.80
2010.05.05 16:18:26.701,0.797,0.7974,1.60,1.00
2010.05.05 16:18:27.100,0.797,0.7974,1.60,3.20
2010.05.05 16:18:27.553,0.79695,0.7974,1.00,4.80
2010.05.05 16:18:27.722,0.7969,0.79735,3.30,1.00
2010.05.05 16:18:28.062,0.79695,0.79735,1.00,1.00
2010.05.05 16:18:28.402,0.79695,0.7974,3.20,2.40
2010.05.05 16:18:29.290,0.79695,0.7974,3.30,2.40
2010.05.05 16:18:30.686,0.79695,0.7974,3.20,2.40
2010.05.05 16:18:30.922,0.79695,0.79735,3.20,1.70
2010.05.05 16:18:31.041,0.79695,0.79735,1.00,4.10
2010.05.05 16:18:31.477,0.7969,0.79725,1.00,1.60
2010.05.05 16:18:32.151,0.7969,0.79735,3.20,4.80
2010.05.05 16:18:32.852,0.79695,0.79735,2.40,2.40
2010.05.05 16:18:33.200,0.79705,0.7974,2.00,1.00
2010.05.05 16:18:33.546,0.79705,0.79755,4.50,2.40
2010.05.05 16:18:34.207,0.7972,0.7976,1.00,1.00
2010.05.05 16:18:35.161,0.79715,0.7976,4.80,4.80
2010.05.05 16:18:35.923,0.7972,0.7976,1.00,4.80
2010.05.05 16:18:36.161,0.79715,0.7976,4.90,4.80
2010.05.05 16:18:36.400,0.79715,0.7976,4.90,1.00
2010.05.05 16:18:36.817,0.7972,0.7976,1.00,1.00
2010.05.05 16:18:37.351,0.79715,0.7976,4.80,4.90
2010.05.05 16:18:38.103,0.79715,0.79755,2.40,2.40
2010.05.05 16:18:38.441,0.7971,0.79755,3.30,3.20
2010.05.05 16:18:40.153,0.79705,0.79745,1.00,1.00
2010.05.05 16:18:40.491,0.79705,0.7975,4.90,1.00
2010.05.05 16:18:40.984,0.79705,0.7975,3.20,1.00
2010.05.05 16:18:41.241,0.79705,0.79745,1.00,1.00
2010.05.05 16:18:43.361,0.7971,0.79745,1.60,1.00
2010.05.05 16:18:43.601,0.7971,0.79755,4.80,3.30
2010.05.05 16:18:43.842,0.79715,0.7976,4.80,1.00
2010.05.05 16:18:44.441,0.79715,0.7976,3.20,3.30
2010.05.05 16:18:44.681,0.79715,0.79755,2.40,1.00
2010.05.05 16:18:44.970,0.7971,0.79755,2.40,3.20
2010.05.05 16:18:45.261,0.79705,0.7975,3.20,1.00
2010.05.05 16:18:45.681,0.79705,0.7975,4.80,1.00
2010.05.05 16:18:45.973,0.7972,0.7976,2.40,1.00
2010.05.05 16:18:46.313,0.7972,0.7976,1.00,4.80
2010.05.05 16:18:46.735,0.79715,0.79755,2.40,1.00
2010.05.05 16:18:47.042,0.79715,0.79755,2.50,1.00
2010.05.05 16:18:47.351,0.79715,0.7976,4.90,4.80
2010.05.05 16:18:47.688,0.79715,0.79755,3.30,1.60
2010.05.05 16:18:48.332,0.7971,0.79755,1.00,4.80
2010.05.05 16:18:49.011,0.79715,0.7976,4.80,4.80
2010.05.05 16:18:49.398,0.79715,0.7976,4.80,4.80
2010.05.05 16:18:49.721,0.79715,0.7976,4.90,4.80
2010.05.05 16:18:50.870,0.7972,0.7976,1.00,4.80
2010.05.05 16:18:51.151,0.7972,0.79765,3.20,3.20
2010.05.05 16:18:51.893,0.7972,0.79765,3.30,3.20
2010.05.05 16:18:52.753,0.79725,0.79765,1.00,3.20
2010.05.05 16:18:53.022,0.7972,0.7976,1.00,4.00
2010.05.05 16:18:53.291,0.79715,0.7976,4.90,4.80
2010.05.05 16:18:54.531,0.79715,0.79755,3.30,1.60
2010.05.05 16:18:54.772,0.7971,0.79755,1.00,4.80
2010.05.05 16:18:55.012,0.79715,0.79755,1.00,4.80
2010.05.05 16:18:55.252,0.79715,0.79755,1.00,2.40
2010.05.05 16:18:55.635,0.79715,0.7976,3.30,3.20
2010.05.05 16:18:55.974,0.7972,0.7976,1.00,3.20
2010.05.05 16:18:59.645,0.7972,0.79765,1.00,4.80
2010.05.05 16:19:00.754,0.7972,0.7976,1.00,1.00
2010.05.05 16:19:01.092,0.7971,0.7975,1.00,1.00
2010.05.05 16:19:01.596,0.79705,0.7975,3.30,1.00
2010.05.05 16:19:02.099,0.79705,0.7975,3.20,3.20
2010.05.05 16:19:03.352,0.7971,0.7975,1.00,1.00
2010.05.05 16:19:05.035,0.79705,0.7975,3.30,1.00
2010.05.05 16:19:05.543,0.79705,0.7975,3.30,3.20
2010.05.05 16:19:05.805,0.79705,0.79745,3.30,1.00
2010.05.05 16:19:06.063,0.79705,0.79745,1.00,1.00
2010.05.05 16:19:06.715,0.79705,0.79745,1.00,1.00
2010.05.05 16:19:07.099,0.7971,0.7975,1.00,2.40
2010.05.05 16:19:07.281,0.79715,0.79755,2.40,1.00
2010.05.05 16:19:07.470,0.79715,0.7976,3.20,3.20
2010.05.05 16:19:07.661,0.7971,0.79755,2.40,3.20
2010.05.05 16:19:07.850,0.79705,0.79745,1.00,1.00
2010.05.05 16:19:08.413,0.79705,0.79745,1.00,2.40
2010.05.05 16:19:09.135,0.79705,0.79745,1.00,2.40
2010.05.05 16:19:14.961,0.79705,0.79745,3.20,1.60
2010.05.05 16:19:15.550,0.79705,0.7975,4.80,3.20
2010.05.05 16:19:15.750,0.79705,0.79745,3.20,1.60
2010.05.05 16:19:20.173,0.79705,0.7975,4.80,4.80
2010.05.05 16:19:20.940,0.79705,0.7975,4.80,4.90
2010.05.05 16:19:21.191,0.79705,0.79745,1.00,4.00
2010.05.05 16:19:21.450,0.797,0.79745,4.80,4.80
2010.05.05 16:19:22.144,0.797,0.79745,4.80,4.90
2010.05.05 16:19:22.681,0.797,0.7974,2.40,1.00
2010.05.05 16:19:22.782,0.797,0.79745,2.40,3.30
2010.05.05 16:19:22.934,0.797,0.79745,2.40,4.90
2010.05.05 16:19:23.453,0.797,0.79745,2.40,4.80
2010.05.05 16:19:23.906,0.797,0.79745,4.80,2.40
2010.05.05 16:19:24.243,0.797,0.79745,4.90,2.40
2010.05.05 16:19:25.804,0.797,0.79745,4.90,1.00
2010.05.05 16:19:26.671,0.79695,0.7974,3.20,3.20
2010.05.05 16:19:28.055,0.79695,0.7974,3.20,3.30
2010.05.05 16:19:28.720,0.79695,0.7974,3.30,3.20
2010.05.05 16:19:29.873,0.79695,0.79735,3.20,1.00
2010.05.05 16:19:29.991,0.79695,0.79735,1.00,1.00
2010.05.05 16:19:31.092,0.79695,0.7974,4.80,4.80
2010.05.05 16:19:32.044,0.79695,0.7974,4.80,4.80
2010.05.05 16:19:32.791,0.79695,0.7974,4.90,4.80
2010.05.05 16:19:33.731,0.79695,0.79735,1.60,1.00
2010.05.05 16:19:34.234,0.7969,0.79735,4.90,1.00
2010.05.05 16:19:34.483,0.7969,0.79735,4.90,3.20
2010.05.05 16:19:34.743,0.79695,0.79735,1.00,3.20
2010.05.05 16:19:34.994,0.79695,0.7974,4.90,4.80
2010.05.05 16:19:35.580,0.797,0.79745,2.40,4.90
2010.05.05 16:19:35.924,0.79695,0.79735,1.00,1.00
2010.05.05 16:19:36.432,0.79695,0.79735,1.00,1.00
2010.05.05 16:19:36.751,0.7969,0.79735,3.30,3.20
2010.05.05 16:19:37.414,0.7969,0.79735,3.20,3.30
2010.05.05 16:19:39.732,0.7969,0.79735,3.30,3.20
2010.05.05 16:19:46.148,0.7969,0.79735,3.20,3.30
2010.05.05 16:19:48.023,0.7969,0.79735,3.30,3.20
2010.05.05 16:19:49.312,0.7969,0.79735,3.20,3.30
2010.05.05 16:19:52.832,0.79695,0.7974,4.80,4.80
2010.05.05 16:19:53.911,0.79695,0.7974,4.90,4.80
2010.05.05 16:19:54.481,0.7969,0.7973,3.30,1.60
2010.05.05 16:19:54.762,0.7969,0.79735,4.90,3.20
2010.05.05 16:19:56.672,0.7969,0.7973,2.40,2.40
2010.05.05 16:19:57.153,0.7969,0.79735,4.80,4.80
2010.05.05 16:19:57.470,0.7969,0.79735,4.90,2.40
2010.05.05 16:19:57.733,0.7969,0.7973,3.30,1.60
2010.05.05 16:19:58.079,0.79695,0.79735,1.60,3.20
2010.05.05 16:19:58.358,0.79695,0.79735,1.70,3.20
2010.05.05 16:19:58.703,0.79695,0.79735,2.40,1.00
2010.05.05 16:19:59.382,0.797,0.79745,3.30,3.20
2010.05.05 16:19:59.736,0.7969,0.7974,2.50,3.20
2010.05.05 16:20:00.072,0.7969,0.7973,1.00,2.40
2010.05.05 16:20:00.793,0.79685,0.7973,2.50,2.40
2010.05.05 16:20:03.081,0.79685,0.7973,4.10,2.40
2010.05.05 16:20:03.243,0.7969,0.79735,1.00,2.40
2010.05.05 16:20:03.414,0.7969,0.79735,2.50,2.40
2010.05.05 16:20:04.224,0.7969,0.7973,1.00,3.20
2010.05.05 16:20:05.001,0.79685,0.7973,2.50,3.20
2010.05.05 16:20:05.595,0.79685,0.79725,1.70,1.00
2010.05.05 16:20:05.934,0.79695,0.7973,1.60,1.00
2010.05.05 16:20:08.171,0.79695,0.79735,1.60,1.00
2010.05.05 16:20:09.044,0.79695,0.79735,1.70,1.00
2010.05.05 16:20:09.381,0.7969,0.79735,1.00,3.20
2010.05.05 16:20:10.276,0.79685,0.79735,4.50,3.20
2010.05.05 16:20:11.716,0.7969,0.79735,3.20,1.00
2010.05.05 16:20:11.891,0.7969,0.79735,1.00,3.20
2010.05.05 16:20:12.061,0.79695,0.79735,1.60,1.00
2010.05.05 16:20:12.231,0.7969,0.79735,1.00,3.20
2010.05.05 16:20:12.866,0.7969,0.79735,1.00,3.20
2010.05.05 16:20:13.192,0.79685,0.79735,4.50,3.20
2010.05.05 16:20:14.441,0.79685,0.79735,4.40,3.20
2010.05.05 16:20:17.810,0.79685,0.79735,4.40,3.30
2010.05.05 16:20:17.978,0.7968,0.79725,2.90,2.40
2010.05.05 16:20:18.293,0.7969,0.7973,1.60,1.00
2010.05.05 16:20:19.127,0.7969,0.7973,1.70,1.00
2010.05.05 16:20:19.470,0.7968,0.79725,2.90,2.40
2010.05.05 16:20:19.711,0.79685,0.79725,1.00,2.40
2010.05.05 16:20:19.977,0.7968,0.79725,2.80,2.40
2010.05.05 16:20:20.222,0.79675,0.7972,2.80,1.00
2010.05.05 16:20:20.779,0.79675,0.79715,1.00,2.40
2010.05.05 16:20:21.043,0.79675,0.7972,4.80,3.20
2010.05.05 16:20:21.311,0.7968,0.7972,2.40,3.20
2010.05.05 16:20:21.902,0.7968,0.7972,2.50,2.40
2010.05.05 16:20:22.233,0.7967,0.79715,2.50,3.20
2010.05.05 16:20:22.690,0.7967,0.7971,1.70,1.00
2010.05.05 16:20:23.021,0.7967,0.79715,2.50,3.20
2010.05.05 16:20:23.378,0.7967,0.79715,2.40,3.20
2010.05.05 16:20:23.714,0.79675,0.79715,1.00,3.20
2010.05.05 16:20:24.114,0.7967,0.79715,2.50,3.20
2010.05.05 16:20:26.041,0.79675,0.79715,1.00,3.20
2010.05.05 16:20:27.192,0.7967,0.79715,2.50,3.20
2010.05.05 16:20:31.735,0.7967,0.79715,1.00,3.20
2010.05.05 16:20:32.135,0.7967,0.79715,2.50,3.20
2010.05.05 16:20:37.812,0.7967,0.79715,2.50,4.80
2010.05.05 16:20:37.961,0.7967,0.7971,1.70,1.00
2010.05.05 16:20:38.372,0.7967,0.7971,1.60,1.00
2010.05.05 16:20:38.570,0.7967,0.7971,1.60,1.20
2010.05.05 16:20:38.771,0.7967,0.7971,1.00,3.20
2010.05.05 16:20:40.766,0.79675,0.7971,1.00,3.20
2010.05.05 16:20:40.961,0.79675,0.7971,1.00,1.00
2010.05.05 16:20:41.376,0.79675,0.79715,1.00,3.20
2010.05.05 16:20:41.642,0.79675,0.79715,1.00,3.20
2010.05.05 16:20:42.181,0.7967,0.79715,4.80,3.20
2010.05.05 16:20:42.451,0.7967,0.79715,3.20,3.20
2010.05.05 16:20:43.811,0.7967,0.79715,4.90,3.20
2010.05.05 16:20:43.981,0.7967,0.79715,4.80,1.20
2010.05.05 16:20:44.152,0.79675,0.79715,2.40,2.40
2010.05.05 16:20:44.628,0.7968,0.79715,1.00,2.40
2010.05.05 16:20:44.965,0.7968,0.7972,1.00,1.00
2010.05.05 16:20:45.741,0.79675,0.79715,2.10,1.00
2010.05.05 16:20:46.471,0.7967,0.79715,3.30,1.00
2010.05.05 16:20:46.751,0.7967,0.7971,1.00,3.20
2010.05.05 16:20:48.532,0.79675,0.79715,1.60,1.00
2010.05.05 16:20:49.053,0.79665,0.797,1.70,1.00
2010.05.05 16:20:49.241,0.79665,0.7971,4.50,3.20
2010.05.05 16:20:50.381,0.79665,0.7971,4.40,3.20
2010.05.05 16:20:50.662,0.79675,0.79715,2.00,3.20
2010.05.05 16:20:51.271,0.79675,0.79715,2.00,3.20
2010.05.05 16:20:55.134,0.79675,0.79715,2.00,3.20
2010.05.05 16:20:55.980,0.79675,0.79715,1.60,3.20
2010.05.05 16:21:00.306,0.79675,0.79715,1.60,3.20
2010.05.05 16:21:00.641,0.79675,0.7971,1.60,3.20
2010.05.05 16:21:00.881,0.7967,0.7971,2.00,3.20
2010.05.05 16:21:03.920,0.7967,0.7971,1.60,3.20
2010.05.05 16:21:04.170,0.79665,0.7971,4.50,4.80
2010.05.05 16:21:07.115,0.7967,0.7971,1.00,4.00
2010.05.05 16:21:07.264,0.7967,0.7971,2.50,2.40
2010.05.05 16:21:07.472,0.7967,0.79715,2.10,4.80
2010.05.05 16:21:08.049,0.7967,0.79715,2.50,4.80
2010.05.05 16:21:09.056,0.7967,0.79705,2.50,1.00
2010.05.05 16:21:09.932,0.79675,0.79705,1.60,1.00
2010.05.05 16:21:11.563,0.7968,0.7971,1.60,1.00
2010.05.05 16:21:12.101,0.79675,0.79705,4.00,1.00
2010.05.05 16:21:12.364,0.79675,0.7971,2.40,1.00
2010.05.05 16:21:13.023,0.7967,0.79705,1.00,1.00
2010.05.05 16:21:13.341,0.7967,0.79705,1.00,1.00
2010.05.05 16:21:13.662,0.79675,0.7971,1.70,1.00
2010.05.05 16:21:15.353,0.79675,0.7971,1.60,1.00
2010.05.05 16:21:15.964,0.79665,0.797,1.70,1.00
2010.05.05 16:21:16.251,0.79665,0.797,2.10,1.00
2010.05.05 16:21:17.550,0.79665,0.797,1.70,1.00
2010.05.05 16:21:17.861,0.79665,0.797,1.00,1.00
2010.05.05 16:21:22.142,0.7967,0.797,1.00,1.00
2010.05.05 16:21:28.084,0.79675,0.7971,1.00,2.80
2010.05.05 16:21:28.302,0.79675,0.7971,1.00,1.00
2010.05.05 16:21:30.109,0.79675,0.7971,1.70,1.00
2010.05.05 16:21:32.306,0.79675,0.7971,1.00,1.00
2010.05.05 16:21:33.285,0.7967,0.7971,2.50,1.00
2010.05.05 16:21:33.511,0.79675,0.7971,1.60,1.00
2010.05.05 16:21:35.953,0.79675,0.7971,1.60,1.00
2010.05.05 16:21:36.094,0.79675,0.7971,1.70,1.00
2010.05.05 16:21:41.015,0.79675,0.7971,1.00,1.00
2010.05.05 16:21:42.004,0.79665,0.79705,4.90,1.00
2010.05.05 16:21:42.223,0.79675,0.79705,1.00,1.00
2010.05.05 16:21:42.432,0.7967,0.79705,2.50,1.00
2010.05.05 16:21:43.091,0.7967,0.79715,2.40,4.90
2010.05.05 16:21:43.691,0.7967,0.7971,1.60,3.20
2010.05.05 16:21:44.461,0.7967,0.7971,1.00,4.80
2010.05.05 16:21:46.413,0.7967,0.7971,1.00,4.00
2010.05.05 16:21:46.593,0.79675,0.79715,1.00,4.80
2010.05.05 16:21:47.931,0.79675,0.79715,1.70,3.20
2010.05.05 16:21:49.151,0.79675,0.79715,1.60,3.20
2010.05.05 16:21:49.371,0.7967,0.79715,2.50,3.20
2010.05.05 16:21:50.331,0.79675,0.79715,1.60,3.20
2010.05.05 16:21:50.651,0.7967,0.79715,2.50,4.80
2010.05.05 16:21:51.160,0.79675,0.79715,1.60,3.20
2010.05.05 16:21:51.545,0.7967,0.79715,2.50,3.20
2010.05.05 16:21:51.740,0.79675,0.79715,1.60,3.20
2010.05.05 16:21:51.851,0.7967,0.79715,2.50,4.80
2010.05.05 16:21:54.962,0.79675,0.79715,1.00,4.80
2010.05.05 16:21:55.335,0.79675,0.79715,1.60,3.20
2010.05.05 16:21:55.619,0.7968,0.7972,1.60,3.20
2010.05.05 16:22:00.361,0.7968,0.7972,1.70,3.20
2010.05.05 16:22:02.026,0.7968,0.7972,1.60,3.20
2010.05.05 16:22:06.372,0.7968,0.7972,1.70,3.20
2010.05.05 16:22:06.830,0.79685,0.7972,1.60,2.40
2010.05.05 16:22:07.004,0.79685,0.79725,1.70,3.20
2010.05.05 16:22:07.162,0.79685,0.79725,1.70,1.00
2010.05.05 16:22:08.543,0.79685,0.79725,1.00,1.00
2010.05.05 16:22:08.762,0.79685,0.79725,1.00,3.20
2010.05.05 16:22:09.256,0.7969,0.79725,1.00,3.20
2010.05.05 16:22:09.571,0.7968,0.79725,2.10,3.20
2010.05.05 16:22:10.191,0.7968,0.7972,1.70,1.00
2010.05.05 16:22:10.502,0.7968,0.7972,1.70,3.20
2010.05.05 16:22:12.112,0.7968,0.79725,2.10,3.20
2010.05.05 16:22:14.128,0.7968,0.79725,2.90,3.20
2010.05.05 16:22:14.652,0.7969,0.79725,1.00,1.00
2010.05.05 16:22:15.030,0.79685,0.79725,1.60,1.00
2010.05.05 16:22:15.373,0.79685,0.7972,1.60,1.00
2010.05.05 16:22:16.097,0.79675,0.79715,2.40,2.40
2010.05.05 16:22:16.431,0.79675,0.79715,1.60,3.20
2010.05.05 16:22:17.291,0.79675,0.79715,1.60,3.20
2010.05.05 16:22:18.046,0.7967,0.79715,3.30,3.20
2010.05.05 16:22:18.231,0.7967,0.79715,1.00,3.20
2010.05.05 16:22:19.071,0.79675,0.79715,1.60,3.20
2010.05.05 16:22:25.022,0.7968,0.79715,1.00,3.60
2010.05.05 16:22:25.570,0.7968,0.7972,1.70,2.80
2010.05.05 16:22:25.775,0.7968,0.79715,1.60,2.80
2010.05.05 16:22:26.113,0.7967,0.79705,1.00,2.80
2010.05.05 16:22:26.452,0.7966,0.797,1.00,3.20
2010.05.05 16:22:28.096,0.7966,0.797,1.00,3.20
2010.05.05 16:22:28.351,0.7966,0.797,1.00,3.20
2010.05.05 16:22:29.143,0.7966,0.797,1.00,3.20
2010.05.05 16:22:32.972,0.7966,0.797,1.00,1.00
2010.05.05 16:22:34.364,0.7966,0.797,1.00,1.00
2010.05.05 16:22:34.702,0.7966,0.797,1.00,3.20
2010.05.05 16:22:34.881,0.7966,0.797,1.00,1.00
2010.05.05 16:22:35.241,0.7966,0.79705,3.20,3.20
2010.05.05 16:22:35.666,0.7966,0.79705,3.20,1.00
2010.05.05 16:22:36.192,0.79665,0.79705,1.60,1.20
2010.05.05 16:22:38.782,0.79665,0.797,1.60,1.20
2010.05.05 16:22:38.831,0.7966,0.797,3.30,1.20
2010.05.05 16:22:39.243,0.7966,0.797,1.00,1.20
2010.05.05 16:22:39.282,0.7966,0.797,1.00,1.00
2010.05.05 16:22:41.432,0.79665,0.79705,1.00,3.20
2010.05.05 16:22:42.261,0.79665,0.79705,1.70,1.00
2010.05.05 16:22:44.319,0.79665,0.7971,2.50,3.20
2010.05.05 16:22:44.641,0.7967,0.7971,1.00,3.20
2010.05.05 16:22:45.265,0.79665,0.7971,4.90,3.20
2010.05.05 16:22:46.054,0.79665,0.7971,3.30,3.20
2010.05.05 16:22:46.882,0.79655,0.797,2.50,3.20
2010.05.05 16:22:47.092,0.79665,0.797,1.60,3.20
2010.05.05 16:22:47.301,0.79665,0.797,1.60,1.00
2010.05.05 16:22:50.094,0.79665,0.79695,1.60,1.00
2010.05.05 16:22:50.605,0.7966,0.797,3.20,1.00
2010.05.05 16:22:50.932,0.79655,0.797,2.40,3.20
2010.05.05 16:22:51.865,0.79655,0.797,2.50,3.20
2010.05.05 16:22:52.678,0.7966,0.797,1.00,3.20
2010.05.05 16:22:53.125,0.79655,0.797,2.50,3.20
2010.05.05 16:22:53.281,0.7966,0.797,1.00,3.20
2010.05.05 16:23:01.386,0.7966,0.797,1.00,3.60
2010.05.05 16:23:03.133,0.79665,0.797,1.00,3.60
2010.05.05 16:23:03.670,0.79665,0.797,1.00,3.20
2010.05.05 16:23:03.712,0.7966,0.797,1.00,3.20
2010.05.05 16:23:03.992,0.79655,0.79695,1.00,2.80
2010.05.05 16:23:04.555,0.7965,0.7969,1.00,1.00
2010.05.05 16:23:05.164,0.7966,0.79695,1.00,2.40
2010.05.05 16:23:05.504,0.7966,0.797,1.00,3.20
2010.05.05 16:23:09.162,0.79655,0.7969,4.00,1.00
2010.05.05 16:23:09.842,0.7965,0.7969,1.70,3.20
2010.05.05 16:23:10.152,0.7965,0.7969,1.60,3.20
2010.05.05 16:23:10.781,0.7965,0.7969,1.00,4.80
2010.05.05 16:23:11.475,0.7966,0.79695,1.00,4.80
2010.05.05 16:23:12.152,0.7966,0.79695,1.00,4.80
2010.05.05 16:23:12.832,0.7966,0.797,1.70,3.20
2010.05.05 16:23:13.151,0.79655,0.797,4.90,3.20
2010.05.05 16:23:13.471,0.7966,0.79695,1.00,1.00
2010.05.05 16:23:14.152,0.79655,0.79695,1.70,1.00
2010.05.05 16:23:15.452,0.79665,0.797,1.00,1.60
2010.05.05 16:23:16.122,0.7967,0.79705,1.60,2.40
2010.05.05 16:23:16.374,0.7967,0.79705,1.60,1.00
2010.05.05 16:23:17.110,0.7967,0.7971,1.70,3.20
2010.05.05 16:23:18.546,0.7967,0.79705,1.70,2.40
2010.05.05 16:23:18.851,0.79665,0.79705,1.00,3.20
2010.05.05 16:23:19.888,0.79665,0.79705,1.00,2.40
2010.05.05 16:23:20.161,0.7967,0.7971,1.00,3.20
2010.05.05 16:23:20.639,0.79665,0.79705,1.00,2.40
2010.05.05 16:23:20.913,0.7966,0.79705,2.50,4.80
2010.05.05 16:23:21.143,0.7966,0.797,1.00,1.00
2010.05.05 16:23:22.431,0.7966,0.79705,2.50,3.20
2010.05.05 16:23:23.021,0.7966,0.797,1.70,1.00
2010.05.05 16:23:26.841,0.7966,0.797,1.00,1.00
2010.05.05 16:23:27.097,0.79665,0.797,1.00,1.00
2010.05.05 16:23:27.615,0.79655,0.79695,1.00,1.00
2010.05.05 16:23:27.782,0.79655,0.79695,1.70,1.00
2010.05.05 16:23:29.197,0.7966,0.797,1.00,4.80
2010.05.05 16:23:29.818,0.79665,0.797,1.60,1.00
2010.05.05 16:23:30.156,0.7966,0.79705,2.80,3.20
2010.05.05 16:23:31.051,0.7966,0.79705,3.20,3.20
2010.05.05 16:23:31.352,0.7967,0.79705,1.00,3.20
2010.05.05 16:23:32.136,0.79665,0.79705,1.00,3.20
2010.05.05 16:23:32.765,0.79665,0.79705,1.70,3.20
2010.05.05 16:23:33.108,0.7967,0.7971,1.00,4.80
2010.05.05 16:23:33.314,0.7967,0.79705,1.00,2.40
2010.05.05 16:23:33.831,0.7967,0.79705,1.00,3.20
2010.05.05 16:23:34.961,0.79675,0.79705,1.00,3.20
2010.05.05 16:23:35.302,0.7967,0.79705,1.00,1.00
2010.05.05 16:23:35.693,0.7967,0.79705,1.00,3.20
2010.05.05 16:23:35.832,0.79675,0.79705,1.00,3.20
2010.05.05 16:23:35.971,0.79675,0.79705,1.00,2.40
2010.05.05 16:23:36.111,0.79675,0.7971,1.00,3.20
2010.05.05 16:23:36.251,0.79675,0.7971,1.00,1.00
2010.05.05 16:23:39.374,0.79665,0.797,1.00,1.00
2010.05.05 16:23:39.592,0.7966,0.79695,1.00,4.80
2010.05.05 16:23:40.566,0.79655,0.79695,1.00,4.80
2010.05.05 16:23:41.711,0.7966,0.79695,1.00,4.80
2010.05.05 16:23:42.417,0.79655,0.79695,1.00,4.80
2010.05.05 16:23:42.701,0.7966,0.79695,1.00,4.80
2010.05.05 16:23:43.003,0.79655,0.79695,1.00,4.80
2010.05.05 16:23:43.273,0.79655,0.7969,1.00,1.00
2010.05.05 16:23:44.092,0.79655,0.79695,1.00,4.80
2010.05.05 16:23:46.851,0.7965,0.7969,2.90,2.40
2010.05.05 16:23:47.414,0.7965,0.7969,1.00,4.80
2010.05.05 16:23:47.553,0.7966,0.7969,1.00,4.80
2010.05.05 16:23:47.793,0.79655,0.7969,1.00,1.60
2010.05.05 16:23:47.912,0.79655,0.79695,1.00,2.00
2010.05.05 16:23:48.963,0.79655,0.79695,1.00,4.80
2010.05.05 16:23:49.318,0.79655,0.7969,1.00,2.40
2010.05.05 16:23:49.651,0.79655,0.7969,1.70,3.20
2010.05.05 16:23:49.992,0.7965,0.79685,1.00,3.20
2010.05.05 16:23:50.916,0.7965,0.79685,1.70,3.20
2010.05.05 16:23:51.253,0.7965,0.7969,1.70,3.20
2010.05.05 16:23:54.347,0.7965,0.79685,1.70,1.00
2010.05.05 16:23:54.864,0.7965,0.79685,1.00,3.20
2010.05.05 16:23:55.092,0.7965,0.79685,1.60,3.20
2010.05.05 16:23:55.313,0.79645,0.79685,1.60,3.20
2010.05.05 16:23:55.865,0.7965,0.79685,1.00,3.20
2010.05.05 16:23:58.521,0.7965,0.79685,1.00,1.00
2010.05.05 16:23:59.122,0.79655,0.79685,1.00,3.20
2010.05.05 16:23:59.499,0.79655,0.79685,1.00,2.40
2010.05.05 16:23:59.762,0.79655,0.79695,1.60,3.20
2010.05.05 16:24:00.107,0.79655,0.79695,1.70,3.20
2010.05.05 16:24:01.512,0.7966,0.79695,1.00,1.00
2010.05.05 16:24:02.013,0.79655,0.7969,1.60,3.20
2010.05.05 16:24:02.252,0.7966,0.79695,1.00,1.00
2010.05.05 16:24:04.546,0.7966,0.79695,1.70,1.00
2010.05.05 16:24:04.763,0.79665,0.797,1.00,3.20
2010.05.05 16:24:04.981,0.7967,0.79705,1.60,3.20
2010.05.05 16:24:05.568,0.7967,0.79695,1.60,1.00
2010.05.05 16:24:05.905,0.79655,0.7969,1.00,1.00
2010.05.05 16:24:06.243,0.79655,0.79695,1.00,1.00
2010.05.05 16:24:07.034,0.7965,0.79695,3.30,3.20
2010.05.05 16:24:07.302,0.79655,0.79695,1.00,3.20
2010.05.05 16:24:07.572,0.7966,0.79695,1.00,1.00
2010.05.05 16:24:11.801,0.7966,0.797,1.00,3.20
2010.05.05 16:24:13.032,0.7966,0.79695,1.00,1.00
2010.05.05 16:24:13.336,0.79665,0.79695,1.00,1.00
2010.05.05 16:24:17.267,0.79665,0.797,1.00,4.80
2010.05.05 16:24:17.708,0.79665,0.79695,1.00,1.00
2010.05.05 16:24:17.961,0.79665,0.797,1.00,2.40
2010.05.05 16:24:19.935,0.79665,0.797,1.00,4.80
2010.05.05 16:24:20.172,0.79665,0.797,1.00,2.40
2010.05.05 16:24:21.032,0.79665,0.797,1.00,4.80
2010.05.05 16:24:21.374,0.79665,0.797,1.00,3.20
2010.05.05 16:24:22.052,0.79665,0.79695,1.00,1.00
2010.05.05 16:24:23.111,0.7966,0.79695,1.00,1.00
2010.05.05 16:24:25.132,0.79655,0.79695,1.70,1.00
2010.05.05 16:24:25.505,0.79665,0.797,1.00,4.80
2010.05.05 16:24:25.652,0.7967,0.79715,3.20,1.00
2010.05.05 16:24:25.992,0.79675,0.79715,1.60,1.00
2010.05.05 16:24:26.493,0.79675,0.79715,4.00,1.00
2010.05.05 16:24:26.833,0.79675,0.7972,4.80,2.40
2010.05.05 16:24:27.185,0.79675,0.7972,4.90,2.40
2010.05.05 16:24:27.538,0.79675,0.7972,4.80,2.40
2010.05.05 16:24:28.053,0.79675,0.7972,4.80,4.80
2010.05.05 16:24:28.392,0.7968,0.79725,4.90,1.00
2010.05.05 16:24:29.603,0.7969,0.7973,1.00,3.20
2010.05.05 16:24:29.942,0.79685,0.7973,1.00,3.20
2010.05.05 16:24:30.622,0.7969,0.7973,1.00,3.20
2010.05.05 16:24:32.943,0.7969,0.7973,1.00,1.00
2010.05.05 16:24:33.101,0.7969,0.7973,1.00,3.20
2010.05.05 16:24:41.052,0.79685,0.79725,3.30,1.60
2010.05.05 16:24:41.517,0.7968,0.79725,4.90,2.40
2010.05.05 16:24:41.853,0.7968,0.79725,4.90,4.80
2010.05.05 16:24:42.197,0.79675,0.79715,1.70,1.00
2010.05.05 16:24:42.873,0.7968,0.7972,1.00,1.60
2010.05.05 16:24:43.172,0.79685,0.7972,1.00,1.60
2010.05.05 16:24:45.722,0.7968,0.7972,1.00,1.60
2010.05.05 16:24:45.941,0.7968,0.7972,1.00,1.60
2010.05.05 16:24:46.501,0.79675,0.7972,4.90,4.80
2010.05.05 16:24:49.655,0.79685,0.7972,1.60,3.20
2010.05.05 16:24:49.753,0.79695,0.7973,1.00,1.60
2010.05.05 16:24:50.510,0.7969,0.7973,1.00,1.60
2010.05.05 16:24:50.859,0.7969,0.7973,1.00,4.80
2010.05.05 16:24:51.203,0.79685,0.7973,4.90,4.80
2010.05.05 16:24:51.856,0.79685,0.7973,4.80,4.80
2010.05.05 16:24:52.191,0.79685,0.79725,1.60,3.20
2010.05.05 16:24:53.222,0.79685,0.79725,1.60,3.20
2010.05.05 16:24:53.522,0.79685,0.79725,1.70,3.20
2010.05.05 16:24:54.740,0.79685,0.79725,1.60,3.20
2010.05.05 16:24:55.063,0.79685,0.79725,1.70,1.00
2010.05.05 16:24:55.333,0.79685,0.79725,1.60,1.00
2010.05.05 16:24:55.914,0.79685,0.79725,1.70,1.00
2010.05.05 16:24:56.182,0.79685,0.7973,2.50,4.80
2010.05.05 16:24:56.522,0.7969,0.7973,1.00,3.20
2010.05.05 16:24:56.863,0.79695,0.79735,1.60,3.20
2010.05.05 16:24:57.782,0.79695,0.79735,1.70,1.00
2010.05.05 16:24:58.692,0.79695,0.79735,1.60,1.00
2010.05.05 16:24:59.220,0.79695,0.79735,1.00,3.20
2010.05.05 16:24:59.524,0.7969,0.79735,4.90,1.00
2010.05.05 16:24:59.813,0.7969,0.7973,1.70,1.00
2010.05.05 16:25:01.825,0.79695,0.7973,1.00,1.00
2010.05.05 16:25:02.468,0.79695,0.7973,1.00,2.40
2010.05.05 16:25:02.951,0.79695,0.79735,1.00,4.80
2010.05.05 16:25:03.912,0.79695,0.7973,1.00,2.40
2010.05.05 16:25:04.723,0.79695,0.7973,1.00,1.60
2010.05.05 16:25:04.942,0.79695,0.79735,1.00,2.40
2010.05.05 16:25:05.162,0.79695,0.7973,1.00,1.60
2010.05.05 16:25:08.157,0.7969,0.7973,1.00,1.60
2010.05.05 16:25:08.341,0.79685,0.7972,1.00,1.60
2010.05.05 16:25:09.034,0.79685,0.7972,1.00,1.60
2010.05.05 16:25:09.213,0.79685,0.7973,4.90,4.80
2010.05.05 16:25:09.802,0.7969,0.7973,1.00,2.40
2010.05.05 16:25:10.294,0.7969,0.79735,1.00,3.20
2010.05.05 16:25:11.261,0.7969,0.79735,1.00,3.20
2010.05.05 16:25:11.602,0.7969,0.7973,1.00,2.40
2010.05.05 16:25:11.891,0.79695,0.79735,1.60,3.20
2010.05.05 16:25:12.564,0.79695,0.79735,1.00,3.20
2010.05.05 16:25:12.793,0.79695,0.7974,4.80,3.20
2010.05.05 16:25:13.794,0.79695,0.7974,4.90,3.20
2010.05.05 16:25:14.013,0.797,0.7974,1.00,3.20
2010.05.05 16:25:15.243,0.79695,0.79735,2.40,2.40
2010.05.05 16:25:15.590,0.7969,0.79735,3.30,3.20
2010.05.05 16:25:16.216,0.79695,0.79735,1.00,3.20
2010.05.05 16:25:18.343,0.79695,0.79735,1.70,3.20
2010.05.05 16:25:18.545,0.797,0.7974,1.00,1.00
2010.05.05 16:25:19.931,0.797,0.7974,1.00,4.80
2010.05.05 16:25:21.011,0.797,0.7974,1.00,1.00
2010.05.05 16:25:25.766,0.797,0.7974,1.00,1.00
2010.05.05 16:25:26.121,0.797,0.7974,1.00,1.00
2010.05.05 16:25:28.031,0.797,0.7974,1.00,2.40
2010.05.05 16:25:28.122,0.797,0.7974,1.00,4.80
2010.05.05 16:25:30.284,0.79695,0.79735,1.60,1.00
2010.05.05 16:25:30.451,0.79695,0.79735,1.60,1.00
2010.05.05 16:25:30.622,0.79695,0.79735,4.00,1.00
2010.05.05 16:25:31.029,0.79695,0.7974,4.80,3.20
2010.05.05 16:25:31.373,0.79695,0.7974,4.90,4.80
2010.05.05 16:25:32.542,0.79695,0.7974,4.80,4.90
2010.05.05 16:25:33.021,0.79695,0.7974,4.90,4.80
2010.05.05 16:25:35.811,0.797,0.7974,1.00,4.80
2010.05.05 16:25:36.151,0.79695,0.7974,4.90,4.80
2010.05.05 16:25:36.584,0.79695,0.79735,4.50,1.00
2010.05.05 16:25:36.854,0.797,0.79735,1.60,1.00
2010.05.05 16:25:37.113,0.797,0.7974,2.40,1.00
2010.05.05 16:25:37.697,0.797,0.7974,1.00,2.40
2010.05.05 16:25:38.034,0.797,0.7974,2.40,1.00
2010.05.05 16:25:40.253,0.79695,0.79735,1.60,1.00
2010.05.05 16:25:41.921,0.79695,0.79735,1.60,1.00
2010.05.05 16:25:42.204,0.79695,0.79735,1.60,1.00
2010.05.05 16:25:42.776,0.7969,0.79735,3.60,4.80
2010.05.05 16:25:43.662,0.79695,0.79735,1.00,2.40
2010.05.05 16:25:43.971,0.79695,0.79735,1.60,1.00
2010.05.05 16:25:44.564,0.79695,0.79735,1.00,4.80
2010.05.05 16:25:44.854,0.79685,0.79725,2.40,2.40
2010.05.05 16:25:45.132,0.7968,0.79725,4.90,4.80
2010.05.05 16:25:45.471,0.7968,0.7972,3.30,1.60
2010.05.05 16:25:46.183,0.7968,0.79725,2.40,4.80
2010.05.05 16:25:46.452,0.79685,0.79725,1.00,1.60
2010.05.05 16:25:46.722,0.79695,0.79735,2.40,2.40
2010.05.05 16:25:47.078,0.79695,0.79735,4.00,1.00
2010.05.05 16:25:47.354,0.797,0.79745,4.80,3.20
2010.05.05 16:25:48.162,0.797,0.79745,3.20,3.20
2010.05.05 16:25:48.772,0.797,0.79745,3.20,3.20
2010.05.05 16:25:49.095,0.797,0.79745,3.30,3.20
2010.05.05 16:25:51.780,0.797,0.79745,3.20,3.30
2010.05.05 16:25:52.331,0.797,0.7974,2.40,1.00
2010.05.05 16:25:52.526,0.79695,0.7974,4.90,3.20
2010.05.05 16:25:55.285,0.797,0.7974,1.00,3.20
2010.05.05 16:25:55.499,0.79705,0.79745,1.00,3.20
2010.05.05 16:25:56.452,0.797,0.7974,1.00,1.00
2010.05.05 16:25:56.792,0.79695,0.7974,4.90,1.00
2010.05.05 16:25:57.132,0.79695,0.79735,1.00,1.00
2010.05.05 16:25:59.014,0.79695,0.79735,1.00,1.00
2010.05.05 16:25:59.621,0.79695,0.79735,1.00,4.80
2010.05.05 16:25:59.864,0.7969,0.79735,4.90,4.80
2010.05.05 16:26:00.113,0.7969,0.79735,2.50,4.80
2010.05.05 16:26:00.536,0.7969,0.79735,4.90,4.80
2010.05.05 16:26:00.783,0.79695,0.79735,1.00,2.40
2010.05.05 16:26:02.602,0.79695,0.7973,1.00,1.00
2010.05.05 16:26:03.028,0.79695,0.79735,1.00,2.40
2010.05.05 16:26:04.174,0.79695,0.79735,1.00,2.40
2010.05.05 16:26:04.481,0.79695,0.7974,4.90,2.40
2010.05.05 16:26:05.002,0.79695,0.79735,3.30,1.60
2010.05.05 16:26:05.282,0.79695,0.7974,4.90,2.40
2010.05.05 16:26:05.563,0.79705,0.7974,1.00,2.40
2010.05.05 16:26:05.842,0.79705,0.7974,1.00,1.00
2010.05.05 16:26:06.787,0.797,0.7974,1.00,1.00
2010.05.05 16:26:07.122,0.797,0.7974,1.00,4.80
2010.05.05 16:26:07.913,0.797,0.79735,1.00,2.40
2010.05.05 16:26:08.332,0.797,0.7974,1.00,2.40
2010.05.05 16:26:08.522,0.797,0.7974,1.00,3.20
2010.05.05 16:26:08.712,0.797,0.7974,1.00,4.80
2010.05.05 16:26:11.215,0.79705,0.7974,1.00,4.80
2010.05.05 16:26:11.551,0.79705,0.79745,1.60,3.20
2010.05.05 16:26:11.921,0.79705,0.79745,1.00,3.20
2010.05.05 16:26:12.224,0.7971,0.7975,1.60,3.20
2010.05.05 16:26:12.533,0.7971,0.7975,1.60,3.20
2010.05.05 16:26:12.783,0.7971,0.79745,1.60,1.00
2010.05.05 16:26:13.563,0.7971,0.7975,1.00,1.60
2010.05.05 16:26:14.124,0.7971,0.7975,1.00,1.60
2010.05.05 16:26:15.544,0.79715,0.7976,2.40,3.20
2010.05.05 16:26:16.032,0.79715,0.7976,2.40,4.80
2010.05.05 16:26:16.161,0.79715,0.7976,1.00,3.20
2010.05.05 16:26:16.421,0.79715,0.7976,4.80,1.00
2010.05.05 16:26:17.085,0.79715,0.7976,4.80,1.00
2010.05.05 16:26:17.342,0.79715,0.7976,4.90,1.00
2010.05.05 16:26:18.321,0.79715,0.7976,4.80,1.00
2010.05.05 16:26:19.721,0.79715,0.79755,3.20,1.60
2010.05.05 16:26:19.842,0.79715,0.7976,2.50,3.20
2010.05.05 16:26:19.962,0.79725,0.7976,1.60,2.40
2010.05.05 16:26:20.411,0.79725,0.79765,2.40,1.00
2010.05.05 16:26:20.753,0.79715,0.79755,1.70,1.00
2010.05.05 16:26:21.097,0.79715,0.79755,2.40,2.40
2010.05.05 16:26:21.433,0.7971,0.79755,4.40,4.80
2010.05.05 16:26:21.773,0.7971,0.79755,4.40,3.20
2010.05.05 16:26:22.113,0.7972,0.79755,1.00,3.20
2010.05.05 16:26:22.453,0.7972,0.7976,2.00,3.20
2010.05.05 16:26:23.673,0.79725,0.7976,1.60,3.20
2010.05.05 16:26:30.432,0.7972,0.7976,1.00,4.80
2010.05.05 16:26:30.642,0.7972,0.79755,1.60,3.20
2010.05.05 16:26:30.851,0.7972,0.7976,2.00,3.20
2010.05.05 16:26:31.061,0.79725,0.7976,1.60,3.20
2010.05.05 16:26:32.135,0.79725,0.7976,1.60,1.00
2010.05.05 16:26:32.393,0.79725,0.7976,1.00,1.00
2010.05.05 16:26:32.632,0.7972,0.7976,1.00,1.00
2010.05.05 16:26:33.114,0.7972,0.79765,1.00,4.80
2010.05.05 16:26:33.704,0.7972,0.79755,1.00,1.60
2010.05.05 16:26:33.943,0.7972,0.79755,1.00,2.40
2010.05.05 16:26:34.953,0.7972,0.79755,1.00,2.40
2010.05.05 16:26:35.163,0.7972,0.79755,1.00,2.40
2010.05.05 16:26:35.372,0.7972,0.79755,1.00,4.80
2010.05.05 16:26:36.517,0.79715,0.79755,1.00,4.80
2010.05.05 16:26:40.311,0.79715,0.7975,1.00,1.60
2010.05.05 16:26:40.494,0.79715,0.79755,1.00,4.80
2010.05.05 16:26:40.663,0.79715,0.79755,1.00,4.80
2010.05.05 16:26:40.832,0.79715,0.7975,1.00,1.60
2010.05.05 16:26:41.003,0.79715,0.7975,1.00,1.60
2010.05.05 16:26:41.171,0.79715,0.79755,1.00,2.40
2010.05.05 16:26:42.112,0.7971,0.79755,1.30,4.80
2010.05.05 16:26:42.411,0.7971,0.79755,5.30,1.00
2010.05.05 16:26:42.711,0.79715,0.79755,1.60,1.00
2010.05.05 16:26:46.512,0.79715,0.79755,1.60,3.20
2010.05.05 16:26:46.920,0.7971,0.79755,5.30,4.80
2010.05.05 16:26:47.359,0.79715,0.79755,1.60,3.20
2010.05.05 16:26:48.641,0.79715,0.79755,1.60,1.00
2010.05.05 16:26:51.422,0.7972,0.7976,1.60,1.00
2010.05.05 16:26:52.325,0.79715,0.7976,4.90,1.00
2010.05.05 16:26:52.813,0.79715,0.7976,2.50,3.20
2010.05.05 16:26:53.042,0.79725,0.79765,1.60,3.20
2010.05.05 16:26:53.271,0.79725,0.79765,1.60,1.00
2010.05.05 16:26:53.925,0.79725,0.79765,1.60,1.00
2010.05.05 16:26:54.262,0.79725,0.79765,1.60,1.00
2010.05.05 16:26:54.726,0.79725,0.7976,1.60,1.00
2010.05.05 16:26:55.062,0.79725,0.79765,1.60,3.20
2010.05.05 16:26:55.281,0.79715,0.79755,1.60,1.00
2010.05.05 16:26:55.501,0.7972,0.7976,1.60,3.20
2010.05.05 16:26:57.011,0.79725,0.79765,1.60,3.20
2010.05.05 16:26:58.012,0.79725,0.7976,1.60,3.20
2010.05.05 16:26:58.221,0.79725,0.79765,1.60,3.20
2010.05.05 16:27:00.622,0.79725,0.7976,1.60,1.00
2010.05.05 16:27:00.861,0.79725,0.7976,1.60,3.20
2010.05.05 16:27:01.592,0.79725,0.79765,1.60,3.20
2010.05.05 16:27:01.985,0.7973,0.79765,1.60,1.00
2010.05.05 16:27:07.174,0.7973,0.79765,1.60,1.00
2010.05.05 16:27:08.262,0.7973,0.7976,1.60,1.00
2010.05.05 16:27:08.574,0.7972,0.79755,1.60,1.00
2010.05.05 16:27:08.963,0.79715,0.79755,1.60,1.00
2010.05.05 16:27:09.418,0.79715,0.7976,2.40,3.20
2010.05.05 16:27:10.543,0.7972,0.79755,1.60,1.00
2010.05.05 16:27:15.033,0.79715,0.7975,1.60,1.00
2010.05.05 16:27:15.441,0.7971,0.7975,2.40,1.00
2010.05.05 16:27:15.773,0.79705,0.79745,4.40,1.00
2010.05.05 16:27:16.103,0.79705,0.7975,4.80,4.80
2010.05.05 16:27:17.351,0.79705,0.7975,4.90,4.80
2010.05.05 16:27:21.321,0.7971,0.7975,1.60,3.20
2010.05.05 16:27:21.812,0.7971,0.7975,1.70,1.00
2010.05.05 16:27:22.272,0.7972,0.7976,1.60,3.20
2010.05.05 16:27:22.722,0.79715,0.7976,4.80,4.80
2010.05.05 16:27:22.831,0.79715,0.7976,4.80,3.20
2010.05.05 16:27:23.172,0.79725,0.7976,1.60,3.20
2010.05.05 16:27:23.511,0.79725,0.79765,1.60,3.20
2010.05.05 16:27:24.132,0.79725,0.7976,1.00,1.60
2010.05.05 16:27:24.474,0.79725,0.7977,4.80,4.80
2010.05.05 16:27:24.935,0.79725,0.7977,4.80,4.90
2010.05.05 16:27:25.262,0.79725,0.7977,4.90,4.80
2010.05.05 16:27:27.254,0.79725,0.7977,4.80,4.80
2010.05.05 16:27:27.481,0.79725,0.79765,2.40,2.40
2010.05.05 16:27:27.701,0.7972,0.7976,3.30,1.60
2010.05.05 16:27:28.228,0.7972,0.79765,4.90,4.80
2010.05.05 16:27:31.552,0.79725,0.79765,1.60,3.20
2010.05.05 16:27:31.804,0.79725,0.7977,4.50,4.80
2010.05.05 16:27:32.262,0.7973,0.7977,1.60,3.20
2010.05.05 16:27:32.512,0.7972,0.7976,1.00,1.00
2010.05.05 16:27:32.852,0.79715,0.79755,1.00,1.00
2010.05.05 16:27:33.521,0.7971,0.79755,4.90,1.00
2010.05.05 16:27:34.042,0.79715,0.79755,1.00,1.00
2010.05.05 16:27:34.302,0.79715,0.79755,1.00,1.00
2010.05.05 16:27:34.562,0.7972,0.7976,1.60,1.00
2010.05.05 16:27:35.576,0.7972,0.7976,1.60,1.00
2010.05.05 16:27:35.912,0.7972,0.79755,1.60,1.00
2010.05.05 16:27:36.460,0.79715,0.79755,2.40,2.40
2010.05.05 16:27:36.693,0.79715,0.79755,1.60,3.20
2010.05.05 16:27:38.366,0.79725,0.7976,1.60,1.00
2010.05.05 16:27:38.654,0.79725,0.7976,1.60,3.20
2010.05.05 16:27:39.383,0.7972,0.7976,1.60,3.20
2010.05.05 16:27:40.062,0.79715,0.7976,4.80,3.30
2010.05.05 16:27:40.430,0.79715,0.79755,2.40,1.00
2010.05.05 16:27:40.765,0.7972,0.79755,1.60,1.00
2010.05.05 16:27:41.103,0.7972,0.7976,1.60,1.00
2010.05.05 16:27:42.113,0.7972,0.7976,2.40,1.00
2010.05.05 16:27:42.432,0.7972,0.79765,2.40,4.90
2010.05.05 16:27:42.934,0.7972,0.7976,2.40,1.00
2010.05.05 16:27:43.083,0.7972,0.7976,1.60,1.00
2010.05.05 16:27:43.222,0.7972,0.7976,1.60,3.30
2010.05.05 16:27:44.330,0.7972,0.7976,1.70,3.20
2010.05.05 16:27:44.672,0.79725,0.79765,1.60,3.20
2010.05.05 16:27:45.051,0.79725,0.79765,1.60,1.00
2010.05.05 16:27:45.382,0.7972,0.7976,1.60,3.20
2010.05.05 16:27:45.641,0.7972,0.7976,1.60,1.00
2010.05.05 16:27:45.936,0.7972,0.7976,1.60,1.00
2010.05.05 16:27:46.762,0.79725,0.79765,1.60,1.00
2010.05.05 16:27:47.102,0.79715,0.79755,1.00,2.40
2010.05.05 16:27:47.591,0.7971,0.79755,4.80,3.20
2010.05.05 16:27:47.884,0.797,0.79745,4.80,3.20
2010.05.05 16:27:48.172,0.79705,0.7975,4.80,3.20
2010.05.05 16:27:48.462,0.79705,0.79745,1.60,1.00
2010.05.05 16:27:50.865,0.797,0.79745,4.80,4.90
2010.05.05 16:27:51.857,0.79705,0.79745,1.60,3.30
2010.05.05 16:27:53.442,0.79705,0.79745,1.60,1.00
2010.05.05 16:27:54.075,0.79705,0.79745,1.60,1.00
2010.05.05 16:27:54.761,0.79705,0.79745,1.60,1.00
2010.05.05 16:27:56.152,0.797,0.79745,3.20,1.00
2010.05.05 16:27:56.372,0.797,0.79745,3.20,3.30
2010.05.05 16:27:56.591,0.797,0.7974,3.20,1.60
2010.05.05 16:27:56.811,0.797,0.79745,4.80,3.30
2010.05.05 16:27:57.031,0.79705,0.79745,1.60,3.30
2010.05.05 16:27:57.873,0.79705,0.79745,1.60,1.00
2010.05.05 16:27:58.201,0.797,0.79745,3.30,1.00
2010.05.05 16:27:59.832,0.79705,0.79745,1.60,1.00
2010.05.05 16:28:03.392,0.79705,0.79745,1.60,1.00
2010.05.05 16:28:03.861,0.79705,0.79745,1.60,3.30
2010.05.05 16:28:04.365,0.79705,0.7974,1.60,1.00
2010.05.05 16:28:04.682,0.797,0.7974,1.70,1.00
2010.05.05 16:28:05.088,0.797,0.79745,4.90,3.20
2010.05.05 16:28:05.402,0.797,0.79745,4.90,1.00
2010.05.05 16:28:05.722,0.79705,0.79745,1.60,1.00
2010.05.05 16:28:10.182,0.797,0.79745,4.90,1.00
2010.05.05 16:28:11.643,0.797,0.7974,4.80,1.00
2010.05.05 16:28:11.785,0.797,0.7974,4.80,1.00
2010.05.05 16:28:12.284,0.79695,0.7974,4.80,2.50
2010.05.05 16:28:12.753,0.79705,0.7974,2.40,1.00
2010.05.05 16:28:13.329,0.79715,0.79755,2.40,2.40
2010.05.05 16:28:13.660,0.7971,0.79755,3.20,1.00
2010.05.05 16:28:13.983,0.79715,0.7976,1.00,3.30
2010.05.05 16:28:14.303,0.7972,0.79765,1.00,4.90
2010.05.05 16:28:14.983,0.7972,0.7976,1.00,1.00
2010.05.05 16:28:15.555,0.7972,0.79765,1.00,4.90
2010.05.05 16:28:16.997,0.79715,0.7976,1.00,3.30
2010.05.05 16:28:17.902,0.79715,0.7976,1.00,3.20
2010.05.05 16:28:18.275,0.7972,0.79765,1.00,4.90
2010.05.05 16:28:20.815,0.79715,0.7976,1.00,3.20
2010.05.05 16:28:21.103,0.79705,0.7975,3.30,1.60
2010.05.05 16:28:21.713,0.79705,0.79745,1.00,1.00
2010.05.05 16:28:22.392,0.79705,0.7975,4.90,1.00
2010.05.05 16:28:25.815,0.7971,0.7975,1.00,1.00
2010.05.05 16:28:25.981,0.79715,0.79755,2.40,1.00
2010.05.05 16:28:26.967,0.79715,0.79755,2.40,1.00
2010.05.05 16:28:27.598,0.79715,0.79755,1.60,1.00
2010.05.05 16:28:27.749,0.79715,0.7976,4.80,1.00
2010.05.05 16:28:29.162,0.79715,0.7976,4.80,1.00
2010.05.05 16:28:34.682,0.7972,0.79765,1.00,3.30
2010.05.05 16:28:35.032,0.79715,0.7976,4.90,1.00
2010.05.05 16:28:37.206,0.7972,0.7976,1.00,1.00
2010.05.05 16:28:38.057,0.7972,0.79765,1.00,3.20
2010.05.05 16:28:38.872,0.7972,0.79765,1.00,3.30
2010.05.05 16:28:39.333,0.79715,0.79755,1.60,2.40
2010.05.05 16:28:39.674,0.79705,0.7975,4.80,1.00
2010.05.05 16:28:40.182,0.79705,0.7975,4.90,1.00
2010.05.05 16:28:42.826,0.7971,0.7975,1.00,1.00
2010.05.05 16:28:42.982,0.7971,0.79755,3.30,3.20
2010.05.05 16:28:47.544,0.79715,0.79755,4.00,1.00
2010.05.05 16:28:47.900,0.79715,0.7976,4.80,4.80
2010.05.05 16:28:48.442,0.79715,0.7976,4.90,4.80
2010.05.05 16:28:50.295,0.79715,0.7976,4.80,4.80
2010.05.05 16:28:51.212,0.79715,0.7976,4.90,4.80
2010.05.05 16:28:51.669,0.7972,0.7976,1.00,2.40
2010.05.05 16:28:52.003,0.79715,0.7976,4.90,1.00
2010.05.05 16:28:53.651,0.79715,0.7976,2.50,3.20
2010.05.05 16:28:53.961,0.79715,0.7976,1.00,3.20
2010.05.05 16:28:55.431,0.79715,0.7976,1.00,3.30
2010.05.05 16:28:56.425,0.79715,0.7976,1.00,3.20
2010.05.05 16:28:56.878,0.79715,0.7976,2.50,3.20
2010.05.05 16:28:57.153,0.79715,0.7976,3.30,1.00
2010.05.05 16:29:04.074,0.7972,0.7976,2.40,2.40
2010.05.05 16:29:04.221,0.7972,0.79765,4.80,4.80
2010.05.05 16:29:04.371,0.7972,0.79765,3.20,4.80
2010.05.05 16:29:05.384,0.7972,0.79765,3.30,4.80
2010.05.05 16:29:06.144,0.7972,0.79765,3.20,4.80
2010.05.05 16:29:07.654,0.79725,0.79765,1.00,2.40
2010.05.05 16:29:07.842,0.7972,0.79765,3.20,3.20
2010.05.05 16:29:08.559,0.79715,0.7976,3.30,1.00
2010.05.05 16:29:08.746,0.7972,0.79765,3.30,3.20
2010.05.05 16:29:09.015,0.79725,0.79765,1.00,3.20
2010.05.05 16:29:09.182,0.79725,0.7977,4.90,2.40
2010.05.05 16:29:09.713,0.7973,0.79775,3.20,4.90
2010.05.05 16:29:10.383,0.7973,0.79775,3.20,4.80
2010.05.05 16:29:11.377,0.79725,0.79765,1.00,1.00
2010.05.05 16:29:12.861,0.7973,0.7977,1.00,3.20
2010.05.05 16:29:13.128,0.7973,0.79775,3.20,4.80
2010.05.05 16:29:13.938,0.7973,0.79775,3.30,4.80
2010.05.05 16:29:14.783,0.7973,0.7977,1.00,4.80
2010.05.05 16:29:14.982,0.79725,0.7977,4.80,4.80
2010.05.05 16:29:15.376,0.79725,0.7977,4.90,4.80
2010.05.05 16:29:15.583,0.79725,0.7977,2.50,4.80
2010.05.05 16:29:15.923,0.7973,0.7977,1.00,4.80
2010.05.05 16:29:16.263,0.79725,0.7977,2.40,4.80
2010.05.05 16:29:16.796,0.79725,0.7977,2.40,4.80
2010.05.05 16:29:18.825,0.79735,0.79775,1.00,1.60
2010.05.05 16:29:19.042,0.79735,0.79775,1.00,4.00
2010.05.05 16:29:19.251,0.7973,0.79775,4.90,4.80
2010.05.05 16:29:20.253,0.7973,0.7977,3.20,2.10
2010.05.05 16:29:20.452,0.79725,0.7977,2.40,4.90
2010.05.05 16:29:20.652,0.7973,0.7977,1.60,1.00
2010.05.05 16:29:21.922,0.7973,0.7977,2.40,1.00
2010.05.05 16:29:23.103,0.7973,0.7977,1.60,1.00
2010.05.05 16:29:25.755,0.7973,0.7977,1.70,1.00
2010.05.05 16:29:26.051,0.7973,0.79775,4.90,4.80
2010.05.05 16:29:26.702,0.79735,0.7978,2.40,3.30
2010.05.05 16:29:32.380,0.79735,0.7978,2.40,4.90
2010.05.05 16:29:32.546,0.7973,0.7977,4.00,1.00
2010.05.05 16:29:32.713,0.7973,0.7977,1.60,1.00
2010.05.05 16:29:32.872,0.79725,0.7977,4.80,2.50
2010.05.05 16:29:33.212,0.79725,0.7977,2.40,4.90
2010.05.05 16:29:35.032,0.7973,0.7977,1.60,1.00
2010.05.05 16:29:35.436,0.7973,0.7977,2.40,1.00
2010.05.05 16:29:35.663,0.7973,0.7977,1.60,1.00
2010.05.05 16:29:40.683,0.7973,0.7977,1.70,1.00
2010.05.05 16:29:41.973,0.7973,0.7977,1.60,1.00
2010.05.05 16:29:42.314,0.79725,0.79765,1.60,1.00
2010.05.05 16:29:42.654,0.79715,0.79755,2.50,2.40
2010.05.05 16:29:42.802,0.79715,0.79755,1.00,4.80
2010.05.05 16:29:44.151,0.79715,0.79755,1.00,4.80
2010.05.05 16:29:44.343,0.7972,0.7976,1.00,2.40
2010.05.05 16:29:45.072,0.79715,0.7976,4.90,2.40
2010.05.05 16:29:46.482,0.79715,0.7976,3.20,2.50
2010.05.05 16:29:46.825,0.79715,0.7976,3.20,4.90
2010.05.05 16:29:47.063,0.79715,0.7975,2.40,1.60
2010.05.05 16:29:47.294,0.7971,0.7975,2.40,2.40
2010.05.05 16:29:47.637,0.79705,0.7975,4.80,4.80
2010.05.05 16:29:48.432,0.79705,0.7975,4.80,4.80
2010.05.05 16:29:48.772,0.7971,0.7975,1.00,4.80
2010.05.05 16:29:49.111,0.79705,0.7975,4.80,4.80
2010.05.05 16:29:49.456,0.79705,0.7975,4.90,4.80
2010.05.05 16:29:50.342,0.79715,0.7976,1.00,4.80
2010.05.05 16:29:51.022,0.79715,0.7976,1.00,4.90
2010.05.05 16:29:52.513,0.79715,0.7976,1.00,4.80
2010.05.05 16:29:53.096,0.79715,0.7976,1.00,4.80
2010.05.05 16:29:53.742,0.7971,0.79755,3.20,3.30
2010.05.05 16:29:56.242,0.7971,0.79755,4.80,1.00
2010.05.05 16:29:56.441,0.79715,0.79755,1.00,1.00
2010.05.05 16:30:00.285,0.79715,0.7976,1.00,4.80
2010.05.05 16:30:00.604,0.79715,0.79755,1.00,1.00
2010.05.05 16:30:00.763,0.7971,0.79755,3.20,1.00
2010.05.05 16:30:00.923,0.7971,0.79755,3.20,3.30
2010.05.05 16:30:01.342,0.79715,0.79755,1.00,2.50
2010.05.05 16:30:01.682,0.79715,0.79755,1.00,1.00
2010.05.05 16:30:02.561,0.79715,0.79755,1.00,2.50
2010.05.05 16:30:02.793,0.7971,0.79755,3.20,3.30
2010.05.05 16:30:03.585,0.7971,0.79745,2.40,1.60
2010.05.05 16:30:03.703,0.79705,0.7975,4.80,4.80
2010.05.05 16:30:04.052,0.79705,0.79745,1.60,3.20
2010.05.05 16:30:04.171,0.797,0.79745,3.20,4.80
2010.05.05 16:30:05.823,0.79705,0.7975,4.80,4.80
2010.05.05 16:30:07.127,0.79705,0.7975,4.80,4.90
2010.05.05 16:30:07.673,0.79705,0.7975,4.80,4.80
2010.05.05 16:30:08.487,0.79705,0.7975,4.80,4.80
2010.05.05 16:30:08.584,0.79705,0.7975,4.80,4.90
2010.05.05 16:30:08.959,0.79705,0.79745,3.20,1.60
2010.05.05 16:30:09.292,0.797,0.79745,4.90,4.80
2010.05.05 16:30:11.712,0.797,0.79745,4.80,4.90
2010.05.05 16:30:11.922,0.79695,0.7974,4.80,4.80
2010.05.05 16:30:12.852,0.79695,0.7974,4.80,3.30
2010.05.05 16:30:13.524,0.79695,0.7974,4.80,4.90
2010.05.05 16:30:13.782,0.79695,0.7974,4.80,4.80
2010.05.05 16:30:13.912,0.79695,0.7974,4.90,4.80
2010.05.05 16:30:14.042,0.79705,0.7974,1.60,1.00
2010.05.05 16:30:14.172,0.79705,0.79745,1.60,3.20
2010.05.05 16:30:15.572,0.797,0.7974,3.30,1.60
2010.05.05 16:30:15.914,0.79695,0.7974,3.30,2.40
2010.05.05 16:30:16.203,0.79695,0.7974,3.20,2.40
2010.05.05 16:30:16.815,0.79695,0.7974,4.80,2.40
2010.05.05 16:30:19.887,0.797,0.79745,4.80,4.80
2010.05.05 16:30:22.051,0.797,0.79745,4.80,4.80
2010.05.05 16:30:22.272,0.79705,0.7975,4.80,4.90
2010.05.05 16:30:23.271,0.79705,0.79745,3.20,1.60
2010.05.05 16:30:24.258,0.7971,0.7975,1.00,2.50
2010.05.05 16:30:24.496,0.79705,0.7975,4.80,2.50
2010.05.05 16:30:25.382,0.7971,0.7975,4.00,1.00
2010.05.05 16:30:25.740,0.79715,0.79755,4.80,1.00
2010.05.05 16:30:26.086,0.7972,0.79765,4.80,4.90
2010.05.05 16:30:26.932,0.7973,0.79765,1.60,1.00
2010.05.05 16:30:27.252,0.7973,0.79765,1.60,1.00
2010.05.05 16:30:28.168,0.7973,0.79765,1.60,1.00
2010.05.05 16:30:28.393,0.7972,0.79755,1.00,1.00
2010.05.05 16:30:29.013,0.7972,0.7976,3.20,1.60
2010.05.05 16:30:32.503,0.79725,0.7976,1.00,1.60
2010.05.05 16:30:33.022,0.7972,0.7976,3.20,1.60
2010.05.05 16:30:34.198,0.79715,0.7976,4.80,4.80
2010.05.05 16:30:34.382,0.79715,0.79755,3.20,1.60
2010.05.05 16:30:34.562,0.79715,0.79755,3.20,1.60
2010.05.05 16:30:34.742,0.7971,0.79755,3.30,4.80
2010.05.05 16:30:36.325,0.7971,0.7975,1.00,1.70
2010.05.05 16:30:36.534,0.79705,0.79745,1.00,1.00
2010.05.05 16:30:36.986,0.79705,0.79745,3.20,1.00
2010.05.05 16:30:37.194,0.79705,0.7975,3.20,3.20
2010.05.05 16:30:37.404,0.7971,0.79755,4.80,4.90
2010.05.05 16:30:38.076,0.7971,0.79755,4.80,3.30
2010.05.05 16:30:39.222,0.7971,0.79755,4.80,3.20
2010.05.05 16:30:45.424,0.7971,0.7975,4.80,1.00
2010.05.05 16:30:46.813,0.79715,0.7975,1.00,1.00
2010.05.05 16:30:47.114,0.7971,0.7975,4.80,1.00
2010.05.05 16:30:47.922,0.79715,0.7975,2.40,1.00
2010.05.05 16:30:48.103,0.7971,0.79755,2.50,3.60
2010.05.05 16:30:48.547,0.7971,0.79755,4.80,3.30
2010.05.05 16:30:50.165,0.7971,0.7975,4.00,1.00
2010.05.05 16:30:50.404,0.79715,0.7976,4.80,4.80
2010.05.05 16:30:50.633,0.79715,0.7976,4.80,2.40
2010.05.05 16:30:51.107,0.7972,0.7976,1.60,1.00
2010.05.05 16:30:53.044,0.7972,0.79755,1.60,1.00
2010.05.05 16:30:53.684,0.79715,0.7976,1.00,4.90
2010.05.05 16:30:53.902,0.7971,0.79755,2.40,3.20
2010.05.05 16:30:54.122,0.79715,0.7976,3.20,4.90
2010.05.05 16:30:54.342,0.7971,0.79755,4.80,1.00
2010.05.05 16:30:54.816,0.79715,0.7976,1.00,4.90
2010.05.05 16:30:55.152,0.7972,0.7976,1.60,1.00
2010.05.05 16:30:56.393,0.7972,0.79755,1.60,1.00
2010.05.05 16:30:56.851,0.79715,0.79755,4.80,1.00
2010.05.05 16:30:57.375,0.7972,0.79755,1.60,1.00
2010.05.05 16:30:57.643,0.79715,0.79755,4.80,1.00
2010.05.05 16:31:01.813,0.79715,0.79755,4.80,1.00
2010.05.05 16:31:03.228,0.79715,0.7976,4.80,3.30
2010.05.05 16:31:04.722,0.79715,0.7976,4.90,3.20
2010.05.05 16:31:05.224,0.7971,0.79755,4.90,1.00
2010.05.05 16:31:05.382,0.7971,0.79755,4.80,1.00
2010.05.05 16:31:06.194,0.7971,0.79755,4.80,1.00
2010.05.05 16:31:07.272,0.79705,0.79745,2.50,1.00
2010.05.05 16:31:07.667,0.7971,0.79745,1.60,1.00
2010.05.05 16:31:07.913,0.7971,0.79755,2.40,4.90
2010.05.05 16:31:08.383,0.7971,0.79755,4.80,4.80
2010.05.05 16:31:08.843,0.79715,0.79755,4.00,1.00
2010.05.05 16:31:09.452,0.79715,0.7976,4.80,1.00
2010.05.05 16:31:10.233,0.79715,0.7976,4.80,1.00
2010.05.05 16:31:10.725,0.79715,0.7976,3.20,1.00
2010.05.05 16:31:10.951,0.79715,0.79755,1.00,1.00
2010.05.05 16:31:11.990,0.7971,0.79755,4.80,1.00
2010.05.05 16:31:12.362,0.7971,0.79755,4.80,3.20
2010.05.05 16:31:12.902,0.79715,0.79755,4.00,1.00
2010.05.05 16:31:13.062,0.79715,0.79755,4.80,1.00
2010.05.05 16:31:13.663,0.79715,0.7976,4.80,1.00
2010.05.05 16:31:13.903,0.79715,0.7976,4.80,1.00
2010.05.05 16:31:14.142,0.7971,0.79755,4.80,1.00
2010.05.05 16:31:14.684,0.7971,0.79755,4.80,1.00
2010.05.05 16:31:15.118,0.7971,0.79755,4.80,1.00
2010.05.05 16:31:15.452,0.7971,0.7975,4.80,1.00
2010.05.05 16:31:16.132,0.7971,0.79755,4.80,1.00
2010.05.05 16:31:17.325,0.7971,0.79755,4.80,1.00
2010.05.05 16:31:19.063,0.7971,0.7975,4.80,1.00
2010.05.05 16:31:25.316,0.7971,0.79755,4.90,1.00
2010.05.05 16:31:25.563,0.7971,0.79755,4.80,1.00
2010.05.05 16:31:25.991,0.7971,0.79755,4.80,1.00
2010.05.05 16:31:26.254,0.79715,0.79755,4.00,1.00
2010.05.05 16:31:26.523,0.7971,0.79755,4.80,4.90
2010.05.05 16:31:27.083,0.7971,0.79755,4.80,1.00
2010.05.05 16:31:28.374,0.7971,0.79755,5.20,1.00
2010.05.05 16:31:28.493,0.79715,0.79755,2.40,2.50
2010.05.05 16:31:28.613,0.7971,0.79755,4.80,4.90
2010.05.05 16:31:28.732,0.7971,0.79755,4.80,1.00
2010.05.05 16:31:30.632,0.79715,0.79755,1.00,1.00
2010.05.05 16:31:31.239,0.7971,0.79755,4.80,1.00
2010.05.05 16:31:31.472,0.7971,0.79755,4.90,1.00
2010.05.05 16:31:31.712,0.7971,0.79755,4.80,1.00
2010.05.05 16:31:31.952,0.79715,0.7976,3.20,4.90
2010.05.05 16:31:35.072,0.79715,0.7976,3.20,4.80
2010.05.05 16:31:38.562,0.79715,0.7976,4.80,2.40
2010.05.05 16:31:41.642,0.7972,0.7976,1.60,1.00
2010.05.05 16:31:43.878,0.79715,0.7976,4.80,2.40
2010.05.05 16:31:44.404,0.79715,0.7976,4.80,4.80
2010.05.05 16:31:44.673,0.79715,0.7976,4.80,2.40
2010.05.05 16:31:44.945,0.79715,0.7975,2.40,1.60
2010.05.05 16:31:45.563,0.79705,0.7975,4.80,4.80
2010.05.05 16:31:46.192,0.7971,0.7975,3.20,1.70
2010.05.05 16:31:47.175,0.7971,0.7975,3.20,1.60
2010.05.05 16:31:47.442,0.7971,0.7975,3.20,1.00
2010.05.05 16:31:48.812,0.79715,0.7975,1.60,1.00
2010.05.05 16:31:49.142,0.79715,0.7975,1.60,1.00
2010.05.05 16:31:49.312,0.79705,0.7975,2.40,4.90
2010.05.05 16:31:49.843,0.797,0.79745,3.20,4.90
2010.05.05 16:31:50.012,0.797,0.7974,1.60,1.00
2010.05.05 16:31:50.202,0.797,0.7974,3.20,1.60
2010.05.05 16:31:50.784,0.7971,0.7975,2.40,1.00
2010.05.05 16:31:50.973,0.79705,0.7975,3.20,3.30
2010.05.05 16:31:51.993,0.7971,0.79755,3.20,4.90
2010.05.05 16:31:52.332,0.7971,0.79755,4.80,4.90
2010.05.05 16:31:54.144,0.7971,0.79755,4.80,4.80
2010.05.05 16:31:57.034,0.79715,0.79755,1.00,1.60
2010.05.05 16:31:57.333,0.79715,0.79755,4.80,1.00
2010.05.05 16:31:58.328,0.79715,0.79755,3.20,1.00
2010.05.05 16:31:58.634,0.7971,0.79755,4.80,4.80
2010.05.05 16:31:58.854,0.7971,0.79755,4.90,4.80
2010.05.05 16:31:59.075,0.7971,0.79755,4.90,2.40
2010.05.05 16:32:00.852,0.79715,0.79755,3.20,1.60
2010.05.05 16:32:01.112,0.79715,0.7976,4.80,2.50
2010.05.05 16:32:01.903,0.7972,0.7976,1.00,1.60
2010.05.05 16:32:02.475,0.7972,0.7976,2.40,2.50
2010.05.05 16:32:02.683,0.79715,0.7976,3.20,4.80
2010.05.05 16:32:02.883,0.79715,0.79755,2.40,1.00
2010.05.05 16:32:03.212,0.79715,0.7976,3.20,4.90
2010.05.05 16:32:04.097,0.79715,0.7976,3.20,4.80
2010.05.05 16:32:05.163,0.79715,0.7976,3.20,4.90
2010.05.05 16:32:07.232,0.79715,0.7976,4.80,2.50
2010.05.05 16:32:08.293,0.79715,0.7976,5.20,1.00
2010.05.05 16:32:08.572,0.79715,0.7976,3.60,4.90
2010.05.05 16:32:08.762,0.79715,0.7976,3.20,4.90
2010.05.05 16:32:10.713,0.79715,0.7976,3.60,3.30
2010.05.05 16:32:10.802,0.79715,0.7976,3.60,4.90
2010.05.05 16:32:10.892,0.79715,0.7976,3.20,4.90
2010.05.05 16:32:16.502,0.79715,0.7976,4.80,2.50
2010.05.05 16:32:20.814,0.79715,0.7976,4.90,1.00
2010.05.05 16:32:21.022,0.79725,0.79765,1.60,3.30
2010.05.05 16:32:21.233,0.79715,0.7976,3.20,4.80
2010.05.05 16:32:21.864,0.79715,0.79755,1.60,1.00
2010.05.05 16:32:22.072,0.79715,0.7976,4.80,2.50
2010.05.05 16:32:23.252,0.79715,0.7976,4.80,2.40
2010.05.05 16:32:24.148,0.79715,0.7976,4.80,2.40
2010.05.05 16:32:27.275,0.79725,0.79765,1.00,2.50
2010.05.05 16:32:27.473,0.79725,0.7976,1.00,1.00
2010.05.05 16:32:27.663,0.7972,0.7976,4.80,1.00
2010.05.05 16:32:27.853,0.7972,0.79765,3.20,4.90
2010.05.05 16:32:28.221,0.7972,0.79765,3.20,2.50
2010.05.05 16:32:28.414,0.7972,0.79765,4.80,2.40
2010.05.05 16:32:28.754,0.79725,0.7977,3.20,3.30
2010.05.05 16:32:29.452,0.79725,0.7977,3.30,3.20
2010.05.05 16:32:29.792,0.79725,0.79765,3.20,1.00
2010.05.05 16:32:30.132,0.79725,0.7977,1.00,3.30
2010.05.05 16:32:30.591,0.79725,0.7977,3.20,3.30
2010.05.05 16:32:36.872,0.79725,0.79765,2.40,1.00
2010.05.05 16:32:37.361,0.79725,0.79765,2.40,2.50
2010.05.05 16:32:37.545,0.7972,0.7976,4.80,1.00
2010.05.05 16:32:40.450,0.79715,0.7976,3.30,1.00
2010.05.05 16:32:41.343,0.79715,0.7976,3.30,1.00
2010.05.05 16:32:43.893,0.79715,0.7976,3.30,3.20
2010.05.05 16:32:44.595,0.79715,0.7976,4.90,2.80
2010.05.05 16:32:44.783,0.7973,0.7977,1.60,1.00
2010.05.05 16:32:45.167,0.7973,0.79775,4.80,5.30
2010.05.05 16:32:45.484,0.79725,0.7977,4.80,2.40
2010.05.05 16:32:46.123,0.7973,0.7977,3.20,1.60
2010.05.05 16:32:46.469,0.79735,0.7977,2.40,1.60
2010.05.05 16:32:46.792,0.79735,0.79775,3.20,1.60
2010.05.05 16:32:48.545,0.79735,0.79775,1.00,2.50
2010.05.05 16:32:52.001,0.79735,0.79775,1.00,1.70
2010.05.05 16:32:52.172,0.79735,0.79775,3.30,1.60
2010.05.05 16:32:53.205,0.7974,0.79775,1.00,1.60
2010.05.05 16:32:54.282,0.79735,0.79775,3.20,1.60
2010.05.05 16:32:54.452,0.79735,0.79775,1.00,2.40
2010.05.05 16:32:54.622,0.79735,0.79775,1.00,1.00
2010.05.05 16:32:55.029,0.79735,0.79775,2.40,1.00
2010.05.05 16:32:57.032,0.79735,0.79775,2.40,1.00
2010.05.05 16:32:57.695,0.79735,0.79775,1.00,2.50
2010.05.05 16:32:59.491,0.79735,0.79775,1.00,2.40
2010.05.05 16:32:59.714,0.79735,0.7977,1.00,1.00
2010.05.05 16:32:59.936,0.79735,0.7977,1.00,1.60
2010.05.05 16:33:00.299,0.7973,0.7977,3.20,1.60
2010.05.05 16:33:00.742,0.79725,0.7977,4.90,2.40
2010.05.05 16:33:03.321,0.7973,0.7977,1.00,2.40
2010.05.05 16:33:03.492,0.7973,0.7977,1.00,1.60
2010.05.05 16:33:03.662,0.79725,0.7977,4.90,2.40
2010.05.05 16:33:04.556,0.7973,0.7977,1.00,2.40
2010.05.05 16:33:04.742,0.7973,0.7977,3.30,1.60
2010.05.05 16:33:07.983,0.7973,0.7977,3.20,1.60
2010.05.05 16:33:08.359,0.7973,0.79765,2.40,1.60
2010.05.05 16:33:08.404,0.79725,0.79765,3.20,1.60
2010.05.05 16:33:08.454,0.79725,0.79765,3.20,1.60
2010.05.05 16:33:08.584,0.79725,0.79765,3.20,1.70
2010.05.05 16:33:08.973,0.7973,0.79765,1.60,1.00
2010.05.05 16:33:09.313,0.79735,0.7978,3.20,3.30
2010.05.05 16:33:09.653,0.79735,0.7978,3.20,3.20
2010.05.05 16:33:10.087,0.7974,0.7978,1.60,3.20
2010.05.05 16:33:10.425,0.7974,0.7978,2.40,1.00
2010.05.05 16:33:10.762,0.79735,0.7978,4.80,4.80
2010.05.05 16:33:11.643,0.7974,0.79785,2.40,4.90
2010.05.05 16:33:11.982,0.7974,0.79785,4.80,4.80
2010.05.05 16:33:12.323,0.79735,0.7978,3.20,3.20
2010.05.05 16:33:13.033,0.79735,0.7978,3.20,3.30
2010.05.05 16:33:14.064,0.79735,0.7978,3.20,3.20
2010.05.05 16:33:17.013,0.7974,0.79785,4.80,4.90
2010.05.05 16:33:17.252,0.79735,0.7978,4.80,1.60
2010.05.05 16:33:17.372,0.79735,0.7978,4.80,4.80
2010.05.05 16:33:17.491,0.79735,0.7978,4.80,2.40
2010.05.05 16:33:17.612,0.79735,0.79785,4.80,4.90
2010.05.05 16:33:18.373,0.7974,0.79785,3.20,4.80
2010.05.05 16:33:18.671,0.7974,0.79785,4.80,4.80
2010.05.05 16:33:18.972,0.7974,0.79785,4.80,4.80
2010.05.05 16:33:26.053,0.7974,0.7978,3.20,1.60
2010.05.05 16:33:26.482,0.7974,0.79785,4.80,4.80
2010.05.05 16:33:32.314,0.7974,0.7978,4.80,1.00
2010.05.05 16:33:32.432,0.7974,0.79785,4.80,4.80
2010.05.05 16:33:32.552,0.7974,0.79785,2.40,4.80
2010.05.05 16:33:33.014,0.7974,0.79785,4.80,4.90
2010.05.05 16:33:43.088,0.79745,0.7979,3.20,1.00
2010.05.05 16:33:43.144,0.7975,0.7979,1.00,1.00
2010.05.05 16:33:43.823,0.7975,0.7979,3.20,1.00
2010.05.05 16:33:43.885,0.7975,0.79795,4.90,4.80
2010.05.05 16:33:44.845,0.79745,0.79785,3.30,1.60
2010.05.05 16:33:45.523,0.7975,0.7979,3.20,1.60
2010.05.05 16:33:46.314,0.7975,0.7979,3.30,1.60
2010.05.05 16:33:46.655,0.7975,0.7979,3.20,1.60
2010.05.05 16:33:49.072,0.79755,0.7979,1.00,1.60
2010.05.05 16:33:49.132,0.79755,0.798,4.80,2.40
2010.05.05 16:33:49.526,0.79755,0.798,4.80,4.80
2010.05.05 16:33:50.802,0.79755,0.798,4.80,3.20
2010.05.05 16:34:01.014,0.79755,0.7979,1.60,1.00
2010.05.05 16:34:01.183,0.7975,0.7979,4.80,1.00
2010.05.05 16:34:01.622,0.7975,0.7979,2.40,1.00
2010.05.05 16:34:01.794,0.79755,0.798,3.20,3.20
2010.05.05 16:34:01.963,0.79755,0.798,3.20,3.20
2010.05.05 16:34:02.302,0.79755,0.798,3.20,3.30
2010.05.05 16:34:02.930,0.79755,0.798,3.20,2.50
2010.05.05 16:34:03.273,0.7976,0.79805,2.40,4.00
2010.05.05 16:34:03.572,0.7976,0.798,4.80,1.00
2010.05.05 16:34:03.967,0.7976,0.798,4.00,1.00
2010.05.05 16:34:04.273,0.79755,0.798,3.20,3.30
2010.05.05 16:34:04.628,0.79755,0.79795,3.20,1.00
2010.05.05 16:34:04.933,0.79755,0.79795,1.00,2.50
2010.05.05 16:34:05.484,0.79745,0.7979,3.20,3.20
2010.05.05 16:34:06.163,0.7974,0.79785,3.30,1.00
2010.05.05 16:34:06.322,0.7974,0.79785,3.20,1.00
2010.05.05 16:34:07.085,0.7974,0.79785,3.30,1.00
2010.05.05 16:34:10.320,0.79745,0.7979,1.00,3.30
2010.05.05 16:34:10.350,0.79745,0.7979,3.20,3.30
2010.05.05 16:34:10.436,0.7975,0.7979,1.00,1.00
2010.05.05 16:34:11.514,0.7975,0.7979,1.00,1.00
2010.05.05 16:34:11.853,0.7975,0.7979,3.20,1.60
2010.05.05 16:34:12.193,0.79745,0.7979,3.30,3.20
2010.05.05 16:34:13.162,0.7975,0.7979,1.60,1.00
2010.05.05 16:34:13.563,0.7975,0.79795,4.90,4.80
2010.05.05 16:34:13.783,0.79745,0.79785,1.00,2.40
2010.05.05 16:34:14.012,0.7974,0.79785,4.90,2.40
2010.05.05 16:34:14.352,0.7974,0.79785,4.80,2.50
2010.05.05 16:34:15.163,0.79745,0.7979,3.20,3.20
2010.05.05 16:34:16.097,0.79745,0.7979,3.30,3.20
2010.05.05 16:34:16.432,0.79745,0.7979,3.20,3.30
2010.05.05 16:34:16.992,0.79745,0.7979,3.20,3.20
2010.05.05 16:34:17.102,0.79745,0.7979,3.30,3.20
2010.05.05 16:34:20.207,0.79745,0.7979,3.20,3.20
2010.05.05 16:34:21.628,0.79745,0.7979,3.20,3.30
2010.05.05 16:34:23.993,0.79745,0.79785,3.20,1.00
2010.05.05 16:34:24.707,0.7974,0.7978,1.00,1.00
2010.05.05 16:34:26.173,0.7974,0.7978,1.00,3.20
2010.05.05 16:34:26.492,0.79735,0.7978,3.30,4.80
2010.05.05 16:34:27.494,0.7974,0.7978,1.00,1.00
2010.05.05 16:34:29.173,0.7974,0.7978,1.00,1.00
2010.05.05 16:34:29.413,0.7974,0.7978,1.00,1.00
2010.05.05 16:34:31.295,0.7974,0.7978,1.00,1.00
2010.05.05 16:34:32.390,0.7974,0.7978,1.00,1.00
2010.05.05 16:34:33.342,0.7974,0.7978,1.00,1.00
2010.05.05 16:34:34.368,0.7974,0.7978,1.00,1.00
2010.05.05 16:34:35.813,0.79735,0.7978,4.90,1.00
2010.05.05 16:34:42.065,0.7974,0.7978,1.00,1.00
2010.05.05 16:34:42.172,0.7974,0.79785,1.00,3.20
2010.05.05 16:34:42.281,0.7974,0.79785,3.30,3.20
2010.05.05 16:34:45.253,0.7974,0.79785,3.20,3.20
2010.05.05 16:34:46.435,0.7974,0.79785,3.20,3.20
2010.05.05 16:34:46.657,0.7974,0.79785,3.20,3.30
2010.05.05 16:34:49.117,0.7974,0.79785,3.20,3.20
2010.05.05 16:34:53.132,0.7974,0.7978,1.00,1.00
2010.05.05 16:34:54.200,0.7974,0.7978,1.00,1.00
2010.05.05 16:35:06.687,0.7974,0.7978,1.00,1.00
2010.05.05 16:35:06.783,0.7974,0.79785,1.00,3.20
2010.05.05 16:35:07.520,0.7975,0.7979,1.60,3.30
2010.05.05 16:35:07.616,0.7975,0.7979,3.20,2.40
2010.05.05 16:35:07.714,0.7975,0.79785,1.00,1.60
2010.05.05 16:35:08.381,0.7974,0.7977,2.40,2.40
2010.05.05 16:35:08.735,0.79725,0.79765,2.40,1.20
2010.05.05 16:35:09.035,0.7972,0.79765,1.00,3.20
2010.05.05 16:35:09.334,0.7972,0.7976,1.00,1.00
2010.05.05 16:35:09.975,0.7972,0.7977,2.80,1.00
2010.05.05 16:35:10.313,0.7973,0.79775,3.20,3.30
2010.05.05 16:35:11.364,0.7973,0.79775,3.20,3.20
2010.05.05 16:35:12.044,0.7973,0.7978,3.20,2.40
2010.05.05 16:35:12.383,0.7974,0.79785,3.20,3.30
2010.05.05 16:35:12.737,0.7974,0.79785,4.80,3.30
2010.05.05 16:35:12.995,0.79735,0.7978,4.90,1.00
2010.05.05 16:35:13.604,0.79735,0.7978,4.80,3.30
2010.05.05 16:35:13.977,0.79735,0.79775,4.80,1.00
2010.05.05 16:35:14.321,0.7973,0.79775,4.90,4.80
2010.05.05 16:35:14.614,0.7973,0.79775,4.90,1.00
2010.05.05 16:35:14.903,0.79735,0.7978,4.80,3.30
2010.05.05 16:35:15.549,0.7974,0.79785,1.00,4.80
2010.05.05 16:35:15.805,0.79745,0.7979,4.80,4.90
2010.05.05 16:35:17.322,0.79745,0.7979,3.20,4.90
2010.05.05 16:35:17.662,0.7974,0.79785,2.40,3.30
2010.05.05 16:35:18.015,0.7974,0.7978,1.00,1.60
2010.05.05 16:35:24.494,0.7974,0.79785,1.00,4.90
2010.05.05 16:35:24.933,0.7974,0.79785,2.40,4.90
2010.05.05 16:35:25.622,0.7974,0.79785,4.80,4.90
2010.05.05 16:35:27.162,0.7974,0.79785,3.20,4.90
2010.05.05 16:35:27.502,0.79745,0.79785,1.60,3.30
2010.05.05 16:35:31.607,0.79745,0.79785,2.40,1.00
2010.05.05 16:35:32.176,0.7974,0.79775,4.40,1.00
2010.05.05 16:35:32.513,0.7973,0.7977,1.00,3.20
2010.05.05 16:35:32.853,0.7972,0.79765,5.30,3.20
2010.05.05 16:35:33.244,0.7973,0.79765,1.60,2.40
2010.05.05 16:35:33.555,0.7973,0.79775,3.60,1.00
2010.05.05 16:35:34.313,0.7973,0.79775,3.60,1.00
2010.05.05 16:35:35.292,0.7973,0.79775,3.60,1.00
2010.05.05 16:35:36.683,0.7973,0.7977,1.00,3.20
2010.05.05 16:35:36.993,0.7973,0.79775,4.80,1.00
2010.05.05 16:35:37.618,0.79725,0.7977,3.60,3.20
2010.05.05 16:35:38.913,0.79725,0.79765,3.60,1.60
2010.05.05 16:35:39.493,0.7972,0.79765,4.90,2.40
2010.05.05 16:35:40.283,0.79725,0.7977,4.80,3.30
2010.05.05 16:35:40.903,0.79725,0.7977,5.20,3.20
2010.05.05 16:35:41.093,0.7973,0.7977,2.40,2.40
2010.05.05 16:35:41.282,0.7973,0.7977,4.80,1.00
2010.05.05 16:35:41.472,0.79725,0.7977,4.80,3.20
2010.05.05 16:35:42.384,0.7973,0.7977,1.60,3.20
2010.05.05 16:35:43.221,0.7973,0.7977,1.60,3.30
2010.05.05 16:35:47.212,0.79725,0.7977,4.80,3.30
2010.05.05 16:35:48.273,0.79735,0.7977,1.60,1.00
2010.05.05 16:35:48.707,0.7973,0.79775,3.20,2.40
2010.05.05 16:35:48.974,0.7972,0.7976,1.00,1.00
2010.05.05 16:35:49.804,0.79725,0.7977,1.00,3.60
2010.05.05 16:35:50.550,0.79725,0.79765,1.00,1.00
2010.05.05 16:35:50.802,0.7972,0.7976,2.50,1.00
2010.05.05 16:35:51.374,0.79725,0.7977,1.00,4.90
2010.05.05 16:35:51.952,0.79725,0.7977,1.00,4.80
2010.05.05 16:35:53.382,0.79725,0.79765,1.00,1.60
2010.05.05 16:35:53.970,0.7973,0.7977,1.60,3.20
2010.05.05 16:35:54.133,0.7973,0.7977,1.70,3.20
2010.05.05 16:35:54.601,0.79735,0.7977,1.60,2.40
2010.05.05 16:35:54.765,0.79735,0.7978,3.20,4.90
2010.05.05 16:35:56.464,0.79735,0.79775,3.20,1.00
2010.05.05 16:35:56.785,0.7973,0.79775,4.80,1.00
2010.05.05 16:35:57.024,0.7973,0.79775,2.40,3.30
2010.05.05 16:35:57.482,0.7973,0.79775,1.00,4.90
2010.05.05 16:36:04.962,0.7973,0.79775,2.40,3.30
2010.05.05 16:36:08.324,0.79735,0.79775,1.60,1.00
2010.05.05 16:36:10.062,0.7973,0.79775,3.20,2.50
2010.05.05 16:36:10.404,0.7973,0.79775,1.00,4.90
2010.05.05 16:36:10.565,0.79725,0.7977,4.80,3.30
2010.05.05 16:36:10.734,0.79725,0.7977,4.90,3.20
2010.05.05 16:36:11.044,0.7973,0.7977,1.00,1.00
2010.05.05 16:36:11.428,0.7973,0.7977,1.60,1.00
2010.05.05 16:36:11.850,0.7972,0.79765,4.90,1.00
2010.05.05 16:36:13.783,0.79725,0.7977,4.80,3.30
2010.05.05 16:36:14.648,0.7973,0.79775,1.00,3.30
2010.05.05 16:36:14.695,0.7973,0.7977,1.00,1.60
2010.05.05 16:36:14.918,0.7973,0.7977,2.40,1.00
2010.05.05 16:36:15.255,0.79725,0.79765,2.00,2.40
2010.05.05 16:36:15.934,0.79725,0.7977,4.80,3.30
2010.05.05 16:36:16.263,0.79725,0.7977,3.20,3.30
2010.05.05 16:36:20.222,0.79725,0.7977,4.80,3.30
2010.05.05 16:36:20.516,0.79725,0.7977,3.20,3.30
2010.05.05 16:36:22.433,0.79725,0.79765,3.20,1.00
2010.05.05 16:36:22.562,0.79725,0.79765,2.40,1.00
2010.05.05 16:36:22.692,0.7972,0.79765,3.20,1.00
2010.05.05 16:36:27.574,0.7972,0.79765,3.20,3.30
2010.05.05 16:36:27.913,0.7972,0.79765,3.20,2.40
2010.05.05 16:36:28.083,0.7972,0.79775,3.20,3.30
2010.05.05 16:36:29.105,0.7972,0.79775,3.30,3.30
2010.05.05 16:36:30.119,0.7972,0.79775,3.20,3.20
2010.05.05 16:36:30.353,0.7973,0.79775,3.20,3.20
2010.05.05 16:36:30.923,0.79735,0.7978,4.80,4.90
2010.05.05 16:36:31.592,0.79735,0.7978,3.20,4.80
2010.05.05 16:36:32.747,0.79735,0.7978,3.20,4.90
2010.05.05 16:36:33.006,0.79735,0.79775,3.20,1.00
2010.05.05 16:36:33.421,0.79735,0.79775,2.40,1.00
2010.05.05 16:36:33.763,0.7973,0.79775,3.20,1.00
2010.05.05 16:36:36.280,0.7973,0.79775,3.60,1.00
2010.05.05 16:36:36.868,0.79735,0.79775,1.00,1.00
2010.05.05 16:36:37.173,0.79735,0.7978,3.30,4.80
2010.05.05 16:36:42.404,0.7973,0.79775,1.00,3.20
2010.05.05 16:36:42.703,0.7972,0.7977,3.30,3.20
2010.05.05 16:36:44.005,0.7972,0.7977,3.20,3.20
2010.05.05 16:36:46.800,0.7972,0.7977,3.20,2.40
2010.05.05 16:36:47.105,0.79725,0.79765,2.40,1.00
2010.05.05 16:36:47.624,0.7972,0.79775,3.60,3.30
2010.05.05 16:36:47.876,0.7972,0.79775,3.70,3.30
2010.05.05 16:36:48.082,0.7972,0.79765,3.30,2.40
2010.05.05 16:36:48.283,0.7972,0.79765,3.30,3.20
2010.05.05 16:36:49.087,0.7972,0.79765,3.20,3.20
2010.05.05 16:36:49.886,0.7972,0.79765,3.60,3.20
2010.05.05 16:36:50.172,0.7972,0.79765,3.60,3.30
2010.05.05 16:36:51.627,0.7974,0.79765,1.00,3.30
2010.05.05 16:36:51.792,0.7974,0.79765,1.00,3.20
2010.05.05 16:36:51.922,0.7974,0.79765,1.00,1.00
2010.05.05 16:36:52.052,0.79745,0.7977,1.00,3.20
2010.05.05 16:36:52.554,0.79745,0.7977,1.00,3.30
2010.05.05 16:36:52.812,0.79745,0.7977,1.00,2.50
2010.05.05 16:36:53.153,0.79745,0.7977,1.00,3.30
2010.05.05 16:36:57.823,0.7975,0.7977,1.00,2.50
2010.05.05 16:36:57.972,0.7975,0.7977,1.00,1.00
2010.05.05 16:36:58.888,0.7975,0.79775,1.00,3.30
2010.05.05 16:36:59.144,0.79735,0.79775,1.00,3.20
2010.05.05 16:36:59.393,0.79735,0.79775,1.00,4.80
2010.05.05 16:37:00.083,0.7974,0.79775,1.00,2.40
2010.05.05 16:37:00.373,0.7974,0.79775,1.00,1.00
2010.05.05 16:37:01.728,0.79735,0.7977,1.00,1.00
2010.05.05 16:37:02.562,0.79735,0.79775,1.00,4.80
2010.05.05 16:37:03.872,0.79735,0.79775,1.00,2.40
2010.05.05 16:37:04.133,0.7974,0.79775,1.00,4.80
2010.05.05 16:37:04.845,0.79735,0.79775,1.00,4.80
2010.05.05 16:37:05.063,0.79735,0.79775,1.00,3.20
2010.05.05 16:37:05.283,0.79735,0.79775,1.00,4.80
2010.05.05 16:37:06.239,0.7973,0.79775,3.30,4.80
2010.05.05 16:37:15.111,0.79725,0.7977,4.80,4.80
2010.05.05 16:37:15.481,0.79725,0.7977,4.80,3.20
2010.05.05 16:37:15.783,0.7972,0.79765,4.80,3.20
2010.05.05 16:37:17.392,0.7972,0.79765,4.80,3.20
2010.05.05 16:37:18.211,0.7972,0.79765,4.80,3.30
2010.05.05 16:37:18.412,0.7972,0.79765,4.80,4.90
2010.05.05 16:37:19.063,0.79715,0.7976,3.20,3.30
2010.05.05 16:37:19.344,0.79715,0.7976,3.20,3.20
2010.05.05 16:37:19.714,0.7972,0.7976,1.00,2.40
2010.05.05 16:37:19.824,0.7972,0.79765,3.20,4.90
2010.05.05 16:37:20.319,0.7972,0.79765,3.30,4.80
2010.05.05 16:37:20.654,0.79725,0.7977,4.80,3.30
2010.05.05 16:37:21.153,0.79725,0.7977,3.20,3.30
2010.05.05 16:37:21.638,0.79725,0.7977,3.20,3.20
2010.05.05 16:37:21.793,0.7973,0.7977,1.00,1.00
2010.05.05 16:37:22.602,0.7973,0.79765,1.00,1.00
2010.05.05 16:37:22.943,0.7972,0.79765,3.20,3.20
2010.05.05 16:37:27.282,0.79725,0.79765,1.00,2.40
2010.05.05 16:37:27.733,0.79725,0.7977,4.80,1.00
2010.05.05 16:37:27.993,0.7973,0.7977,1.00,1.00
2010.05.05 16:37:29.763,0.7973,0.7977,1.00,3.20
2010.05.05 16:37:30.014,0.79725,0.7977,3.20,3.20
2010.05.05 16:37:31.462,0.7973,0.7977,1.00,3.20
2010.05.05 16:37:32.093,0.7973,0.7977,1.00,1.00
2010.05.05 16:37:34.245,0.7973,0.7977,1.00,1.00
2010.05.05 16:37:34.693,0.7973,0.7977,1.00,1.00
2010.05.05 16:37:34.843,0.79725,0.79765,2.40,2.40
2010.05.05 16:37:35.189,0.7972,0.79765,3.20,2.40
2010.05.05 16:37:35.336,0.7973,0.7977,1.00,1.00
2010.05.05 16:37:49.362,0.7973,0.7976,1.00,1.00
2010.05.05 16:37:49.561,0.7973,0.7976,1.00,1.00
2010.05.05 16:37:49.728,0.7973,0.7976,3.30,1.00
2010.05.05 16:37:56.977,0.7973,0.7976,1.00,1.00
2010.05.05 16:37:57.274,0.7972,0.7976,4.90,1.00
2010.05.05 16:37:58.166,0.79725,0.7976,1.00,1.00
2010.05.05 16:37:58.776,0.7972,0.7976,4.90,1.00
2010.05.05 16:37:59.563,0.7972,0.79755,4.90,1.00
2010.05.05 16:38:03.682,0.79725,0.79765,4.80,1.00
2010.05.05 16:38:03.863,0.79725,0.7976,4.70,1.00
2010.05.05 16:38:04.428,0.79725,0.7976,3.10,1.00
2010.05.05 16:38:04.513,0.79725,0.7976,4.70,1.00
2010.05.05 16:38:04.603,0.7973,0.7976,1.00,1.00
2010.05.05 16:38:04.694,0.7973,0.7976,1.00,1.00
2010.05.05 16:38:05.683,0.7973,0.79765,3.30,1.00
2010.05.05 16:38:07.194,0.79725,0.7976,1.00,1.00
2010.05.05 16:38:07.453,0.7972,0.7975,2.40,1.00
2010.05.05 16:38:07.714,0.7972,0.79755,3.20,1.00
2010.05.05 16:38:08.314,0.79715,0.7975,3.20,1.00
2010.05.05 16:38:10.068,0.7972,0.79755,3.20,1.00
2010.05.05 16:38:10.354,0.7972,0.79745,1.00,1.60
2010.05.05 16:38:10.613,0.7972,0.79755,3.20,1.00
2010.05.05 16:38:10.873,0.79725,0.79765,2.40,1.00
2010.05.05 16:38:11.262,0.79725,0.79765,3.20,1.00
2010.05.05 16:38:11.530,0.79725,0.7976,1.00,1.00
2010.05.05 16:38:11.844,0.79725,0.7976,3.20,1.00
2010.05.05 16:38:12.163,0.79715,0.79755,3.20,1.00
2010.05.05 16:38:12.813,0.79715,0.79755,3.20,1.00
2010.05.05 16:38:13.153,0.79715,0.79755,3.20,1.00
2010.05.05 16:38:14.424,0.7971,0.79755,4.90,1.00
2010.05.05 16:38:14.703,0.79715,0.79755,3.20,1.00
2010.05.05 16:38:14.983,0.79725,0.7976,3.20,1.00
2010.05.05 16:38:15.684,0.79725,0.79755,1.00,1.00
2010.05.05 16:38:16.004,0.79715,0.7975,1.60,1.00
2010.05.05 16:38:16.543,0.7972,0.7976,1.00,2.90
2010.05.05 16:38:16.833,0.7972,0.7976,1.00,1.00
2010.05.05 16:38:17.122,0.7972,0.79755,1.00,1.00
2010.05.05 16:38:17.464,0.79715,0.7975,3.20,1.00
2010.05.05 16:38:17.802,0.79715,0.79755,3.20,1.00
2010.05.05 16:38:18.774,0.7972,0.7976,3.20,1.00
2010.05.05 16:38:19.043,0.7972,0.7976,1.00,1.00
2010.05.05 16:38:19.313,0.79715,0.7975,3.20,1.00
2010.05.05 16:38:22.460,0.79715,0.7976,3.20,2.90
2010.05.05 16:38:22.672,0.7971,0.79755,4.90,2.00
2010.05.05 16:38:22.773,0.79715,0.79755,1.00,2.00
2010.05.05 16:38:23.233,0.79715,0.79755,1.00,2.00
2010.05.05 16:38:23.340,0.79705,0.7975,4.80,1.00
2010.05.05 16:38:23.676,0.79705,0.7975,4.90,4.80
2010.05.05 16:38:24.005,0.7971,0.7976,3.20,2.80
2010.05.05 16:38:24.676,0.79705,0.79755,4.80,1.00
2010.05.05 16:38:25.129,0.79705,0.79755,4.90,1.00
2010.05.05 16:38:27.050,0.79705,0.7976,4.90,3.70
2010.05.05 16:38:30.080,0.79705,0.79755,4.80,1.00
2010.05.05 16:38:30.823,0.79705,0.7975,2.40,1.00
2010.05.05 16:38:31.143,0.797,0.7975,3.20,2.50
2010.05.05 16:38:32.018,0.797,0.7975,1.00,2.50
2010.05.05 16:38:32.293,0.79705,0.79745,1.00,2.00
2010.05.05 16:38:32.634,0.7971,0.79745,1.00,1.60
2010.05.05 16:38:33.333,0.79715,0.79755,1.00,1.00
2010.05.05 16:38:33.673,0.79715,0.79755,1.00,1.00
2010.05.05 16:38:34.274,0.7971,0.7975,1.00,1.20
2010.05.05 16:38:34.544,0.79715,0.79755,1.00,1.00
2010.05.05 16:38:34.884,0.7972,0.79755,1.00,1.00
2010.05.05 16:38:35.222,0.7972,0.79755,1.00,1.00
2010.05.05 16:38:35.910,0.7972,0.7976,1.00,3.30
2010.05.05 16:38:36.114,0.7972,0.7976,1.00,3.20
2010.05.05 16:38:36.314,0.7972,0.7976,1.00,1.00
2010.05.05 16:38:36.639,0.7972,0.7976,1.00,1.00
2010.05.05 16:38:37.705,0.79715,0.7976,3.30,1.00
2010.05.05 16:38:38.321,0.79715,0.7976,3.30,2.80
2010.05.05 16:38:38.463,0.7972,0.7976,1.00,3.20
2010.05.05 16:38:38.604,0.79715,0.7976,3.20,3.30
2010.05.05 16:38:38.991,0.79715,0.7976,3.20,1.00
2010.05.05 16:38:39.133,0.79715,0.7976,3.20,3.30
2010.05.05 16:38:40.055,0.7972,0.7976,1.00,3.20
2010.05.05 16:38:40.688,0.79715,0.7976,3.30,1.00
2010.05.05 16:38:41.197,0.79715,0.7976,3.20,1.00
2010.05.05 16:38:42.683,0.7972,0.7976,1.00,1.00
2010.05.05 16:38:43.023,0.7972,0.7976,1.00,1.00
2010.05.05 16:38:43.754,0.7971,0.79755,2.80,3.30
2010.05.05 16:38:44.715,0.7971,0.79755,2.80,1.00
2010.05.05 16:38:44.993,0.7972,0.7976,1.00,3.30
2010.05.05 16:38:46.312,0.7972,0.7976,1.00,1.00
2010.05.05 16:38:47.013,0.7972,0.7976,1.00,1.20
2010.05.05 16:38:47.652,0.79715,0.7976,3.20,1.20
2010.05.05 16:38:47.993,0.79715,0.79755,3.20,1.00
2010.05.05 16:38:48.400,0.7972,0.79755,1.00,1.00
2010.05.05 16:38:49.364,0.79715,0.79755,3.20,1.00
2010.05.05 16:38:49.819,0.79715,0.7976,3.20,3.30
2010.05.05 16:38:50.544,0.7972,0.7976,1.00,3.30
2010.05.05 16:38:55.724,0.79725,0.79765,1.60,3.30
2010.05.05 16:38:57.555,0.79725,0.7976,1.60,1.00
2010.05.05 16:39:00.406,0.79725,0.7976,1.60,1.00
2010.05.05 16:39:00.517,0.79725,0.7976,2.40,1.00
2010.05.05 16:39:02.723,0.79725,0.7976,4.80,1.00
2010.05.05 16:39:03.345,0.7973,0.7977,2.40,1.30
2010.05.05 16:39:03.504,0.7972,0.79755,3.20,1.00
2010.05.05 16:39:03.784,0.79705,0.79755,3.60,3.60
2010.05.05 16:39:04.429,0.797,0.79745,3.20,1.00
2010.05.05 16:39:05.044,0.797,0.79745,1.00,3.20
2010.05.05 16:39:05.383,0.797,0.79745,1.00,3.20
2010.05.05 16:39:06.063,0.797,0.79745,1.00,3.20
2010.05.05 16:39:06.233,0.797,0.79745,1.00,3.30
2010.05.05 16:39:09.513,0.79695,0.7974,4.50,1.00
2010.05.05 16:39:09.950,0.79695,0.7974,4.50,3.20
2010.05.05 16:39:11.443,0.797,0.7974,1.00,3.20
2010.05.05 16:39:11.614,0.79705,0.79745,1.60,1.00
2010.05.05 16:39:11.784,0.79705,0.79745,2.10,1.00
2010.05.05 16:39:12.171,0.79705,0.7975,2.90,3.20
2010.05.05 16:39:12.457,0.79705,0.79745,2.90,1.00
2010.05.05 16:39:12.744,0.797,0.79745,2.90,3.20
2010.05.05 16:39:13.124,0.797,0.79745,2.80,3.30
2010.05.05 16:39:13.422,0.7972,0.79765,3.20,3.20
2010.05.05 16:39:13.764,0.7972,0.79765,3.60,3.20
2010.05.05 16:39:14.456,0.7972,0.7976,1.00,1.00
2010.05.05 16:39:15.203,0.7972,0.7976,1.00,1.00
2010.05.05 16:39:15.543,0.7972,0.7976,1.00,1.00
2010.05.05 16:39:17.553,0.79715,0.7976,3.20,1.00
2010.05.05 16:39:18.104,0.79715,0.7975,2.40,1.00
2010.05.05 16:39:18.233,0.79695,0.7975,2.80,3.20
2010.05.05 16:39:18.784,0.7969,0.7973,2.00,1.00
2010.05.05 16:39:18.883,0.79685,0.79735,4.50,3.20
2010.05.05 16:39:19.084,0.79695,0.79735,1.60,2.40
2010.05.05 16:39:19.507,0.79695,0.7974,4.00,3.20
2010.05.05 16:39:19.615,0.79695,0.7974,2.40,3.20
2010.05.05 16:39:20.023,0.79695,0.7974,2.40,3.20
2010.05.05 16:39:20.362,0.79695,0.7974,2.40,3.30
2010.05.05 16:39:20.703,0.79695,0.7974,2.40,3.20
2010.05.05 16:39:21.334,0.79695,0.7974,2.50,3.20
2010.05.05 16:39:22.908,0.79695,0.7974,2.50,3.00
2010.05.05 16:39:23.789,0.79695,0.7974,2.50,3.20
2010.05.05 16:39:25.292,0.79695,0.7974,2.90,3.20
2010.05.05 16:39:30.874,0.79695,0.7974,2.80,1.00
2010.05.05 16:39:31.133,0.797,0.7974,1.00,1.00
2010.05.05 16:39:32.158,0.797,0.7974,1.00,1.00
2010.05.05 16:39:32.363,0.79695,0.7974,2.90,1.00
2010.05.05 16:39:32.573,0.797,0.7974,1.00,1.00
2010.05.05 16:39:33.189,0.797,0.7974,1.00,1.00
2010.05.05 16:39:33.964,0.797,0.7974,1.00,1.00
2010.05.05 16:39:35.069,0.797,0.7974,1.00,1.00
2010.05.05 16:39:36.133,0.797,0.7974,1.00,1.00
2010.05.05 16:39:36.273,0.797,0.79745,1.00,3.20
2010.05.05 16:39:36.413,0.797,0.79745,3.30,3.20
2010.05.05 16:39:37.188,0.797,0.79745,3.30,3.20
2010.05.05 16:39:37.523,0.797,0.79745,3.30,1.00
2010.05.05 16:39:37.863,0.79705,0.79745,2.40,1.00
2010.05.05 16:39:38.436,0.79695,0.7974,4.80,3.20
2010.05.05 16:39:38.774,0.79695,0.79735,1.60,3.20
2010.05.05 16:39:39.114,0.79685,0.7973,4.80,1.00
2010.05.05 16:39:40.000,0.797,0.79745,1.00,3.30
2010.05.05 16:39:40.933,0.797,0.7974,1.00,1.00
2010.05.05 16:39:41.473,0.79695,0.7974,4.80,1.00
2010.05.05 16:39:41.673,0.797,0.79745,1.00,3.30
2010.05.05 16:39:42.953,0.797,0.79745,1.00,3.20
2010.05.05 16:39:43.633,0.79695,0.7974,4.80,1.00
2010.05.05 16:39:43.783,0.79695,0.7974,4.80,3.30
2010.05.05 16:39:44.743,0.797,0.79745,1.00,3.20
2010.05.05 16:39:45.746,0.797,0.7974,1.00,1.00
2010.05.05 16:39:46.140,0.79695,0.7974,4.80,1.00
2010.05.05 16:39:46.474,0.79695,0.79735,1.00,1.00
2010.05.05 16:39:52.175,0.79695,0.79735,1.00,1.00
2010.05.05 16:39:53.327,0.79695,0.79735,1.00,1.00
2010.05.05 16:39:53.734,0.79695,0.79735,2.00,1.00
2010.05.05 16:39:54.014,0.79705,0.79745,1.00,3.20
2010.05.05 16:39:54.574,0.797,0.79745,1.00,3.20
2010.05.05 16:39:55.147,0.797,0.7974,1.00,3.20
2010.05.05 16:39:59.763,0.797,0.7974,1.00,3.30
2010.05.05 16:39:59.893,0.79695,0.79735,1.00,1.00
2010.05.05 16:40:01.283,0.79695,0.79735,1.00,1.00
2010.05.05 16:40:02.843,0.797,0.7974,1.00,3.20
2010.05.05 16:40:03.893,0.797,0.7974,1.00,3.20
2010.05.05 16:40:04.056,0.797,0.7974,1.00,2.40
2010.05.05 16:40:04.216,0.79705,0.79745,1.00,3.30
2010.05.05 16:40:10.347,0.79705,0.79745,1.00,3.20
2010.05.05 16:40:14.585,0.79705,0.7974,1.00,3.30
2010.05.05 16:40:15.865,0.79705,0.7974,1.00,3.20
2010.05.05 16:40:16.203,0.79705,0.79745,1.00,3.30
2010.05.05 16:40:19.947,0.797,0.79745,1.00,3.30
2010.05.05 16:40:21.728,0.79695,0.7974,4.80,3.20
2010.05.05 16:40:21.944,0.79695,0.7974,4.80,3.20
2010.05.05 16:40:22.425,0.79695,0.7974,4.80,3.20
2010.05.05 16:40:22.645,0.79695,0.7974,4.80,3.20
2010.05.05 16:40:22.984,0.797,0.7974,1.00,1.60
2010.05.05 16:40:23.704,0.79685,0.7973,3.20,3.20
2010.05.05 16:40:24.044,0.7968,0.7972,1.00,1.00
2010.05.05 16:40:24.384,0.7968,0.7972,1.00,3.20
2010.05.05 16:40:25.024,0.7967,0.79715,4.90,1.00
2010.05.05 16:40:25.313,0.79675,0.79715,1.00,1.00
2010.05.05 16:40:25.891,0.79685,0.7972,1.00,1.00
2010.05.05 16:40:26.235,0.79685,0.7972,1.00,3.20
2010.05.05 16:40:26.575,0.79685,0.7972,1.00,1.00
2010.05.05 16:40:27.914,0.79685,0.79715,1.00,1.60
2010.05.05 16:40:28.153,0.7968,0.79715,1.00,1.60
2010.05.05 16:40:30.076,0.79675,0.79715,3.20,1.60
2010.05.05 16:40:31.133,0.7968,0.7972,1.00,1.00
2010.05.05 16:40:31.394,0.7967,0.79715,4.90,1.00
2010.05.05 16:40:32.883,0.7968,0.7972,1.00,3.20
2010.05.05 16:40:33.306,0.7968,0.7972,1.00,1.00
2010.05.05 16:40:33.643,0.7968,0.7972,1.00,1.00
2010.05.05 16:40:34.293,0.7968,0.7972,1.00,1.00
2010.05.05 16:40:34.848,0.7968,0.7972,1.00,1.00
2010.05.05 16:40:35.084,0.7968,0.7972,2.40,2.40
2010.05.05 16:40:35.322,0.7968,0.79725,4.80,1.00
2010.05.05 16:40:35.957,0.7968,0.79725,4.90,1.00
2010.05.05 16:40:36.293,0.7969,0.7973,1.60,3.20
2010.05.05 16:40:37.167,0.7969,0.7973,1.60,3.30
2010.05.05 16:40:37.511,0.7968,0.7972,1.00,1.00
2010.05.05 16:40:37.829,0.7968,0.79725,3.30,3.20
2010.05.05 16:40:39.096,0.7968,0.7972,3.20,1.00
2010.05.05 16:40:39.388,0.7968,0.7972,1.00,1.00
2010.05.05 16:40:41.245,0.7968,0.7972,1.00,3.20
2010.05.05 16:40:41.344,0.79675,0.7972,4.80,3.20
2010.05.05 16:40:41.443,0.7968,0.7972,1.00,3.20
2010.05.05 16:40:41.543,0.7968,0.7972,1.00,1.00
2010.05.05 16:40:41.865,0.7968,0.7972,1.00,1.00
2010.05.05 16:40:41.963,0.7968,0.7972,3.30,1.00
2010.05.05 16:40:42.644,0.7968,0.79725,3.30,3.20
2010.05.05 16:40:46.334,0.7968,0.7972,1.00,4.80
2010.05.05 16:40:46.636,0.79685,0.79725,1.60,3.20
2010.05.05 16:40:47.605,0.79675,0.7972,4.80,3.20
2010.05.05 16:40:48.118,0.79675,0.7972,4.90,3.20
2010.05.05 16:40:48.648,0.79675,0.7972,4.80,3.30
2010.05.05 16:40:48.954,0.79675,0.7972,1.00,3.30
2010.05.05 16:40:49.254,0.7967,0.79715,3.20,1.00
2010.05.05 16:40:49.927,0.7967,0.79715,1.00,3.20
2010.05.05 16:40:51.868,0.79675,0.7972,2.40,3.20
2010.05.05 16:40:52.134,0.7968,0.7972,1.00,3.20
2010.05.05 16:40:52.403,0.7968,0.7972,1.00,3.20
2010.05.05 16:40:52.673,0.7968,0.7972,1.00,3.20
2010.05.05 16:40:54.294,0.79675,0.7972,4.90,3.20
2010.05.05 16:40:55.605,0.79675,0.7972,4.80,3.20
2010.05.05 16:40:57.908,0.7968,0.7972,1.00,3.20
2010.05.05 16:40:58.113,0.79685,0.79725,1.00,4.80
2010.05.05 16:40:58.610,0.79685,0.7972,1.00,1.00
2010.05.05 16:40:58.826,0.79685,0.79725,1.00,3.20
2010.05.05 16:40:59.165,0.7968,0.79725,1.60,4.80
2010.05.05 16:40:59.504,0.7968,0.7972,1.60,3.20
2010.05.05 16:41:00.626,0.7968,0.79715,1.60,3.20
2010.05.05 16:41:00.964,0.7968,0.7972,1.60,3.20
2010.05.05 16:41:01.512,0.7967,0.79715,4.80,3.20
2010.05.05 16:41:01.603,0.7968,0.79715,1.60,2.40
2010.05.05 16:41:01.692,0.7968,0.7972,1.60,3.20
2010.05.05 16:41:08.068,0.7968,0.7972,1.60,3.30
2010.05.05 16:41:08.223,0.7968,0.79715,1.60,1.00
2010.05.05 16:41:08.382,0.7968,0.79715,1.60,1.00
2010.05.05 16:41:08.543,0.79675,0.79715,1.60,3.20
2010.05.05 16:41:09.114,0.7968,0.7972,1.60,3.20
2010.05.05 16:41:10.035,0.7967,0.79715,4.90,3.20
2010.05.05 16:41:10.914,0.7967,0.79715,4.80,3.20
2010.05.05 16:41:11.133,0.7967,0.79715,4.80,3.30
2010.05.05 16:41:11.353,0.7967,0.79715,4.80,3.20
2010.05.05 16:41:12.856,0.79675,0.79715,1.00,1.00
2010.05.05 16:41:15.593,0.7968,0.7972,2.40,1.00
2010.05.05 16:41:16.305,0.7968,0.7972,1.60,1.00
2010.05.05 16:41:16.533,0.7968,0.7972,1.60,3.20
2010.05.05 16:41:16.763,0.7968,0.7972,1.60,3.20
2010.05.05 16:41:18.192,0.7968,0.7972,1.60,3.30
2010.05.05 16:41:19.346,0.7968,0.7972,1.60,3.20
2010.05.05 16:41:19.944,0.7968,0.7972,2.50,1.00
2010.05.05 16:41:21.057,0.7968,0.7972,2.40,1.00
2010.05.05 16:41:21.394,0.7968,0.79715,1.60,3.20
2010.05.05 16:41:21.733,0.7968,0.79715,1.60,1.00
2010.05.05 16:41:22.231,0.7968,0.79715,1.60,3.20
2010.05.05 16:41:23.410,0.7968,0.79715,1.60,3.30
2010.05.05 16:41:23.746,0.79675,0.79715,1.60,3.20
2010.05.05 16:41:25.523,0.79695,0.79715,1.60,2.40
2010.05.05 16:41:26.031,0.79695,0.7972,1.60,1.00
2010.05.05 16:41:26.360,0.79685,0.79715,1.60,1.00
2010.05.05 16:41:26.664,0.7968,0.79715,1.60,3.20
2010.05.05 16:41:27.493,0.7968,0.79715,1.60,1.00
2010.05.05 16:41:27.911,0.7968,0.79715,1.60,1.00
2010.05.05 16:41:28.641,0.7968,0.79715,1.60,1.00
2010.05.05 16:41:28.973,0.79685,0.79715,1.60,1.00
2010.05.05 16:41:30.476,0.7967,0.79715,4.90,4.80
2010.05.05 16:41:32.851,0.79675,0.79715,1.00,4.80
2010.05.05 16:41:33.002,0.7967,0.79715,4.90,4.80
2010.05.05 16:41:33.153,0.7967,0.79715,4.90,2.40
2010.05.05 16:41:33.302,0.7967,0.79715,4.90,4.80
2010.05.05 16:41:33.634,0.79675,0.7971,1.00,1.00
2010.05.05 16:41:34.061,0.79675,0.7971,2.00,1.00
2010.05.05 16:41:34.362,0.79695,0.7972,1.60,3.20
2010.05.05 16:41:35.012,0.79685,0.79725,2.40,2.40
2010.05.05 16:41:35.295,0.79685,0.79725,1.60,3.20
2010.05.05 16:41:36.774,0.79685,0.79725,1.60,3.30
2010.05.05 16:41:37.113,0.79685,0.7972,1.60,1.00
2010.05.05 16:41:37.453,0.79685,0.7972,1.60,1.00
2010.05.05 16:41:38.924,0.79685,0.7972,1.60,3.20
2010.05.05 16:41:39.185,0.79685,0.79725,1.60,3.20
2010.05.05 16:41:41.125,0.79685,0.79725,1.60,3.30
2010.05.05 16:41:41.263,0.79685,0.7972,1.60,1.00
2010.05.05 16:41:41.404,0.79685,0.7972,1.00,1.00
2010.05.05 16:41:41.544,0.79685,0.79725,1.00,2.40
2010.05.05 16:41:41.971,0.79685,0.7973,1.00,3.20
2010.05.05 16:41:42.104,0.797,0.79735,1.00,3.20
2010.05.05 16:41:44.193,0.7969,0.79735,3.30,3.20
2010.05.05 16:41:44.355,0.79695,0.79735,1.00,3.20
2010.05.05 16:41:46.454,0.7969,0.79735,3.20,3.30
2010.05.05 16:41:46.713,0.79685,0.79725,4.00,1.00
2010.05.05 16:41:46.842,0.7968,0.79725,3.30,3.20
2010.05.05 16:41:47.395,0.79685,0.79725,1.00,3.20
2010.05.05 16:41:47.524,0.79695,0.79735,1.60,3.20
2010.05.05 16:41:53.023,0.797,0.79735,1.00,3.20
2010.05.05 16:41:53.364,0.79705,0.7974,1.60,3.20
2010.05.05 16:41:53.552,0.79705,0.7974,1.60,1.00
2010.05.05 16:41:53.933,0.79705,0.79745,1.60,3.20
2010.05.05 16:42:00.751,0.79705,0.79745,1.60,3.30
2010.05.05 16:42:00.903,0.79705,0.7974,1.60,1.00
2010.05.05 16:42:03.791,0.79695,0.7974,4.50,1.00
2010.05.05 16:42:04.021,0.797,0.79735,1.00,1.00
2010.05.05 16:42:04.863,0.797,0.79745,1.00,3.20
2010.05.05 16:42:05.147,0.797,0.79745,1.00,3.20
2010.05.05 16:42:05.434,0.797,0.79745,1.00,3.30
2010.05.05 16:42:05.938,0.79705,0.79745,1.00,3.20
2010.05.05 16:42:06.273,0.797,0.79745,1.00,3.20
2010.05.05 16:42:06.781,0.797,0.79745,1.00,3.30
2010.05.05 16:42:07.983,0.797,0.79745,2.80,3.30
2010.05.05 16:42:08.326,0.79705,0.79745,2.10,2.40
2010.05.05 16:42:08.664,0.79705,0.7975,4.50,3.20
2010.05.05 16:42:13.805,0.79705,0.7975,4.90,3.20
2010.05.05 16:42:13.964,0.79705,0.7975,4.80,3.30
2010.05.05 16:42:14.125,0.797,0.79745,3.30,1.00
2010.05.05 16:42:14.364,0.79705,0.7975,2.40,3.30
2010.05.05 16:42:18.644,0.79705,0.7975,4.90,3.20
2010.05.05 16:42:30.722,0.79705,0.7975,4.80,3.30
2010.05.05 16:42:31.064,0.79705,0.7975,2.40,3.30
2010.05.05 16:42:33.950,0.79705,0.7975,2.00,3.30
2010.05.05 16:42:34.433,0.79705,0.7975,2.10,3.20
2010.05.05 16:42:34.513,0.79705,0.7975,4.50,3.20
2010.05.05 16:42:35.314,0.79705,0.7975,2.40,3.30
2010.05.05 16:42:37.935,0.797,0.79745,2.80,1.00
2010.05.05 16:42:38.404,0.797,0.7974,1.00,1.00
2010.05.05 16:42:38.614,0.79705,0.7975,2.00,4.80
2010.05.05 16:42:38.823,0.79705,0.7975,2.00,4.80
2010.05.05 16:42:39.163,0.7971,0.79755,4.40,4.80
2010.05.05 16:42:39.994,0.79715,0.79755,1.00,4.80
2010.05.05 16:42:40.254,0.7971,0.79755,4.40,4.80
2010.05.05 16:42:40.514,0.79715,0.79755,1.00,4.80
2010.05.05 16:42:41.244,0.79715,0.79755,2.10,3.20
2010.05.05 16:42:41.584,0.79715,0.79755,1.60,3.20
2010.05.05 16:42:43.103,0.79715,0.79755,1.60,3.20
2010.05.05 16:42:43.443,0.79715,0.79755,1.60,3.20
2010.05.05 16:42:43.964,0.7972,0.79755,1.60,3.20
2010.05.05 16:42:44.155,0.79715,0.79755,1.60,3.20
2010.05.05 16:42:45.655,0.79715,0.79755,1.60,3.20
2010.05.05 16:42:45.854,0.79715,0.79755,1.60,3.30
2010.05.05 16:42:46.547,0.79715,0.7975,1.60,1.00
2010.05.05 16:42:46.855,0.79715,0.7975,1.60,1.00
2010.05.05 16:42:47.273,0.79705,0.79745,4.00,1.00
2010.05.05 16:42:47.585,0.797,0.7974,2.10,1.00
2010.05.05 16:42:47.913,0.797,0.7974,1.00,2.40
2010.05.05 16:42:48.244,0.79705,0.79745,1.60,1.00
2010.05.05 16:42:48.904,0.797,0.79745,2.10,3.20
2010.05.05 16:42:49.419,0.79705,0.79745,1.00,3.20
2010.05.05 16:42:49.950,0.797,0.79745,4.50,1.00
2010.05.05 16:42:50.195,0.79705,0.79745,2.00,1.00
2010.05.05 16:42:52.324,0.79705,0.7975,2.10,3.20
2010.05.05 16:42:52.974,0.79705,0.7975,2.00,3.20
2010.05.05 16:42:53.623,0.79715,0.79755,1.60,3.20
2010.05.05 16:42:54.674,0.79715,0.7975,1.60,3.20
2010.05.05 16:42:55.013,0.79705,0.7975,4.80,3.20
2010.05.05 16:42:55.671,0.79705,0.7975,2.40,3.20
2010.05.05 16:42:59.064,0.79705,0.79745,1.60,1.00
2010.05.05 16:42:59.406,0.79705,0.7975,2.40,3.20
2010.05.05 16:43:01.048,0.79715,0.7975,1.60,3.20
2010.05.05 16:43:01.383,0.79715,0.79755,1.60,3.20
2010.05.05 16:43:02.257,0.7971,0.7975,1.00,2.40
2010.05.05 16:43:02.547,0.79705,0.7975,4.80,3.20
2010.05.05 16:43:03.923,0.7971,0.7975,1.00,3.20
2010.05.05 16:43:04.893,0.7971,0.79755,2.00,4.80
2010.05.05 16:43:06.644,0.7971,0.7975,2.00,1.00
2010.05.05 16:43:06.883,0.7971,0.7975,1.00,1.00
2010.05.05 16:43:07.123,0.7971,0.7975,1.00,3.20
2010.05.05 16:43:16.564,0.7971,0.79745,1.00,1.00
2010.05.05 16:43:16.764,0.7971,0.79745,1.00,3.20
2010.05.05 16:43:17.204,0.79715,0.7975,1.60,2.40
2010.05.05 16:43:17.303,0.79715,0.79755,1.60,1.00
2010.05.05 16:43:18.046,0.79705,0.7975,1.00,3.20
2010.05.05 16:43:18.385,0.79705,0.7975,4.90,1.00
2010.05.05 16:43:19.372,0.79715,0.7975,2.40,2.40
2010.05.05 16:43:19.694,0.7971,0.7975,1.00,3.20
2010.05.05 16:43:20.265,0.7971,0.7975,1.00,3.20
2010.05.05 16:43:20.974,0.7971,0.7975,1.00,3.30
2010.05.05 16:43:22.393,0.7971,0.7975,1.00,3.20
2010.05.05 16:43:25.653,0.7971,0.7975,2.80,1.00
2010.05.05 16:43:25.853,0.7971,0.79755,3.20,1.00
2010.05.05 16:43:26.053,0.7971,0.7975,1.00,2.40
2010.05.05 16:43:26.253,0.7971,0.7975,2.80,1.00
2010.05.05 16:43:26.453,0.7971,0.79755,3.20,1.00
2010.05.05 16:43:26.882,0.79715,0.79755,1.60,1.00
2010.05.05 16:43:27.076,0.79715,0.79755,2.40,2.40
2010.05.05 16:43:27.274,0.7971,0.7975,2.40,1.00
2010.05.05 16:43:27.474,0.7971,0.79745,2.40,1.00
2010.05.05 16:43:28.174,0.7969,0.79735,4.90,1.00
2010.05.05 16:43:28.514,0.79695,0.7974,1.00,3.20
2010.05.05 16:43:28.854,0.79705,0.7974,1.60,3.20
2010.05.05 16:43:29.545,0.79685,0.7973,4.90,3.20
2010.05.05 16:43:30.070,0.7969,0.7973,1.00,1.00
2010.05.05 16:43:30.395,0.79685,0.79725,1.60,3.20
2010.05.05 16:43:30.714,0.7969,0.7973,1.00,2.40
2010.05.05 16:43:31.104,0.7969,0.79735,3.20,3.30
2010.05.05 16:43:31.435,0.79695,0.79735,1.00,2.40
2010.05.05 16:43:31.775,0.79695,0.79735,1.00,1.00
2010.05.05 16:43:33.155,0.79695,0.79735,1.00,1.00
2010.05.05 16:43:40.093,0.79695,0.79735,1.00,4.10
2010.05.05 16:43:40.304,0.7969,0.79735,4.80,3.20
2010.05.05 16:43:40.513,0.7969,0.79735,3.20,4.80
2010.05.05 16:43:41.162,0.7969,0.79735,3.30,4.80
2010.05.05 16:43:41.843,0.79695,0.79735,1.00,4.80
2010.05.05 16:43:42.494,0.79695,0.79735,3.20,1.60
2010.05.05 16:43:42.836,0.79695,0.79735,1.00,4.10
2010.05.05 16:43:43.174,0.7969,0.79735,2.80,4.90
2010.05.05 16:43:47.103,0.7969,0.79735,3.20,4.90
2010.05.05 16:43:47.283,0.7969,0.7973,3.20,1.00
2010.05.05 16:43:47.603,0.7969,0.7973,3.20,1.00
2010.05.05 16:43:48.247,0.7969,0.79725,3.20,1.00
2010.05.05 16:43:48.741,0.7969,0.7973,2.40,1.00
2010.05.05 16:43:48.935,0.79685,0.79725,1.00,2.40
2010.05.05 16:43:49.134,0.79685,0.7973,1.00,3.30
2010.05.05 16:43:50.593,0.79685,0.7973,1.00,3.20
2010.05.05 16:43:55.683,0.79685,0.7973,3.20,3.20
2010.05.05 16:43:56.506,0.79685,0.7973,1.00,3.20
2010.05.05 16:44:03.841,0.79685,0.7973,3.20,3.20
2010.05.05 16:44:04.125,0.79685,0.7973,3.20,3.30
2010.05.05 16:44:04.264,0.79675,0.79725,3.20,3.20
2010.05.05 16:44:04.404,0.7968,0.79725,1.60,3.30
2010.05.05 16:44:04.543,0.79685,0.79725,1.00,1.00
2010.05.05 16:44:05.044,0.7969,0.7973,4.80,1.00
2010.05.05 16:44:05.373,0.7969,0.7973,3.20,1.00
2010.05.05 16:44:05.886,0.7969,0.79735,3.20,4.90
2010.05.05 16:44:18.623,0.79695,0.79735,1.00,4.90
2010.05.05 16:44:18.963,0.7969,0.79735,3.20,4.90
2010.05.05 16:44:19.304,0.7969,0.79735,3.60,4.80
2010.05.05 16:44:19.874,0.7969,0.79735,4.80,4.80
2010.05.05 16:44:20.114,0.7969,0.79735,4.90,3.20
2010.05.05 16:44:21.055,0.7969,0.79735,4.80,4.90
2010.05.05 16:44:24.496,0.7969,0.79735,4.90,4.80
2010.05.05 16:44:24.675,0.7969,0.79735,4.90,3.20
2010.05.05 16:44:25.643,0.7969,0.79735,4.90,4.80
2010.05.05 16:44:27.786,0.7969,0.79735,4.80,3.30
2010.05.05 16:44:32.177,0.7969,0.79735,4.80,4.90
2010.05.05 16:44:34.484,0.7969,0.7973,3.20,1.00
2010.05.05 16:44:34.645,0.79685,0.79725,1.60,1.00
2010.05.05 16:44:34.804,0.79685,0.79725,1.60,3.20
2010.05.05 16:44:34.965,0.79685,0.79725,1.00,2.40
2010.05.05 16:44:35.465,0.7969,0.7973,1.00,1.00
2010.05.05 16:44:35.964,0.79685,0.79725,3.20,1.60
2010.05.05 16:44:37.127,0.79685,0.79725,3.30,1.60
2010.05.05 16:44:37.555,0.79685,0.79725,3.20,1.60
2010.05.05 16:44:37.864,0.7968,0.79725,5.30,2.40
2010.05.05 16:44:38.645,0.79695,0.7973,1.60,1.00
2010.05.05 16:44:38.914,0.7969,0.7973,1.00,1.00
2010.05.05 16:44:39.617,0.7969,0.7973,1.00,1.00
2010.05.05 16:44:39.955,0.79695,0.79735,2.40,1.00
2010.05.05 16:44:40.294,0.7969,0.7973,1.00,1.00
2010.05.05 16:44:43.352,0.7969,0.7973,1.00,1.00
2010.05.05 16:44:43.594,0.7969,0.79735,3.30,3.20
2010.05.05 16:44:43.714,0.7969,0.79735,3.30,1.00
2010.05.05 16:44:48.304,0.79695,0.7974,1.00,3.20
2010.05.05 16:44:48.613,0.79695,0.7974,3.20,3.20
2010.05.05 16:44:49.732,0.79705,0.7974,2.40,1.60
2010.05.05 16:44:50.025,0.797,0.7974,1.00,1.60
2010.05.05 16:44:50.430,0.797,0.79735,1.00,1.60
2010.05.05 16:44:50.676,0.797,0.79735,1.60,1.00
2010.05.05 16:44:51.275,0.797,0.79745,4.80,4.90
2010.05.05 16:44:51.617,0.79695,0.7974,3.20,1.00
2010.05.05 16:44:52.129,0.79695,0.7974,3.30,1.00
2010.05.05 16:44:59.355,0.797,0.7974,1.00,1.00
2010.05.05 16:44:59.691,0.797,0.7974,2.50,1.00
2010.05.05 16:44:59.852,0.79705,0.79745,2.40,1.00
2010.05.05 16:45:00.004,0.79705,0.7975,3.20,3.20
2010.05.05 16:45:00.948,0.79705,0.79745,3.20,1.00
2010.05.05 16:45:01.399,0.79705,0.79745,2.40,1.00
2010.05.05 16:45:01.736,0.79705,0.7974,1.60,1.00
2010.05.05 16:45:03.573,0.79705,0.79745,1.60,3.30
2010.05.05 16:45:03.914,0.7971,0.7975,1.60,1.00
2010.05.05 16:45:04.608,0.7971,0.7975,4.00,1.00
2010.05.05 16:45:04.744,0.79705,0.7974,2.40,2.40
2010.05.05 16:45:05.044,0.797,0.7974,1.00,1.60
2010.05.05 16:45:05.854,0.797,0.79745,2.40,4.80
2010.05.05 16:45:06.396,0.797,0.79745,2.40,4.90
2010.05.05 16:45:06.733,0.797,0.79745,4.90,4.80
2010.05.05 16:45:08.815,0.797,0.79745,4.80,4.90
2010.05.05 16:45:08.993,0.797,0.7974,4.80,1.00
2010.05.05 16:45:09.173,0.797,0.7974,1.60,1.00
2010.05.05 16:45:09.333,0.797,0.7974,1.60,3.30
2010.05.05 16:45:09.494,0.797,0.7974,1.60,3.20
2010.05.05 16:45:09.653,0.797,0.7974,2.40,2.40
2010.05.05 16:45:09.813,0.797,0.79745,2.40,4.90
2010.05.05 16:45:10.405,0.79705,0.7975,3.20,3.30
2010.05.05 16:45:10.664,0.79705,0.79745,1.00,2.40
2010.05.05 16:45:10.925,0.797,0.79745,4.80,3.20
2010.05.05 16:45:11.555,0.79715,0.7975,1.00,1.00
2010.05.05 16:45:12.233,0.79715,0.7975,1.00,1.00
2010.05.05 16:45:13.373,0.79715,0.79745,1.00,1.00
2010.05.05 16:45:17.556,0.79715,0.7975,1.00,1.00
2010.05.05 16:45:19.143,0.79715,0.79745,1.00,1.00
2010.05.05 16:45:19.606,0.79715,0.7975,1.00,1.00
2010.05.05 16:45:21.603,0.79715,0.79745,1.00,1.60
2010.05.05 16:45:21.658,0.7971,0.79745,1.00,1.60
2010.05.05 16:45:25.913,0.7971,0.7975,1.00,1.00
2010.05.05 16:45:26.258,0.79715,0.7975,1.00,1.00
2010.05.05 16:45:29.986,0.7971,0.7975,1.00,1.00
2010.05.05 16:45:34.073,0.7971,0.79755,1.00,4.80
2010.05.05 16:45:34.193,0.79715,0.79755,1.60,1.00
2010.05.05 16:45:34.568,0.79715,0.79755,1.70,1.00
2010.05.05 16:45:34.685,0.7974,0.79775,1.00,1.60
2010.05.05 16:45:34.877,0.7974,0.79775,3.20,1.60
2010.05.05 16:45:35.364,0.79745,0.79785,1.60,3.20
2010.05.05 16:45:35.624,0.7975,0.79785,3.20,1.60
2010.05.05 16:45:35.884,0.79745,0.79785,3.20,1.60
2010.05.05 16:45:36.468,0.79745,0.79785,3.20,1.70
2010.05.05 16:45:36.703,0.79745,0.79785,3.20,1.60
2010.05.05 16:45:36.943,0.79745,0.79785,3.20,1.70
2010.05.05 16:45:49.134,0.79745,0.79785,3.20,1.60
2010.05.05 16:45:49.283,0.7975,0.7979,2.80,1.60
2010.05.05 16:45:49.655,0.7975,0.79785,2.80,1.60
2010.05.05 16:45:49.805,0.7977,0.7981,3.20,1.70
2010.05.05 16:45:49.954,0.79765,0.79805,3.20,1.60
2010.05.05 16:45:50.293,0.79765,0.7981,3.20,5.30
2010.05.05 16:45:50.985,0.79765,0.798,3.20,1.60
2010.05.05 16:45:51.305,0.79765,0.79805,3.20,1.70
2010.05.05 16:45:52.841,0.79765,0.798,3.20,1.00
2010.05.05 16:45:53.332,0.79765,0.798,2.40,1.60
2010.05.05 16:45:53.602,0.7977,0.798,1.00,2.40
2010.05.05 16:45:53.855,0.7977,0.79805,3.20,1.60
2010.05.05 16:45:54.420,0.7977,0.79815,4.80,3.20
2010.05.05 16:45:54.755,0.7977,0.79805,3.20,1.60
2010.05.05 16:45:55.094,0.7977,0.7981,3.20,1.70
2010.05.05 16:45:55.804,0.79775,0.7982,3.20,4.80
2010.05.05 16:45:56.054,0.7978,0.7982,1.00,2.40
2010.05.05 16:45:56.304,0.7978,0.7982,3.20,1.60
2010.05.05 16:45:57.013,0.7978,0.79825,3.20,2.50
2010.05.05 16:45:57.354,0.7978,0.7982,3.20,1.00
2010.05.05 16:45:57.695,0.7978,0.79825,3.20,2.50
2010.05.05 16:45:58.743,0.7978,0.79825,3.20,2.40
2010.05.05 16:45:59.141,0.79785,0.79825,1.00,1.60
2010.05.05 16:45:59.724,0.7978,0.7982,3.20,1.60
2010.05.05 16:46:00.745,0.7978,0.7982,2.40,2.40
2010.05.05 16:46:01.084,0.79775,0.7982,3.20,4.80
2010.05.05 16:46:02.132,0.7978,0.7982,1.00,4.00
2010.05.05 16:46:02.415,0.7979,0.7982,1.00,1.00
2010.05.05 16:46:02.693,0.7978,0.7982,4.80,1.00
2010.05.05 16:46:03.665,0.79785,0.79825,1.00,2.40
2010.05.05 16:46:04.011,0.79785,0.7982,1.00,1.00
2010.05.05 16:46:08.073,0.7978,0.7982,4.80,1.00
2010.05.05 16:46:08.414,0.79775,0.79815,4.80,1.00
2010.05.05 16:46:08.641,0.79775,0.79815,4.80,1.00
2010.05.05 16:46:09.077,0.79775,0.79815,3.20,1.70
2010.05.05 16:46:09.253,0.79775,0.79815,3.20,1.60
2010.05.05 16:46:09.594,0.79775,0.7982,4.80,4.90
2010.05.05 16:46:11.109,0.79775,0.7982,4.90,4.80
2010.05.05 16:46:11.363,0.7978,0.7982,3.20,2.00
2010.05.05 16:46:11.624,0.7978,0.79825,4.80,5.30
2010.05.05 16:46:12.195,0.7977,0.7981,3.20,1.60
2010.05.05 16:46:12.323,0.79775,0.79815,3.20,1.00
2010.05.05 16:46:13.116,0.79775,0.79815,3.20,1.00
2010.05.05 16:46:15.004,0.79775,0.79815,1.00,1.00
2010.05.05 16:46:17.194,0.7977,0.79805,3.20,1.00
2010.05.05 16:46:17.444,0.7976,0.79805,3.20,2.40
2010.05.05 16:46:18.075,0.79755,0.798,4.90,1.00
2010.05.05 16:46:18.244,0.7976,0.79805,4.80,2.50
2010.05.05 16:46:18.584,0.79765,0.79805,3.20,1.70
2010.05.05 16:46:19.884,0.7976,0.798,3.20,1.00
2010.05.05 16:46:20.153,0.79755,0.798,4.80,1.00
2010.05.05 16:46:20.424,0.79765,0.7981,4.80,4.90
2010.05.05 16:46:20.813,0.79765,0.7981,4.80,2.50
2010.05.05 16:46:21.163,0.79765,0.79805,4.80,1.00
2010.05.05 16:46:21.510,0.79765,0.79805,3.20,1.60
2010.05.05 16:46:22.101,0.79765,0.79805,2.40,2.50
2010.05.05 16:46:22.367,0.7976,0.79805,3.20,2.50
2010.05.05 16:46:22.625,0.7976,0.798,2.40,2.50
2010.05.05 16:46:22.964,0.79755,0.798,4.80,2.50
2010.05.05 16:46:23.654,0.79765,0.79805,1.00,1.00
2010.05.05 16:46:24.315,0.7977,0.79815,3.20,3.30
2010.05.05 16:46:24.717,0.79775,0.79815,3.20,1.00
2010.05.05 16:46:25.235,0.79775,0.7982,3.20,3.30
2010.05.05 16:46:26.383,0.79775,0.7982,3.20,4.90
2010.05.05 16:46:32.133,0.79775,0.7982,3.20,1.00
2010.05.05 16:46:32.403,0.79775,0.7982,3.20,1.00
2010.05.05 16:46:34.323,0.7978,0.7982,2.40,1.00
2010.05.05 16:46:34.463,0.7978,0.79825,2.40,4.90
2010.05.05 16:46:34.603,0.7978,0.79825,3.20,4.90
2010.05.05 16:46:36.934,0.7978,0.7982,3.20,1.00
2010.05.05 16:46:37.367,0.7978,0.7982,3.20,1.70
2010.05.05 16:46:37.435,0.79775,0.7982,3.20,4.90
2010.05.05 16:46:38.695,0.79775,0.7982,3.20,2.40
2010.05.05 16:46:39.033,0.79775,0.7982,3.20,1.00
2010.05.05 16:46:39.263,0.7978,0.79825,1.00,4.90
2010.05.05 16:46:39.776,0.7978,0.79825,3.20,4.90
2010.05.05 16:46:40.057,0.79785,0.79825,3.20,1.00
2010.05.05 16:46:40.615,0.79785,0.7982,3.20,1.00
2010.05.05 16:46:40.994,0.79785,0.7982,2.40,1.00
2010.05.05 16:46:41.273,0.7978,0.7982,3.20,1.00
2010.05.05 16:46:48.234,0.79785,0.7983,4.80,4.90
2010.05.05 16:46:48.913,0.79785,0.7983,4.80,4.50
2010.05.05 16:46:50.163,0.79785,0.79825,3.20,1.60
2010.05.05 16:46:50.344,0.7978,0.79815,1.00,1.60
2010.05.05 16:46:50.818,0.79775,0.7982,4.80,3.30
2010.05.05 16:46:50.994,0.7978,0.7982,3.20,1.00
2010.05.05 16:46:51.323,0.7978,0.7982,2.40,1.00
2010.05.05 16:46:51.653,0.79775,0.7982,3.20,1.00
2010.05.05 16:46:51.983,0.79775,0.7982,3.20,1.00
2010.05.05 16:46:53.534,0.79775,0.79815,3.20,1.00
2010.05.05 16:46:54.047,0.7977,0.79815,3.20,1.00
2010.05.05 16:46:55.705,0.7978,0.79815,3.20,1.00
2010.05.05 16:46:56.283,0.7978,0.7982,3.20,1.00
2010.05.05 16:46:57.580,0.7978,0.79815,3.20,1.00
2010.05.05 16:46:58.086,0.7978,0.79815,2.40,1.00
2010.05.05 16:46:58.425,0.7977,0.7981,3.20,1.00
2010.05.05 16:46:59.696,0.7978,0.7981,1.00,1.00
2010.05.05 16:46:59.917,0.7978,0.7982,1.00,1.70
2010.05.05 16:47:00.137,0.79775,0.79815,2.40,1.00
2010.05.05 16:47:00.686,0.7978,0.7982,1.00,2.50
2010.05.05 16:47:00.726,0.7978,0.7982,1.00,1.00
2010.05.05 16:47:01.065,0.7978,0.79815,1.00,1.00
2010.05.05 16:47:02.985,0.79775,0.79815,4.80,1.00
2010.05.05 16:47:03.184,0.7978,0.79815,1.00,1.00
2010.05.05 16:47:05.507,0.7976,0.79805,3.20,1.00
2010.05.05 16:47:05.685,0.7976,0.79805,3.60,1.00
2010.05.05 16:47:05.744,0.7978,0.79815,1.00,1.00
2010.05.05 16:47:06.235,0.79775,0.79815,2.40,1.00
2010.05.05 16:47:06.574,0.79765,0.7981,3.20,1.00
2010.05.05 16:47:07.253,0.79765,0.79805,3.20,1.00
2010.05.05 16:47:07.594,0.79765,0.798,4.80,1.00
2010.05.05 16:47:08.005,0.79765,0.798,4.00,1.00
2010.05.05 16:47:08.345,0.7976,0.798,3.20,1.00
2010.05.05 16:47:08.746,0.7976,0.79805,3.20,1.00
2010.05.05 16:47:09.144,0.79765,0.79805,3.20,1.00
2010.05.05 16:47:09.723,0.79765,0.79805,4.80,1.00
2010.05.05 16:47:10.024,0.7977,0.7981,3.20,1.00
2010.05.05 16:47:11.374,0.79765,0.7981,1.00,3.30
2010.05.05 16:47:11.703,0.79765,0.7981,2.40,3.30
2010.05.05 16:47:12.652,0.79765,0.79805,2.40,1.00
2010.05.05 16:47:14.718,0.7977,0.7981,3.20,1.00
2010.05.05 16:47:15.004,0.79765,0.7981,1.00,3.30
2010.05.05 16:47:15.294,0.79765,0.79805,1.00,1.60
2010.05.05 16:47:16.254,0.79765,0.79805,2.40,1.00
2010.05.05 16:47:18.565,0.79765,0.798,2.40,1.00
2010.05.05 16:47:19.434,0.79765,0.798,1.00,1.00
2010.05.05 16:47:20.035,0.79765,0.79805,1.00,2.50
2010.05.05 16:47:20.263,0.79765,0.79805,3.20,1.00
2010.05.05 16:47:20.494,0.7977,0.79805,3.20,1.00
2010.05.05 16:47:21.638,0.7977,0.7981,3.20,1.00
2010.05.05 16:47:29.188,0.7977,0.79805,3.20,1.60
2010.05.05 16:47:29.467,0.79765,0.7981,3.20,4.90
2010.05.05 16:47:29.879,0.79765,0.79805,3.20,1.00
2010.05.05 16:47:30.854,0.79765,0.79805,3.20,1.00
2010.05.05 16:47:31.115,0.79765,0.798,3.20,1.00
2010.05.05 16:47:31.335,0.79765,0.798,3.20,1.00
2010.05.05 16:47:37.795,0.79765,0.798,2.40,1.00
2010.05.05 16:47:38.136,0.79765,0.79805,4.80,1.00
2010.05.05 16:47:38.475,0.7977,0.7981,3.20,1.00
2010.05.05 16:47:40.207,0.7977,0.7981,3.20,1.00
2010.05.05 16:47:41.120,0.7977,0.7981,3.20,1.00
2010.05.05 16:47:46.137,0.7977,0.7981,4.80,1.00
2010.05.05 16:47:46.325,0.79775,0.7981,3.20,1.60
2010.05.05 16:47:46.624,0.79775,0.79815,3.20,1.00
2010.05.05 16:47:47.137,0.7977,0.79815,3.20,1.00
2010.05.05 16:47:47.459,0.7977,0.7981,3.20,1.00
2010.05.05 16:47:50.318,0.7977,0.7981,1.00,1.00
2010.05.05 16:47:50.698,0.79765,0.7981,4.80,1.00
2010.05.05 16:47:50.994,0.79765,0.7981,4.80,2.50
2010.05.05 16:47:52.105,0.7977,0.7981,3.20,1.60
2010.05.05 16:47:52.542,0.7977,0.7981,3.20,1.60
2010.05.05 16:47:52.704,0.7977,0.79815,3.20,2.50
2010.05.05 16:47:53.107,0.7977,0.7981,3.20,1.60
2010.05.05 16:47:57.665,0.79775,0.79815,1.00,1.00
2010.05.05 16:47:58.064,0.79775,0.79815,3.20,1.00
2010.05.05 16:48:00.086,0.79775,0.7981,3.20,1.00
2010.05.05 16:48:02.656,0.79775,0.7981,4.80,1.00
2010.05.05 16:48:02.954,0.79775,0.7982,4.80,1.00
2010.05.05 16:48:04.265,0.79775,0.79815,3.20,1.70
2010.05.05 16:48:04.597,0.79775,0.7982,4.80,4.90
2010.05.05 16:48:04.925,0.79775,0.7982,4.80,4.50
2010.05.05 16:48:06.107,0.79775,0.7982,4.80,4.40
2010.05.05 16:48:06.444,0.79775,0.79815,4.80,1.00
2010.05.05 16:48:12.596,0.79775,0.79815,4.80,1.00
2010.05.05 16:48:12.724,0.79775,0.79815,2.40,1.00
2010.05.05 16:48:12.853,0.7977,0.79815,3.20,1.00
2010.05.05 16:48:13.535,0.7977,0.7981,3.20,1.00
2010.05.05 16:48:13.874,0.7977,0.7981,3.20,1.00
2010.05.05 16:48:14.214,0.7977,0.7981,1.00,1.00
2010.05.05 16:48:21.411,0.7977,0.79805,1.00,1.00
2010.05.05 16:48:21.583,0.79765,0.79805,3.20,1.00
2010.05.05 16:48:25.235,0.7977,0.79805,2.40,1.00
2010.05.05 16:48:25.306,0.7977,0.7981,3.20,1.00
2010.05.05 16:48:32.616,0.7977,0.7981,1.00,1.00
2010.05.05 16:48:32.745,0.7977,0.7981,1.00,1.00
2010.05.05 16:48:35.895,0.7977,0.7982,3.20,3.30
2010.05.05 16:48:36.213,0.7978,0.7982,3.20,1.00
2010.05.05 16:48:36.514,0.79785,0.79825,2.40,2.50
2010.05.05 16:48:36.815,0.7979,0.7983,2.40,1.00
2010.05.05 16:48:37.113,0.7979,0.7983,3.20,1.00
2010.05.05 16:48:42.324,0.79795,0.7983,1.00,1.00
2010.05.05 16:48:49.617,0.79795,0.79835,1.00,1.00
2010.05.05 16:48:49.954,0.7979,0.79825,3.20,1.60
2010.05.05 16:48:50.622,0.7979,0.7983,3.20,1.00
2010.05.05 16:48:50.866,0.79785,0.79825,3.20,1.60
2010.05.05 16:48:51.345,0.79785,0.79825,3.20,1.70
2010.05.05 16:48:52.628,0.7979,0.7983,1.00,1.70
2010.05.05 16:48:52.848,0.7979,0.79815,1.00,1.60
2010.05.05 16:48:53.396,0.7978,0.7982,3.20,1.60
2010.05.05 16:48:53.616,0.79775,0.79815,1.00,2.40
2010.05.05 16:48:55.311,0.79775,0.79815,1.00,2.40
2010.05.05 16:48:55.475,0.79775,0.79815,1.00,2.50
2010.05.05 16:48:55.636,0.79775,0.7981,1.00,1.00
2010.05.05 16:48:55.935,0.7977,0.7981,3.20,1.00
2010.05.05 16:48:56.928,0.7977,0.79815,3.20,1.00
2010.05.05 16:49:09.510,0.7977,0.79815,3.20,1.70
2010.05.05 16:49:09.804,0.7977,0.79815,3.20,1.00
2010.05.05 16:49:30.886,0.79765,0.7981,2.40,1.00
2010.05.05 16:49:30.994,0.7977,0.7981,1.00,1.00
2010.05.05 16:49:31.104,0.7977,0.7981,3.20,1.00
2010.05.05 16:49:31.214,0.79785,0.79815,2.40,1.00
2010.05.05 16:49:31.884,0.79785,0.7982,2.80,1.00
2010.05.05 16:49:32.224,0.79785,0.79825,2.80,1.00
2010.05.05 16:49:32.564,0.79785,0.79815,2.80,1.00
2010.05.05 16:49:32.904,0.79785,0.7982,1.00,1.00
2010.05.05 16:49:33.443,0.79785,0.7982,1.00,1.00
2010.05.05 16:49:33.785,0.79785,0.7982,1.00,1.00
2010.05.05 16:49:36.958,0.7978,0.79815,2.80,1.00
2010.05.05 16:49:37.064,0.7978,0.7981,2.80,1.00
2010.05.05 16:49:37.535,0.7978,0.7981,1.00,1.00
2010.05.05 16:49:42.235,0.7977,0.79805,1.20,1.00
2010.05.05 16:49:42.778,0.7977,0.79805,1.00,1.00
2010.05.05 16:49:43.455,0.7977,0.7981,1.00,1.00
2010.05.05 16:49:44.129,0.7977,0.79815,2.80,1.00
2010.05.05 16:49:44.467,0.79765,0.7981,4.80,1.00
2010.05.05 16:49:45.057,0.79765,0.7981,4.80,1.00
2010.05.05 16:49:45.334,0.79765,0.7981,4.80,1.00
2010.05.05 16:49:46.025,0.79765,0.79805,4.80,1.00
2010.05.05 16:49:54.736,0.79765,0.798,4.80,1.00
2010.05.05 16:49:54.938,0.79765,0.7981,4.80,1.00
2010.05.05 16:49:55.427,0.7977,0.7981,2.40,1.00
2010.05.05 16:49:55.516,0.79765,0.7981,4.80,1.00
2010.05.05 16:49:56.404,0.79765,0.7981,4.80,1.00
2010.05.05 16:49:56.724,0.79765,0.79805,4.80,1.00
2010.05.05 16:49:57.714,0.79765,0.79805,4.80,1.00
2010.05.05 16:49:58.001,0.79765,0.7981,4.80,1.00
2010.05.05 16:49:59.214,0.7977,0.79815,3.20,4.90
2010.05.05 16:50:03.963,0.79775,0.79815,1.00,4.90
2010.05.05 16:50:04.104,0.79775,0.79815,1.00,4.80
2010.05.05 16:50:04.541,0.79775,0.79815,1.00,4.00
2010.05.05 16:50:04.676,0.79785,0.79815,1.00,1.60
2010.05.05 16:50:05.014,0.79785,0.7982,1.00,3.20
2010.05.05 16:50:05.355,0.79785,0.79825,1.00,2.50
2010.05.05 16:50:05.694,0.7978,0.7982,3.20,1.60
2010.05.05 16:50:06.141,0.7978,0.7982,3.20,1.60
2010.05.05 16:50:06.606,0.79785,0.7982,2.40,1.60
2010.05.05 16:50:06.855,0.7978,0.79825,3.20,1.00
2010.05.05 16:50:08.121,0.7978,0.79825,3.20,1.00
2010.05.05 16:50:08.624,0.7978,0.79825,2.40,1.00
2010.05.05 16:50:09.214,0.79775,0.7982,3.20,3.30
2010.05.05 16:50:09.740,0.79775,0.79815,3.20,1.00
2010.05.05 16:50:10.004,0.79775,0.79815,1.00,4.90
2010.05.05 16:50:10.380,0.7977,0.79815,3.20,4.90
2010.05.05 16:50:10.644,0.7977,0.79815,3.20,3.30
2010.05.05 16:50:11.168,0.7977,0.7981,3.20,1.00
2010.05.05 16:50:11.392,0.7977,0.79815,3.20,3.30
2010.05.05 16:50:11.734,0.7977,0.7981,3.20,1.00
2010.05.05 16:50:14.724,0.7977,0.7981,2.40,1.00
2010.05.05 16:50:15.112,0.7977,0.7981,3.20,1.00
2010.05.05 16:50:15.255,0.7977,0.79815,3.20,3.30
2010.05.05 16:50:22.214,0.7977,0.7981,2.40,1.00
2010.05.05 16:50:22.533,0.79765,0.7981,4.80,1.00
2010.05.05 16:50:23.526,0.79765,0.79805,4.80,1.00
2010.05.05 16:50:24.416,0.79765,0.7981,4.80,1.00
2010.05.05 16:50:30.650,0.79765,0.79805,3.20,1.60
2010.05.05 16:50:30.706,0.7977,0.7981,1.00,2.50
2010.05.05 16:50:30.764,0.7977,0.7981,1.00,1.00
2010.05.05 16:50:30.893,0.79765,0.7981,4.80,1.00
2010.05.05 16:50:34.136,0.7977,0.79815,3.20,4.90
2010.05.05 16:50:45.878,0.7977,0.7981,2.40,1.00
2010.05.05 16:50:45.994,0.79765,0.7981,4.90,1.00
2010.05.05 16:50:46.253,0.7977,0.79815,3.20,4.90
2010.05.05 16:50:48.074,0.7977,0.7981,2.40,1.00
2010.05.05 16:50:48.417,0.79765,0.7981,4.80,1.00
2010.05.05 16:50:52.615,0.7977,0.79815,1.00,4.90
2010.05.05 16:50:52.905,0.7977,0.7981,3.20,1.00
2010.05.05 16:50:53.597,0.79765,0.7981,4.80,1.00
2010.05.05 16:50:57.284,0.79765,0.79805,4.80,1.00
2010.05.05 16:50:57.897,0.79765,0.798,4.80,1.00
2010.05.05 16:50:58.125,0.79765,0.79805,3.20,1.00
2010.05.05 16:50:58.354,0.7977,0.7981,1.00,2.50
2010.05.05 16:51:04.967,0.7977,0.7981,1.00,2.40
2010.05.05 16:51:05.153,0.7977,0.7981,1.20,1.60
2010.05.05 16:51:05.335,0.7977,0.7981,3.20,1.60
2010.05.05 16:51:06.027,0.7977,0.7981,3.20,1.70
2010.05.05 16:51:06.365,0.7977,0.7981,1.00,2.50
2010.05.05 16:51:06.779,0.7977,0.7981,1.00,2.40
2010.05.05 16:51:07.476,0.7977,0.7981,3.20,1.60
2010.05.05 16:51:07.817,0.79775,0.79815,3.20,1.60
2010.05.05 16:51:09.159,0.79775,0.7982,4.40,4.90
2010.05.05 16:51:10.536,0.79775,0.7981,4.40,1.00
2010.05.05 16:51:10.735,0.79775,0.79815,2.80,1.70
2010.05.05 16:51:11.123,0.79775,0.7981,2.80,1.00
2010.05.05 16:51:11.315,0.7977,0.79815,4.80,2.50
2010.05.05 16:51:11.514,0.79775,0.7981,2.40,1.60
2010.05.05 16:51:11.804,0.7977,0.7981,3.60,1.60
2010.05.05 16:51:12.255,0.7977,0.7981,3.20,1.60
2010.05.05 16:51:12.544,0.79765,0.7981,3.20,4.80
2010.05.05 16:51:12.834,0.79765,0.7981,3.20,4.80
2010.05.05 16:51:13.174,0.7976,0.79805,3.20,3.20
2010.05.05 16:51:14.156,0.7976,0.79805,3.20,3.30
2010.05.05 16:51:16.934,0.7976,0.798,3.20,1.00
2010.05.05 16:51:17.124,0.7976,0.798,2.40,1.00
2010.05.05 16:51:17.314,0.79755,0.798,3.20,1.00
2010.05.05 16:51:17.505,0.79765,0.79805,1.20,2.50
2010.05.05 16:51:18.445,0.7976,0.79805,2.80,4.90
2010.05.05 16:51:21.977,0.7976,0.79795,2.80,1.00
2010.05.05 16:51:22.185,0.7976,0.79795,1.00,1.00
2010.05.05 16:51:22.616,0.7976,0.79795,2.80,1.00
2010.05.05 16:51:22.815,0.7976,0.79795,1.00,1.00
2010.05.05 16:51:24.066,0.79755,0.79795,2.00,1.00
2010.05.05 16:51:24.405,0.7976,0.79795,1.00,1.00
2010.05.05 16:51:25.665,0.7976,0.798,1.00,1.00
2010.05.05 16:51:26.057,0.7976,0.798,2.80,1.00
2010.05.05 16:51:26.237,0.7976,0.79805,2.80,4.90
2010.05.05 16:51:26.415,0.7976,0.798,2.80,1.60
2010.05.05 16:51:26.595,0.79765,0.79805,3.20,1.00
2010.05.05 16:51:27.164,0.7976,0.79805,3.20,1.00
2010.05.05 16:51:28.453,0.7976,0.79805,2.80,1.00
2010.05.05 16:51:28.725,0.7976,0.798,1.00,1.00
2010.05.05 16:51:30.261,0.7976,0.798,1.00,1.00
2010.05.05 16:51:31.129,0.79755,0.798,4.80,1.00
2010.05.05 16:51:31.306,0.7976,0.798,4.00,1.00
2010.05.05 16:51:31.487,0.7976,0.79805,4.80,1.00
2010.05.05 16:51:31.858,0.79765,0.79805,1.60,1.00
2010.05.05 16:51:32.196,0.79765,0.79805,4.80,1.00
2010.05.05 16:51:33.099,0.79765,0.798,4.80,1.00
2010.05.05 16:51:34.097,0.79765,0.79805,4.80,1.00
2010.05.05 16:51:34.275,0.79765,0.79805,4.80,1.00
2010.05.05 16:51:35.034,0.79755,0.7979,4.90,1.00
2010.05.05 16:51:35.538,0.7976,0.79795,1.00,1.00
2010.05.05 16:51:35.874,0.7975,0.7979,3.20,1.00
2010.05.05 16:51:39.447,0.7975,0.79785,3.20,1.00
2010.05.05 16:51:39.617,0.7975,0.79785,3.30,1.00
2010.05.05 16:51:40.635,0.7975,0.7978,3.20,1.00
2010.05.05 16:51:40.974,0.7975,0.79785,3.20,1.00
2010.05.05 16:51:41.625,0.7975,0.7979,3.20,2.00
2010.05.05 16:51:41.915,0.7975,0.7979,3.30,2.00
2010.05.05 16:51:42.205,0.79755,0.7979,1.00,2.00
2010.05.05 16:51:42.505,0.7975,0.7979,3.30,1.60
2010.05.05 16:51:43.155,0.7975,0.7979,3.20,1.60
2010.05.05 16:51:43.845,0.7975,0.7979,3.20,2.00
2010.05.05 16:51:44.847,0.7975,0.7979,3.20,1.60
2010.05.05 16:51:47.899,0.7975,0.7979,2.40,2.40
2010.05.05 16:51:48.364,0.7975,0.79795,3.20,2.10
2010.05.05 16:51:49.084,0.7975,0.79795,3.20,2.50
2010.05.05 16:51:49.764,0.79755,0.79795,3.20,1.60
2010.05.05 16:51:50.024,0.79745,0.798,3.30,2.80
2010.05.05 16:51:50.625,0.79745,0.7979,3.20,3.20
2010.05.05 16:51:51.088,0.79745,0.7979,3.20,3.20
2010.05.05 16:51:52.088,0.79745,0.7979,3.20,3.30
2010.05.05 16:51:52.441,0.79745,0.79785,3.20,1.00
2010.05.05 16:51:52.867,0.79745,0.79785,2.40,1.00
2010.05.05 16:51:53.124,0.7976,0.798,4.80,1.00
2010.05.05 16:51:53.376,0.79755,0.79795,3.20,1.60
2010.05.05 16:51:53.625,0.7976,0.798,4.80,1.00
2010.05.05 16:51:54.934,0.79755,0.79795,3.20,1.60
2010.05.05 16:51:56.184,0.79755,0.79795,3.20,1.70
2010.05.05 16:51:57.484,0.7975,0.7979,1.00,2.40
2010.05.05 16:51:57.550,0.7975,0.7979,1.00,1.60
2010.05.05 16:51:57.594,0.7975,0.79795,1.00,4.90
2010.05.05 16:51:57.675,0.7975,0.79795,3.20,4.90
2010.05.05 16:51:57.805,0.7975,0.7979,3.20,1.00
2010.05.05 16:51:57.952,0.7975,0.7979,2.40,1.00
2010.05.05 16:51:58.155,0.79745,0.7979,3.20,1.00
2010.05.05 16:51:58.866,0.7975,0.79795,3.20,4.90
2010.05.05 16:52:05.385,0.7975,0.7979,3.20,1.00
2010.05.05 16:52:05.876,0.79745,0.7979,3.20,1.00
2010.05.05 16:52:06.881,0.79745,0.79785,3.20,1.00
2010.05.05 16:52:07.214,0.79745,0.79785,3.60,1.00
2010.05.05 16:52:08.706,0.79745,0.7979,3.60,3.20
2010.05.05 16:52:09.273,0.7975,0.79795,3.20,4.90
2010.05.05 16:52:10.124,0.79745,0.7979,3.20,3.20
2010.05.05 16:52:10.394,0.79745,0.7979,3.30,3.20
2010.05.05 16:52:10.952,0.7975,0.79795,3.20,4.80
2010.05.05 16:52:11.146,0.7975,0.79795,3.20,4.90
2010.05.05 16:52:15.877,0.7975,0.7979,2.40,1.00
2010.05.05 16:52:15.986,0.79745,0.7979,3.20,3.30
2010.05.05 16:52:17.063,0.7975,0.7979,2.40,1.00
2010.05.05 16:52:17.386,0.7975,0.79795,3.20,4.90
2010.05.05 16:52:18.006,0.7975,0.7979,3.20,1.00
2010.05.05 16:52:18.144,0.7975,0.79795,3.20,4.90
2010.05.05 16:52:18.791,0.79745,0.7979,3.20,3.20
2010.05.05 16:52:19.436,0.79745,0.7979,3.20,3.30
2010.05.05 16:52:20.514,0.79745,0.7979,3.20,4.90
2010.05.05 16:52:28.737,0.79745,0.79785,3.20,1.00
2010.05.05 16:52:28.904,0.79745,0.79785,1.00,1.00
2010.05.05 16:52:29.074,0.7974,0.79785,3.20,1.00
2010.05.05 16:52:30.234,0.79745,0.79785,1.00,1.00
2010.05.05 16:52:33.039,0.7974,0.79785,3.20,1.00
2010.05.05 16:52:33.273,0.7974,0.7978,3.20,1.60
2010.05.05 16:52:39.434,0.79735,0.7978,4.90,4.80
2010.05.05 16:52:39.594,0.7974,0.7978,3.20,1.60
2010.05.05 16:52:39.914,0.7974,0.7978,1.00,2.40
2010.05.05 16:52:43.058,0.79735,0.7978,3.30,2.40
2010.05.05 16:52:43.154,0.79735,0.79775,3.30,1.60
2010.05.05 16:52:43.244,0.7974,0.79775,2.40,1.60
2010.05.05 16:52:43.334,0.7974,0.7978,2.40,2.40
2010.05.05 16:52:43.674,0.7974,0.7978,3.20,1.60
2010.05.05 16:52:44.014,0.7974,0.7978,1.00,2.40
2010.05.05 16:52:48.146,0.7974,0.7978,1.00,2.40
2010.05.05 16:52:48.288,0.7974,0.7978,1.00,2.40
2010.05.05 16:52:49.585,0.79745,0.7979,3.30,5.20
2010.05.05 16:52:49.963,0.79745,0.7979,3.30,4.80
2010.05.05 16:52:50.534,0.79745,0.7979,3.20,4.80
2010.05.05 16:52:53.204,0.79745,0.7979,3.20,4.80
2010.05.05 16:52:53.815,0.7975,0.7979,3.20,1.60
2010.05.05 16:52:54.714,0.7975,0.7979,1.00,1.60
2010.05.05 16:52:55.063,0.7975,0.7979,1.00,2.00
2010.05.05 16:52:55.405,0.7975,0.7979,1.00,1.60
2010.05.05 16:52:56.529,0.7975,0.7979,1.00,1.70
2010.05.05 16:52:58.299,0.7975,0.7979,1.00,1.60
2010.05.05 16:52:58.638,0.7975,0.7979,1.00,1.60
2010.05.05 16:52:58.794,0.7975,0.7979,3.30,1.60
2010.05.05 16:52:59.238,0.7975,0.79795,3.30,4.40
2010.05.05 16:52:59.555,0.79755,0.798,4.80,4.90
2010.05.05 16:53:02.594,0.79755,0.79795,4.80,1.00
2010.05.05 16:53:02.784,0.79755,0.79795,2.40,1.00
2010.05.05 16:53:02.974,0.79755,0.79795,2.40,1.00
2010.05.05 16:53:03.164,0.79755,0.798,4.80,4.90
2010.05.05 16:53:04.789,0.7976,0.798,2.40,1.00
2010.05.05 16:53:04.945,0.79755,0.798,3.20,3.20
2010.05.05 16:53:05.904,0.79755,0.79795,1.00,1.60
2010.05.05 16:53:06.244,0.7975,0.79795,3.30,2.40
2010.05.05 16:53:07.098,0.7975,0.79795,3.20,2.40
2010.05.05 16:53:08.087,0.7975,0.79795,3.20,2.50
2010.05.05 16:53:08.274,0.7975,0.7979,3.20,1.00
2010.05.05 16:53:08.463,0.7975,0.7979,1.00,1.00
2010.05.05 16:53:08.654,0.79745,0.7979,3.20,3.30
2010.05.05 16:53:09.475,0.79745,0.79785,3.20,1.00
2010.05.05 16:53:09.795,0.79745,0.7979,3.20,1.00
2010.05.05 16:53:10.115,0.7975,0.79795,3.20,4.90
2010.05.05 16:53:17.045,0.7975,0.79795,3.20,4.80
2010.05.05 16:53:19.154,0.7975,0.7979,1.00,1.00
2010.05.05 16:53:26.408,0.7975,0.7979,1.00,1.00
2010.05.05 16:53:26.524,0.7975,0.7979,2.50,1.00
2010.05.05 16:53:26.644,0.7975,0.7979,1.00,1.00
2010.05.05 16:53:33.314,0.79755,0.798,3.20,1.00
2010.05.05 16:53:33.465,0.79755,0.798,1.00,3.30
2010.05.05 16:53:50.726,0.79755,0.798,1.00,3.20
2010.05.05 16:53:50.874,0.79755,0.798,1.00,3.20
2010.05.05 16:53:51.024,0.79755,0.798,3.30,3.20
2010.05.05 16:53:56.254,0.79755,0.79795,1.00,1.00
2010.05.05 16:53:57.117,0.79755,0.79795,1.00,1.00
2010.05.05 16:53:57.600,0.7975,0.79795,4.80,1.00
2010.05.05 16:54:01.083,0.7975,0.79795,4.90,1.00
2010.05.05 16:54:01.164,0.7976,0.79795,1.60,1.00
2010.05.05 16:54:01.195,0.7976,0.798,1.60,3.20
2010.05.05 16:54:01.557,0.7976,0.798,1.60,1.00
2010.05.05 16:54:03.326,0.79755,0.79795,2.40,1.00
2010.05.05 16:54:03.914,0.7975,0.79795,4.90,1.00
2010.05.05 16:54:12.736,0.7975,0.79795,4.80,1.00
2010.05.05 16:54:13.295,0.79745,0.7979,3.20,3.20
2010.05.05 16:54:13.394,0.79745,0.7979,1.00,3.20
2010.05.05 16:54:14.172,0.79745,0.7979,3.20,1.00
2010.05.05 16:54:14.519,0.7975,0.79795,3.30,3.20
2010.05.05 16:54:14.855,0.7975,0.7979,2.50,1.00
2010.05.05 16:54:15.106,0.79745,0.7979,1.00,3.30
2010.05.05 16:54:15.505,0.79745,0.7979,1.00,3.20
2010.05.05 16:54:15.756,0.79745,0.7979,3.30,3.20
2010.05.05 16:54:16.975,0.79755,0.79795,1.60,3.20
2010.05.05 16:54:17.655,0.7975,0.79795,3.20,4.80
2010.05.05 16:54:17.806,0.7975,0.79795,1.00,4.80
2010.05.05 16:54:20.550,0.79755,0.79795,1.00,4.80
2010.05.05 16:54:20.750,0.79755,0.79795,1.00,2.40
2010.05.05 16:54:21.845,0.79745,0.7979,4.90,2.40
2010.05.05 16:54:22.185,0.79745,0.7979,4.90,4.80
2010.05.05 16:54:23.345,0.79755,0.79795,1.60,3.30
2010.05.05 16:54:28.924,0.79755,0.7979,1.60,1.00
2010.05.05 16:54:29.134,0.79755,0.79795,1.60,3.30
2010.05.05 16:54:30.739,0.7975,0.79795,1.00,4.90
2010.05.05 16:54:30.954,0.79755,0.79795,1.60,3.30
2010.05.05 16:54:43.789,0.7975,0.79795,2.40,4.90
2010.05.05 16:54:44.094,0.79755,0.79795,1.60,3.30
2010.05.05 16:54:46.227,0.7975,0.79795,1.00,4.90
2010.05.05 16:54:48.889,0.7975,0.79795,2.40,4.90
2010.05.05 16:54:49.194,0.7975,0.79795,1.00,4.90
2010.05.05 16:54:56.852,0.7975,0.7979,1.00,1.00
2010.05.05 16:54:57.064,0.7975,0.7979,1.00,1.60
2010.05.05 16:55:00.178,0.7975,0.7979,1.00,1.70
2010.05.05 16:55:00.324,0.79745,0.7979,5.20,2.50
2010.05.05 16:55:00.464,0.79745,0.7979,5.20,4.90
2010.05.05 16:55:00.619,0.79745,0.7979,5.20,3.30
2010.05.05 16:55:00.764,0.79745,0.7979,5.20,3.20
2010.05.05 16:55:01.070,0.7975,0.7979,1.00,2.40
2010.05.05 16:55:01.486,0.7975,0.7979,1.00,4.00
2010.05.05 16:55:01.745,0.7975,0.7979,1.00,1.60
2010.05.05 16:55:02.024,0.7975,0.7979,1.00,1.60
2010.05.05 16:55:04.582,0.79745,0.79785,1.00,1.00
2010.05.05 16:55:18.994,0.79755,0.79785,1.60,1.00
2010.05.05 16:55:19.195,0.7975,0.79795,2.40,4.90
2010.05.05 16:55:20.097,0.7975,0.79795,2.40,4.80
2010.05.05 16:55:20.374,0.7975,0.79795,2.40,4.90
2010.05.05 16:55:21.244,0.79755,0.79795,1.60,3.30
2010.05.05 16:55:21.819,0.7975,0.79795,2.40,4.90
2010.05.05 16:55:21.936,0.79755,0.7979,1.60,1.00
2010.05.05 16:55:24.662,0.7975,0.7979,1.60,1.00
2010.05.05 16:55:24.750,0.7975,0.7979,1.60,1.00
2010.05.05 16:55:24.875,0.7975,0.79785,1.60,2.40
2010.05.05 16:55:25.256,0.7975,0.7979,1.60,3.30
2010.05.05 16:55:25.595,0.7975,0.7979,1.60,2.90
2010.05.05 16:55:25.935,0.79745,0.7979,4.80,4.50
2010.05.05 16:55:26.274,0.79745,0.7979,4.80,4.90
2010.05.05 16:55:26.614,0.79745,0.7978,2.40,2.40
2010.05.05 16:55:27.103,0.7974,0.7978,1.00,2.40
2010.05.05 16:55:27.344,0.7974,0.7978,1.60,1.00
2010.05.05 16:55:27.644,0.7974,0.7978,1.70,1.00
2010.05.05 16:55:27.944,0.79745,0.79785,1.60,3.20
2010.05.05 16:55:28.360,0.79745,0.79785,1.60,1.00
2010.05.05 16:55:28.695,0.79745,0.79785,1.60,3.20
2010.05.05 16:55:29.036,0.7974,0.7978,1.60,1.00
2010.05.05 16:55:31.036,0.7974,0.7978,1.60,1.00
2010.05.05 16:55:31.570,0.7974,0.7978,1.60,3.20
2010.05.05 16:55:32.854,0.79735,0.7978,3.60,4.90
2010.05.05 16:55:33.341,0.79735,0.79775,2.40,1.00
2010.05.05 16:55:33.536,0.7973,0.79775,4.90,1.00
2010.05.05 16:55:37.484,0.79735,0.7978,1.00,4.90
2010.05.05 16:55:37.634,0.79735,0.7978,3.30,4.80
2010.05.05 16:55:42.392,0.7974,0.7978,1.60,3.20
2010.05.05 16:55:44.664,0.79735,0.7978,3.30,4.80
2010.05.05 16:55:45.564,0.7974,0.7978,1.60,3.20
2010.05.05 16:55:59.734,0.79735,0.7978,3.30,4.80
2010.05.05 16:56:04.024,0.7974,0.7978,1.60,3.20
2010.05.05 16:56:04.365,0.7974,0.7978,1.60,1.00
2010.05.05 16:56:04.565,0.7974,0.7978,1.60,3.30
2010.05.05 16:56:13.057,0.79735,0.7978,4.80,3.30
2010.05.05 16:56:15.007,0.79745,0.7978,1.00,3.30
2010.05.05 16:56:15.485,0.79735,0.7978,4.80,3.30
2010.05.05 16:56:16.840,0.79735,0.7978,4.80,4.90
2010.05.05 16:56:17.657,0.79745,0.7978,1.60,1.00
2010.05.05 16:56:17.786,0.79745,0.7978,1.60,1.00
2010.05.05 16:56:18.144,0.79745,0.7978,1.60,1.00
2010.05.05 16:56:24.054,0.79745,0.79785,1.60,3.20
2010.05.05 16:56:24.403,0.79745,0.79785,1.60,3.20
2010.05.05 16:56:24.913,0.79745,0.79785,2.40,1.00
2010.05.05 16:56:25.066,0.79745,0.79785,2.40,1.00
2010.05.05 16:56:27.346,0.79745,0.79785,2.40,1.00
2010.05.05 16:56:27.436,0.7974,0.79785,3.60,4.90
2010.05.05 16:56:27.794,0.7974,0.79785,3.70,4.80
2010.05.05 16:56:28.787,0.7974,0.79785,5.30,4.80
2010.05.05 16:56:29.524,0.7974,0.79785,3.70,4.80
2010.05.05 16:56:30.038,0.7974,0.7978,3.70,1.60
2010.05.05 16:56:33.974,0.7974,0.79785,3.70,4.80
2010.05.05 16:56:34.754,0.7974,0.7978,3.70,1.60
2010.05.05 16:56:42.467,0.7974,0.79785,3.70,4.80
2010.05.05 16:56:42.564,0.7974,0.79785,3.30,4.80
2010.05.05 16:56:43.973,0.79745,0.79785,1.00,4.80
2010.05.05 16:56:44.625,0.79745,0.7978,1.00,1.00
2010.05.05 16:56:44.795,0.79745,0.7978,1.00,1.00
2010.05.05 16:56:44.965,0.7974,0.7978,2.40,1.00
2010.05.05 16:56:45.134,0.7974,0.79785,3.30,4.80
2010.05.05 16:56:45.304,0.7974,0.7978,3.30,1.60
2010.05.05 16:56:46.615,0.7974,0.7978,3.20,1.70
2010.05.05 16:56:46.955,0.79735,0.79775,1.20,2.40
2010.05.05 16:56:47.136,0.79735,0.79765,1.00,1.60
2010.05.05 16:56:47.506,0.79745,0.79765,1.00,1.60
2010.05.05 16:56:47.688,0.79745,0.7979,3.20,3.20
2010.05.05 16:56:48.365,0.79745,0.7979,3.30,3.20
2010.05.05 16:56:48.862,0.79745,0.7979,3.30,1.00
2010.05.05 16:56:49.156,0.7975,0.7979,1.00,1.00
2010.05.05 16:56:51.315,0.7975,0.7979,1.00,3.20
2010.05.05 16:56:51.435,0.79745,0.7979,3.60,3.20
2010.05.05 16:56:51.554,0.79745,0.7979,3.60,3.30
2010.05.05 16:56:51.923,0.79745,0.7979,1.20,3.30
2010.05.05 16:56:52.046,0.79745,0.7979,3.70,3.20
2010.05.05 16:56:52.166,0.79745,0.7979,3.30,3.20
2010.05.05 16:56:52.506,0.7975,0.7979,1.00,3.20
2010.05.05 16:56:53.170,0.7975,0.7979,1.00,1.00
2010.05.05 16:56:54.454,0.7975,0.7979,2.50,1.00
2010.05.05 16:56:54.634,0.79755,0.798,1.00,4.80
2010.05.05 16:56:54.815,0.79755,0.798,1.00,3.20
2010.05.05 16:56:54.995,0.7976,0.79805,1.00,2.40
2010.05.05 16:56:55.175,0.7976,0.79805,3.30,3.20
2010.05.05 16:56:56.204,0.7976,0.79805,3.20,3.30
2010.05.05 16:56:56.445,0.79755,0.798,3.30,3.20
2010.05.05 16:56:56.904,0.79755,0.79795,1.00,3.20
2010.05.05 16:56:57.145,0.79755,0.798,4.90,3.20
2010.05.05 16:56:57.445,0.79765,0.79805,1.00,3.20
2010.05.05 16:57:01.075,0.79765,0.79805,1.00,1.00
2010.05.05 16:57:06.954,0.79765,0.79805,1.00,1.00
2010.05.05 16:57:07.123,0.7977,0.79805,1.00,1.00
2010.05.05 16:57:07.516,0.7977,0.7981,1.00,3.20
2010.05.05 16:57:07.665,0.7977,0.7981,1.00,1.00
2010.05.05 16:57:07.908,0.79765,0.7981,3.20,1.00
2010.05.05 16:57:08.360,0.7976,0.79805,4.90,3.20
2010.05.05 16:57:08.517,0.79755,0.798,3.70,3.20
2010.05.05 16:57:08.855,0.79755,0.7981,3.30,3.30
2010.05.05 16:57:09.195,0.79755,0.798,3.20,3.20
2010.05.05 16:57:09.612,0.7975,0.79795,4.90,4.80
2010.05.05 16:57:09.846,0.79745,0.7979,3.30,3.20
2010.05.05 16:57:11.701,0.79745,0.7979,3.20,3.30
2010.05.05 16:57:11.924,0.79745,0.7979,3.30,3.20
2010.05.05 16:57:14.843,0.79745,0.7979,3.20,3.20
2010.05.05 16:57:15.006,0.7974,0.79785,1.00,2.40
2010.05.05 16:57:16.586,0.79735,0.79785,3.30,2.40
2010.05.05 16:57:17.094,0.79735,0.79785,1.70,3.20
2010.05.05 16:57:17.355,0.79735,0.7979,4.90,3.30
2010.05.05 16:57:17.956,0.79735,0.79785,3.70,2.40
2010.05.05 16:57:32.666,0.79735,0.7978,3.60,1.00
2010.05.05 16:57:32.736,0.79735,0.7978,2.80,1.00
2010.05.05 16:57:32.906,0.79735,0.79785,2.90,3.20
2010.05.05 16:57:33.369,0.79735,0.79785,3.70,2.40
2010.05.05 16:57:33.536,0.79745,0.7979,3.20,3.20
2010.05.05 16:57:34.092,0.79745,0.7979,3.20,3.20
2010.05.05 16:57:35.081,0.79745,0.7979,3.30,3.20
2010.05.05 16:57:37.748,0.79745,0.79785,2.50,1.00
2010.05.05 16:57:37.859,0.7974,0.79785,4.90,3.20
2010.05.05 16:57:40.967,0.7974,0.79785,3.30,3.20
2010.05.05 16:57:41.155,0.7974,0.79785,4.90,3.20
2010.05.05 16:57:41.525,0.79745,0.79785,1.00,3.20
2010.05.05 16:57:41.704,0.79745,0.79785,1.00,3.20
2010.05.05 16:57:41.884,0.79745,0.79785,1.00,1.00
2010.05.05 16:57:44.176,0.79745,0.79785,1.00,1.00
2010.05.05 16:57:46.805,0.79745,0.79795,3.20,2.40
2010.05.05 16:57:47.106,0.79745,0.79795,3.20,2.50
2010.05.05 16:57:48.084,0.79745,0.79795,2.40,3.30
2010.05.05 16:57:48.656,0.79745,0.79795,3.30,2.40
2010.05.05 16:57:50.640,0.79745,0.79795,1.00,2.40
2010.05.05 16:57:50.796,0.79745,0.79795,1.00,3.20
2010.05.05 16:57:52.036,0.79745,0.79795,1.00,3.20
2010.05.05 16:57:52.204,0.79745,0.79795,1.00,3.30
2010.05.05 16:57:52.520,0.7974,0.7979,5.30,1.00
2010.05.05 16:57:53.071,0.7975,0.79795,1.00,3.30
2010.05.05 16:57:53.276,0.7975,0.7979,1.00,3.20
2010.05.05 16:57:53.565,0.7975,0.798,1.00,3.30
2010.05.05 16:57:53.956,0.7975,0.798,1.00,3.20
2010.05.05 16:57:54.486,0.7975,0.798,1.00,3.20
2010.05.05 16:57:55.124,0.7975,0.798,1.00,3.20
2010.05.05 16:57:56.526,0.7975,0.7979,1.00,1.00
2010.05.05 16:57:56.638,0.79745,0.7979,4.40,1.00
2010.05.05 16:57:56.735,0.79745,0.7979,4.40,3.20
2010.05.05 16:57:56.935,0.79745,0.7979,4.40,2.40
2010.05.05 16:57:57.034,0.79745,0.79795,4.40,1.60
2010.05.05 16:57:57.403,0.79745,0.798,4.40,3.20
2010.05.05 16:57:57.844,0.79745,0.7979,4.40,1.00
2010.05.05 16:57:58.184,0.79745,0.798,4.40,3.20
2010.05.05 16:57:59.074,0.7975,0.798,1.00,3.20
2010.05.05 16:58:04.886,0.7975,0.798,1.00,2.40
2010.05.05 16:58:05.025,0.7975,0.79795,1.00,3.20
2010.05.05 16:58:05.164,0.79755,0.79795,2.40,1.00
2010.05.05 16:58:05.304,0.79755,0.798,3.20,1.00
2010.05.05 16:58:09.735,0.7975,0.798,1.00,3.30
2010.05.05 16:58:12.857,0.7975,0.798,1.00,3.20
2010.05.05 16:58:13.165,0.7975,0.798,3.70,2.40
2010.05.05 16:58:15.904,0.79755,0.79805,3.20,3.30
2010.05.05 16:58:19.355,0.7975,0.798,2.90,4.80
2010.05.05 16:58:19.554,0.7975,0.79795,1.00,2.40
2010.05.05 16:58:20.116,0.7975,0.798,3.30,2.80
2010.05.05 16:58:20.862,0.7975,0.798,3.20,2.90
2010.05.05 16:58:21.135,0.7975,0.798,2.40,3.30
2010.05.05 16:58:21.244,0.79745,0.798,5.30,3.30
2010.05.05 16:58:21.818,0.7975,0.798,1.00,3.20
2010.05.05 16:58:21.926,0.7975,0.798,3.30,2.40
2010.05.05 16:58:22.159,0.7975,0.798,3.30,2.80
2010.05.05 16:58:22.946,0.7976,0.798,1.00,2.80
2010.05.05 16:58:23.553,0.7976,0.79795,1.00,1.00
2010.05.05 16:58:23.639,0.7976,0.798,1.00,3.20
2010.05.05 16:58:24.230,0.7976,0.798,1.00,3.20
2010.05.05 16:58:24.305,0.79765,0.79805,1.00,4.80
2010.05.05 16:58:24.646,0.79765,0.798,1.00,1.60
2010.05.05 16:58:25.272,0.79765,0.79805,1.60,1.00
2010.05.05 16:58:25.618,0.79765,0.79805,1.00,2.40
2010.05.05 16:58:26.320,0.79755,0.79795,1.00,2.40
2010.05.05 16:58:26.668,0.79745,0.7979,2.40,3.20
2010.05.05 16:58:27.008,0.7975,0.79785,1.60,2.40
2010.05.05 16:58:27.708,0.7974,0.7978,1.60,1.00
2010.05.05 16:58:28.046,0.7974,0.7978,1.60,3.20
2010.05.05 16:58:28.386,0.7974,0.7978,1.60,1.00
2010.05.05 16:58:29.859,0.7974,0.7978,1.60,1.00
2010.05.05 16:58:30.085,0.7974,0.7978,1.60,1.00
2010.05.05 16:58:30.490,0.7974,0.7978,1.60,3.20
2010.05.05 16:58:30.759,0.79735,0.7978,4.90,3.20
2010.05.05 16:58:31.372,0.79735,0.7978,4.80,3.30
2010.05.05 16:58:31.665,0.7974,0.7978,1.00,3.20
2010.05.05 16:58:32.007,0.7974,0.79785,4.80,3.20
2010.05.05 16:58:32.705,0.79735,0.7978,2.40,3.20
2010.05.05 16:58:33.036,0.79735,0.7978,3.20,3.20
2010.05.05 16:58:33.957,0.79735,0.7978,3.20,3.20
2010.05.05 16:58:34.875,0.79735,0.7978,3.30,3.20
2010.05.05 16:58:35.567,0.79735,0.7978,2.80,2.80
2010.05.05 16:58:35.625,0.79735,0.7978,4.40,2.80
2010.05.05 16:58:35.685,0.79735,0.7978,4.40,2.80
2010.05.05 16:58:35.745,0.79735,0.79775,4.40,1.00
2010.05.05 16:58:35.804,0.79735,0.79775,2.80,2.40
2010.05.05 16:58:35.865,0.79735,0.79775,1.00,4.80
2010.05.05 16:58:36.906,0.79735,0.7977,1.00,1.00
2010.05.05 16:58:37.244,0.79735,0.7977,1.00,3.20
2010.05.05 16:58:38.065,0.79735,0.7977,1.00,2.40
2010.05.05 16:58:38.264,0.79735,0.79795,1.00,3.30
2010.05.05 16:58:39.345,0.79735,0.79795,1.00,2.50
2010.05.05 16:58:39.687,0.79735,0.79795,3.30,1.00
2010.05.05 16:58:39.970,0.7974,0.79795,1.00,1.00
2010.05.05 16:58:40.174,0.79745,0.79795,3.20,1.00
2010.05.05 16:58:41.169,0.79745,0.79795,3.20,1.00
2010.05.05 16:58:41.937,0.79745,0.798,3.30,3.30
2010.05.05 16:58:42.224,0.79745,0.798,3.20,3.20
2010.05.05 16:58:42.354,0.79755,0.798,2.40,1.00
2010.05.05 16:58:42.485,0.79755,0.798,3.20,1.00
2010.05.05 16:58:43.224,0.79755,0.798,3.20,4.80
2010.05.05 16:58:44.216,0.79755,0.798,3.20,4.90
2010.05.05 16:58:45.397,0.79755,0.798,3.20,1.00
2010.05.05 16:58:45.632,0.79755,0.798,1.00,3.30
2010.05.05 16:58:45.764,0.79755,0.798,1.00,3.20
2010.05.05 16:58:45.894,0.79745,0.798,3.30,2.80
2010.05.05 16:58:46.335,0.79745,0.798,3.30,3.20
2010.05.05 16:58:46.466,0.79745,0.798,3.30,3.30
2010.05.05 16:58:46.804,0.79755,0.798,3.20,1.00
2010.05.05 16:58:47.516,0.79755,0.798,3.20,1.00
2010.05.05 16:58:48.706,0.79755,0.798,3.20,1.00
2010.05.05 16:58:49.846,0.79745,0.798,3.30,2.80
2010.05.05 16:58:50.354,0.79745,0.798,3.30,3.20
2010.05.05 16:58:51.276,0.79755,0.798,3.20,1.00
2010.05.05 16:58:53.117,0.79755,0.798,3.20,4.90
2010.05.05 16:58:53.851,0.79755,0.798,1.00,4.90
2010.05.05 16:58:53.997,0.79755,0.798,2.40,2.50
2010.05.05 16:58:54.117,0.7975,0.79805,3.30,4.90
2010.05.05 16:58:54.458,0.79755,0.79805,3.20,1.70
2010.05.05 16:58:55.136,0.79755,0.79805,3.20,1.00
2010.05.05 16:58:56.105,0.79755,0.7981,3.30,4.90
2010.05.05 16:58:56.762,0.79755,0.79805,2.40,1.00
2010.05.05 16:58:56.990,0.7976,0.79805,3.20,4.80
2010.05.05 16:58:57.880,0.7977,0.79805,1.00,4.00
2010.05.05 16:58:58.216,0.79765,0.7981,3.20,1.00
2010.05.05 16:58:59.016,0.79765,0.7981,3.20,1.00
2010.05.05 16:58:59.255,0.79765,0.7981,3.30,1.00
2010.05.05 16:59:00.195,0.7977,0.7981,1.00,1.00
2010.05.05 16:59:01.054,0.79765,0.7981,3.30,1.00
2010.05.05 16:59:20.683,0.79765,0.7981,3.20,1.00
2010.05.05 16:59:20.956,0.7976,0.798,2.00,1.00
2010.05.05 16:59:21.238,0.7976,0.798,1.60,1.00
2010.05.05 16:59:21.828,0.7976,0.798,1.70,1.00
2010.05.05 16:59:21.850,0.7976,0.798,4.10,1.00
2010.05.05 16:59:22.096,0.7976,0.79805,4.90,3.20
2010.05.05 16:59:26.875,0.7976,0.798,1.60,1.00
2010.05.05 16:59:28.595,0.79765,0.7981,1.00,3.70
2010.05.05 16:59:29.139,0.79765,0.79805,1.00,1.00
2010.05.05 16:59:29.447,0.7976,0.79805,1.00,3.60
2010.05.05 16:59:30.266,0.79765,0.79805,1.00,2.80
2010.05.05 16:59:30.764,0.79765,0.79805,1.00,3.20
2010.05.05 16:59:30.979,0.7976,0.79805,3.20,3.20
2010.05.05 16:59:31.176,0.7976,0.79805,1.00,3.60
2010.05.05 16:59:32.177,0.7976,0.798,1.00,1.00
2010.05.05 16:59:32.515,0.79755,0.798,4.90,1.00
2010.05.05 16:59:33.968,0.7976,0.79805,1.00,3.60
2010.05.05 16:59:35.697,0.7976,0.79805,3.30,3.60
2010.05.05 16:59:35.946,0.79765,0.79805,1.00,1.00
2010.05.05 16:59:36.536,0.79765,0.79805,1.00,2.80
2010.05.05 16:59:37.084,0.79765,0.79805,1.00,1.20
2010.05.05 16:59:40.127,0.7976,0.798,3.20,1.00
2010.05.05 16:59:40.315,0.7976,0.79805,3.20,1.30
2010.05.05 16:59:40.495,0.79755,0.798,4.90,1.00
2010.05.05 16:59:42.346,0.79755,0.79795,2.40,2.80
2010.05.05 16:59:42.773,0.79755,0.79795,1.60,3.20
2010.05.05 16:59:45.118,0.79755,0.79795,1.60,3.20
2010.05.05 16:59:45.245,0.79755,0.79795,1.70,3.20
2010.05.05 16:59:45.639,0.79755,0.79795,2.50,2.40
2010.05.05 16:59:45.765,0.79755,0.798,2.50,3.20
2010.05.05 16:59:45.962,0.79755,0.798,2.50,4.80
2010.05.05 16:59:46.094,0.79755,0.79795,1.70,1.20
2010.05.05 16:59:46.877,0.79755,0.79795,1.60,3.20
2010.05.05 16:59:47.270,0.79755,0.79795,2.40,2.80
2010.05.05 16:59:47.612,0.79755,0.79795,2.50,2.80
2010.05.05 16:59:47.865,0.79755,0.79795,4.90,1.00
2010.05.05 16:59:49.190,0.7976,0.79795,1.00,1.00
2010.05.05 16:59:50.195,0.7976,0.79795,1.00,1.00
2010.05.05 16:59:50.643,0.7976,0.798,1.00,1.00
2010.05.05 16:59:50.836,0.79765,0.79805,1.00,4.40
2010.05.05 16:59:51.907,0.7976,0.798,1.60,1.00
2010.05.05 16:59:52.246,0.7976,0.798,1.60,1.00
2010.05.05 16:59:52.587,0.79745,0.7979,4.90,3.60
2010.05.05 16:59:53.290,0.7975,0.79795,1.00,3.30
2010.05.05 16:59:53.596,0.7975,0.79795,1.00,3.20
2010.05.05 16:59:53.963,0.7975,0.79795,1.00,2.80
2010.05.05 16:59:54.266,0.7975,0.79795,3.30,3.20
2010.05.05 16:59:54.605,0.7975,0.79795,1.00,3.20
2010.05.05 16:59:54.945,0.79745,0.79785,1.00,1.00
2010.05.05 16:59:55.666,0.79745,0.79785,1.00,1.20
2010.05.05 16:59:56.329,0.79745,0.79785,1.00,1.30
2010.05.05 16:59:56.966,0.79745,0.7978,1.60,1.00
2010.05.05 16:59:57.176,0.79745,0.79785,1.60,1.00
2010.05.05 16:59:58.384,0.7974,0.79785,4.80,2.50
2010.05.05 16:59:59.001,0.79745,0.79785,1.00,4.00
2010.05.05 16:59:59.286,0.79755,0.798,4.80,4.80
