2016.03.28 23:00:01.856,0.6552,0.65556,1.00,1.00
2016.03.28 23:00:03.391,0.65519,0.65556,1.00,1.00
2016.03.28 23:00:03.835,0.65515,0.65556,1.00,1.00
2016.03.28 23:00:04.402,0.65519,0.65556,1.00,1.00
2016.03.28 23:00:06.269,0.65519,0.65557,1.00,1.00
2016.03.28 23:00:06.800,0.65519,0.65556,1.00,1.00
2016.03.28 23:00:07.510,0.65519,0.65557,1.00,1.00
2016.03.28 23:00:08.072,0.65519,0.65558,1.00,1.00
2016.03.28 23:00:08.671,0.65519,0.65557,1.00,1.00
2016.03.28 23:00:09.215,0.65519,0.65558,1.00,1.00
2016.03.28 23:00:09.775,0.6552,0.65556,1.00,1.00
2016.03.28 23:00:10.280,0.65519,0.65556,1.00,1.00
2016.03.28 23:00:14.218,0.65519,0.65559,1.00,1.00
2016.03.28 23:00:16.086,0.65519,0.65557,1.00,1.00
2016.03.28 23:00:16.743,0.65519,0.65558,1.00,1.00
2016.03.28 23:00:17.288,0.6552,0.65555,1.00,1.00
2016.03.28 23:00:19.311,0.6552,0.65556,1.00,1.00
2016.03.28 23:00:20.056,0.65519,0.65556,1.00,1.00
2016.03.28 23:00:20.902,0.65519,0.65559,1.00,1.00
2016.03.28 23:00:21.080,0.65524,0.65559,1.00,1.00
2016.03.28 23:00:23.480,0.65519,0.65559,1.00,1.00
2016.03.28 23:00:25.157,0.65524,0.65559,1.00,1.00
2016.03.28 23:00:25.308,0.65524,0.65561,1.00,1.00
2016.03.28 23:00:25.602,0.65524,0.65559,1.00,1.00
2016.03.28 23:00:26.341,0.65525,0.65559,1.00,1.00
2016.03.28 23:00:26.610,0.65519,0.65556,1.00,1.00
2016.03.28 23:00:27.271,0.6552,0.65556,1.00,1.00
2016.03.28 23:00:29.640,0.65519,0.65556,1.00,1.00
2016.03.28 23:00:31.555,0.6552,0.65556,1.00,1.00
2016.03.28 23:00:32.417,0.65519,0.65556,1.12,1.00
2016.03.28 23:00:33.601,0.6552,0.65556,1.00,1.00
2016.03.28 23:00:43.534,0.65519,0.65556,1.00,1.00
2016.03.28 23:00:43.772,0.65519,0.65558,1.00,1.00
2016.03.28 23:00:44.917,0.65519,0.65556,1.00,1.00
2016.03.28 23:00:44.967,0.65519,0.65559,1.00,1.00
2016.03.28 23:00:46.690,0.65515,0.65559,1.00,1.00
2016.03.28 23:00:47.899,0.65519,0.65559,1.00,1.00
2016.03.28 23:00:50.070,0.65515,0.65559,1.12,1.00
2016.03.28 23:00:50.981,0.65519,0.65559,1.00,1.00
2016.03.28 23:00:51.760,0.6552,0.65559,1.00,1.00
2016.03.28 23:00:52.640,0.65519,0.65559,1.00,1.00
2016.03.28 23:00:59.566,0.65519,0.65556,1.00,1.00
2016.03.28 23:01:00.449,0.65514,0.65556,1.87,1.00
2016.03.28 23:01:00.670,0.6552,0.65556,1.00,1.00
2016.03.28 23:01:01.220,0.65519,0.65556,1.00,1.00
2016.03.28 23:01:01.271,0.65519,0.65559,1.12,1.00
2016.03.28 23:01:01.775,0.6552,0.65557,1.00,1.00
2016.03.28 23:01:02.408,0.65519,0.65558,1.12,1.00
2016.03.28 23:01:02.877,0.65519,0.65556,1.00,1.00
2016.03.28 23:01:05.868,0.65519,0.65556,1.37,1.00
2016.03.28 23:01:06.572,0.65519,0.65556,1.00,1.00
2016.03.28 23:01:06.623,0.65514,0.65556,1.87,1.00
2016.03.28 23:01:06.720,0.6552,0.65556,1.00,1.00
2016.03.28 23:01:08.150,0.65519,0.65556,1.12,1.00
2016.03.28 23:01:09.139,0.6552,0.65556,1.00,1.00
2016.03.28 23:01:09.290,0.65519,0.65558,1.00,1.00
2016.03.28 23:01:09.819,0.6552,0.65558,1.00,1.00
2016.03.28 23:01:11.389,0.65519,0.65558,1.00,1.00
2016.03.28 23:01:14.982,0.65519,0.65556,1.00,1.00
2016.03.28 23:01:15.812,0.65519,0.65558,1.00,1.00
2016.03.28 23:01:16.181,0.65519,0.65556,1.00,1.00
2016.03.28 23:01:17.124,0.65519,0.65558,1.00,1.00
2016.03.28 23:01:17.242,0.65514,0.65558,1.50,1.00
2016.03.28 23:01:17.643,0.65519,0.65558,1.00,1.00
2016.03.28 23:01:18.402,0.6552,0.65558,1.00,1.00
2016.03.28 23:01:18.929,0.65519,0.65558,1.00,1.00
2016.03.28 23:01:19.285,0.65515,0.65558,1.12,1.00
2016.03.28 23:01:22.616,0.65515,0.65555,1.00,1.00
2016.03.28 23:01:22.717,0.65514,0.65557,1.12,1.00
2016.03.28 23:01:23.351,0.65515,0.65557,1.00,1.00
2016.03.28 23:01:24.440,0.65515,0.65559,1.50,1.00
2016.03.28 23:01:24.704,0.65515,0.65557,1.00,1.00
2016.03.28 23:01:25.206,0.65514,0.65557,1.12,1.00
2016.03.28 23:01:25.559,0.65519,0.65558,1.00,1.00
2016.03.28 23:01:26.980,0.65514,0.65558,1.87,1.00
2016.03.28 23:01:28.099,0.65514,0.65555,1.00,1.00
2016.03.28 23:01:28.234,0.65515,0.65557,1.00,1.00
2016.03.28 23:01:28.531,0.65519,0.65559,1.00,1.00
2016.03.28 23:01:35.319,0.65515,0.65559,1.50,1.00
2016.03.28 23:01:43.032,0.65514,0.65556,1.50,1.00
2016.03.28 23:01:44.383,0.65519,0.65558,1.00,1.00
2016.03.28 23:01:44.937,0.6552,0.65557,1.00,1.00
2016.03.28 23:01:45.769,0.65519,0.65557,1.00,1.00
2016.03.28 23:01:54.474,0.65519,0.65558,1.00,1.00
2016.03.28 23:02:04.909,0.6552,0.65558,1.00,1.00
2016.03.28 23:02:18.725,0.65519,0.65558,1.00,1.00
2016.03.28 23:02:19.287,0.6552,0.65558,1.00,1.00
2016.03.28 23:02:22.411,0.6552,0.65557,1.00,1.00
2016.03.28 23:02:22.995,0.65519,0.65557,1.00,1.00
2016.03.28 23:02:23.683,0.65519,0.65558,1.00,1.00
2016.03.28 23:02:24.929,0.6552,0.65558,1.00,1.00
2016.03.28 23:02:25.512,0.65519,0.65558,1.00,1.00
2016.03.28 23:02:27.838,0.65519,0.65561,1.00,1.00
2016.03.28 23:02:28.504,0.65519,0.65558,1.00,1.00
2016.03.28 23:02:29.095,0.65519,0.65559,1.00,1.00
2016.03.28 23:02:33.839,0.6552,0.65559,1.00,1.00
2016.03.28 23:02:34.183,0.65524,0.65559,1.00,1.00
2016.03.28 23:02:34.233,0.65524,0.65562,1.00,1.00
2016.03.28 23:02:34.437,0.65529,0.65562,1.00,1.00
2016.03.28 23:02:34.498,0.65524,0.65562,1.00,1.00
2016.03.28 23:02:34.825,0.6553,0.65559,1.00,1.00
2016.03.28 23:02:34.926,0.65524,0.65556,1.00,1.00
2016.03.28 23:02:35.027,0.65524,0.65554,1.00,1.00
2016.03.28 23:02:35.128,0.65524,0.65556,1.00,1.00
2016.03.28 23:02:40.168,0.65525,0.65556,1.00,1.00
2016.03.28 23:02:41.639,0.65524,0.65556,1.00,1.00
2016.03.28 23:02:45.228,0.65525,0.65556,1.00,1.00
2016.03.28 23:02:45.741,0.65525,0.65555,1.00,1.00
2016.03.28 23:02:46.877,0.65524,0.65555,1.00,1.00
2016.03.28 23:02:46.978,0.65524,0.65553,1.00,1.00
2016.03.28 23:02:47.029,0.65519,0.65553,1.00,1.00
2016.03.28 23:02:47.080,0.65519,0.65545,1.00,1.00
2016.03.28 23:02:47.130,0.65509,0.65545,1.00,1.00
2016.03.28 23:02:47.282,0.6551,0.65541,1.00,1.00
2016.03.28 23:02:48.537,0.6551,0.65545,1.00,1.00
2016.03.28 23:02:52.377,0.65509,0.65545,1.00,1.00
2016.03.28 23:02:52.962,0.65509,0.65546,1.00,1.00
2016.03.28 23:02:57.953,0.65509,0.65545,1.00,1.00
2016.03.28 23:02:58.524,0.6551,0.65545,1.00,1.00
2016.03.28 23:03:00.737,0.65509,0.65545,1.00,1.00
2016.03.28 23:03:01.062,0.65509,0.65549,1.00,1.00
2016.03.28 23:03:01.573,0.65509,0.65549,1.37,1.00
2016.03.28 23:03:01.638,0.65514,0.65549,1.00,1.00
2016.03.28 23:03:04.921,0.65515,0.65549,1.00,1.00
2016.03.28 23:03:05.299,0.6552,0.65549,1.00,1.00
2016.03.28 23:03:05.831,0.6552,0.6555,1.00,1.00
2016.03.28 23:03:05.932,0.65515,0.6555,1.00,1.00
2016.03.28 23:03:06.523,0.65514,0.65549,1.00,1.00
2016.03.28 23:03:07.138,0.6552,0.65549,1.00,1.00
2016.03.28 23:03:07.289,0.65514,0.65549,1.00,1.00
2016.03.28 23:03:07.390,0.6552,0.65549,1.00,1.00
2016.03.28 23:03:10.237,0.65514,0.65549,1.00,1.00
2016.03.28 23:03:10.443,0.65509,0.65549,1.00,1.00
2016.03.28 23:03:10.594,0.65509,0.65546,1.00,1.00
2016.03.28 23:03:11.207,0.6551,0.65546,1.00,1.00
2016.03.28 23:03:13.077,0.65509,0.65546,1.00,1.00
2016.03.28 23:03:14.285,0.65509,0.65548,1.00,1.00
2016.03.28 23:03:14.896,0.6551,0.65548,1.00,1.00
2016.03.28 23:03:15.414,0.65509,0.65548,1.00,1.00
2016.03.28 23:03:18.560,0.65509,0.65545,1.00,1.00
2016.03.28 23:03:20.888,0.6551,0.65545,1.00,1.00
2016.03.28 23:03:22.097,0.65509,0.65545,1.00,1.00
2016.03.28 23:03:31.754,0.6551,0.65545,1.00,1.00
2016.03.28 23:03:32.547,0.65509,0.65545,1.00,1.00
2016.03.28 23:03:33.978,0.6551,0.65545,1.00,1.00
2016.03.28 23:03:34.858,0.65509,0.65545,1.00,1.00
2016.03.28 23:03:37.717,0.6551,0.65545,1.00,1.00
2016.03.28 23:03:38.917,0.6551,0.65546,1.00,1.00
2016.03.28 23:03:48.387,0.65509,0.65546,1.00,1.00
2016.03.28 23:03:53.116,0.6551,0.65546,1.00,1.00
2016.03.28 23:03:53.658,0.65509,0.65546,1.00,1.00
2016.03.28 23:03:54.268,0.6551,0.65546,1.00,1.00
2016.03.28 23:03:54.876,0.65509,0.65547,1.00,1.00
2016.03.28 23:04:01.147,0.6551,0.65547,1.00,1.00
2016.03.28 23:04:01.696,0.65509,0.65547,1.00,1.00
2016.03.28 23:04:03.054,0.6551,0.65547,1.00,1.00
2016.03.28 23:04:03.608,0.65509,0.65547,1.00,1.00
2016.03.28 23:04:07.526,0.6551,0.65547,1.00,1.00
2016.03.28 23:04:08.517,0.65509,0.65547,1.00,1.00
2016.03.28 23:04:14.566,0.6551,0.65547,1.00,1.00
2016.03.28 23:04:18.784,0.65509,0.65547,1.12,1.00
2016.03.28 23:04:19.449,0.6551,0.65547,1.00,1.00
2016.03.28 23:04:19.788,0.65514,0.65547,1.00,1.00
2016.03.28 23:04:20.725,0.65509,0.65547,1.12,1.00
2016.03.28 23:04:21.404,0.6551,0.65546,1.00,1.00
2016.03.28 23:04:28.646,0.65509,0.65546,1.00,1.00
2016.03.28 23:04:29.296,0.65509,0.65545,1.00,1.00
2016.03.28 23:04:30.736,0.6551,0.65545,1.00,1.00
2016.03.28 23:04:31.733,0.6551,0.65548,1.00,1.00
2016.03.28 23:04:32.193,0.6551,0.65545,1.00,1.00
2016.03.28 23:04:32.394,0.6551,0.65548,1.00,1.00
2016.03.28 23:04:32.954,0.65509,0.65548,1.00,1.00
2016.03.28 23:04:34.289,0.6551,0.65548,1.00,1.00
2016.03.28 23:04:34.339,0.6551,0.65546,1.00,1.00
2016.03.28 23:04:34.995,0.65509,0.65546,1.00,1.00
2016.03.28 23:04:36.198,0.65509,0.65545,1.00,1.00
2016.03.28 23:04:43.708,0.65509,0.65543,1.00,1.00
2016.03.28 23:04:44.948,0.65514,0.65543,1.00,1.00
2016.03.28 23:04:50.564,0.65509,0.65543,1.00,1.00
2016.03.28 23:04:55.844,0.65514,0.65543,1.00,1.00
2016.03.28 23:04:57.685,0.65509,0.65543,1.00,1.00
2016.03.28 23:04:58.016,0.65514,0.65543,1.00,1.00
2016.03.28 23:05:02.783,0.65515,0.65543,1.00,1.00
2016.03.28 23:05:05.165,0.65514,0.65543,1.00,1.00
2016.03.28 23:05:08.794,0.65515,0.65543,1.00,1.00
2016.03.28 23:05:09.387,0.65514,0.65543,1.00,1.00
2016.03.28 23:05:10.114,0.65515,0.65543,1.00,1.00
2016.03.28 23:05:12.454,0.65514,0.65543,1.00,1.00
2016.03.28 23:05:23.778,0.65514,0.65545,1.00,1.00
2016.03.28 23:05:32.055,0.65514,0.65545,1.37,1.00
2016.03.28 23:05:33.891,0.65514,0.65545,1.12,1.00
2016.03.28 23:05:34.885,0.65515,0.65545,1.00,1.00
2016.03.28 23:05:39.619,0.65514,0.65546,1.37,1.00
2016.03.28 23:05:40.178,0.65514,0.65546,1.12,1.00
2016.03.28 23:05:48.051,0.65515,0.65546,1.00,1.00
2016.03.28 23:05:48.555,0.65514,0.65546,1.00,1.00
2016.03.28 23:05:56.169,0.65514,0.65545,1.00,1.00
2016.03.28 23:06:00.778,0.65514,0.65545,1.37,1.00
2016.03.28 23:06:01.522,0.65514,0.65545,1.00,1.00
2016.03.28 23:06:04.993,0.65515,0.65545,1.00,1.00
2016.03.28 23:06:05.764,0.65514,0.65545,1.00,1.00
2016.03.28 23:06:07.193,0.65515,0.65545,1.00,1.00
2016.03.28 23:06:07.855,0.65514,0.65545,1.00,1.00
2016.03.28 23:06:09.204,0.65515,0.65545,1.00,1.00
2016.03.28 23:06:09.943,0.65514,0.65545,1.00,1.00
2016.03.28 23:06:12.733,0.65514,0.65547,1.00,1.00
2016.03.28 23:06:12.913,0.6552,0.65547,1.00,1.00
2016.03.28 23:06:14.783,0.65515,0.65547,1.00,1.00
2016.03.28 23:06:17.643,0.65514,0.65547,1.00,1.00
2016.03.28 23:06:21.064,0.65515,0.65547,1.00,1.00
2016.03.28 23:06:23.143,0.65514,0.65547,1.00,1.00
2016.03.28 23:06:23.949,0.65514,0.65546,1.00,1.00
2016.03.28 23:06:31.723,0.6552,0.65546,1.00,1.00
2016.03.28 23:06:34.474,0.65519,0.65546,1.00,1.00
2016.03.28 23:06:35.473,0.65524,0.65546,1.00,1.00
2016.03.28 23:06:35.574,0.65519,0.65546,1.00,1.00
2016.03.28 23:06:36.334,0.65519,0.65547,1.00,1.00
2016.03.28 23:06:36.449,0.65514,0.65547,1.00,1.00
2016.03.28 23:06:37.478,0.65515,0.65546,1.00,1.00
2016.03.28 23:06:38.654,0.65519,0.65546,1.00,1.00
2016.03.28 23:06:39.543,0.65515,0.65546,1.00,1.00
2016.03.28 23:06:41.182,0.65519,0.65546,1.00,1.00
2016.03.28 23:06:42.103,0.65514,0.65546,1.00,1.00
2016.03.28 23:06:42.173,0.65519,0.65546,1.00,1.00
2016.03.28 23:06:42.723,0.65514,0.65546,1.00,1.00
2016.03.28 23:06:43.234,0.65515,0.65546,1.00,1.00
2016.03.28 23:06:45.362,0.65514,0.65546,1.00,1.00
2016.03.28 23:06:49.653,0.65519,0.65546,1.00,1.00
2016.03.28 23:06:54.842,0.65519,0.65547,1.00,1.00
2016.03.28 23:06:57.400,0.65514,0.65547,1.00,1.00
2016.03.28 23:06:58.782,0.65515,0.65547,1.00,1.00
2016.03.28 23:06:59.304,0.65514,0.65547,1.00,1.00
2016.03.28 23:07:01.752,0.65515,0.65547,1.00,1.00
2016.03.28 23:07:02.527,0.65514,0.65547,1.00,1.00
2016.03.28 23:07:07.692,0.65519,0.65547,1.00,1.00
2016.03.28 23:07:08.572,0.65514,0.65547,1.00,1.00
2016.03.28 23:07:08.622,0.65519,0.65547,1.00,1.00
2016.03.28 23:07:10.882,0.65514,0.65547,1.00,1.00
2016.03.28 23:07:12.720,0.65514,0.65545,1.00,1.00
2016.03.28 23:07:13.083,0.6552,0.65545,1.00,1.00
2016.03.28 23:07:16.641,0.65519,0.65545,1.00,1.00
2016.03.28 23:07:16.973,0.65525,0.65545,1.00,1.00
2016.03.28 23:07:17.074,0.65519,0.65545,1.00,1.00
2016.03.28 23:07:18.582,0.65514,0.65545,1.00,1.00
2016.03.28 23:07:22.892,0.65515,0.65545,1.00,1.00
2016.03.28 23:07:23.473,0.6552,0.65545,1.00,1.00
2016.03.28 23:07:24.156,0.65519,0.65545,1.00,1.00
2016.03.28 23:07:24.953,0.6552,0.65545,1.00,1.00
2016.03.28 23:07:26.273,0.6552,0.6555,1.00,1.00
2016.03.28 23:07:26.923,0.65519,0.6555,1.00,1.00
2016.03.28 23:07:28.727,0.6552,0.6555,1.00,1.00
2016.03.28 23:07:28.828,0.65524,0.6555,1.00,1.00
2016.03.28 23:07:30.934,0.65519,0.6555,1.00,1.00
2016.03.28 23:07:31.940,0.65514,0.6555,1.00,1.00
2016.03.28 23:07:32.485,0.65519,0.6555,1.00,1.00
2016.03.28 23:07:33.892,0.65519,0.65552,1.00,1.00
2016.03.28 23:07:34.599,0.6552,0.65552,1.00,1.00
2016.03.28 23:07:35.361,0.65524,0.65552,1.00,1.00
2016.03.28 23:07:35.921,0.65524,0.6555,1.00,1.00
2016.03.28 23:07:40.161,0.65515,0.6555,1.00,1.00
2016.03.28 23:07:40.602,0.65519,0.6555,1.00,1.00
2016.03.28 23:07:41.082,0.65514,0.6555,1.00,1.00
2016.03.28 23:07:41.543,0.65519,0.6555,1.00,1.00
2016.03.28 23:07:42.393,0.65514,0.6555,1.00,1.00
2016.03.28 23:07:50.734,0.65519,0.6555,1.00,1.00
2016.03.28 23:07:51.411,0.65524,0.6555,1.00,1.00
2016.03.28 23:07:51.491,0.6552,0.6555,1.00,1.00
2016.03.28 23:07:53.722,0.65524,0.6555,1.00,1.00
2016.03.28 23:07:56.112,0.65525,0.6555,1.00,1.00
2016.03.28 23:07:56.881,0.6552,0.6555,1.00,1.00
2016.03.28 23:07:57.541,0.65514,0.6555,1.00,1.00
2016.03.28 23:07:58.531,0.65519,0.6555,1.00,1.00
2016.03.28 23:08:01.923,0.65524,0.6555,1.00,1.00
2016.03.28 23:08:01.995,0.65524,0.65556,1.00,1.00
2016.03.28 23:08:02.195,0.65529,0.65556,1.00,1.00
2016.03.28 23:08:02.246,0.65529,0.65559,1.00,1.00
2016.03.28 23:08:02.802,0.6553,0.65559,1.00,1.00
2016.03.28 23:08:03.943,0.65529,0.65559,1.00,1.00
2016.03.28 23:08:06.917,0.6553,0.65559,1.00,1.00
2016.03.28 23:08:19.660,0.65529,0.65559,1.00,1.00
2016.03.28 23:08:20.774,0.65524,0.65559,1.00,1.00
2016.03.28 23:08:22.841,0.65525,0.65559,1.00,1.00
2016.03.28 23:08:25.073,0.65524,0.65559,1.00,1.00
2016.03.28 23:08:27.903,0.65529,0.65559,1.00,1.00
2016.03.28 23:08:28.054,0.65525,0.65559,1.00,1.00
2016.03.28 23:08:28.451,0.65529,0.65559,1.00,1.00
2016.03.28 23:08:28.835,0.65529,0.65562,1.00,1.00
2016.03.28 23:08:29.361,0.6553,0.65562,1.00,1.00
2016.03.28 23:08:31.321,0.65529,0.65562,1.00,1.00
2016.03.28 23:08:32.099,0.6553,0.65562,1.00,1.00
2016.03.28 23:08:32.569,0.65535,0.65562,1.00,1.00
2016.03.28 23:08:32.682,0.65534,0.65568,1.00,1.00
2016.03.28 23:08:32.783,0.65539,0.65568,1.00,1.00
2016.03.28 23:08:33.621,0.6554,0.65568,1.00,1.00
2016.03.28 23:08:34.610,0.65539,0.65568,1.00,1.00
2016.03.28 23:08:35.381,0.65534,0.65568,1.00,1.00
2016.03.28 23:08:37.362,0.6554,0.65568,1.00,1.00
2016.03.28 23:08:37.463,0.6554,0.65572,1.00,1.00
2016.03.28 23:08:37.911,0.65544,0.65572,1.00,1.00
2016.03.28 23:08:38.241,0.65539,0.65572,1.00,1.00
2016.03.28 23:08:38.759,0.65544,0.65572,1.00,1.00
2016.03.28 23:08:38.810,0.65544,0.65575,1.00,1.00
2016.03.28 23:08:38.961,0.65544,0.65577,1.00,1.00
2016.03.28 23:08:40.792,0.65539,0.65577,1.00,1.00
2016.03.28 23:08:40.893,0.65544,0.65577,1.00,1.00
2016.03.28 23:08:42.791,0.65544,0.65574,1.00,1.00
2016.03.28 23:08:42.908,0.65539,0.65573,1.00,1.00
2016.03.28 23:08:43.159,0.65539,0.65568,1.00,1.00
2016.03.28 23:08:43.547,0.65535,0.65568,1.00,1.00
2016.03.28 23:08:43.598,0.65535,0.65566,1.00,1.00
2016.03.28 23:08:45.501,0.65534,0.65566,1.00,1.00
2016.03.28 23:08:46.711,0.65539,0.65566,1.00,1.00
2016.03.28 23:08:46.762,0.65539,0.65569,1.00,1.00
2016.03.28 23:08:47.403,0.65544,0.65569,1.00,1.00
2016.03.28 23:08:47.503,0.65544,0.65571,1.00,1.00
2016.03.28 23:08:47.892,0.65544,0.65574,1.00,1.00
2016.03.28 23:08:48.587,0.65544,0.65573,1.00,1.00
2016.03.28 23:08:48.968,0.65544,0.65575,1.00,1.00
2016.03.28 23:08:49.528,0.65545,0.65575,1.00,1.00
2016.03.28 23:08:51.110,0.65544,0.65575,1.00,1.00
2016.03.28 23:08:54.850,0.6555,0.65575,1.00,1.00
2016.03.28 23:08:55.070,0.6555,0.6558,1.00,1.00
2016.03.28 23:08:55.637,0.65549,0.6558,1.00,1.00
2016.03.28 23:08:57.820,0.6555,0.6558,1.00,1.00
2016.03.28 23:08:58.648,0.65549,0.6558,1.00,1.00
2016.03.28 23:09:01.560,0.65554,0.6558,1.00,1.00
2016.03.28 23:09:01.611,0.65554,0.65584,1.00,1.00
2016.03.28 23:09:01.924,0.65559,0.65588,1.00,1.00
2016.03.28 23:09:02.024,0.65554,0.65588,1.00,1.00
2016.03.28 23:09:08.050,0.65555,0.65588,1.00,1.00
2016.03.28 23:09:09.150,0.65554,0.65588,1.00,1.00
2016.03.28 23:09:10.251,0.65555,0.65588,1.00,1.00
2016.03.28 23:09:11.570,0.65554,0.65588,1.00,1.00
2016.03.28 23:09:12.560,0.65555,0.65588,1.00,1.00
2016.03.28 23:09:13.220,0.65554,0.65588,1.00,1.00
2016.03.28 23:09:14.271,0.65555,0.65588,1.00,1.00
2016.03.28 23:09:17.543,0.65554,0.65588,1.00,1.00
2016.03.28 23:09:18.355,0.65555,0.65588,1.00,1.00
2016.03.28 23:09:19.270,0.65554,0.65588,1.00,1.00
2016.03.28 23:09:19.777,0.65555,0.65587,1.00,1.00
2016.03.28 23:09:20.848,0.65554,0.65587,1.00,1.00
2016.03.28 23:09:22.267,0.65555,0.65587,1.00,1.00
2016.03.28 23:09:23.019,0.65549,0.65587,1.00,1.00
2016.03.28 23:09:23.069,0.65549,0.65581,1.00,1.00
2016.03.28 23:09:23.561,0.65554,0.65581,1.00,1.00
2016.03.28 23:09:24.099,0.65554,0.65582,1.00,1.00
2016.03.28 23:09:27.806,0.65549,0.65582,1.00,1.00
2016.03.28 23:09:28.070,0.65554,0.65582,1.00,1.00
2016.03.28 23:09:28.444,0.65554,0.65588,1.00,1.00
2016.03.28 23:09:28.998,0.65559,0.65588,1.00,1.00
2016.03.28 23:09:29.049,0.65559,0.65592,1.00,1.00
2016.03.28 23:09:33.825,0.65565,0.65592,1.00,1.00
2016.03.28 23:09:34.237,0.65559,0.65592,1.00,1.00
2016.03.28 23:09:34.918,0.6556,0.65592,1.00,1.00
2016.03.28 23:09:35.425,0.65559,0.65592,1.00,1.00
2016.03.28 23:09:36.210,0.6556,0.65592,1.00,1.00
2016.03.28 23:09:37.976,0.65559,0.65592,1.00,1.00
2016.03.28 23:09:44.300,0.6556,0.65592,1.00,1.00
2016.03.28 23:09:44.401,0.6556,0.65595,1.00,1.00
2016.03.28 23:09:45.731,0.65565,0.65595,1.00,1.00
2016.03.28 23:10:00.411,0.65564,0.65595,1.00,1.00
2016.03.28 23:10:00.760,0.65564,0.65593,1.00,1.00
2016.03.28 23:10:01.022,0.65559,0.65593,1.00,1.00
2016.03.28 23:10:02.013,0.6556,0.65593,1.00,1.00
2016.03.28 23:10:02.667,0.65559,0.65593,1.00,1.00
2016.03.28 23:10:02.718,0.65564,0.65593,1.00,1.00
2016.03.28 23:10:03.021,0.65559,0.65592,1.00,1.00
2016.03.28 23:10:03.772,0.6556,0.65592,1.00,1.00
2016.03.28 23:10:05.532,0.65559,0.65592,1.00,1.00
2016.03.28 23:10:06.789,0.6556,0.65592,1.00,1.00
2016.03.28 23:10:07.182,0.65564,0.65592,1.00,1.00
2016.03.28 23:10:07.548,0.6556,0.65592,1.00,1.00
2016.03.28 23:10:08.062,0.65564,0.65592,1.00,1.00
2016.03.28 23:10:08.214,0.65559,0.65592,1.00,1.00
2016.03.28 23:10:08.985,0.65564,0.65592,1.00,1.00
2016.03.28 23:10:09.052,0.6556,0.65592,1.00,1.00
2016.03.28 23:10:10.592,0.65564,0.65592,1.00,1.00
2016.03.28 23:10:10.924,0.65559,0.65592,1.00,1.00
2016.03.28 23:10:12.139,0.6556,0.65592,1.00,1.00
2016.03.28 23:10:12.733,0.65559,0.65592,1.00,1.00
2016.03.28 23:10:15.137,0.65559,0.65589,1.00,1.00
2016.03.28 23:10:15.624,0.6556,0.65591,1.00,1.00
2016.03.28 23:10:16.160,0.65559,0.65591,1.00,1.00
2016.03.28 23:10:16.674,0.6556,0.65591,1.00,1.00
2016.03.28 23:10:17.447,0.65559,0.65591,1.00,1.00
2016.03.28 23:10:18.401,0.6556,0.65591,1.00,1.00
2016.03.28 23:10:19.097,0.65559,0.65591,1.00,1.00
2016.03.28 23:10:19.712,0.6556,0.65591,1.00,1.00
2016.03.28 23:10:21.592,0.65559,0.65591,1.00,1.00
2016.03.28 23:10:24.499,0.6556,0.65591,1.00,1.00
2016.03.28 23:10:25.138,0.65555,0.65586,1.00,1.00
2016.03.28 23:10:25.484,0.65559,0.65586,1.00,1.00
2016.03.28 23:10:27.092,0.65554,0.65586,1.00,1.00
2016.03.28 23:10:27.604,0.65555,0.65586,1.00,1.00
2016.03.28 23:10:27.655,0.65559,0.65586,1.00,1.00
2016.03.28 23:10:27.756,0.6556,0.65591,1.00,1.00
2016.03.28 23:10:28.440,0.65559,0.65591,1.00,1.00
2016.03.28 23:10:31.414,0.6556,0.65591,1.00,1.00
2016.03.28 23:10:33.032,0.65559,0.65591,1.00,1.00
2016.03.28 23:10:33.565,0.65559,0.65591,1.00,1.37
2016.03.28 23:10:36.221,0.6556,0.65591,1.00,1.37
2016.03.28 23:10:36.884,0.65559,0.65591,1.00,1.37
2016.03.28 23:10:37.761,0.6556,0.65591,1.00,1.37
2016.03.28 23:10:38.471,0.65559,0.65591,1.00,1.37
2016.03.28 23:10:39.002,0.6556,0.65591,1.00,1.37
2016.03.28 23:10:39.632,0.65559,0.65591,1.00,1.37
2016.03.28 23:10:49.092,0.65564,0.65591,1.00,1.37
2016.03.28 23:10:50.245,0.6556,0.65591,1.00,1.37
2016.03.28 23:10:50.296,0.6556,0.65591,1.00,1.37
2016.03.28 23:10:50.538,0.65554,0.65588,1.00,1.37
2016.03.28 23:10:50.589,0.65554,0.65588,1.00,1.37
2016.03.28 23:10:51.208,0.65549,0.65584,1.87,1.37
2016.03.28 23:10:51.466,0.65554,0.65584,1.00,1.37
2016.03.28 23:10:51.796,0.65554,0.65592,1.00,1.37
2016.03.28 23:10:51.897,0.65554,0.65592,1.00,1.37
2016.03.28 23:10:51.998,0.65559,0.65597,1.00,1.37
2016.03.28 23:10:52.160,0.6556,0.65597,1.00,1.37
2016.03.28 23:10:52.737,0.65559,0.65597,1.12,1.37
2016.03.28 23:10:54.301,0.65559,0.65597,1.00,1.37
2016.03.28 23:10:54.803,0.6556,0.65597,1.00,1.37
2016.03.28 23:10:54.955,0.65555,0.65597,1.87,1.37
2016.03.28 23:10:55.207,0.65554,0.65594,1.00,1.37
2016.03.28 23:10:57.562,0.65555,0.65594,1.00,1.37
2016.03.28 23:10:58.312,0.65554,0.6559,1.00,1.37
2016.03.28 23:10:58.363,0.65549,0.6559,1.37,1.37
2016.03.28 23:10:58.772,0.65554,0.6559,1.00,1.37
2016.03.28 23:11:01.741,0.65555,0.6559,1.00,1.37
2016.03.28 23:11:02.108,0.65555,0.65595,1.12,1.37
2016.03.28 23:11:02.640,0.6556,0.65595,1.00,1.37
2016.03.28 23:11:06.151,0.65559,0.65596,1.00,1.37
2016.03.28 23:11:06.744,0.65559,0.65596,1.00,1.37
2016.03.28 23:11:06.806,0.6556,0.65601,1.37,1.37
2016.03.28 23:11:07.394,0.65564,0.65601,1.00,1.37
2016.03.28 23:11:08.054,0.65565,0.65601,1.00,1.37
2016.03.28 23:11:23.802,0.65565,0.65602,1.00,1.37
2016.03.28 23:11:23.955,0.6556,0.65602,1.37,1.37
2016.03.28 23:11:25.150,0.6556,0.65597,1.37,1.00
2016.03.28 23:11:25.204,0.6556,0.65597,1.00,1.37
2016.03.28 23:11:26.342,0.65559,0.65597,1.12,1.37
2016.03.28 23:11:26.875,0.6556,0.65597,1.00,1.37
2016.03.28 23:11:27.536,0.65559,0.65597,1.12,1.37
2016.03.28 23:11:34.811,0.6556,0.65597,1.00,1.37
2016.03.28 23:11:35.056,0.6556,0.65597,1.37,1.12
2016.03.28 23:11:35.141,0.65564,0.65597,1.00,1.12
2016.03.28 23:11:36.021,0.65565,0.65597,1.00,1.12
2016.03.28 23:11:39.210,0.65564,0.65601,1.00,1.37
2016.03.28 23:11:47.371,0.65565,0.65601,1.00,1.37
2016.03.28 23:11:48.824,0.65559,0.65601,1.50,1.37
2016.03.28 23:11:49.478,0.65559,0.65598,1.00,1.37
2016.03.28 23:11:50.038,0.65559,0.65599,1.37,1.37
2016.03.28 23:11:50.539,0.6556,0.656,1.00,1.37
2016.03.28 23:11:51.124,0.65559,0.656,1.00,1.37
2016.03.28 23:11:51.718,0.6556,0.656,1.00,1.37
2016.03.28 23:11:51.768,0.6556,0.656,1.37,1.37
2016.03.28 23:11:54.171,0.65564,0.656,1.00,1.37
2016.03.28 23:11:55.187,0.65559,0.656,1.37,1.37
2016.03.28 23:11:55.346,0.65559,0.65598,1.00,1.37
2016.03.28 23:12:03.979,0.6556,0.65598,1.00,1.37
2016.03.28 23:12:04.486,0.65559,0.65598,1.00,1.37
2016.03.28 23:12:05.143,0.6556,0.65598,1.00,1.37
2016.03.28 23:12:05.851,0.65559,0.65598,1.00,1.37
2016.03.28 23:12:06.260,0.65559,0.65595,1.00,1.37
2016.03.28 23:12:08.599,0.6556,0.65595,1.00,1.37
2016.03.28 23:12:16.213,0.65559,0.65594,1.00,1.37
2016.03.28 23:12:18.958,0.6556,0.65595,1.00,1.37
2016.03.28 23:12:22.274,0.65555,0.65595,1.12,1.37
2016.03.28 23:12:22.325,0.65555,0.65595,1.00,1.37
2016.03.28 23:12:23.790,0.65555,0.6559,1.00,1.37
2016.03.28 23:12:24.989,0.65559,0.6559,1.00,1.37
2016.03.28 23:12:30.177,0.65554,0.6559,1.00,1.37
2016.03.28 23:12:43.762,0.65554,0.6559,1.00,1.37
2016.03.28 23:12:45.814,0.65555,0.65588,1.00,1.37
2016.03.28 23:12:46.365,0.65554,0.65588,1.00,1.37
2016.03.28 23:12:46.922,0.65559,0.65588,1.00,1.37
2016.03.28 23:12:47.482,0.6556,0.65588,1.00,1.37
2016.03.28 23:12:48.309,0.65559,0.65588,1.00,1.37
2016.03.28 23:12:51.435,0.65555,0.65592,1.00,1.37
2016.03.28 23:12:51.486,0.65555,0.65592,1.00,1.37
2016.03.28 23:12:52.226,0.65554,0.65592,1.12,1.37
2016.03.28 23:12:58.369,0.65554,0.65591,1.00,1.37
2016.03.28 23:13:09.209,0.65555,0.65589,1.00,1.37
2016.03.28 23:13:15.605,0.65554,0.65589,1.00,1.37
2016.03.28 23:13:15.951,0.65549,0.65589,1.37,1.37
2016.03.28 23:13:16.028,0.65554,0.65589,1.00,1.37
2016.03.28 23:13:16.529,0.65555,0.65589,1.00,1.37
2016.03.28 23:13:33.990,0.65564,0.65591,1.00,1.37
2016.03.28 23:13:34.243,0.6557,0.65598,1.00,1.37
2016.03.28 23:13:38.281,0.65564,0.65599,1.00,1.37
2016.03.28 23:13:38.332,0.65564,0.65599,1.00,1.37
2016.03.28 23:13:38.382,0.6557,0.65599,1.00,1.37
2016.03.28 23:13:38.485,0.65564,0.65599,1.00,1.37
2016.03.28 23:13:38.918,0.6557,0.65599,1.00,1.37
2016.03.28 23:13:39.716,0.65565,0.65599,1.00,1.37
2016.03.28 23:13:42.878,0.65564,0.65599,1.00,1.37
2016.03.28 23:13:43.722,0.65564,0.65598,1.00,1.37
2016.03.28 23:13:44.529,0.65569,0.65598,1.00,1.37
2016.03.28 23:13:59.032,0.65569,0.65598,1.00,1.37
2016.03.28 23:13:59.083,0.65575,0.65598,1.00,1.37
2016.03.28 23:13:59.184,0.65569,0.656,1.00,1.37
2016.03.28 23:14:01.858,0.6557,0.656,1.00,1.37
2016.03.28 23:14:02.588,0.65569,0.656,1.00,1.37
2016.03.28 23:14:03.338,0.65569,0.656,1.00,1.37
2016.03.28 23:14:03.688,0.65565,0.65594,1.00,1.37
2016.03.28 23:14:03.798,0.6557,0.65594,1.00,1.37
2016.03.28 23:14:04.423,0.65569,0.65594,1.00,1.37
2016.03.28 23:14:05.048,0.65569,0.65591,1.00,1.37
2016.03.28 23:14:07.688,0.65564,0.65591,1.00,1.37
2016.03.28 23:14:08.661,0.6557,0.65591,1.00,1.37
2016.03.28 23:14:09.635,0.65564,0.65591,1.00,1.37
2016.03.28 23:14:10.178,0.6557,0.65593,1.00,1.37
2016.03.28 23:14:10.964,0.65564,0.65593,1.00,1.37
2016.03.28 23:14:11.166,0.65564,0.6559,1.00,1.37
2016.03.28 23:14:11.217,0.65559,0.65589,1.00,1.37
2016.03.28 23:14:14.027,0.6556,0.65589,1.00,1.37
2016.03.28 23:14:16.240,0.65559,0.65589,1.00,1.37
2016.03.28 23:14:19.343,0.6556,0.65589,1.00,1.37
2016.03.28 23:14:20.408,0.65565,0.65589,1.00,1.37
2016.03.28 23:14:20.517,0.65559,0.65589,1.00,1.37
2016.03.28 23:14:24.674,0.65565,0.65589,1.00,1.37
2016.03.28 23:14:24.828,0.6556,0.65589,1.00,1.37
2016.03.28 23:14:25.066,0.6556,0.65586,1.00,1.37
2016.03.28 23:14:28.127,0.65559,0.65586,1.00,1.37
2016.03.28 23:14:28.610,0.6556,0.65586,1.00,1.37
2016.03.28 23:14:29.145,0.65559,0.65586,1.00,1.37
2016.03.28 23:14:29.668,0.65564,0.65586,1.00,1.37
2016.03.28 23:14:33.310,0.65564,0.65591,1.00,1.37
2016.03.28 23:14:36.927,0.65569,0.65591,1.00,1.37
2016.03.28 23:14:38.283,0.65565,0.65594,1.00,1.37
2016.03.28 23:14:38.485,0.65564,0.65594,1.00,1.37
2016.03.28 23:14:43.087,0.65569,0.65594,1.00,1.37
2016.03.28 23:14:43.829,0.65569,0.656,1.00,1.37
2016.03.28 23:14:47.295,0.65569,0.65601,1.00,1.37
2016.03.28 23:14:59.955,0.65569,0.65601,1.37,1.37
2016.03.28 23:15:00.057,0.65575,0.65607,1.00,1.37
2016.03.28 23:15:00.488,0.65584,0.65615,1.00,1.37
2016.03.28 23:15:01.457,0.65585,0.65615,1.00,1.37
2016.03.28 23:15:04.095,0.65589,0.65615,1.00,1.37
2016.03.28 23:15:07.506,0.65584,0.65615,1.00,1.37
2016.03.28 23:15:08.167,0.65589,0.65615,1.00,1.37
2016.03.28 23:15:10.585,0.65584,0.65615,1.00,1.37
2016.03.28 23:15:16.136,0.65584,0.65615,1.00,1.37
2016.03.28 23:15:36.161,0.65584,0.65615,1.00,1.37
2016.03.28 23:15:52.095,0.6559,0.65615,1.00,1.37
2016.03.28 23:15:55.423,0.65585,0.65615,1.00,1.37
2016.03.28 23:15:55.934,0.65589,0.65615,1.00,1.37
2016.03.28 23:15:56.643,0.65589,0.65615,1.00,1.37
2016.03.28 23:16:10.015,0.6559,0.65615,1.00,1.37
2016.03.28 23:16:12.656,0.65594,0.65619,1.00,1.37
2016.03.28 23:16:12.757,0.65594,0.65625,1.00,1.37
2016.03.28 23:16:12.908,0.65599,0.65627,1.00,1.37
2016.03.28 23:16:13.314,0.65595,0.65627,1.00,1.37
2016.03.28 23:16:14.080,0.65594,0.65625,1.00,1.37
2016.03.28 23:16:15.214,0.65594,0.65625,1.00,1.37
2016.03.28 23:16:21.420,0.65599,0.65628,1.00,1.37
2016.03.28 23:16:21.471,0.65594,0.65628,1.00,1.37
2016.03.28 23:16:25.778,0.65595,0.65628,1.00,1.37
2016.03.28 23:16:28.736,0.656,0.65629,1.00,1.37
2016.03.28 23:16:28.837,0.656,0.65629,1.00,1.37
2016.03.28 23:16:28.938,0.65604,0.65629,1.00,1.37
2016.03.28 23:16:29.643,0.65605,0.65629,1.00,1.37
2016.03.28 23:16:32.793,0.65604,0.65629,1.00,1.37
2016.03.28 23:16:40.435,0.6561,0.65636,1.00,1.37
2016.03.28 23:16:40.485,0.6561,0.65636,1.00,1.37
2016.03.28 23:16:40.536,0.65605,0.65634,1.00,1.37
2016.03.28 23:16:40.587,0.65605,0.65634,1.00,1.37
2016.03.28 23:16:42.296,0.656,0.65634,1.00,1.37
2016.03.28 23:16:42.533,0.65604,0.65632,1.00,1.37
2016.03.28 23:16:43.626,0.65595,0.65632,1.00,1.37
2016.03.28 23:16:44.735,0.65599,0.65632,1.00,1.37
2016.03.28 23:16:45.124,0.65594,0.65632,1.50,1.37
2016.03.28 23:16:46.884,0.65599,0.65633,1.00,1.37
2016.03.28 23:16:48.438,0.656,0.65635,1.00,1.37
2016.03.28 23:16:49.109,0.65599,0.65635,1.00,1.37
2016.03.28 23:16:49.174,0.65599,0.65635,1.00,1.37
2016.03.28 23:16:49.224,0.65604,0.65635,1.00,1.37
2016.03.28 23:17:03.745,0.65609,0.65639,1.00,1.37
2016.03.28 23:17:03.846,0.65609,0.65639,1.00,1.37
2016.03.28 23:17:04.013,0.65609,0.65645,1.00,1.37
2016.03.28 23:17:04.063,0.65614,0.65645,1.00,1.37
2016.03.28 23:17:04.828,0.65615,0.65645,1.00,1.37
2016.03.28 23:17:05.208,0.65615,0.65645,1.00,1.37
2016.03.28 23:17:05.698,0.65604,0.65645,1.00,1.37
2016.03.28 23:17:05.900,0.65604,0.65634,1.00,1.00
2016.03.28 23:17:06.291,0.65604,0.65634,1.00,1.37
2016.03.28 23:17:06.354,0.656,0.65634,1.00,1.37
2016.03.28 23:17:07.139,0.65594,0.65634,1.00,1.37
2016.03.28 23:17:09.351,0.65595,0.65634,1.00,1.37
2016.03.28 23:17:10.059,0.65594,0.65634,1.00,1.37
2016.03.28 23:17:10.863,0.65595,0.65634,1.00,1.37
2016.03.28 23:17:13.723,0.65594,0.65634,1.00,1.37
2016.03.28 23:17:16.083,0.65604,0.65634,1.00,1.37
2016.03.28 23:17:16.402,0.65619,0.65642,1.00,1.37
2016.03.28 23:17:16.457,0.65609,0.65642,1.00,1.37
2016.03.28 23:17:16.508,0.65615,0.65642,1.00,1.37
2016.03.28 23:17:16.558,0.65615,0.65642,1.00,1.37
2016.03.28 23:17:18.275,0.65614,0.65642,1.00,1.37
2016.03.28 23:17:18.326,0.65614,0.65641,1.00,1.37
2016.03.28 23:17:18.477,0.65609,0.65641,1.00,1.37
2016.03.28 23:17:18.592,0.65614,0.65641,1.00,1.37
2016.03.28 23:17:21.030,0.65614,0.65643,1.00,1.37
2016.03.28 23:17:23.743,0.65615,0.65643,1.00,1.37
2016.03.28 23:17:24.266,0.65614,0.65643,1.00,1.37
2016.03.28 23:17:29.246,0.65615,0.65644,1.00,1.37
2016.03.28 23:17:29.805,0.65614,0.65644,1.00,1.37
2016.03.28 23:17:31.112,0.65609,0.65644,1.00,1.37
2016.03.28 23:17:31.340,0.65614,0.65644,1.00,1.37
2016.03.28 23:17:31.492,0.6561,0.65644,1.00,1.37
2016.03.28 23:17:31.593,0.65615,0.65644,1.00,1.37
2016.03.28 23:17:31.664,0.65609,0.65644,1.00,1.37
2016.03.28 23:17:31.888,0.65609,0.65644,1.00,1.37
2016.03.28 23:17:33.762,0.6561,0.65644,1.00,1.37
2016.03.28 23:17:34.341,0.65609,0.65644,1.00,1.37
2016.03.28 23:17:46.963,0.6561,0.65644,1.00,1.37
2016.03.28 23:17:47.732,0.65609,0.65644,1.00,1.37
2016.03.28 23:17:52.315,0.65609,0.65642,1.00,1.37
2016.03.28 23:18:00.075,0.6561,0.65642,1.00,1.37
2016.03.28 23:18:00.661,0.65609,0.65642,1.00,1.37
2016.03.28 23:18:01.262,0.6561,0.65642,1.00,1.37
2016.03.28 23:18:01.482,0.65604,0.65642,1.00,1.37
2016.03.28 23:18:01.922,0.6561,0.65642,1.00,1.37
2016.03.28 23:18:02.170,0.65605,0.65642,1.00,1.37
2016.03.28 23:18:02.385,0.6561,0.65642,1.00,1.37
2016.03.28 23:18:02.912,0.65604,0.65642,1.00,1.37
2016.03.28 23:18:04.792,0.65609,0.65638,1.00,1.00
2016.03.28 23:18:05.094,0.6561,0.65638,1.00,1.37
2016.03.28 23:18:05.332,0.65604,0.65638,1.00,1.37
2016.03.28 23:18:07.642,0.65609,0.65638,1.00,1.37
2016.03.28 23:18:08.145,0.65609,0.65638,1.00,1.37
2016.03.28 23:18:08.756,0.6561,0.65638,1.00,1.37
2016.03.28 23:18:10.282,0.65609,0.65638,1.00,1.37
2016.03.28 23:18:10.842,0.6561,0.65638,1.00,1.37
2016.03.28 23:18:11.272,0.65604,0.65638,1.00,1.37
2016.03.28 23:18:11.492,0.65609,0.65638,1.00,1.37
2016.03.28 23:18:12.483,0.65604,0.65638,1.00,1.37
2016.03.28 23:18:12.635,0.65604,0.65638,1.00,1.37
2016.03.28 23:18:12.789,0.65609,0.65638,1.00,1.00
2016.03.28 23:18:12.840,0.65609,0.65644,1.00,1.37
2016.03.28 23:18:13.492,0.6561,0.65644,1.00,1.37
2016.03.28 23:18:13.803,0.65614,0.65644,1.00,1.37
2016.03.28 23:18:14.573,0.6561,0.65644,1.00,1.37
2016.03.28 23:18:15.098,0.65609,0.65644,1.00,1.37
2016.03.28 23:18:15.219,0.65609,0.65644,1.00,1.37
2016.03.28 23:18:15.764,0.6561,0.65644,1.00,1.37
2016.03.28 23:18:16.354,0.65609,0.65644,1.00,1.37
2016.03.28 23:18:20.732,0.65604,0.65644,1.00,1.37
2016.03.28 23:18:20.993,0.65609,0.65639,1.00,1.37
2016.03.28 23:18:21.063,0.65604,0.65639,1.00,1.37
2016.03.28 23:18:21.172,0.65609,0.65639,1.00,1.37
2016.03.28 23:18:21.866,0.6561,0.65639,1.00,1.37
2016.03.28 23:18:22.444,0.65609,0.65639,1.00,1.37
2016.03.28 23:18:25.252,0.6561,0.65639,1.00,1.37
2016.03.28 23:18:25.902,0.65609,0.65639,1.00,1.37
2016.03.28 23:18:26.671,0.6561,0.65639,1.00,1.37
2016.03.28 23:18:27.265,0.65609,0.65639,1.00,1.37
2016.03.28 23:18:28.134,0.6561,0.65639,1.00,1.37
2016.03.28 23:18:28.651,0.65609,0.65639,1.00,1.37
2016.03.28 23:18:30.923,0.65609,0.65634,1.00,1.00
2016.03.28 23:18:30.974,0.65605,0.65634,1.00,1.37
2016.03.28 23:18:31.025,0.65605,0.65628,1.00,1.00
2016.03.28 23:18:31.226,0.65594,0.65627,1.00,1.37
2016.03.28 23:18:31.378,0.65595,0.65631,1.00,1.37
2016.03.28 23:18:31.429,0.656,0.65631,1.00,1.37
2016.03.28 23:18:33.161,0.65599,0.65631,1.00,1.37
2016.03.28 23:18:34.621,0.656,0.65631,1.00,1.37
2016.03.28 23:18:35.142,0.65599,0.65631,1.00,1.37
2016.03.28 23:18:35.912,0.65594,0.65631,1.00,1.37
2016.03.28 23:18:36.132,0.656,0.65631,1.00,1.37
2016.03.28 23:18:36.680,0.65599,0.65631,1.00,1.37
2016.03.28 23:18:38.001,0.656,0.65631,1.00,1.37
2016.03.28 23:18:38.721,0.65599,0.65631,1.00,1.37
2016.03.28 23:18:40.343,0.656,0.65631,1.00,1.37
2016.03.28 23:18:40.971,0.65594,0.65631,1.00,1.37
2016.03.28 23:18:41.479,0.65599,0.65631,1.00,1.37
2016.03.28 23:18:43.232,0.65594,0.65631,1.00,1.37
2016.03.28 23:18:43.836,0.65595,0.65631,1.00,1.37
2016.03.28 23:18:44.881,0.65594,0.65631,1.00,1.37
2016.03.28 23:18:47.191,0.65599,0.65631,1.00,1.37
2016.03.28 23:18:47.301,0.65595,0.65631,1.00,1.37
2016.03.28 23:18:48.511,0.656,0.65631,1.00,1.37
2016.03.28 23:18:48.841,0.65599,0.65629,1.00,1.37
2016.03.28 23:18:50.272,0.65594,0.65629,1.00,1.37
2016.03.28 23:18:52.582,0.65595,0.65629,1.00,1.37
2016.03.28 23:18:53.122,0.65594,0.65629,1.00,1.37
2016.03.28 23:18:53.274,0.65589,0.65621,1.00,1.37
2016.03.28 23:18:53.324,0.65589,0.65621,1.00,1.37
2016.03.28 23:18:53.375,0.65584,0.65616,1.00,1.37
2016.03.28 23:18:53.901,0.6559,0.65616,1.00,1.37
2016.03.28 23:18:54.123,0.65585,0.65616,1.00,1.37
2016.03.28 23:18:54.701,0.65589,0.65616,1.00,1.37
2016.03.28 23:18:55.587,0.65584,0.65616,1.00,1.37
2016.03.28 23:18:57.422,0.65589,0.65616,1.00,1.37
2016.03.28 23:18:57.581,0.65585,0.65616,1.00,1.37
2016.03.28 23:18:57.691,0.6559,0.65616,1.00,1.37
2016.03.28 23:18:57.972,0.65585,0.65616,1.00,1.37
2016.03.28 23:18:59.182,0.65584,0.65616,1.00,1.37
2016.03.28 23:19:01.931,0.65585,0.65616,1.00,1.37
2016.03.28 23:19:02.472,0.65584,0.65616,1.00,1.37
2016.03.28 23:19:04.380,0.6559,0.6562,1.00,1.37
2016.03.28 23:19:04.463,0.65584,0.6562,1.00,1.37
2016.03.28 23:19:05.503,0.65585,0.6562,1.00,1.37
2016.03.28 23:19:07.027,0.65589,0.6562,1.00,1.37
2016.03.28 23:19:07.872,0.65584,0.6562,1.00,1.37
2016.03.28 23:19:08.426,0.65585,0.6562,1.00,1.37
2016.03.28 23:19:08.938,0.65584,0.6562,1.00,1.37
2016.03.28 23:19:10.233,0.65584,0.6562,1.00,1.37
2016.03.28 23:19:10.511,0.6559,0.6562,1.00,1.87
2016.03.28 23:19:10.922,0.65594,0.6562,1.00,1.87
2016.03.28 23:19:11.399,0.65589,0.65627,1.00,1.37
2016.03.28 23:19:11.851,0.65594,0.65627,1.00,1.37
2016.03.28 23:19:12.216,0.65595,0.65627,1.00,1.37
2016.03.28 23:19:12.648,0.65589,0.65624,1.00,1.37
2016.03.28 23:19:13.481,0.65594,0.65623,1.00,1.37
2016.03.28 23:19:13.632,0.65589,0.65626,1.00,1.37
2016.03.28 23:19:14.581,0.6559,0.65626,1.00,1.37
2016.03.28 23:19:15.901,0.65585,0.65626,1.37,1.37
2016.03.28 23:19:16.781,0.65589,0.65624,1.00,1.37
2016.03.28 23:19:18.871,0.65585,0.65624,1.37,1.37
2016.03.28 23:19:21.532,0.65589,0.65624,1.00,1.37
2016.03.28 23:19:21.756,0.65585,0.65624,1.87,1.37
2016.03.28 23:19:21.994,0.6559,0.65622,1.00,1.37
2016.03.28 23:19:22.045,0.65585,0.65622,1.00,1.37
2016.03.28 23:19:22.831,0.65589,0.65622,1.00,1.37
2016.03.28 23:19:22.941,0.65585,0.65622,1.50,1.37
2016.03.28 23:19:23.711,0.65589,0.65622,1.00,1.37
2016.03.28 23:19:24.082,0.65585,0.65624,1.00,1.37
2016.03.28 23:19:24.371,0.65589,0.65624,1.00,1.37
2016.03.28 23:19:24.591,0.65585,0.65624,1.00,1.37
2016.03.28 23:19:25.191,0.65584,0.65624,1.50,1.37
2016.03.28 23:19:26.390,0.65589,0.65624,1.00,1.37
2016.03.28 23:19:26.818,0.65584,0.65624,1.50,1.37
2016.03.28 23:19:27.035,0.65589,0.65623,1.00,1.37
2016.03.28 23:19:27.450,0.65584,0.65623,1.50,1.37
2016.03.28 23:19:27.685,0.6559,0.65623,1.00,1.37
2016.03.28 23:19:28.758,0.6559,0.65623,1.00,1.37
2016.03.28 23:19:29.111,0.65594,0.65626,1.00,1.37
2016.03.28 23:19:29.287,0.65594,0.65629,1.00,1.37
2016.03.28 23:19:31.301,0.65595,0.65628,1.00,1.37
2016.03.28 23:19:32.181,0.6559,0.65628,1.12,1.37
2016.03.28 23:19:32.402,0.65595,0.65628,1.00,1.37
2016.03.28 23:19:33.171,0.656,0.65628,1.00,1.37
2016.03.28 23:19:35.192,0.65599,0.65628,1.00,1.37
2016.03.28 23:19:35.293,0.65594,0.65628,1.00,1.37
2016.03.28 23:19:35.370,0.65599,0.65628,1.00,1.37
2016.03.28 23:19:35.522,0.65594,0.65628,1.00,1.37
2016.03.28 23:19:36.078,0.656,0.65628,1.00,1.37
2016.03.28 23:19:36.360,0.65594,0.65628,1.00,1.37
2016.03.28 23:19:37.680,0.65595,0.65628,1.00,1.37
2016.03.28 23:19:38.892,0.65594,0.65628,1.00,1.37
2016.03.28 23:19:39.522,0.65599,0.65628,1.00,1.37
2016.03.28 23:19:40.321,0.656,0.65628,1.00,1.37
2016.03.28 23:19:41.420,0.65599,0.65628,1.00,1.37
2016.03.28 23:19:43.071,0.65594,0.65628,1.00,1.37
2016.03.28 23:19:43.180,0.656,0.65628,1.00,1.37
2016.03.28 23:19:49.340,0.65599,0.65632,1.00,1.37
2016.03.28 23:19:49.402,0.65599,0.65632,1.00,1.37
2016.03.28 23:19:55.405,0.65595,0.65631,1.00,1.37
2016.03.28 23:19:56.380,0.65599,0.65631,1.00,1.37
2016.03.28 23:19:57.165,0.65595,0.65631,1.00,1.37
2016.03.28 23:19:59.244,0.656,0.65631,1.00,1.37
2016.03.28 23:19:59.854,0.65599,0.6563,1.00,1.37
2016.03.28 23:20:02.546,0.65594,0.6563,1.50,1.37
2016.03.28 23:20:02.982,0.65599,0.6563,1.00,1.37
2016.03.28 23:20:05.449,0.65594,0.6563,1.00,1.37
2016.03.28 23:20:05.622,0.656,0.6563,1.00,1.37
2016.03.28 23:20:05.732,0.65595,0.6563,1.00,1.37
2016.03.28 23:20:06.165,0.656,0.6563,1.00,1.37
2016.03.28 23:20:06.754,0.65599,0.6563,1.00,1.37
2016.03.28 23:20:07.273,0.656,0.6563,1.00,1.37
2016.03.28 23:20:07.671,0.65595,0.6563,1.00,1.37
2016.03.28 23:20:07.731,0.656,0.6563,1.00,1.37
2016.03.28 23:20:07.822,0.65594,0.6563,1.00,1.37
2016.03.28 23:20:08.076,0.65599,0.6563,1.00,1.37
2016.03.28 23:20:09.252,0.65594,0.6563,1.00,1.37
2016.03.28 23:20:10.223,0.65594,0.65629,1.37,1.37
2016.03.28 23:20:10.573,0.65604,0.65629,1.00,1.37
2016.03.28 23:20:10.624,0.65604,0.65629,1.00,1.37
2016.03.28 23:20:12.241,0.65604,0.65634,1.00,1.37
2016.03.28 23:20:12.775,0.65605,0.65634,1.00,1.37
2016.03.28 23:20:16.622,0.65604,0.65634,1.00,1.37
2016.03.28 23:20:19.064,0.65599,0.65628,1.00,1.37
2016.03.28 23:20:19.165,0.65595,0.65628,1.00,1.37
2016.03.28 23:20:19.851,0.65594,0.65628,1.00,1.37
2016.03.28 23:20:20.461,0.65595,0.65628,1.00,1.37
2016.03.28 23:20:21.247,0.65594,0.65626,1.00,1.37
2016.03.28 23:20:21.772,0.65595,0.65626,1.00,1.37
2016.03.28 23:20:22.492,0.65594,0.65626,1.00,1.37
2016.03.28 23:20:27.162,0.65595,0.65626,1.00,1.37
2016.03.28 23:20:29.253,0.65594,0.65626,1.00,1.37
2016.03.28 23:20:33.991,0.65595,0.65626,1.00,1.37
2016.03.28 23:20:34.551,0.65594,0.65626,1.00,1.37
2016.03.28 23:20:36.159,0.65594,0.65626,1.00,1.37
2016.03.28 23:20:39.702,0.65595,0.65625,1.00,1.37
2016.03.28 23:20:40.513,0.65595,0.65631,1.37,1.37
2016.03.28 23:20:40.614,0.656,0.65631,1.00,1.37
2016.03.28 23:20:40.815,0.65599,0.65631,1.37,1.37
2016.03.28 23:20:41.067,0.65604,0.65634,1.00,1.37
2016.03.28 23:20:41.576,0.65605,0.65634,1.00,1.37
2016.03.28 23:20:41.902,0.65604,0.65637,1.12,1.37
2016.03.28 23:20:42.427,0.65605,0.65637,1.00,1.37
2016.03.28 23:20:43.437,0.65604,0.65637,1.12,1.37
2016.03.28 23:20:45.217,0.65605,0.65637,1.00,1.37
2016.03.28 23:20:46.207,0.65604,0.65637,1.12,1.37
2016.03.28 23:20:48.091,0.65605,0.65637,1.00,1.37
2016.03.28 23:20:48.615,0.65604,0.65637,1.12,1.37
2016.03.28 23:20:51.041,0.65605,0.65637,1.00,1.37
2016.03.28 23:20:54.033,0.65601,0.65631,1.37,1.00
2016.03.28 23:20:54.291,0.65589,0.65622,1.37,1.37
2016.03.28 23:20:54.342,0.65595,0.65622,1.00,1.37
2016.03.28 23:20:54.652,0.65595,0.65622,1.00,1.37
2016.03.28 23:20:54.905,0.6559,0.65622,1.00,1.37
2016.03.28 23:20:55.541,0.65589,0.65621,1.00,1.37
2016.03.28 23:20:56.073,0.6559,0.65621,1.00,1.37
2016.03.28 23:20:56.581,0.65589,0.6562,1.00,1.37
2016.03.28 23:20:57.472,0.6559,0.65619,1.00,1.37
2016.03.28 23:20:58.411,0.65589,0.6562,1.00,1.37
2016.03.28 23:20:58.912,0.6559,0.65622,1.00,1.37
2016.03.28 23:21:01.631,0.65589,0.65621,1.00,1.37
2016.03.28 23:21:02.012,0.6559,0.65622,1.37,1.37
2016.03.28 23:21:03.353,0.65589,0.65622,1.12,1.37
2016.03.28 23:21:03.855,0.6559,0.65621,1.00,1.37
2016.03.28 23:21:04.460,0.65589,0.65621,1.12,1.37
2016.03.28 23:21:05.054,0.65589,0.65622,1.00,1.37
2016.03.28 23:21:05.563,0.65584,0.6562,2.62,1.37
2016.03.28 23:21:06.442,0.65589,0.65621,1.00,1.37
2016.03.28 23:21:07.102,0.65585,0.65621,1.37,1.37
2016.03.28 23:21:07.431,0.65589,0.65621,1.00,1.37
2016.03.28 23:21:07.548,0.65585,0.65621,1.37,1.37
2016.03.28 23:21:09.883,0.6559,0.65621,1.00,1.37
2016.03.28 23:21:10.462,0.65589,0.65621,1.00,1.37
2016.03.28 23:21:12.051,0.6559,0.65621,1.00,1.37
2016.03.28 23:21:12.876,0.65589,0.65621,1.00,1.37
2016.03.28 23:21:13.536,0.6559,0.65621,1.00,1.37
2016.03.28 23:21:14.141,0.65589,0.65621,1.00,1.37
2016.03.28 23:21:14.764,0.6559,0.65621,1.00,1.37
2016.03.28 23:21:15.811,0.65589,0.65621,1.00,1.37
2016.03.28 23:21:17.930,0.6559,0.65621,1.00,1.37
2016.03.28 23:21:18.441,0.65589,0.65621,1.00,1.37
2016.03.28 23:21:19.551,0.65585,0.65621,1.87,1.37
2016.03.28 23:21:19.964,0.65585,0.65621,1.87,1.37
2016.03.28 23:21:20.541,0.65594,0.65622,1.00,1.37
2016.03.28 23:21:20.695,0.65589,0.65622,1.37,1.37
2016.03.28 23:21:30.958,0.6559,0.65623,1.37,1.37
2016.03.28 23:21:31.008,0.65594,0.65623,1.00,1.37
2016.03.28 23:21:31.109,0.65594,0.65631,1.37,1.37
2016.03.28 23:21:32.515,0.65599,0.65633,1.00,1.37
2016.03.28 23:21:32.818,0.656,0.65634,1.37,1.37
2016.03.28 23:21:34.817,0.656,0.65631,1.00,1.37
2016.03.28 23:21:35.314,0.656,0.65632,1.12,1.37
2016.03.28 23:21:36.571,0.65599,0.65635,1.37,1.37
2016.03.28 23:21:37.185,0.65604,0.65637,1.00,1.37
2016.03.28 23:21:37.883,0.65599,0.65635,1.37,1.37
2016.03.28 23:21:38.277,0.65604,0.65639,1.37,1.37
2016.03.28 23:21:40.940,0.65609,0.6564,1.00,1.37
2016.03.28 23:21:41.050,0.65604,0.6564,1.37,1.37
2016.03.28 23:21:42.526,0.65609,0.6564,1.00,1.37
2016.03.28 23:21:42.942,0.65604,0.6564,1.37,1.37
2016.03.28 23:21:43.051,0.6561,0.6564,1.00,1.37
2016.03.28 23:21:43.189,0.6561,0.6564,1.00,1.37
2016.03.28 23:21:45.360,0.65604,0.6564,1.87,1.37
2016.03.28 23:21:45.410,0.65604,0.65639,1.37,1.37
2016.03.28 23:21:45.765,0.65609,0.65639,1.00,1.37
2016.03.28 23:21:46.661,0.65604,0.65639,1.37,1.37
2016.03.28 23:21:53.241,0.65605,0.65638,1.00,1.37
2016.03.28 23:21:53.590,0.65609,0.65639,1.00,1.37
2016.03.28 23:21:53.742,0.65605,0.65636,1.00,1.37
2016.03.28 23:21:54.292,0.65604,0.65636,1.00,1.37
2016.03.28 23:21:54.544,0.65604,0.65639,1.37,1.37
2016.03.28 23:21:54.645,0.65604,0.65636,1.12,1.37
2016.03.28 23:21:54.955,0.65604,0.65638,1.37,1.37
2016.03.28 23:21:55.265,0.6561,0.65638,1.00,1.37
2016.03.28 23:21:55.616,0.65604,0.65639,1.37,1.37
2016.03.28 23:21:58.320,0.65609,0.65639,1.00,1.37
2016.03.28 23:21:58.560,0.65605,0.65639,1.37,1.37
2016.03.28 23:22:00.300,0.65609,0.65639,1.00,1.37
2016.03.28 23:22:02.173,0.65604,0.65639,1.37,1.37
2016.03.28 23:22:03.747,0.65604,0.65637,1.12,1.37
2016.03.28 23:22:06.739,0.65604,0.65639,1.37,1.37
2016.03.28 23:22:06.840,0.65604,0.65637,1.12,1.37
2016.03.28 23:22:07.390,0.65605,0.65636,1.00,1.37
2016.03.28 23:22:10.000,0.65604,0.65636,1.12,1.37
2016.03.28 23:22:10.471,0.65604,0.65638,1.37,1.37
2016.03.28 23:22:11.730,0.65604,0.65638,1.00,1.37
2016.03.28 23:22:12.308,0.65601,0.65637,1.37,1.37
2016.03.28 23:22:12.631,0.65605,0.65637,1.00,1.37
2016.03.28 23:22:13.610,0.65601,0.65637,1.37,1.37
2016.03.28 23:22:14.091,0.65605,0.65637,1.00,1.37
2016.03.28 23:22:14.614,0.656,0.65637,1.87,1.37
2016.03.28 23:22:15.141,0.65604,0.65637,1.00,1.37
2016.03.28 23:22:15.481,0.65604,0.65637,1.37,1.37
2016.03.28 23:22:15.684,0.65604,0.65637,1.00,1.37
2016.03.28 23:22:15.868,0.65604,0.65637,1.37,1.37
2016.03.28 23:22:20.686,0.65605,0.65637,1.00,1.37
2016.03.28 23:22:21.311,0.65604,0.65637,1.00,1.37
2016.03.28 23:22:25.839,0.65605,0.65637,1.00,1.37
2016.03.28 23:22:26.370,0.65604,0.65637,1.00,1.37
2016.03.28 23:22:27.029,0.65605,0.65637,1.00,1.37
2016.03.28 23:22:27.555,0.65604,0.65637,1.00,1.37
2016.03.28 23:22:28.096,0.65605,0.65637,1.00,1.37
2016.03.28 23:22:28.679,0.65604,0.65637,1.00,1.37
2016.03.28 23:22:28.890,0.65604,0.65637,1.37,1.37
2016.03.28 23:22:29.301,0.65604,0.65637,1.00,1.37
2016.03.28 23:22:29.668,0.65604,0.65637,1.37,1.37
2016.03.28 23:22:33.374,0.65605,0.65637,1.00,1.37
2016.03.28 23:22:33.800,0.65599,0.65633,1.37,1.37
2016.03.28 23:22:34.209,0.65599,0.65633,1.00,1.37
2016.03.28 23:22:34.720,0.65599,0.65633,1.37,1.37
2016.03.28 23:22:35.022,0.656,0.65636,1.37,1.37
2016.03.28 23:22:40.330,0.65599,0.65634,1.37,1.37
2016.03.28 23:22:42.333,0.656,0.65638,1.87,1.37
2016.03.28 23:22:52.256,0.65605,0.65638,1.00,1.37
2016.03.28 23:22:53.346,0.65604,0.65639,1.12,1.37
2016.03.28 23:22:54.719,0.65605,0.65639,1.00,1.37
2016.03.28 23:22:55.220,0.65601,0.65638,1.37,1.87
2016.03.28 23:22:55.523,0.65604,0.65636,1.00,1.37
2016.03.28 23:22:55.749,0.656,0.65636,1.87,1.37
2016.03.28 23:22:55.999,0.65604,0.65636,1.00,1.37
2016.03.28 23:22:56.100,0.656,0.65636,1.37,1.37
2016.03.28 23:22:56.289,0.65604,0.65635,1.00,1.37
2016.03.28 23:22:56.440,0.65599,0.65635,1.37,1.37
2016.03.28 23:22:59.658,0.65599,0.65632,1.00,1.37
2016.03.28 23:23:01.360,0.65599,0.65634,1.37,1.37
2016.03.28 23:23:04.673,0.65605,0.65637,1.00,1.37
2016.03.28 23:23:05.073,0.65604,0.65637,1.37,1.37
2016.03.28 23:23:05.175,0.65604,0.65637,1.00,1.37
2016.03.28 23:23:07.398,0.65605,0.65638,1.00,1.37
2016.03.28 23:23:11.440,0.656,0.65638,1.37,1.37
2016.03.28 23:23:12.046,0.65604,0.65638,1.00,2.62
2016.03.28 23:23:12.878,0.656,0.65638,1.37,2.62
2016.03.28 23:23:14.049,0.65605,0.65638,1.00,1.37
2016.03.28 23:23:14.250,0.65605,0.65639,1.37,1.37
2016.03.28 23:23:14.452,0.65605,0.65637,1.00,1.37
2016.03.28 23:23:15.036,0.65604,0.65638,1.00,1.37
2016.03.28 23:23:15.086,0.65604,0.65638,1.37,1.37
2016.03.28 23:23:16.045,0.65609,0.65638,1.00,1.37
2016.03.28 23:23:16.249,0.65604,0.65638,1.37,1.37
2016.03.28 23:23:25.603,0.65606,0.65642,1.37,1.37
2016.03.28 23:23:35.087,0.6561,0.65643,1.00,1.37
2016.03.28 23:23:35.678,0.65609,0.65643,1.12,1.37
2016.03.28 23:23:37.420,0.6561,0.65645,1.37,1.37
2016.03.28 23:23:37.928,0.65614,0.65645,1.00,1.37
2016.03.28 23:23:38.717,0.65615,0.65645,1.00,1.37
2016.03.28 23:23:38.829,0.65609,0.65645,1.37,1.37
2016.03.28 23:23:38.919,0.65614,0.65645,1.00,1.37
2016.03.28 23:23:39.248,0.65609,0.65645,1.37,1.37
2016.03.28 23:23:55.848,0.65605,0.65643,1.37,1.37
2016.03.28 23:23:56.100,0.65599,0.65639,1.37,1.37
2016.03.28 23:23:56.202,0.65594,0.65631,1.37,1.00
2016.03.28 23:23:56.252,0.65594,0.65631,1.37,1.37
2016.03.28 23:23:56.303,0.65599,0.65633,1.00,1.87
2016.03.28 23:23:56.606,0.65591,0.65623,1.37,1.00
2016.03.28 23:23:56.768,0.65594,0.6563,1.37,1.37
2016.03.28 23:23:57.181,0.65594,0.65627,1.37,1.00
2016.03.28 23:23:57.998,0.65594,0.6563,1.37,1.37
2016.03.28 23:23:58.623,0.6559,0.65631,1.37,1.37
2016.03.28 23:23:59.159,0.65594,0.65629,1.37,1.00
2016.03.28 23:23:59.757,0.65595,0.6563,1.37,1.12
2016.03.28 23:24:06.879,0.65594,0.65629,1.37,1.00
2016.03.28 23:24:16.173,0.65595,0.65629,1.00,1.00
2016.03.28 23:24:27.757,0.656,0.65629,1.00,1.00
2016.03.28 23:24:28.339,0.65594,0.65629,1.12,1.00
2016.03.28 23:24:31.938,0.656,0.65629,1.00,1.00
2016.03.28 23:24:32.727,0.656,0.65628,1.00,1.00
2016.03.28 23:24:33.277,0.656,0.65629,1.00,1.00
2016.03.28 23:24:33.970,0.656,0.65628,1.00,1.00
2016.03.28 23:24:38.427,0.65594,0.65628,1.12,1.00
2016.03.28 23:24:47.557,0.65595,0.65628,1.00,1.00
2016.03.28 23:24:48.109,0.65594,0.65627,1.12,1.00
2016.03.28 23:24:57.052,0.65594,0.65628,1.00,1.00
2016.03.28 23:24:57.197,0.65589,0.65628,1.87,1.37
2016.03.28 23:24:57.806,0.65585,0.65623,1.37,1.00
2016.03.28 23:24:59.787,0.65585,0.65624,1.37,1.00
2016.03.28 23:25:00.928,0.6559,0.65621,1.12,1.00
2016.03.28 23:25:05.176,0.65585,0.6562,1.87,1.00
2016.03.28 23:25:06.311,0.65585,0.6562,1.37,1.00
2016.03.28 23:25:06.386,0.65585,0.65617,1.37,1.00
2016.03.28 23:25:06.524,0.65585,0.6562,1.37,1.00
2016.03.28 23:25:06.606,0.65585,0.65618,1.37,1.00
2016.03.28 23:25:08.586,0.65585,0.65619,1.37,1.00
2016.03.28 23:25:08.734,0.65585,0.65621,1.37,1.00
2016.03.28 23:25:08.963,0.65585,0.65619,1.37,1.00
2016.03.28 23:25:09.274,0.65585,0.65617,1.37,1.00
2016.03.28 23:25:11.925,0.65585,0.65618,1.37,1.00
2016.03.28 23:25:12.580,0.65585,0.65617,1.37,1.00
2016.03.28 23:25:15.776,0.65584,0.65621,1.37,1.00
2016.03.28 23:25:15.956,0.65582,0.65618,1.87,1.00
2016.03.28 23:25:16.397,0.65584,0.65622,1.37,1.12
2016.03.28 23:25:16.537,0.65583,0.65619,1.37,1.00
2016.03.28 23:25:16.647,0.65581,0.65619,1.87,1.37
2016.03.28 23:25:19.595,0.65579,0.65614,1.87,1.00
2016.03.28 23:25:19.696,0.65579,0.65617,2.62,1.00
2016.03.28 23:25:20.111,0.6558,0.65615,1.37,1.00
2016.03.28 23:25:21.126,0.65582,0.65616,1.37,1.00
2016.03.28 23:25:21.766,0.65582,0.65616,1.37,1.00
2016.03.28 23:25:22.146,0.65582,0.65616,1.37,1.00
2016.03.28 23:25:22.247,0.65586,0.65619,1.37,1.00
2016.03.28 23:25:22.819,0.65586,0.6562,1.37,1.00
2016.03.28 23:25:25.313,0.65586,0.65618,1.37,1.00
2016.03.28 23:25:32.566,0.65586,0.65619,1.37,1.00
2016.03.28 23:25:35.297,0.6559,0.65619,1.00,1.00
2016.03.28 23:25:36.066,0.65586,0.65619,1.37,1.00
2016.03.28 23:25:43.719,0.65586,0.65619,1.37,1.00
2016.03.28 23:25:48.188,0.65588,0.65621,1.37,1.00
2016.03.28 23:25:48.762,0.65587,0.65622,1.37,1.00
2016.03.28 23:26:00.575,0.6559,0.65622,1.37,1.00
2016.03.28 23:26:09.196,0.65588,0.65621,1.37,1.00
2016.03.28 23:26:15.550,0.65589,0.65621,1.37,1.00
2016.03.28 23:26:17.570,0.65587,0.65622,1.37,1.00
2016.03.28 23:26:18.274,0.65589,0.65621,1.37,1.00
2016.03.28 23:26:21.185,0.65589,0.65622,1.37,1.00
2016.03.28 23:26:25.682,0.65589,0.65622,1.37,1.00
2016.03.28 23:26:26.183,0.6559,0.65623,1.37,1.00
2016.03.28 23:26:27.385,0.65588,0.65623,1.37,1.00
2016.03.28 23:26:29.874,0.6559,0.65621,1.37,1.00
2016.03.28 23:26:33.395,0.65589,0.65622,1.37,1.00
2016.03.28 23:26:42.074,0.65589,0.65621,1.37,1.00
2016.03.28 23:26:43.682,0.65589,0.65621,1.37,1.00
2016.03.28 23:26:46.044,0.6559,0.6562,1.12,1.00
2016.03.28 23:26:49.014,0.65587,0.65621,1.37,1.00
2016.03.28 23:26:49.533,0.65584,0.65621,1.87,1.00
2016.03.28 23:26:49.786,0.65584,0.65617,1.37,1.00
2016.03.28 23:26:49.836,0.65583,0.65617,1.12,1.00
2016.03.28 23:26:50.138,0.6558,0.65614,1.37,1.00
2016.03.28 23:26:50.476,0.65575,0.65612,1.50,1.00
2016.03.28 23:26:51.020,0.65577,0.65613,1.37,1.00
2016.03.28 23:26:55.204,0.65576,0.65614,1.37,1.00
2016.03.28 23:26:55.764,0.65577,0.65613,1.37,1.00
2016.03.28 23:26:56.384,0.65576,0.65611,1.37,1.00
2016.03.28 23:26:56.604,0.6558,0.65613,1.37,1.00
2016.03.28 23:26:57.386,0.65576,0.65614,1.87,1.00
2016.03.28 23:27:00.344,0.65579,0.65613,1.37,1.00
2016.03.28 23:27:04.533,0.65578,0.65614,1.37,1.00
2016.03.28 23:27:08.594,0.65578,0.65615,1.37,1.00
2016.03.28 23:27:09.234,0.65576,0.65614,1.87,1.00
2016.03.28 23:27:16.004,0.65577,0.65613,1.37,1.00
2016.03.28 23:27:16.105,0.65579,0.65615,1.37,1.00
2016.03.28 23:27:16.206,0.65579,0.65613,1.37,1.00
2016.03.28 23:27:16.953,0.6558,0.65616,1.37,1.00
2016.03.28 23:27:17.393,0.6558,0.65614,1.37,1.00
2016.03.28 23:27:17.834,0.6558,0.65616,1.37,1.00
2016.03.28 23:27:18.054,0.6558,0.65613,1.37,1.00
2016.03.28 23:27:18.980,0.65578,0.65613,1.12,1.00
2016.03.28 23:27:19.283,0.65578,0.65613,1.37,1.00
2016.03.28 23:27:19.495,0.65578,0.65615,1.37,1.00
2016.03.28 23:27:19.704,0.65579,0.65613,1.37,1.00
2016.03.28 23:27:20.504,0.65577,0.65612,1.37,1.00
2016.03.28 23:27:20.721,0.65579,0.65615,1.37,1.00
2016.03.28 23:27:20.823,0.65579,0.65612,1.37,1.00
2016.03.28 23:27:21.023,0.65579,0.65614,1.87,1.00
2016.03.28 23:27:23.691,0.65579,0.65611,1.12,1.00
2016.03.28 23:27:24.227,0.65579,0.65612,1.12,1.00
2016.03.28 23:27:24.554,0.6558,0.65615,1.37,1.00
2016.03.28 23:27:26.534,0.6558,0.65613,1.37,1.00
2016.03.28 23:27:27.536,0.65579,0.65613,1.00,1.12
2016.03.28 23:27:27.598,0.65579,0.65608,1.00,1.00
2016.03.28 23:27:28.193,0.6558,0.65607,1.00,1.00
2016.03.28 23:27:29.921,0.65579,0.65607,1.00,1.00
2016.03.28 23:27:30.073,0.65579,0.65611,1.00,1.00
2016.03.28 23:27:30.589,0.65579,0.6561,1.37,1.00
2016.03.28 23:27:30.640,0.65579,0.65613,1.37,1.00
2016.03.28 23:27:30.713,0.65579,0.65611,1.37,1.00
2016.03.28 23:27:30.957,0.65579,0.65614,1.37,1.00
2016.03.28 23:27:31.705,0.65575,0.65612,1.87,1.00
2016.03.28 23:27:35.598,0.65577,0.65609,1.37,1.00
2016.03.28 23:27:40.283,0.65578,0.65612,1.37,1.00
2016.03.28 23:27:40.528,0.65578,0.6561,1.37,1.00
2016.03.28 23:27:41.604,0.65578,0.65613,1.37,1.00
2016.03.28 23:27:41.789,0.65579,0.65613,1.37,1.00
2016.03.28 23:27:44.024,0.65579,0.65612,1.37,1.00
2016.03.28 23:27:46.573,0.65579,0.65611,1.37,1.00
2016.03.28 23:27:46.915,0.6558,0.65614,1.37,1.00
2016.03.28 23:27:52.074,0.6558,0.65616,1.37,1.00
2016.03.28 23:27:56.529,0.65581,0.65616,1.37,1.00
2016.03.28 23:27:56.680,0.65588,0.6562,1.37,1.00
2016.03.28 23:27:57.466,0.65588,0.65621,1.37,1.00
2016.03.28 23:27:58.127,0.65588,0.6562,1.37,1.00
2016.03.28 23:28:00.413,0.65588,0.65622,1.37,1.00
2016.03.28 23:28:06.793,0.65588,0.65621,1.37,1.00
2016.03.28 23:28:14.194,0.65588,0.6562,1.37,1.00
2016.03.28 23:28:14.245,0.65586,0.6562,1.37,1.00
2016.03.28 23:28:14.853,0.65586,0.6562,1.37,1.00
2016.03.28 23:28:15.466,0.65582,0.65619,1.87,1.00
2016.03.28 23:28:18.012,0.65584,0.65618,1.37,1.00
2016.03.28 23:28:19.332,0.65584,0.6562,2.25,1.00
2016.03.28 23:28:22.003,0.65584,0.65621,3.00,1.12
2016.03.28 23:28:23.403,0.65584,0.65619,2.25,1.00
2016.03.28 23:28:25.523,0.65585,0.6562,1.37,1.00
2016.03.28 23:28:26.183,0.65585,0.65622,1.37,1.37
2016.03.28 23:28:28.163,0.65584,0.6562,1.87,1.00
2016.03.28 23:28:30.089,0.65584,0.6562,1.87,1.00
2016.03.28 23:28:31.542,0.65585,0.65622,1.37,1.00
2016.03.28 23:28:32.909,0.65584,0.65619,1.87,1.00
2016.03.28 23:28:43.504,0.65584,0.6562,1.37,1.00
2016.03.28 23:28:52.112,0.65584,0.65618,1.37,1.00
2016.03.28 23:28:52.213,0.65584,0.65618,1.37,1.00
2016.03.28 23:28:55.532,0.65584,0.65619,1.37,1.00
2016.03.28 23:28:59.843,0.65581,0.65618,1.87,1.00
2016.03.28 23:29:00.381,0.6558,0.65617,1.37,1.00
2016.03.28 23:29:02.232,0.65581,0.65618,1.37,1.00
2016.03.28 23:29:05.203,0.6558,0.65617,1.87,1.00
2016.03.28 23:29:08.512,0.65581,0.65618,1.37,1.00
2016.03.28 23:29:10.591,0.6558,0.65617,2.62,1.00
2016.03.28 23:29:16.102,0.65582,0.65617,1.37,1.00
2016.03.28 23:29:17.218,0.65583,0.6562,1.37,1.37
2016.03.28 23:29:17.414,0.65585,0.65623,1.37,1.12
2016.03.28 23:29:18.335,0.65585,0.65623,1.12,1.37
2016.03.28 23:29:22.801,0.65586,0.65622,1.00,1.37
2016.03.28 23:29:29.182,0.65587,0.65622,1.00,1.87
2016.03.28 23:29:30.172,0.65594,0.65627,1.00,1.00
2016.03.28 23:29:30.273,0.656,0.65627,1.00,1.00
2016.03.28 23:29:30.425,0.65595,0.65633,1.00,1.37
2016.03.28 23:29:30.475,0.65595,0.65633,1.37,1.37
2016.03.28 23:29:30.627,0.65595,0.65633,1.00,1.37
2016.03.28 23:29:30.828,0.656,0.65635,1.00,1.37
2016.03.28 23:29:31.373,0.65595,0.65635,1.00,1.37
2016.03.28 23:29:32.063,0.65594,0.65635,2.25,1.37
2016.03.28 23:29:32.631,0.65595,0.65635,1.00,1.37
2016.03.28 23:29:33.405,0.65594,0.65635,1.87,1.37
2016.03.28 23:29:35.221,0.65595,0.65635,1.00,1.37
2016.03.28 23:29:35.742,0.65594,0.65635,1.87,1.37
2016.03.28 23:29:36.321,0.65595,0.65635,1.00,1.37
2016.03.28 23:29:36.982,0.65594,0.65635,1.87,1.37
2016.03.28 23:29:43.031,0.65599,0.65635,1.00,1.37
2016.03.28 23:29:43.437,0.65594,0.65635,1.87,1.37
2016.03.28 23:29:43.691,0.65599,0.65635,1.00,1.37
2016.03.28 23:29:48.091,0.656,0.65635,1.00,1.37
2016.03.28 23:29:50.029,0.65599,0.65635,1.00,1.37
2016.03.28 23:29:51.061,0.656,0.65635,1.00,1.37
2016.03.28 23:29:55.496,0.65599,0.65635,1.00,1.37
2016.03.28 23:29:56.063,0.65599,0.65635,1.00,1.37
2016.03.28 23:30:01.529,0.656,0.65635,1.00,1.37
2016.03.28 23:30:02.078,0.65599,0.65632,1.00,1.37
2016.03.28 23:30:03.602,0.656,0.65632,1.00,1.37
2016.03.28 23:30:04.119,0.65599,0.65632,1.00,1.37
2016.03.28 23:30:05.033,0.656,0.65632,1.00,1.37
2016.03.28 23:30:05.556,0.65599,0.65632,1.00,1.37
2016.03.28 23:30:06.100,0.656,0.65632,1.00,1.37
2016.03.28 23:30:12.687,0.656,0.65635,1.00,1.37
2016.03.28 23:30:13.283,0.65599,0.65634,1.00,1.37
2016.03.28 23:30:18.782,0.65605,0.65635,1.00,1.37
2016.03.28 23:30:20.482,0.65604,0.65635,1.00,1.37
2016.03.28 23:30:20.684,0.656,0.65629,1.00,1.37
2016.03.28 23:30:21.599,0.65599,0.65629,1.00,1.37
2016.03.28 23:30:21.700,0.65599,0.65626,1.00,1.37
2016.03.28 23:30:23.182,0.65594,0.65626,1.00,1.37
2016.03.28 23:30:23.438,0.65594,0.65623,1.00,1.37
2016.03.28 23:30:26.112,0.6559,0.65623,1.00,1.37
2016.03.28 23:30:26.347,0.65589,0.65619,1.00,1.37
2016.03.28 23:30:28.247,0.65585,0.65619,1.00,1.37
2016.03.28 23:30:28.449,0.65585,0.65618,1.00,1.37
2016.03.28 23:30:28.963,0.65584,0.65614,1.00,1.37
2016.03.28 23:30:29.233,0.65579,0.65614,1.00,1.37
2016.03.28 23:30:30.442,0.6558,0.65617,1.00,1.37
2016.03.28 23:30:30.899,0.65579,0.65618,1.12,1.37
2016.03.28 23:30:34.096,0.65584,0.65618,1.00,1.37
2016.03.28 23:30:34.756,0.65579,0.65618,1.12,1.37
2016.03.28 23:30:35.611,0.65584,0.65618,1.00,1.37
2016.03.28 23:30:36.115,0.65585,0.65618,1.00,1.37
2016.03.28 23:30:36.322,0.65584,0.65621,1.00,1.37
2016.03.28 23:30:36.620,0.65584,0.65621,1.12,1.12
2016.03.28 23:30:36.712,0.65589,0.65621,1.00,1.12
2016.03.28 23:30:36.921,0.65589,0.65626,1.00,1.37
2016.03.28 23:30:49.996,0.65594,0.65628,1.00,1.37
2016.03.28 23:30:50.097,0.65589,0.65628,1.00,1.37
2016.03.28 23:30:55.241,0.65595,0.65628,1.00,1.37
2016.03.28 23:30:55.903,0.65594,0.65628,1.00,1.37
2016.03.28 23:30:56.303,0.65599,0.65628,1.00,1.37
2016.03.28 23:30:56.356,0.65599,0.6563,1.00,1.37
2016.03.28 23:30:57.005,0.656,0.6563,1.00,1.37
2016.03.28 23:30:57.614,0.65599,0.6563,1.00,1.37
2016.03.28 23:31:06.487,0.65595,0.65631,1.00,1.37
2016.03.28 23:31:07.233,0.65594,0.6563,1.00,1.37
2016.03.28 23:31:07.892,0.65595,0.6563,1.00,1.37
2016.03.28 23:31:08.516,0.65594,0.6563,1.00,1.37
2016.03.28 23:31:09.102,0.6559,0.6563,1.00,1.37
2016.03.28 23:31:11.962,0.65594,0.6563,1.00,1.37
2016.03.28 23:31:13.391,0.65595,0.6563,1.00,1.37
2016.03.28 23:31:14.620,0.65594,0.6563,1.00,1.37
2016.03.28 23:31:19.331,0.65595,0.65629,1.00,1.37
2016.03.28 23:31:19.906,0.65594,0.65629,1.00,1.37
2016.03.28 23:31:30.121,0.65595,0.65629,1.00,1.37
2016.03.28 23:31:30.699,0.65594,0.65629,1.00,1.37
2016.03.28 23:31:36.128,0.65594,0.65629,1.00,1.37
2016.03.28 23:31:42.772,0.65595,0.65631,1.00,1.37
2016.03.28 23:31:56.195,0.65595,0.6563,1.00,1.37
2016.03.28 23:32:03.000,0.65595,0.65634,1.00,1.37
2016.03.28 23:32:03.231,0.65589,0.65634,1.87,1.37
2016.03.28 23:32:03.382,0.65589,0.65631,1.87,1.37
2016.03.28 23:32:03.684,0.65595,0.65632,1.00,1.37
2016.03.28 23:32:03.914,0.65595,0.65634,1.00,1.37
2016.03.28 23:32:04.880,0.65589,0.65632,1.37,1.37
2016.03.28 23:32:05.321,0.65595,0.65632,1.00,1.37
2016.03.28 23:32:05.913,0.65589,0.65632,1.37,1.37
2016.03.28 23:32:06.277,0.65594,0.65636,1.37,1.37
2016.03.28 23:32:06.778,0.65595,0.65636,1.12,1.37
2016.03.28 23:32:23.701,0.65594,0.65634,1.12,1.37
2016.03.28 23:32:26.343,0.65594,0.65637,1.37,1.37
2016.03.28 23:32:30.211,0.65599,0.65637,1.00,1.37
2016.03.28 23:32:30.431,0.65594,0.65637,1.37,1.37
2016.03.28 23:32:36.172,0.65599,0.65637,1.00,1.37
2016.03.28 23:32:36.223,0.65599,0.65637,1.37,1.37
2016.03.28 23:32:37.181,0.65595,0.65631,1.12,1.12
2016.03.28 23:32:37.742,0.65595,0.65633,1.00,1.37
2016.03.28 23:32:38.240,0.65599,0.65632,1.00,1.37
2016.03.28 23:32:39.339,0.65594,0.65631,1.50,1.37
2016.03.28 23:32:39.560,0.65599,0.65632,1.00,1.37
2016.03.28 23:32:39.672,0.65594,0.65631,1.50,1.37
2016.03.28 23:32:40.000,0.65599,0.65632,1.00,1.37
2016.03.28 23:32:40.110,0.65594,0.65631,1.50,1.37
2016.03.28 23:32:40.660,0.65599,0.65632,1.00,1.37
2016.03.28 23:32:40.770,0.65594,0.65631,1.50,1.37
2016.03.28 23:32:40.989,0.65599,0.65632,1.00,1.37
2016.03.28 23:32:41.582,0.656,0.65632,1.00,1.37
2016.03.28 23:32:42.247,0.65599,0.65632,1.00,1.72
2016.03.28 23:32:47.191,0.65594,0.65631,1.00,1.37
2016.03.28 23:32:48.982,0.65599,0.65632,1.00,2.47
2016.03.28 23:32:57.652,0.65594,0.65631,1.00,1.87
2016.03.28 23:32:57.803,0.65599,0.6563,1.00,1.87
2016.03.28 23:32:57.981,0.65594,0.6563,1.00,1.87
2016.03.28 23:32:58.306,0.65596,0.65631,1.00,1.37
2016.03.28 23:32:58.805,0.65599,0.65632,1.00,1.72
2016.03.28 23:33:01.971,0.65594,0.65631,1.00,1.37
2016.03.28 23:33:02.160,0.65599,0.65632,1.00,2.47
2016.03.28 23:33:09.969,0.65594,0.65631,1.00,1.87
2016.03.28 23:33:10.079,0.65599,0.65631,1.00,1.37
2016.03.28 23:33:14.259,0.65594,0.65631,1.00,1.87
2016.03.28 23:33:18.549,0.65595,0.6563,1.00,1.87
2016.03.28 23:33:19.869,0.65594,0.65629,1.00,1.12
2016.03.28 23:33:22.955,0.65595,0.6563,1.00,1.87
2016.03.28 23:33:25.260,0.65594,0.6563,1.00,1.37
2016.03.28 23:33:25.699,0.65599,0.65632,1.00,1.72
2016.03.28 23:33:26.030,0.65595,0.6563,1.00,1.37
2016.03.28 23:33:26.159,0.65599,0.65632,1.00,1.72
2016.03.28 23:33:26.502,0.65594,0.65631,1.00,1.37
2016.03.28 23:33:29.591,0.65595,0.6563,1.00,1.37
2016.03.28 23:33:33.327,0.65594,0.6563,1.00,1.87
2016.03.28 23:33:36.049,0.65592,0.65625,1.00,1.12
2016.03.28 23:33:39.429,0.65592,0.65625,1.00,1.72
2016.03.28 23:33:39.630,0.65589,0.65626,1.50,4.72
2016.03.28 23:33:39.899,0.65586,0.65621,1.37,1.35
2016.03.28 23:33:40.879,0.65589,0.65621,1.00,1.35
2016.03.28 23:33:41.438,0.65587,0.65621,1.12,1.35
2016.03.28 23:33:42.472,0.65587,0.6562,1.12,1.00
2016.03.28 23:33:43.308,0.65589,0.65624,1.00,1.97
2016.03.28 23:33:43.835,0.6559,0.65624,1.00,1.97
2016.03.28 23:33:52.440,0.65587,0.6562,1.12,1.00
2016.03.28 23:33:52.977,0.65585,0.65621,1.37,1.35
2016.03.28 23:33:53.280,0.65584,0.65621,1.35,1.72
2016.03.28 23:33:53.471,0.65584,0.6562,1.00,1.37
2016.03.28 23:33:53.521,0.65579,0.65617,1.87,1.12
2016.03.28 23:33:53.659,0.65579,0.65615,1.37,1.00
2016.03.28 23:33:53.871,0.6558,0.65617,1.12,1.12
2016.03.28 23:33:54.108,0.65583,0.65619,1.00,1.37
2016.03.28 23:33:54.379,0.65581,0.65617,1.00,1.12
2016.03.28 23:34:06.162,0.65581,0.65617,1.37,1.00
2016.03.28 23:34:06.464,0.6559,0.65621,1.00,1.00
2016.03.28 23:34:06.568,0.65583,0.6562,1.87,1.00
2016.03.28 23:34:07.108,0.65584,0.65621,1.37,1.50
2016.03.28 23:34:09.510,0.65583,0.6562,1.87,1.00
2016.03.28 23:34:12.908,0.65583,0.6562,1.87,1.87
2016.03.28 23:34:15.558,0.65583,0.65618,1.37,1.00
2016.03.28 23:34:20.838,0.65582,0.6562,1.37,1.12
2016.03.28 23:34:28.128,0.65583,0.65619,1.37,1.00
2016.03.28 23:34:32.607,0.65582,0.6562,1.37,1.50
2016.03.28 23:34:39.352,0.65581,0.65619,1.37,1.00
2016.03.28 23:34:39.958,0.65584,0.6562,1.37,1.00
2016.03.28 23:34:42.358,0.65582,0.6562,1.12,1.37
2016.03.28 23:34:43.156,0.65582,0.65616,1.12,1.00
2016.03.28 23:34:46.557,0.65582,0.65615,1.12,1.00
2016.03.28 23:34:48.428,0.65581,0.65617,1.37,1.12
2016.03.28 23:34:49.066,0.65581,0.65619,1.37,1.00
2016.03.28 23:34:51.209,0.6558,0.65618,1.87,1.00
2016.03.28 23:34:51.260,0.6558,0.65618,1.87,1.37
2016.03.28 23:34:51.968,0.6558,0.65616,1.12,1.00
2016.03.28 23:34:52.847,0.65582,0.65616,1.00,1.00
2016.03.28 23:34:53.098,0.6558,0.65618,1.87,1.37
2016.03.28 23:34:53.718,0.6558,0.65616,1.12,1.00
2016.03.28 23:34:55.839,0.65582,0.65619,1.00,1.87
2016.03.28 23:34:59.463,0.65582,0.65616,1.00,1.00
2016.03.28 23:35:00.708,0.65583,0.65616,1.00,1.00
2016.03.28 23:35:00.928,0.6558,0.65616,1.00,1.37
2016.03.28 23:35:01.789,0.65578,0.65615,1.12,1.37
2016.03.28 23:35:02.308,0.65579,0.65616,1.00,1.87
2016.03.28 23:35:03.105,0.65578,0.65615,1.12,1.37
2016.03.28 23:35:05.608,0.65579,0.65616,1.00,1.87
2016.03.28 23:35:05.829,0.65577,0.65612,1.37,1.00
2016.03.28 23:35:06.362,0.65577,0.65612,1.00,1.37
2016.03.28 23:35:07.295,0.65575,0.65612,1.12,1.37
2016.03.28 23:35:11.927,0.65576,0.65613,1.00,1.37
2016.03.28 23:35:12.679,0.6558,0.65611,1.00,1.30
2016.03.28 23:35:13.321,0.65579,0.65611,1.00,1.30
2016.03.28 23:35:30.761,0.65576,0.65611,1.37,1.35
2016.03.28 23:35:31.509,0.65576,0.6561,1.37,1.00
2016.03.28 23:35:31.708,0.65579,0.65613,1.00,1.72
2016.03.28 23:35:32.081,0.65576,0.65611,1.37,1.35
2016.03.28 23:35:43.157,0.65576,0.65611,1.72,1.60
2016.03.28 23:35:47.231,0.6558,0.65612,1.00,1.97
2016.03.28 23:35:47.768,0.65578,0.65611,1.00,1.72
2016.03.28 23:35:50.512,0.65575,0.65609,1.00,1.97
2016.03.28 23:35:51.137,0.65576,0.65611,1.00,2.47
2016.03.28 23:35:54.252,0.65574,0.65611,2.10,2.47
2016.03.28 23:35:54.863,0.65576,0.65611,1.00,1.97
2016.03.28 23:36:02.082,0.65573,0.6561,1.60,2.47
2016.03.28 23:36:02.356,0.6557,0.65607,1.60,1.37
2016.03.28 23:36:06.727,0.65571,0.65608,1.00,1.97
2016.03.28 23:36:07.016,0.6557,0.65604,1.35,1.00
2016.03.28 23:36:11.653,0.65569,0.65606,1.72,1.87
2016.03.28 23:36:13.697,0.65569,0.65605,1.72,1.00
2016.03.28 23:36:19.197,0.65569,0.65604,1.72,1.00
2016.03.28 23:36:20.627,0.65569,0.65604,1.12,1.00
2016.03.28 23:36:20.779,0.65573,0.65607,1.00,1.37
2016.03.28 23:36:21.859,0.65569,0.65605,1.12,1.00
2016.03.28 23:36:22.066,0.6557,0.65604,1.00,1.37
2016.03.28 23:36:22.168,0.65566,0.65602,1.37,1.00
2016.03.28 23:36:24.176,0.65564,0.656,2.47,1.00
2016.03.28 23:36:28.067,0.65574,0.656,1.00,1.00
2016.03.28 23:36:28.169,0.65569,0.656,1.00,1.00
2016.03.28 23:36:28.270,0.6557,0.65604,1.00,1.97
2016.03.28 23:36:28.816,0.65569,0.65601,1.00,1.00
2016.03.28 23:36:30.117,0.65565,0.65601,1.87,1.00
2016.03.28 23:36:32.183,0.65565,0.656,1.37,1.00
2016.03.28 23:36:38.244,0.65565,0.656,1.00,1.37
2016.03.28 23:36:40.401,0.65565,0.656,1.87,1.00
2016.03.28 23:36:40.452,0.65571,0.65605,1.00,1.50
2016.03.28 23:36:40.555,0.65569,0.65603,1.87,1.00
2016.03.28 23:36:41.058,0.65569,0.65602,1.37,1.00
2016.03.28 23:36:43.508,0.65569,0.65603,1.37,1.00
2016.03.28 23:36:46.586,0.6557,0.65605,1.12,1.00
2016.03.28 23:36:47.576,0.6557,0.65603,1.12,1.00
2016.03.28 23:36:51.246,0.6557,0.65607,1.87,1.00
2016.03.28 23:36:51.448,0.65574,0.65609,1.50,1.12
2016.03.28 23:36:51.976,0.65575,0.6561,1.00,1.37
2016.03.28 23:36:52.607,0.65574,0.65608,1.00,1.00
2016.03.28 23:36:54.638,0.65574,0.6561,1.50,1.37
2016.03.28 23:36:55.166,0.65576,0.65611,1.00,1.37
2016.03.28 23:36:55.497,0.65574,0.65609,1.00,1.12
2016.03.28 23:36:56.037,0.65575,0.65612,1.50,1.37
2016.03.28 23:36:56.641,0.65576,0.6561,1.00,1.37
2016.03.28 23:36:57.241,0.65575,0.65612,1.50,1.37
2016.03.28 23:36:57.857,0.65574,0.65609,1.00,1.12
2016.03.28 23:37:00.752,0.65575,0.6561,1.00,1.37
2016.03.28 23:37:00.853,0.65575,0.65611,1.87,1.00
2016.03.28 23:37:01.004,0.65578,0.65615,1.00,1.97
2016.03.28 23:37:01.307,0.6558,0.65614,1.50,1.97
2016.03.28 23:37:01.358,0.6558,0.65614,1.50,1.12
2016.03.28 23:37:01.947,0.65579,0.65614,1.50,1.12
2016.03.28 23:37:04.867,0.65584,0.65614,1.00,1.12
2016.03.28 23:37:11.776,0.65582,0.65618,1.00,2.47
2016.03.28 23:37:17.629,0.6558,0.65616,1.00,1.37
2016.03.28 23:37:22.144,0.65581,0.65615,1.00,1.37
2016.03.28 23:37:23.997,0.6558,0.65614,1.00,1.12
2016.03.28 23:37:28.275,0.65582,0.65616,1.00,1.37
2016.03.28 23:37:37.236,0.65579,0.65614,1.00,1.12
2016.03.28 23:37:37.454,0.65579,0.65612,1.00,1.00
2016.03.28 23:37:40.147,0.65579,0.65612,1.00,1.72
2016.03.28 23:37:40.717,0.65579,0.6561,1.00,1.00
2016.03.28 23:37:45.325,0.65579,0.65611,1.00,1.12
2016.03.28 23:37:55.026,0.6558,0.65616,1.00,2.47
2016.03.28 23:37:55.466,0.65582,0.65618,1.00,2.47
2016.03.28 23:37:59.845,0.65585,0.65617,1.00,1.97
2016.03.28 23:38:01.845,0.65585,0.65617,1.00,1.60
2016.03.28 23:38:04.249,0.65585,0.65619,1.00,1.97
2016.03.28 23:38:04.476,0.65583,0.65619,1.00,1.97
2016.03.28 23:38:05.965,0.65585,0.65619,1.00,1.97
2016.03.28 23:38:11.999,0.65583,0.65619,1.00,1.97
2016.03.28 23:38:12.727,0.65584,0.65618,1.00,1.97
2016.03.28 23:38:16.564,0.65582,0.65618,1.00,1.97
2016.03.28 23:38:19.660,0.65583,0.65617,1.00,1.97
2016.03.28 23:38:21.955,0.65582,0.65618,1.00,1.97
2016.03.28 23:38:23.781,0.65582,0.65618,1.00,1.97
2016.03.28 23:38:24.662,0.65584,0.65618,1.00,1.97
2016.03.28 23:38:26.201,0.65582,0.65618,1.00,1.97
2016.03.28 23:38:27.553,0.65584,0.65618,1.00,1.97
2016.03.28 23:38:43.812,0.65584,0.65616,1.00,1.72
2016.03.28 23:38:44.006,0.65582,0.65616,1.00,1.72
2016.03.28 23:38:49.785,0.65581,0.65615,1.00,1.37
2016.03.28 23:38:56.090,0.65582,0.65615,1.00,1.37
2016.03.28 23:39:02.911,0.6558,0.65615,1.50,1.37
2016.03.28 23:39:04.005,0.65583,0.65616,1.00,1.37
2016.03.28 23:39:04.307,0.65583,0.65616,1.00,1.37
2016.03.28 23:39:04.459,0.65579,0.65614,1.50,1.37
2016.03.28 23:39:04.524,0.65581,0.65616,1.00,1.37
2016.03.28 23:39:05.066,0.6558,0.65613,1.00,1.37
2016.03.28 23:39:11.585,0.65579,0.65614,1.50,1.37
2016.03.28 23:39:12.320,0.6558,0.65615,1.00,1.37
2016.03.28 23:39:25.000,0.65581,0.65614,1.00,1.37
2016.03.28 23:39:25.224,0.65579,0.65612,1.50,1.37
2016.03.28 23:39:26.775,0.65579,0.65612,1.00,1.87
2016.03.28 23:39:32.181,0.65578,0.65613,1.00,1.37
2016.03.28 23:39:40.273,0.65579,0.65612,1.00,1.37
2016.03.28 23:39:41.840,0.65582,0.65615,1.00,1.87
2016.03.28 23:39:41.891,0.65582,0.65615,1.00,1.87
2016.03.28 23:39:41.992,0.65582,0.65617,1.00,1.72
2016.03.28 23:39:42.143,0.65584,0.65619,1.00,2.47
2016.03.28 23:39:49.334,0.65585,0.65617,1.00,1.37
2016.03.28 23:39:49.917,0.65585,0.65617,1.00,1.37
2016.03.28 23:39:55.613,0.65583,0.65616,1.00,1.37
2016.03.28 23:39:59.538,0.65581,0.65616,1.00,1.97
2016.03.28 23:40:05.024,0.65579,0.65614,2.10,1.72
2016.03.28 23:40:07.582,0.6558,0.65615,1.00,1.97
2016.03.28 23:40:15.473,0.65582,0.65615,1.00,1.97
2016.03.28 23:40:17.933,0.65581,0.65614,1.00,1.72
2016.03.28 23:40:23.544,0.65582,0.65617,1.00,2.47
2016.03.28 23:40:29.590,0.65583,0.65616,1.00,1.97
2016.03.28 23:40:36.127,0.65583,0.65614,1.00,1.30
2016.03.28 23:40:43.244,0.65585,0.65616,1.00,1.97
2016.03.28 23:40:44.893,0.65583,0.65616,1.00,1.37
2016.03.28 23:40:44.994,0.65581,0.65616,1.00,1.37
2016.03.28 23:40:55.966,0.65582,0.65617,1.00,1.37
2016.03.28 23:40:56.652,0.65582,0.65617,1.00,1.37
2016.03.28 23:41:01.122,0.6558,0.65615,1.00,1.37
2016.03.28 23:41:03.355,0.65579,0.65615,1.87,1.37
2016.03.28 23:41:06.182,0.65581,0.65616,1.00,1.37
2016.03.28 23:41:06.509,0.65583,0.65618,1.00,2.47
2016.03.28 23:41:11.372,0.65583,0.65618,1.00,2.47
2016.03.28 23:41:12.035,0.65582,0.65616,1.00,1.37
2016.03.28 23:41:15.972,0.65581,0.65616,1.00,1.37
2016.03.28 23:41:29.792,0.65582,0.65616,1.00,1.37
2016.03.28 23:41:31.357,0.65584,0.65616,1.00,1.12
2016.03.28 23:41:32.035,0.65585,0.65621,1.00,1.97
2016.03.28 23:41:36.391,0.65583,0.65618,1.00,1.72
2016.03.28 23:41:39.490,0.65584,0.65617,1.00,1.37
2016.03.28 23:41:43.871,0.65581,0.65617,1.37,1.37
2016.03.28 23:41:44.396,0.65583,0.65618,1.00,1.72
2016.03.28 23:41:45.056,0.65584,0.65619,1.00,1.97
2016.03.28 23:41:50.825,0.65581,0.65617,1.00,1.37
2016.03.28 23:41:51.021,0.65583,0.65618,1.00,1.72
2016.03.28 23:41:52.592,0.65584,0.65618,1.00,1.72
2016.03.28 23:42:04.256,0.65583,0.65618,1.00,1.72
2016.03.28 23:42:04.883,0.65584,0.65618,1.00,1.72
2016.03.28 23:42:12.308,0.65579,0.65612,1.00,1.00
2016.03.28 23:42:12.631,0.65576,0.65611,1.00,1.37
2016.03.28 23:42:14.781,0.65575,0.6561,1.00,1.37
2016.03.28 23:42:22.261,0.65576,0.65611,1.00,1.50
2016.03.28 23:42:25.571,0.65575,0.65607,1.00,1.00
2016.03.28 23:42:29.302,0.65575,0.65608,1.00,1.00
2016.03.28 23:42:36.169,0.65575,0.65608,1.00,1.37
2016.03.28 23:42:42.579,0.65573,0.65608,1.00,1.37
2016.03.28 23:42:42.681,0.65572,0.65606,1.00,1.37
2016.03.28 23:42:43.004,0.65569,0.65601,1.00,1.37
2016.03.28 23:42:59.992,0.65567,0.656,1.00,1.12
2016.03.28 23:43:00.581,0.65567,0.65601,1.37,1.00
2016.03.28 23:43:01.559,0.65569,0.65601,1.00,1.00
2016.03.28 23:43:02.325,0.6557,0.65601,1.00,1.00
2016.03.28 23:43:06.451,0.65567,0.65601,1.00,1.12
2016.03.28 23:43:09.861,0.65569,0.65601,1.00,1.12
2016.03.28 23:43:10.582,0.65568,0.65601,1.00,1.12
2016.03.28 23:43:10.824,0.65566,0.656,1.00,1.00
2016.03.28 23:43:11.533,0.65566,0.656,1.37,1.00
2016.03.28 23:43:14.311,0.65565,0.65599,1.12,1.00
2016.03.28 23:43:17.194,0.65566,0.65599,1.00,1.00
2016.03.28 23:43:17.552,0.65566,0.65599,1.00,1.37
2016.03.28 23:43:17.603,0.65564,0.65598,1.50,1.37
2016.03.28 23:43:17.905,0.65564,0.65595,1.00,1.00
2016.03.28 23:43:20.174,0.65564,0.65596,1.00,1.00
2016.03.28 23:43:20.730,0.65564,0.65597,1.00,1.12
2016.03.28 23:43:32.975,0.65564,0.65599,1.50,1.37
2016.03.28 23:43:40.910,0.65565,0.65597,1.00,1.37
2016.03.28 23:43:41.440,0.65564,0.65598,1.50,1.37
2016.03.28 23:43:42.540,0.65565,0.65598,1.00,1.37
2016.03.28 23:43:42.811,0.65563,0.65597,1.00,1.37
2016.03.28 23:43:49.250,0.65564,0.65597,1.00,1.37
2016.03.28 23:43:59.700,0.65565,0.65597,1.00,1.37
2016.03.28 23:44:00.518,0.65564,0.65597,1.00,1.37
2016.03.28 23:44:01.160,0.65563,0.65597,1.00,1.37
2016.03.28 23:44:01.899,0.65564,0.65598,1.00,1.37
2016.03.28 23:44:05.438,0.65564,0.65598,1.00,1.00
2016.03.28 23:44:05.949,0.65565,0.656,1.00,1.37
2016.03.28 23:44:06.099,0.65568,0.65601,1.00,1.37
2016.03.28 23:44:08.299,0.65567,0.65602,1.00,1.37
2016.03.28 23:44:08.826,0.65566,0.65601,1.00,1.37
2016.03.28 23:44:19.499,0.65566,0.656,1.00,1.37
2016.03.28 23:44:22.049,0.65564,0.65599,1.50,1.37
2016.03.28 23:44:27.913,0.65565,0.65599,1.12,1.12
2016.03.28 23:44:28.014,0.65568,0.65602,1.00,1.37
2016.03.28 23:44:32.103,0.65565,0.656,1.12,1.37
2016.03.28 23:44:42.627,0.65567,0.65601,1.00,1.75
2016.03.28 23:44:45.088,0.65567,0.65601,1.00,1.75
2016.03.28 23:44:47.344,0.65567,0.65601,1.00,1.75
2016.03.28 23:44:51.093,0.65565,0.65599,1.00,1.50
2016.03.28 23:44:53.052,0.65565,0.65599,1.00,1.50
2016.03.28 23:44:56.296,0.65564,0.65598,1.50,1.75
2016.03.28 23:44:58.858,0.65564,0.65598,1.50,1.37
2016.03.28 23:45:00.340,0.65564,0.65598,1.50,1.75
2016.03.28 23:45:01.226,0.65566,0.65598,1.00,1.75
2016.03.28 23:45:06.319,0.65565,0.656,1.00,1.75
2016.03.28 23:45:12.981,0.65562,0.65595,1.00,1.00
2016.03.28 23:45:15.400,0.65563,0.65595,1.00,1.00
2016.03.28 23:45:19.420,0.65563,0.65597,1.00,1.75
2016.03.28 23:45:19.622,0.6556,0.65595,1.00,2.25
2016.03.28 23:45:20.009,0.65558,0.65593,1.00,2.25
2016.03.28 23:45:20.211,0.65557,0.6559,1.00,1.50
2016.03.28 23:45:20.262,0.65555,0.6559,1.50,2.25
2016.03.28 23:45:20.901,0.65554,0.65588,1.00,1.75
2016.03.28 23:45:25.961,0.65555,0.65589,1.00,1.75
2016.03.28 23:45:34.210,0.65554,0.65589,1.50,1.75
2016.03.28 23:45:38.701,0.65555,0.65589,1.00,1.75
2016.03.28 23:45:51.812,0.65556,0.6559,1.00,1.75
2016.03.28 23:45:53.823,0.65556,0.6559,1.00,1.75
2016.03.28 23:45:53.924,0.65554,0.65586,1.00,1.75
2016.03.28 23:45:54.450,0.65549,0.65583,1.37,1.37
2016.03.28 23:45:55.322,0.65554,0.65583,1.00,1.37
2016.03.28 23:45:55.916,0.6555,0.65581,1.12,1.37
2016.03.28 23:46:05.450,0.65554,0.65582,1.00,1.37
2016.03.28 23:46:08.646,0.65554,0.65582,1.00,1.00
2016.03.28 23:46:09.601,0.65549,0.65581,1.37,1.00
2016.03.28 23:46:10.790,0.65554,0.65581,1.00,1.00
2016.03.28 23:46:16.070,0.65555,0.65581,1.00,1.00
2016.03.28 23:46:16.664,0.65554,0.65581,1.00,1.00
2016.03.28 23:46:18.759,0.65554,0.65582,1.00,1.00
2016.03.28 23:46:23.281,0.65554,0.65585,1.00,1.30
2016.03.28 23:46:36.195,0.65554,0.65589,1.50,1.87
2016.03.28 23:46:40.354,0.65557,0.65589,1.00,1.87
2016.03.28 23:46:40.455,0.65555,0.65587,1.00,1.37
2016.03.28 23:46:40.556,0.65553,0.65587,1.00,1.37
2016.03.28 23:46:41.353,0.65554,0.65587,1.00,1.37
2016.03.28 23:46:44.230,0.65549,0.65584,1.50,1.72
2016.03.28 23:46:48.868,0.6555,0.65584,1.00,1.72
2016.03.28 23:46:48.919,0.6555,0.65581,1.00,1.00
2016.03.28 23:46:49.510,0.65549,0.65581,1.00,1.00
2016.03.28 23:46:50.720,0.65554,0.65581,1.00,1.00
2016.03.28 23:46:57.101,0.65554,0.65584,1.00,1.35
2016.03.28 23:47:05.096,0.65554,0.65583,1.00,1.00
2016.03.28 23:47:06.608,0.65554,0.65582,1.00,1.00
2016.03.28 23:47:07.219,0.65549,0.65581,1.12,1.00
2016.03.28 23:47:08.655,0.6555,0.65581,1.00,1.00
2016.03.28 23:47:09.578,0.6555,0.65582,1.00,1.00
2016.03.28 23:47:09.679,0.65555,0.65582,1.00,1.00
2016.03.28 23:47:14.638,0.65555,0.65584,1.00,1.35
2016.03.28 23:47:16.171,0.65555,0.65584,1.00,1.37
2016.03.28 23:47:45.658,0.65555,0.65582,1.00,1.00
2016.03.28 23:47:46.174,0.65554,0.65582,1.00,1.00
2016.03.28 23:47:50.468,0.65555,0.65582,1.00,1.00
2016.03.28 23:47:50.837,0.65557,0.65589,1.00,1.97
2016.03.28 23:47:51.049,0.65557,0.65589,1.00,1.37
2016.03.28 23:47:53.161,0.65556,0.6559,1.00,1.37
2016.03.28 23:48:01.498,0.65557,0.65589,1.00,1.37
2016.03.28 23:48:08.207,0.65556,0.6559,1.00,1.37
2016.03.28 23:48:08.774,0.65556,0.6559,1.12,1.12
2016.03.28 23:48:08.928,0.6556,0.6559,1.00,1.12
2016.03.28 23:48:25.207,0.65559,0.6559,1.00,1.12
2016.03.28 23:48:25.765,0.6556,0.65589,1.00,1.00
2016.03.28 23:48:27.414,0.65559,0.65589,1.00,1.00
2016.03.28 23:48:27.465,0.65559,0.65591,1.00,1.00
2016.03.28 23:48:27.719,0.6556,0.65594,1.12,1.35
2016.03.28 23:48:28.022,0.65564,0.65596,1.00,1.12
2016.03.28 23:48:28.575,0.65563,0.65595,1.37,1.00
2016.03.28 23:48:28.816,0.65564,0.65598,1.12,1.12
2016.03.28 23:48:28.917,0.65567,0.65599,1.00,1.37
2016.03.28 23:48:29.421,0.65567,0.65599,1.00,1.00
2016.03.28 23:48:29.772,0.65567,0.65601,1.00,1.00
2016.03.28 23:48:31.967,0.65566,0.656,1.00,1.00
2016.03.28 23:48:33.730,0.65566,0.656,1.00,1.37
2016.03.28 23:48:35.483,0.65569,0.656,1.00,1.37
2016.03.28 23:48:35.816,0.65566,0.656,1.00,1.37
2016.03.28 23:48:36.317,0.65566,0.65598,1.00,1.00
2016.03.28 23:48:39.887,0.65564,0.65598,1.50,1.00
2016.03.28 23:48:41.358,0.65567,0.65598,1.00,1.00
2016.03.28 23:48:46.382,0.65566,0.65599,1.00,1.12
2016.03.28 23:48:48.035,0.65567,0.65601,1.00,1.37
2016.03.28 23:48:48.662,0.65566,0.656,1.00,1.37
2016.03.28 23:48:49.628,0.6557,0.656,1.00,1.37
2016.03.28 23:48:53.478,0.6557,0.656,1.00,1.12
2016.03.28 23:48:55.054,0.65567,0.656,1.00,1.12
2016.03.28 23:48:55.590,0.65566,0.656,1.00,1.12
2016.03.28 23:48:57.377,0.65567,0.656,1.00,1.12
2016.03.28 23:49:00.346,0.65566,0.65598,1.00,1.00
2016.03.28 23:49:05.427,0.65567,0.656,1.00,1.12
2016.03.28 23:49:08.926,0.65566,0.656,1.00,1.12
2016.03.28 23:49:11.251,0.65565,0.65599,1.12,1.00
2016.03.28 23:49:13.436,0.65566,0.656,1.00,1.00
2016.03.28 23:49:13.537,0.6557,0.656,1.00,1.00
2016.03.28 23:49:14.140,0.6557,0.65601,1.00,1.12
2016.03.28 23:49:16.328,0.65569,0.656,1.00,1.00
2016.03.28 23:49:16.906,0.65567,0.656,1.00,1.00
2016.03.28 23:49:18.323,0.65565,0.65599,1.12,1.00
2016.03.28 23:49:20.146,0.65564,0.65598,1.87,1.00
2016.03.28 23:49:28.286,0.65566,0.65598,1.00,1.00
2016.03.28 23:49:28.616,0.65567,0.65601,1.00,1.12
2016.03.28 23:49:28.765,0.65569,0.65601,1.00,1.12
2016.03.28 23:49:29.234,0.65566,0.656,1.00,1.00
2016.03.28 23:49:31.366,0.65564,0.65598,1.87,1.00
2016.03.28 23:49:35.492,0.65565,0.65599,1.12,1.00
2016.03.28 23:49:35.870,0.65565,0.65599,1.50,1.37
2016.03.28 23:49:36.394,0.65566,0.656,1.00,1.37
2016.03.28 23:49:36.444,0.65566,0.656,1.00,1.12
2016.03.28 23:49:36.700,0.65568,0.65602,1.00,1.37
2016.03.28 23:49:39.016,0.6557,0.65602,1.00,1.37
2016.03.28 23:49:39.447,0.6557,0.65602,1.00,1.00
2016.03.28 23:49:44.088,0.6557,0.65604,1.87,1.00
2016.03.28 23:49:47.226,0.6557,0.65602,1.37,1.00
2016.03.28 23:49:47.775,0.65571,0.65603,1.12,1.00
2016.03.28 23:49:51.955,0.6557,0.65601,1.37,1.00
2016.03.28 23:49:52.141,0.65567,0.65601,1.00,1.00
2016.03.28 23:49:55.084,0.6557,0.65602,1.00,1.12
2016.03.28 23:50:08.675,0.6557,0.65601,1.00,1.00
2016.03.28 23:50:09.606,0.65567,0.65601,1.00,1.00
2016.03.28 23:50:10.375,0.65569,0.65601,1.00,1.00
2016.03.28 23:50:11.886,0.65569,0.65603,1.50,1.37
2016.03.28 23:50:16.814,0.65569,0.65601,1.00,1.00
2016.03.28 23:50:18.904,0.65569,0.65598,1.00,1.00
2016.03.28 23:50:19.784,0.65569,0.656,1.00,1.00
2016.03.28 23:50:22.204,0.65569,0.65602,1.50,1.12
2016.03.28 23:50:24.979,0.65567,0.65601,1.37,1.00
2016.03.28 23:50:27.644,0.6557,0.65601,1.00,1.00
2016.03.28 23:50:28.254,0.65569,0.65601,1.00,1.00
2016.03.28 23:50:30.455,0.65567,0.65601,1.37,1.00
2016.03.28 23:50:30.772,0.6557,0.65601,1.00,1.00
2016.03.28 23:50:31.114,0.65566,0.65598,1.00,1.12
2016.03.28 23:50:31.365,0.65566,0.65598,1.00,1.37
2016.03.28 23:50:31.752,0.65564,0.65595,1.00,1.12
2016.03.28 23:50:31.803,0.6556,0.65592,1.50,1.00
2016.03.28 23:50:32.324,0.65557,0.65591,1.87,1.12
2016.03.28 23:50:32.375,0.6556,0.65591,1.00,1.12
2016.03.28 23:50:34.528,0.6556,0.65588,1.00,1.00
2016.03.28 23:50:34.682,0.65554,0.65588,1.87,1.00
2016.03.28 23:50:34.744,0.65556,0.6559,1.37,1.00
2016.03.28 23:50:37.321,0.65556,0.65588,1.37,1.00
2016.03.28 23:50:43.744,0.65554,0.65588,1.50,1.00
2016.03.28 23:50:44.680,0.65555,0.65587,1.00,1.00
2016.03.28 23:50:53.115,0.65559,0.65587,1.00,1.00
2016.03.28 23:50:53.664,0.65555,0.65587,1.50,1.00
2016.03.28 23:50:54.111,0.65553,0.65587,1.12,1.00
2016.03.28 23:50:56.413,0.65554,0.65588,1.00,1.37
2016.03.28 23:50:56.936,0.65554,0.65586,1.00,1.00
2016.03.28 23:51:04.553,0.65554,0.65588,1.87,1.00
2016.03.28 23:51:05.764,0.65555,0.65588,1.00,1.00
2016.03.28 23:51:06.315,0.65554,0.65588,1.87,1.00
2016.03.28 23:51:07.203,0.65555,0.65588,1.00,1.00
2016.03.28 23:51:07.916,0.65555,0.65589,1.00,1.00
2016.03.28 23:51:13.024,0.65555,0.65587,1.00,1.00
2016.03.28 23:51:19.649,0.65554,0.65588,1.87,1.00
2016.03.28 23:51:21.603,0.65554,0.65586,1.12,1.00
2016.03.28 23:51:22.353,0.65554,0.65585,1.12,1.00
2016.03.28 23:51:22.890,0.65555,0.65585,1.00,1.00
2016.03.28 23:51:23.423,0.65555,0.65586,1.37,1.00
2016.03.28 23:51:29.523,0.65554,0.65588,2.47,1.00
2016.03.28 23:51:30.335,0.65557,0.65588,1.00,1.00
2016.03.28 23:51:31.833,0.65555,0.65589,1.37,1.00
2016.03.28 23:51:37.443,0.65556,0.6559,1.12,1.00
2016.03.28 23:51:43.733,0.65556,0.6559,1.37,1.00
2016.03.28 23:52:00.432,0.65555,0.65589,1.87,1.00
2016.03.28 23:52:03.666,0.65555,0.65589,1.87,1.00
2016.03.28 23:52:04.276,0.65556,0.65588,1.37,1.00
2016.03.28 23:52:07.516,0.65559,0.6559,1.00,1.00
2016.03.28 23:52:08.237,0.6556,0.6559,1.12,1.00
2016.03.28 23:52:13.454,0.6556,0.65594,1.12,1.00
2016.03.28 23:52:16.383,0.65563,0.65597,1.00,1.37
2016.03.28 23:52:16.967,0.65564,0.65597,1.00,1.37
2016.03.28 23:52:17.068,0.65565,0.65599,1.00,1.00
2016.03.28 23:52:20.986,0.65565,0.65599,1.00,1.37
2016.03.28 23:52:22.983,0.65566,0.65598,1.00,1.37
2016.03.28 23:52:29.389,0.65565,0.65599,1.00,1.37
2016.03.28 23:52:33.542,0.65566,0.65598,1.00,1.37
2016.03.28 23:52:35.881,0.65566,0.656,1.00,1.12
2016.03.28 23:52:36.953,0.65566,0.65598,1.00,1.00
2016.03.28 23:52:41.792,0.65567,0.65601,1.00,1.37
2016.03.28 23:52:42.110,0.65567,0.65601,1.00,1.37
2016.03.28 23:52:42.160,0.65565,0.65599,1.50,1.37
2016.03.28 23:52:50.648,0.65564,0.65598,1.50,1.37
2016.03.28 23:52:52.352,0.65566,0.65598,1.00,1.37
2016.03.28 23:52:53.341,0.65564,0.65598,1.50,1.37
2016.03.28 23:52:53.850,0.65565,0.65598,1.00,1.37
2016.03.28 23:52:58.961,0.65564,0.65598,1.50,1.37
2016.03.28 23:52:59.746,0.65564,0.65598,1.50,1.12
2016.03.28 23:53:01.041,0.65565,0.65599,1.00,1.37
2016.03.28 23:53:03.791,0.65568,0.65602,1.00,1.37
2016.03.28 23:53:03.892,0.65568,0.65602,1.00,1.37
2016.03.28 23:53:04.687,0.65571,0.65603,1.00,1.37
2016.03.28 23:53:04.889,0.65573,0.65607,1.00,1.12
2016.03.28 23:53:05.331,0.65576,0.65608,1.00,1.37
2016.03.28 23:53:05.762,0.65575,0.65609,1.00,1.00
2016.03.28 23:53:06.113,0.65577,0.65611,1.00,1.87
2016.03.28 23:53:06.887,0.65577,0.65609,1.00,1.00
2016.03.28 23:53:07.201,0.65579,0.65611,1.00,1.50
2016.03.28 23:53:07.510,0.65579,0.65611,1.00,1.37
2016.03.28 23:53:07.560,0.65576,0.65608,1.00,1.37
2016.03.28 23:53:07.661,0.65576,0.65608,1.37,1.12
2016.03.28 23:53:09.003,0.65579,0.65613,1.00,1.37
2016.03.28 23:53:09.393,0.65579,0.65613,1.37,1.37
2016.03.28 23:53:18.289,0.65581,0.65615,1.37,1.37
2016.03.28 23:53:20.406,0.65586,0.65618,1.37,1.37
2016.03.28 23:53:20.882,0.65588,0.6562,1.37,1.37
2016.03.28 23:53:21.382,0.65585,0.65619,1.87,1.37
2016.03.28 23:53:24.479,0.65584,0.65618,1.37,1.37
2016.03.28 23:53:32.937,0.65582,0.65616,1.00,1.87
2016.03.28 23:53:33.472,0.6558,0.65612,1.87,1.37
2016.03.28 23:53:36.130,0.65584,0.65616,1.00,1.37
2016.03.28 23:53:36.242,0.65582,0.65616,1.00,1.87
2016.03.28 23:53:36.305,0.65582,0.65616,1.37,1.87
2016.03.28 23:53:41.301,0.65581,0.65613,1.37,1.00
2016.03.28 23:53:41.426,0.65582,0.65615,1.12,1.37
2016.03.28 23:53:41.849,0.65582,0.65616,1.87,1.37
2016.03.28 23:53:41.950,0.65582,0.65615,1.12,1.37
2016.03.28 23:53:47.437,0.65582,0.65612,1.00,1.37
2016.03.28 23:53:48.257,0.65582,0.65616,1.37,1.37
2016.03.28 23:53:51.173,0.65581,0.65615,1.12,1.37
2016.03.28 23:53:51.513,0.6558,0.65609,1.00,1.37
2016.03.28 23:53:51.563,0.65578,0.65609,1.00,1.37
2016.03.28 23:53:51.936,0.65575,0.65608,1.37,1.37
2016.03.28 23:53:52.460,0.65577,0.65608,1.00,1.37
2016.03.28 23:53:52.965,0.65576,0.65608,1.12,1.37
2016.03.28 23:53:54.567,0.65576,0.6561,1.37,1.37
2016.03.28 23:53:55.139,0.65576,0.6561,1.12,1.87
2016.03.28 23:53:56.424,0.65576,0.65608,1.37,1.37
2016.03.28 23:53:56.833,0.65576,0.6561,1.12,1.37
2016.03.28 23:53:57.493,0.65577,0.65609,1.00,1.37
2016.03.28 23:53:58.906,0.65578,0.65611,1.00,1.37
2016.03.28 23:54:00.718,0.65576,0.6561,1.12,1.37
2016.03.28 23:54:01.951,0.65576,0.6561,1.37,1.37
2016.03.28 23:54:02.653,0.65578,0.6561,1.00,1.37
2016.03.28 23:54:03.221,0.65577,0.65609,1.12,1.37
2016.03.28 23:54:03.763,0.65577,0.65609,1.00,1.37
2016.03.28 23:54:05.942,0.65576,0.65609,1.12,1.37
2016.03.28 23:54:06.849,0.65577,0.65609,1.00,1.37
2016.03.28 23:54:07.000,0.65579,0.65609,1.00,1.37
2016.03.28 23:54:08.131,0.65578,0.6561,1.12,1.37
2016.03.28 23:54:09.047,0.6558,0.6561,1.00,1.37
2016.03.28 23:54:13.015,0.65578,0.65612,1.12,1.37
2016.03.28 23:54:13.420,0.65581,0.65613,1.00,1.37
2016.03.28 23:54:13.571,0.65581,0.65613,1.12,1.37
2016.03.28 23:54:34.030,0.65578,0.65611,1.37,1.37
2016.03.28 23:54:34.344,0.65575,0.65608,1.37,1.37
2016.03.28 23:54:34.697,0.65575,0.65607,1.00,1.87
2016.03.28 23:54:35.279,0.65572,0.65606,1.37,1.37
2016.03.28 23:54:40.517,0.65575,0.65606,1.00,1.37
2016.03.28 23:54:41.306,0.65573,0.65606,1.37,1.37
2016.03.28 23:54:41.600,0.65576,0.65606,1.00,1.37
2016.03.28 23:54:44.047,0.65574,0.65606,1.12,1.37
2016.03.28 23:54:44.917,0.65577,0.65608,1.00,1.37
2016.03.28 23:54:45.222,0.65579,0.6561,1.00,1.87
2016.03.28 23:54:47.455,0.65577,0.6561,1.37,1.87
2016.03.28 23:54:53.361,0.65577,0.6561,1.37,1.87
2016.03.28 23:55:03.799,0.65583,0.65613,1.00,1.37
2016.03.28 23:55:06.182,0.65582,0.65613,1.00,1.87
2016.03.28 23:55:08.162,0.6558,0.65613,1.37,1.87
2016.03.28 23:55:08.491,0.65583,0.65614,1.00,1.87
2016.03.28 23:55:08.541,0.6558,0.65613,1.00,1.37
2016.03.28 23:55:12.380,0.65579,0.65612,1.00,2.25
2016.03.28 23:55:14.470,0.6558,0.65611,1.00,1.50
2016.03.28 23:55:21.236,0.6558,0.65613,1.00,2.10
2016.03.28 23:55:21.337,0.6558,0.6561,1.00,1.37
2016.03.28 23:55:26.581,0.65579,0.65612,1.12,1.75
2016.03.28 23:55:29.714,0.6558,0.65611,1.00,1.37
2016.03.28 23:55:34.159,0.65579,0.65612,1.87,1.37
2016.03.28 23:55:37.277,0.65582,0.65614,1.00,1.97
2016.03.28 23:55:37.328,0.65582,0.65614,1.12,1.97
2016.03.28 23:55:37.510,0.65584,0.65614,1.00,1.97
2016.03.28 23:55:37.570,0.65582,0.65614,1.12,1.97
2016.03.28 23:55:39.479,0.65583,0.65614,1.00,1.97
2016.03.28 23:55:40.007,0.65582,0.65614,1.12,1.97
2016.03.28 23:55:40.320,0.6558,0.65611,1.00,1.37
2016.03.28 23:55:40.809,0.65578,0.65609,1.00,1.37
2016.03.28 23:55:42.219,0.65579,0.65609,1.00,1.37
2016.03.28 23:55:42.769,0.65578,0.65609,1.00,1.37
2016.03.28 23:55:43.289,0.65579,0.65612,1.00,1.87
2016.03.28 23:55:47.249,0.6558,0.6561,1.00,1.37
2016.03.28 23:55:47.350,0.6558,0.65612,1.00,1.37
2016.03.28 23:55:47.401,0.65578,0.65611,1.12,1.37
2016.03.28 23:55:49.560,0.65579,0.65612,1.00,1.87
2016.03.28 23:55:50.657,0.65579,0.65609,1.00,1.37
2016.03.28 23:55:52.574,0.6558,0.65609,1.00,1.37
2016.03.28 23:55:52.625,0.6558,0.65613,1.00,2.47
2016.03.28 23:55:53.567,0.65584,0.65613,1.00,1.30
2016.03.28 23:55:54.278,0.65584,0.65617,1.37,1.37
2016.03.28 23:55:54.742,0.65584,0.65617,1.12,1.87
2016.03.28 23:56:05.075,0.65587,0.65617,1.00,1.37
2016.03.28 23:56:05.150,0.65583,0.65616,1.37,1.37
2016.03.28 23:56:09.890,0.65584,0.65617,1.37,2.25
2016.03.28 23:56:10.868,0.65586,0.65617,1.00,1.37
2016.03.28 23:56:11.406,0.65585,0.65618,1.12,1.37
2016.03.28 23:56:11.457,0.65588,0.65619,1.00,1.72
2016.03.28 23:56:11.761,0.6559,0.65619,1.00,1.30
2016.03.28 23:56:16.055,0.65594,0.65625,1.00,1.87
2016.03.28 23:56:16.307,0.65587,0.65621,1.87,1.37
2016.03.28 23:56:16.509,0.65584,0.65616,1.87,1.00
2016.03.28 23:56:16.610,0.65584,0.65616,1.12,1.37
2016.03.28 23:56:17.199,0.65585,0.65618,1.00,1.37
2016.03.28 23:56:18.238,0.65586,0.65619,1.00,1.37
2016.03.28 23:56:18.942,0.65585,0.65615,1.00,1.37
2016.03.28 23:56:19.449,0.65584,0.65615,1.87,1.37
2016.03.28 23:56:20.151,0.65585,0.65615,1.00,1.37
2016.03.28 23:56:20.660,0.65584,0.65615,1.87,1.37
2016.03.28 23:56:22.039,0.65589,0.65615,1.00,1.37
2016.03.28 23:56:22.150,0.65584,0.65615,1.87,1.37
2016.03.28 23:56:22.809,0.65585,0.65616,1.00,1.37
2016.03.28 23:56:25.284,0.65585,0.65618,1.37,1.37
2016.03.28 23:56:25.496,0.65585,0.65618,1.37,1.00
2016.03.28 23:56:26.048,0.6559,0.65621,1.37,1.37
2016.03.28 23:56:26.355,0.6559,0.65621,1.37,1.00
2016.03.28 23:56:32.117,0.6559,0.65623,1.50,1.37
2016.03.28 23:56:32.542,0.65592,0.65624,1.37,1.00
2016.03.28 23:56:32.698,0.65592,0.65624,1.37,1.37
2016.03.28 23:56:33.459,0.65592,0.65622,1.37,1.00
2016.03.28 23:56:33.510,0.65591,0.65622,1.00,1.37
2016.03.28 23:56:34.028,0.65588,0.65618,1.37,1.00
2016.03.28 23:56:34.418,0.65587,0.65618,1.37,1.37
2016.03.28 23:56:37.346,0.6559,0.6562,1.37,1.00
2016.03.28 23:56:37.878,0.65591,0.65623,1.12,1.37
2016.03.28 23:56:40.128,0.65592,0.65623,1.00,1.37
2016.03.28 23:56:40.662,0.6559,0.65621,1.37,1.12
2016.03.28 23:56:40.723,0.65588,0.65621,1.37,1.37
2016.03.28 23:56:41.318,0.6559,0.65621,1.00,1.37
2016.03.28 23:56:41.858,0.65588,0.65621,1.37,1.37
2016.03.28 23:56:43.598,0.6559,0.65623,1.00,1.72
2016.03.28 23:56:43.649,0.6559,0.65623,1.37,1.72
2016.03.28 23:57:01.175,0.6559,0.65624,1.37,1.97
2016.03.28 23:57:04.330,0.65588,0.65621,1.37,1.00
2016.03.28 23:57:04.710,0.65586,0.65618,2.47,1.00
2016.03.28 23:57:06.859,0.65586,0.65619,1.72,1.00
2016.03.28 23:57:12.208,0.65591,0.65622,1.37,1.72
2016.03.28 23:57:12.739,0.65591,0.65621,1.37,1.00
2016.03.28 23:57:12.790,0.65591,0.65621,1.37,1.00
2016.03.28 23:57:14.887,0.65591,0.65622,1.37,1.00
2016.03.28 23:57:16.759,0.65591,0.65623,1.37,1.00
2016.03.28 23:57:22.191,0.65591,0.65623,1.37,1.37
2016.03.28 23:57:23.047,0.6559,0.6562,1.37,1.00
2016.03.28 23:57:24.488,0.65588,0.65617,1.72,1.00
2016.03.28 23:57:24.678,0.65588,0.65619,1.72,1.00
2016.03.28 23:57:25.044,0.65588,0.65621,2.47,1.00
2016.03.28 23:57:28.970,0.65591,0.65624,1.37,1.37
2016.03.28 23:57:30.069,0.65594,0.65627,1.00,2.25
2016.03.28 23:57:30.612,0.65593,0.65626,1.00,1.50
2016.03.28 23:57:31.230,0.65592,0.65625,1.12,1.37
2016.03.28 23:57:32.311,0.65592,0.65625,1.37,1.00
2016.03.28 23:57:33.012,0.65593,0.65626,1.37,1.12
2016.03.28 23:57:42.743,0.65596,0.65628,1.37,1.35
2016.03.28 23:57:43.217,0.65596,0.65628,1.37,1.00
2016.03.28 23:57:45.610,0.65597,0.65629,1.37,1.00
2016.03.28 23:57:52.551,0.65597,0.65631,1.87,1.12
2016.03.28 23:57:52.616,0.65597,0.65628,1.87,1.00
2016.03.28 23:57:55.257,0.65597,0.65629,1.37,1.00
2016.03.28 23:58:03.740,0.65597,0.65629,1.37,1.00
2016.03.28 23:58:06.510,0.65599,0.65632,1.37,1.37
2016.03.28 23:58:14.768,0.65598,0.65629,1.37,1.00
2016.03.28 23:58:21.567,0.65596,0.65629,1.37,1.12
2016.03.28 23:58:22.868,0.656,0.6563,1.37,1.00
2016.03.28 23:58:23.387,0.656,0.65631,1.37,1.00
2016.03.28 23:58:23.967,0.65598,0.65629,1.87,1.00
2016.03.28 23:58:24.019,0.65598,0.65629,1.87,1.12
2016.03.28 23:58:24.170,0.65598,0.65629,1.00,1.37
2016.03.28 23:58:24.221,0.65596,0.65627,1.00,1.37
2016.03.28 23:58:24.758,0.65593,0.65626,1.37,1.87
2016.03.28 23:58:34.307,0.65591,0.65624,1.87,1.00
2016.03.28 23:58:37.957,0.65592,0.65625,1.37,1.12
2016.03.28 23:58:39.261,0.65591,0.65622,1.87,1.00
2016.03.28 23:58:39.658,0.6559,0.65621,1.37,1.12
2016.03.28 23:58:40.491,0.65588,0.65619,1.37,1.00
2016.03.28 23:58:43.744,0.65588,0.65619,1.37,1.12
2016.03.28 23:58:44.558,0.6559,0.65623,1.37,1.37
2016.03.28 23:58:45.177,0.6559,0.65621,1.37,1.00
2016.03.28 23:58:45.826,0.6559,0.65621,1.87,1.00
2016.03.28 23:58:48.055,0.65593,0.65624,1.37,1.00
2016.03.28 23:58:48.847,0.65593,0.65626,1.75,1.37
2016.03.28 23:58:53.776,0.65592,0.65624,1.37,1.00
2016.03.28 23:58:54.509,0.65591,0.65625,1.87,1.12
2016.03.28 23:59:01.177,0.65594,0.65626,1.00,1.87
2016.03.28 23:59:01.509,0.65592,0.65623,1.00,1.37
2016.03.28 23:59:12.074,0.65592,0.65625,1.37,1.37
2016.03.28 23:59:17.708,0.65589,0.65622,1.50,1.37
2016.03.28 23:59:23.041,0.65589,0.6562,1.50,1.37
2016.03.28 23:59:23.963,0.65592,0.65623,1.00,1.37
2016.03.28 23:59:24.135,0.65589,0.65622,1.50,1.37
2016.03.28 23:59:26.489,0.65588,0.65619,1.37,1.12
2016.03.28 23:59:26.603,0.65588,0.65619,1.00,1.37
2016.03.28 23:59:27.171,0.65587,0.65618,1.00,1.37
2016.03.28 23:59:27.688,0.65584,0.65617,1.75,1.37
2016.03.28 23:59:30.862,0.65583,0.65615,1.00,1.50
2016.03.28 23:59:35.826,0.65579,0.6561,1.50,1.00
2016.03.28 23:59:36.028,0.6558,0.65613,1.37,1.37
2016.03.28 23:59:39.975,0.65583,0.65614,1.00,1.37
2016.03.28 23:59:40.076,0.65583,0.65614,1.75,1.00
2016.03.28 23:59:40.127,0.65587,0.65617,1.12,1.37
2016.03.28 23:59:40.449,0.65587,0.65618,1.37,1.00
2016.03.28 23:59:40.960,0.65591,0.65624,1.00,1.37
2016.03.28 23:59:41.031,0.65591,0.65624,1.37,1.37
2016.03.28 23:59:44.357,0.65591,0.65623,1.00,1.37
2016.03.28 23:59:46.175,0.65589,0.65622,1.37,1.37
2016.03.28 23:59:46.561,0.65589,0.65622,1.00,1.00
2016.03.28 23:59:50.865,0.6559,0.65623,1.00,1.00
