2014.09.05 16:00:02.317,0.77481,0.77499,1.00,1.00
2014.09.05 16:00:02.658,0.77484,0.77501,1.00,1.00
2014.09.05 16:00:03.208,0.77484,0.77502,1.00,1.00
2014.09.05 16:00:03.309,0.77481,0.77502,1.00,1.37
2014.09.05 16:00:03.410,0.7748,0.77498,1.50,1.00
2014.09.05 16:00:03.913,0.77477,0.77497,1.00,1.00
2014.09.05 16:00:03.963,0.77477,0.77494,1.00,1.00
2014.09.05 16:00:04.546,0.77477,0.77495,1.00,1.00
2014.09.05 16:00:06.148,0.77478,0.77495,1.00,1.00
2014.09.05 16:00:06.636,0.7748,0.77495,1.00,1.00
2014.09.05 16:00:06.919,0.7748,0.77497,1.00,1.00
2014.09.05 16:00:09.973,0.77482,0.77497,1.00,1.00
2014.09.05 16:00:10.274,0.77485,0.77498,1.00,1.00
2014.09.05 16:00:10.436,0.77485,0.77502,1.00,1.72
2014.09.05 16:00:10.978,0.77485,0.77501,1.00,1.72
2014.09.05 16:00:11.150,0.77481,0.77499,1.00,1.00
2014.09.05 16:00:11.699,0.77481,0.77498,1.00,1.00
2014.09.05 16:00:33.291,0.77475,0.77498,1.50,1.00
2014.09.05 16:00:33.756,0.77475,0.77496,1.50,1.00
2014.09.05 16:00:34.092,0.77475,0.77498,1.00,1.00
2014.09.05 16:00:34.196,0.77475,0.77494,1.00,1.00
2014.09.05 16:00:34.637,0.77475,0.77497,1.00,1.00
2014.09.05 16:00:39.671,0.77476,0.77497,1.00,1.00
2014.09.05 16:00:39.823,0.77476,0.77499,1.37,1.00
2014.09.05 16:00:40.186,0.77485,0.77499,1.00,1.00
2014.09.05 16:00:40.296,0.77479,0.775,1.00,1.00
2014.09.05 16:00:41.126,0.77479,0.77502,1.00,1.35
2014.09.05 16:00:41.566,0.77479,0.775,1.00,1.00
2014.09.05 16:00:42.291,0.7748,0.775,1.00,1.00
2014.09.05 16:00:42.854,0.77479,0.775,1.00,1.00
2014.09.05 16:00:47.744,0.77479,0.77501,1.00,1.00
2014.09.05 16:00:48.992,0.77479,0.775,1.00,1.00
2014.09.05 16:00:53.717,0.7748,0.775,1.00,1.00
2014.09.05 16:00:54.426,0.77479,0.77501,1.00,1.00
2014.09.05 16:00:54.959,0.7748,0.77501,1.00,1.12
2014.09.05 16:00:55.586,0.77484,0.77501,1.00,1.12
2014.09.05 16:00:56.076,0.7748,0.77501,1.00,1.12
2014.09.05 16:00:56.358,0.77484,0.77501,1.00,1.12
2014.09.05 16:00:56.946,0.7748,0.77501,1.00,1.12
2014.09.05 16:00:57.167,0.77484,0.77501,1.00,1.12
2014.09.05 16:01:02.845,0.77484,0.77501,1.00,1.37
2014.09.05 16:01:03.327,0.7748,0.77501,1.00,1.37
2014.09.05 16:01:03.540,0.7748,0.77499,1.00,2.10
2014.09.05 16:01:03.590,0.7748,0.775,1.00,1.60
2014.09.05 16:01:03.792,0.77479,0.77497,1.00,1.60
2014.09.05 16:01:04.327,0.77474,0.77495,1.00,1.00
2014.09.05 16:01:05.526,0.77479,0.77495,1.00,1.00
2014.09.05 16:01:06.009,0.77479,0.77497,1.00,1.00
2014.09.05 16:01:06.079,0.77476,0.77497,1.00,1.00
2014.09.05 16:01:06.437,0.77479,0.775,1.12,1.00
2014.09.05 16:01:06.776,0.77485,0.77502,1.00,1.35
2014.09.05 16:01:07.342,0.77484,0.77502,1.00,1.35
2014.09.05 16:01:09.629,0.77484,0.77504,1.00,1.00
2014.09.05 16:01:10.082,0.77489,0.77505,1.00,1.00
2014.09.05 16:01:10.678,0.77489,0.77506,1.00,1.35
2014.09.05 16:01:12.567,0.7749,0.77506,1.00,1.35
2014.09.05 16:01:13.449,0.77489,0.77507,1.00,1.60
2014.09.05 16:01:18.636,0.77489,0.77505,1.00,1.00
2014.09.05 16:01:19.186,0.77489,0.77507,1.00,1.60
2014.09.05 16:01:22.135,0.7749,0.77508,1.00,2.47
2014.09.05 16:01:25.435,0.77489,0.77508,1.00,2.47
2014.09.05 16:01:29.335,0.77484,0.77508,1.00,3.22
2014.09.05 16:01:32.255,0.77489,0.77506,1.00,1.35
2014.09.05 16:01:35.116,0.77485,0.77506,1.00,1.72
2014.09.05 16:01:37.342,0.77485,0.77507,1.00,1.00
2014.09.05 16:01:37.562,0.77485,0.77509,1.00,1.00
2014.09.05 16:01:37.663,0.77489,0.77509,1.00,1.00
2014.09.05 16:01:38.765,0.77489,0.7751,1.00,1.12
2014.09.05 16:01:39.305,0.77489,0.77509,1.00,1.00
2014.09.05 16:01:43.036,0.77485,0.77509,1.00,1.00
2014.09.05 16:01:43.935,0.77485,0.77511,1.50,1.72
2014.09.05 16:01:44.185,0.77485,0.77509,1.50,1.00
2014.09.05 16:01:48.224,0.77486,0.7751,1.00,1.00
2014.09.05 16:01:49.782,0.77485,0.77508,1.87,1.00
2014.09.05 16:01:54.196,0.77485,0.77509,2.62,1.00
2014.09.05 16:01:57.365,0.77485,0.77509,3.75,1.00
2014.09.05 16:01:59.420,0.77484,0.77509,2.62,1.00
2014.09.05 16:02:00.877,0.77484,0.77509,2.25,1.37
2014.09.05 16:02:01.407,0.77482,0.77506,1.12,1.12
2014.09.05 16:02:04.590,0.77483,0.77506,1.00,1.00
2014.09.05 16:02:05.324,0.77483,0.77507,1.00,1.12
2014.09.05 16:02:05.835,0.77483,0.77505,1.00,1.00
2014.09.05 16:02:07.000,0.77483,0.77505,1.37,1.00
2014.09.05 16:02:07.302,0.77485,0.77506,1.50,2.10
2014.09.05 16:02:07.403,0.77485,0.77508,1.50,1.00
2014.09.05 16:02:07.905,0.77484,0.77508,1.00,1.00
2014.09.05 16:02:08.245,0.77484,0.77504,1.00,1.00
2014.09.05 16:02:09.124,0.77483,0.77506,1.50,1.00
2014.09.05 16:02:09.344,0.77483,0.77504,1.50,1.00
2014.09.05 16:02:10.226,0.77485,0.77504,1.00,1.00
2014.09.05 16:02:10.865,0.77483,0.77504,1.50,1.00
2014.09.05 16:02:11.085,0.77485,0.77506,1.00,1.37
2014.09.05 16:02:12.586,0.77485,0.77504,1.00,1.00
2014.09.05 16:02:13.205,0.77483,0.77504,1.50,1.00
2014.09.05 16:02:17.645,0.77481,0.77505,2.62,1.00
2014.09.05 16:02:17.959,0.77483,0.77507,1.37,1.12
2014.09.05 16:02:19.118,0.77483,0.77507,1.00,1.37
2014.09.05 16:02:19.505,0.77484,0.77504,1.50,1.00
2014.09.05 16:02:19.556,0.77481,0.77504,1.87,1.00
2014.09.05 16:02:37.226,0.77482,0.77504,1.50,1.35
2014.09.05 16:02:37.277,0.77482,0.77504,1.87,1.35
2014.09.05 16:02:37.428,0.77485,0.77507,1.00,1.00
2014.09.05 16:02:37.833,0.77484,0.77505,2.25,1.00
2014.09.05 16:02:38.603,0.77484,0.77507,1.50,1.00
2014.09.05 16:02:38.933,0.77484,0.77505,1.50,1.00
2014.09.05 16:02:40.304,0.77485,0.77505,1.50,1.00
2014.09.05 16:02:40.363,0.77485,0.77507,1.50,1.00
2014.09.05 16:02:41.024,0.77485,0.77509,2.25,1.60
2014.09.05 16:02:41.549,0.77485,0.77507,1.50,1.00
2014.09.05 16:02:44.984,0.77485,0.77506,2.25,1.00
2014.09.05 16:02:45.916,0.77485,0.77508,1.87,1.35
2014.09.05 16:02:47.624,0.77485,0.77506,1.50,1.00
2014.09.05 16:02:49.776,0.77484,0.77506,2.25,1.00
2014.09.05 16:03:02.414,0.77485,0.77506,1.50,1.00
2014.09.05 16:03:02.618,0.77484,0.77508,1.12,1.35
2014.09.05 16:03:03.256,0.77485,0.77508,1.50,1.35
2014.09.05 16:03:04.283,0.77484,0.77508,2.62,1.35
2014.09.05 16:03:04.615,0.77487,0.77507,1.50,1.00
2014.09.05 16:03:04.766,0.77485,0.77509,2.25,1.60
2014.09.05 16:03:05.017,0.77486,0.7751,2.62,1.00
2014.09.05 16:03:05.219,0.77489,0.7751,1.00,1.00
2014.09.05 16:03:05.533,0.77484,0.77508,3.37,1.00
2014.09.05 16:03:06.373,0.77486,0.77509,1.87,1.00
2014.09.05 16:03:06.764,0.7749,0.77509,1.00,1.00
2014.09.05 16:03:07.693,0.7749,0.77508,1.00,1.00
2014.09.05 16:03:08.743,0.7749,0.7751,1.00,1.12
2014.09.05 16:03:09.273,0.77489,0.77509,1.00,1.00
2014.09.05 16:03:09.442,0.7749,0.77511,1.00,1.12
2014.09.05 16:03:09.844,0.7749,0.77509,1.00,1.00
2014.09.05 16:03:10.503,0.7749,0.77511,1.00,1.12
2014.09.05 16:03:11.030,0.77489,0.77512,1.87,1.00
2014.09.05 16:03:11.493,0.7749,0.77514,1.37,1.35
2014.09.05 16:03:12.019,0.7749,0.77513,1.37,1.00
2014.09.05 16:03:12.851,0.7749,0.77513,1.00,1.00
2014.09.05 16:03:14.683,0.7749,0.77514,1.50,1.35
2014.09.05 16:03:15.206,0.7749,0.77513,2.25,1.00
2014.09.05 16:03:16.003,0.7749,0.77514,2.25,2.10
2014.09.05 16:03:17.152,0.7749,0.77513,2.25,1.00
2014.09.05 16:03:22.214,0.77491,0.77513,1.50,1.00
2014.09.05 16:03:29.363,0.77491,0.77514,1.50,1.87
2014.09.05 16:03:30.190,0.77491,0.77513,1.50,1.00
2014.09.05 16:03:30.613,0.77495,0.77513,1.00,1.00
2014.09.05 16:03:32.173,0.77495,0.77516,1.00,1.30
2014.09.05 16:03:32.393,0.77495,0.77514,1.00,1.00
2014.09.05 16:03:32.613,0.77495,0.77516,1.00,1.30
2014.09.05 16:03:32.943,0.77494,0.77514,1.00,1.00
2014.09.05 16:03:35.014,0.77495,0.77514,1.00,1.00
2014.09.05 16:03:35.525,0.77494,0.77514,1.00,1.37
2014.09.05 16:03:35.827,0.7749,0.77512,2.25,1.00
2014.09.05 16:03:37.752,0.77489,0.77511,1.00,1.12
2014.09.05 16:03:50.644,0.7749,0.77511,1.00,1.12
2014.09.05 16:03:59.446,0.77489,0.77511,2.25,1.00
2014.09.05 16:04:01.019,0.77489,0.77513,2.25,1.72
2014.09.05 16:04:01.432,0.77489,0.77511,2.25,1.00
2014.09.05 16:04:01.983,0.77489,0.77513,3.00,1.72
2014.09.05 16:04:02.573,0.77489,0.77512,2.25,1.00
2014.09.05 16:04:03.310,0.77489,0.77512,2.62,1.00
2014.09.05 16:04:03.621,0.77494,0.77513,1.00,1.00
2014.09.05 16:04:03.672,0.77494,0.77516,1.00,1.00
2014.09.05 16:04:04.214,0.77495,0.77519,1.00,1.72
2014.09.05 16:04:04.314,0.77499,0.77519,1.00,1.72
2014.09.05 16:04:07.022,0.775,0.77517,1.00,1.35
2014.09.05 16:04:12.632,0.77499,0.77517,1.00,1.35
2014.09.05 16:04:17.610,0.775,0.77518,1.00,1.60
2014.09.05 16:04:18.344,0.77499,0.77518,1.00,1.60
2014.09.05 16:04:19.232,0.775,0.77518,1.00,1.60
2014.09.05 16:04:22.893,0.77499,0.77517,1.00,1.35
2014.09.05 16:04:23.742,0.77495,0.77519,2.62,1.60
2014.09.05 16:04:23.851,0.77499,0.77519,1.00,1.60
2014.09.05 16:04:25.211,0.77499,0.77519,2.25,1.00
2014.09.05 16:04:25.312,0.77499,0.77522,2.25,1.00
2014.09.05 16:04:25.478,0.77501,0.77522,1.50,1.00
2014.09.05 16:04:26.343,0.77499,0.77522,2.62,1.00
2014.09.05 16:04:26.444,0.77499,0.7752,2.25,1.00
2014.09.05 16:04:27.579,0.775,0.7752,1.00,1.00
2014.09.05 16:04:28.982,0.775,0.77521,1.12,1.00
2014.09.05 16:04:29.312,0.77504,0.77522,1.00,1.00
2014.09.05 16:04:29.835,0.77504,0.77519,1.00,1.00
2014.09.05 16:04:29.936,0.77499,0.77519,1.00,1.00
2014.09.05 16:04:30.783,0.77499,0.77518,1.00,1.12
2014.09.05 16:04:31.768,0.77499,0.77517,1.00,1.00
2014.09.05 16:04:32.428,0.77499,0.77519,1.00,1.37
2014.09.05 16:04:33.051,0.77499,0.77517,1.00,1.00
2014.09.05 16:04:33.582,0.77499,0.77516,1.00,1.00
2014.09.05 16:04:34.135,0.77499,0.77515,1.00,1.00
2014.09.05 16:04:34.573,0.77499,0.77517,1.00,1.12
2014.09.05 16:04:35.622,0.775,0.77517,1.00,1.00
2014.09.05 16:04:35.888,0.77499,0.77519,1.00,1.00
2014.09.05 16:04:36.411,0.77499,0.77518,1.00,1.00
2014.09.05 16:04:36.962,0.77499,0.77517,1.00,1.00
2014.09.05 16:04:37.872,0.77499,0.77518,1.00,1.00
2014.09.05 16:04:41.251,0.77499,0.7752,1.00,1.12
2014.09.05 16:04:41.471,0.77499,0.77518,1.00,1.00
2014.09.05 16:04:43.540,0.775,0.77518,1.00,1.00
2014.09.05 16:04:44.618,0.775,0.77517,1.00,1.00
2014.09.05 16:04:45.473,0.775,0.77516,1.00,1.00
2014.09.05 16:04:45.861,0.77495,0.77519,1.00,1.87
2014.09.05 16:04:48.951,0.77495,0.77516,1.00,1.00
2014.09.05 16:04:50.382,0.77495,0.77517,1.00,1.00
2014.09.05 16:04:50.583,0.775,0.77517,1.00,1.00
2014.09.05 16:04:51.113,0.77499,0.77518,1.00,1.00
2014.09.05 16:04:56.301,0.775,0.77518,1.00,1.00
2014.09.05 16:04:56.962,0.77499,0.77518,1.00,1.00
2014.09.05 16:04:57.841,0.775,0.77518,1.00,1.00
2014.09.05 16:05:00.941,0.775,0.77521,1.00,1.37
2014.09.05 16:05:01.481,0.77499,0.77519,1.00,1.00
2014.09.05 16:05:01.694,0.77495,0.77519,1.87,1.37
2014.09.05 16:05:01.803,0.77499,0.77519,1.00,1.37
2014.09.05 16:05:05.102,0.775,0.77519,1.00,1.37
2014.09.05 16:05:06.891,0.775,0.77519,1.00,1.37
2014.09.05 16:05:07.084,0.77495,0.77518,1.00,1.37
2014.09.05 16:05:12.483,0.77494,0.7752,3.00,1.37
2014.09.05 16:05:15.922,0.77494,0.77518,2.25,1.12
2014.09.05 16:05:16.463,0.77495,0.7752,1.00,1.37
2014.09.05 16:05:17.001,0.77495,0.77517,2.25,1.00
2014.09.05 16:05:18.211,0.77495,0.7752,2.25,1.37
2014.09.05 16:05:18.727,0.77495,0.7752,1.87,1.37
2014.09.05 16:05:19.361,0.77495,0.77517,1.87,1.00
2014.09.05 16:05:20.523,0.77495,0.77519,1.87,1.00
2014.09.05 16:05:20.741,0.77495,0.77517,1.87,1.00
2014.09.05 16:05:22.501,0.77495,0.7752,1.12,1.37
2014.09.05 16:05:31.279,0.77495,0.77521,1.87,1.00
2014.09.05 16:05:31.330,0.77499,0.77523,1.00,1.00
2014.09.05 16:05:31.782,0.77496,0.77522,1.00,1.00
2014.09.05 16:05:31.883,0.77499,0.77517,1.00,2.10
2014.09.05 16:05:32.185,0.77494,0.7751,1.00,2.10
2014.09.05 16:05:32.286,0.77488,0.7751,1.00,2.10
2014.09.05 16:05:32.337,0.77484,0.77509,1.00,1.60
2014.09.05 16:05:34.360,0.77483,0.77509,1.00,1.60
2014.09.05 16:05:35.903,0.77484,0.77509,1.00,1.97
2014.09.05 16:05:36.652,0.77484,0.77509,1.00,1.97
2014.09.05 16:05:36.961,0.77484,0.77502,1.00,1.00
2014.09.05 16:05:37.012,0.77477,0.77502,1.12,1.00
2014.09.05 16:05:37.162,0.77476,0.77502,1.87,1.00
2014.09.05 16:05:37.329,0.77476,0.77502,1.87,1.37
2014.09.05 16:05:37.581,0.77479,0.775,1.00,1.12
2014.09.05 16:05:38.021,0.77474,0.775,1.87,1.37
2014.09.05 16:05:39.639,0.77474,0.775,1.50,1.37
2014.09.05 16:05:41.851,0.77475,0.77498,1.00,1.30
2014.09.05 16:05:42.651,0.77474,0.775,1.50,1.97
2014.09.05 16:05:43.571,0.77474,0.775,1.50,1.97
2014.09.05 16:05:46.003,0.77474,0.775,1.50,1.97
2014.09.05 16:05:46.376,0.7748,0.77498,1.00,1.72
2014.09.05 16:05:47.012,0.77475,0.77498,1.12,1.72
2014.09.05 16:05:47.368,0.7748,0.77498,1.00,1.35
2014.09.05 16:05:53.071,0.77479,0.77498,1.00,1.35
2014.09.05 16:05:58.013,0.77475,0.77498,1.00,1.72
2014.09.05 16:05:58.121,0.7748,0.77498,1.00,1.72
2014.09.05 16:05:59.550,0.77479,0.77498,1.00,1.72
2014.09.05 16:06:00.431,0.7748,0.77498,1.00,1.72
2014.09.05 16:06:01.091,0.77479,0.77498,1.00,1.72
2014.09.05 16:06:01.657,0.7748,0.77499,1.00,1.72
2014.09.05 16:06:02.221,0.77479,0.775,1.00,1.97
2014.09.05 16:06:03.732,0.77485,0.77501,1.00,2.47
2014.09.05 16:06:04.276,0.77484,0.77501,1.00,3.22
2014.09.05 16:06:04.546,0.77479,0.77498,1.00,1.35
2014.09.05 16:06:05.121,0.7748,0.77498,1.00,1.72
2014.09.05 16:06:05.820,0.77484,0.77498,1.00,1.35
2014.09.05 16:06:06.591,0.77479,0.775,1.00,1.60
2014.09.05 16:06:07.142,0.77479,0.77501,1.12,1.50
2014.09.05 16:06:07.293,0.77484,0.77502,1.00,1.00
2014.09.05 16:06:07.839,0.77485,0.77504,1.00,1.72
2014.09.05 16:06:08.502,0.77484,0.77504,1.00,1.72
2014.09.05 16:06:09.010,0.77485,0.77504,1.00,1.72
2014.09.05 16:06:09.600,0.77484,0.77504,1.00,1.72
2014.09.05 16:06:22.831,0.77484,0.77505,1.00,1.97
2014.09.05 16:06:31.010,0.77485,0.77507,1.00,3.22
2014.09.05 16:06:32.330,0.77484,0.77507,1.00,3.22
2014.09.05 16:06:32.882,0.77484,0.77505,1.00,1.97
2014.09.05 16:06:34.862,0.77485,0.77505,1.00,1.97
2014.09.05 16:06:35.890,0.77484,0.77505,1.00,1.97
2014.09.05 16:06:36.953,0.77484,0.77505,1.00,1.97
2014.09.05 16:06:37.759,0.77484,0.77505,1.00,1.72
2014.09.05 16:06:46.087,0.77484,0.77506,1.00,1.97
2014.09.05 16:06:55.942,0.77484,0.77507,1.00,1.97
2014.09.05 16:07:02.799,0.77485,0.77507,1.00,1.97
2014.09.05 16:07:05.471,0.77485,0.77507,1.00,1.97
2014.09.05 16:07:09.380,0.77485,0.77507,1.00,1.97
2014.09.05 16:07:09.948,0.77484,0.77508,1.00,1.97
2014.09.05 16:07:19.959,0.77485,0.77508,1.00,1.97
2014.09.05 16:07:24.471,0.77484,0.77508,1.00,1.97
2014.09.05 16:07:25.020,0.77484,0.77508,1.00,1.97
2014.09.05 16:07:35.580,0.77485,0.77508,1.00,1.97
2014.09.05 16:07:35.881,0.77485,0.77507,1.00,1.35
2014.09.05 16:07:35.932,0.77482,0.77507,1.00,1.35
2014.09.05 16:07:36.032,0.77483,0.77506,1.00,1.35
2014.09.05 16:07:36.384,0.77486,0.77506,1.00,1.35
2014.09.05 16:07:36.935,0.77486,0.77507,1.00,1.00
2014.09.05 16:07:37.440,0.77486,0.77507,1.00,1.37
2014.09.05 16:07:38.930,0.77486,0.77507,1.00,1.37
2014.09.05 16:07:40.630,0.77486,0.77507,1.00,1.50
2014.09.05 16:07:40.731,0.77486,0.77505,1.00,1.37
2014.09.05 16:07:42.780,0.77483,0.77505,1.00,1.37
2014.09.05 16:07:44.839,0.77483,0.77505,1.00,1.37
2014.09.05 16:07:46.560,0.77483,0.77506,1.00,1.50
2014.09.05 16:07:48.248,0.77482,0.77506,1.00,1.50
2014.09.05 16:07:51.357,0.77482,0.77506,1.00,1.37
2014.09.05 16:07:51.679,0.77482,0.77507,1.00,1.37
2014.09.05 16:07:51.749,0.77485,0.77507,1.00,1.37
2014.09.05 16:07:52.000,0.77482,0.77506,2.25,1.00
2014.09.05 16:07:52.708,0.77482,0.77505,1.00,1.00
2014.09.05 16:07:54.364,0.77482,0.77505,1.00,1.37
2014.09.05 16:07:54.866,0.77483,0.77505,1.00,1.37
2014.09.05 16:07:55.386,0.77484,0.77505,1.00,1.12
2014.09.05 16:07:58.115,0.77485,0.77507,1.50,1.37
2014.09.05 16:07:58.838,0.77484,0.77507,2.25,1.37
2014.09.05 16:07:59.178,0.77484,0.77507,2.25,1.37
2014.09.05 16:07:59.690,0.77484,0.77505,1.00,1.37
2014.09.05 16:08:00.678,0.77484,0.77504,1.00,1.37
2014.09.05 16:08:02.135,0.77484,0.77504,1.00,1.37
2014.09.05 16:08:05.104,0.77484,0.77503,1.00,1.12
2014.09.05 16:08:05.719,0.77484,0.77502,1.00,1.00
2014.09.05 16:08:13.137,0.77484,0.77502,1.00,1.37
2014.09.05 16:08:19.754,0.77484,0.77502,1.00,1.12
2014.09.05 16:08:20.920,0.77482,0.77502,1.00,1.12
2014.09.05 16:08:21.265,0.77484,0.77505,1.00,1.37
2014.09.05 16:08:21.779,0.77485,0.77506,1.00,1.37
2014.09.05 16:08:23.069,0.77484,0.77506,1.00,1.37
2014.09.05 16:08:23.371,0.77479,0.77501,2.25,1.30
2014.09.05 16:08:23.892,0.77482,0.77504,1.00,1.12
2014.09.05 16:08:24.386,0.77482,0.77504,1.00,1.37
2014.09.05 16:08:24.788,0.77482,0.77504,1.00,1.00
2014.09.05 16:08:25.592,0.77482,0.77505,1.00,1.37
2014.09.05 16:08:25.793,0.7748,0.77503,1.00,1.37
2014.09.05 16:08:26.337,0.7748,0.77501,1.00,1.37
2014.09.05 16:09:06.811,0.7748,0.77501,1.50,1.37
2014.09.05 16:09:08.386,0.77479,0.77501,1.00,1.37
2014.09.05 16:09:11.323,0.77479,0.77501,1.00,1.37
2014.09.05 16:09:12.046,0.7748,0.77501,1.00,1.37
2014.09.05 16:09:15.634,0.7748,0.775,1.00,1.37
2014.09.05 16:09:16.516,0.77479,0.77499,1.00,1.12
2014.09.05 16:09:16.713,0.77477,0.77499,1.00,1.12
2014.09.05 16:09:16.907,0.7748,0.77499,1.00,1.12
2014.09.05 16:09:20.957,0.77479,0.775,1.00,1.37
2014.09.05 16:09:23.706,0.7748,0.775,1.00,1.37
2014.09.05 16:09:24.921,0.77477,0.77501,1.00,1.37
2014.09.05 16:09:25.072,0.77475,0.77501,1.50,1.37
2014.09.05 16:09:26.278,0.77475,0.77501,1.50,1.37
2014.09.05 16:09:26.507,0.77475,0.77501,1.50,1.75
2014.09.05 16:09:26.608,0.77475,0.77501,1.50,1.37
2014.09.05 16:09:26.708,0.77475,0.77501,3.00,1.75
2014.09.05 16:09:27.388,0.77475,0.775,2.25,1.37
2014.09.05 16:09:28.014,0.77475,0.775,2.25,1.75
2014.09.05 16:09:28.337,0.77479,0.77501,1.00,1.50
2014.09.05 16:09:38.693,0.7748,0.775,1.00,1.37
2014.09.05 16:09:38.895,0.77474,0.775,3.75,1.75
2014.09.05 16:09:38.995,0.77474,0.77499,3.00,1.37
2014.09.05 16:09:39.156,0.77474,0.77499,3.00,1.50
2014.09.05 16:09:42.178,0.77474,0.77497,3.00,1.75
2014.09.05 16:09:42.329,0.7747,0.77497,1.00,1.75
2014.09.05 16:09:47.926,0.7747,0.77492,1.50,1.37
2014.09.05 16:09:52.207,0.7747,0.77492,1.50,1.12
2014.09.05 16:09:52.328,0.77474,0.77492,1.00,1.00
2014.09.05 16:09:52.643,0.77474,0.77498,1.50,1.37
2014.09.05 16:09:53.269,0.77475,0.77498,1.00,1.37
2014.09.05 16:09:53.806,0.77475,0.77499,3.00,1.37
2014.09.05 16:09:55.114,0.77475,0.775,3.00,1.37
2014.09.05 16:10:02.946,0.77475,0.77499,1.00,1.37
2014.09.05 16:10:05.898,0.77478,0.775,1.00,1.37
2014.09.05 16:10:06.150,0.77485,0.77507,1.00,1.00
2014.09.05 16:10:06.351,0.77485,0.77504,1.00,1.00
2014.09.05 16:10:06.618,0.77482,0.77504,1.00,1.00
2014.09.05 16:10:06.960,0.7748,0.77504,1.50,1.00
2014.09.05 16:10:09.273,0.7748,0.77504,1.00,1.37
2014.09.05 16:10:11.380,0.7748,0.77504,1.00,1.37
2014.09.05 16:10:11.986,0.77479,0.775,1.00,1.12
2014.09.05 16:10:12.509,0.7748,0.77502,1.00,1.37
2014.09.05 16:10:13.117,0.77484,0.77502,1.00,1.37
2014.09.05 16:10:13.838,0.77479,0.77502,1.50,1.37
2014.09.05 16:10:14.539,0.7748,0.775,1.00,1.12
2014.09.05 16:10:15.599,0.77479,0.77502,1.50,1.37
2014.09.05 16:10:15.904,0.77479,0.77502,1.00,1.37
2014.09.05 16:10:16.217,0.7748,0.77504,1.00,1.37
2014.09.05 16:10:17.407,0.77481,0.77503,1.00,1.37
2014.09.05 16:10:19.923,0.77481,0.77503,1.00,1.37
2014.09.05 16:10:23.040,0.7748,0.77504,1.00,1.37
2014.09.05 16:10:23.559,0.7748,0.77502,1.00,1.37
2014.09.05 16:10:25.866,0.77479,0.77503,2.25,1.37
2014.09.05 16:10:26.104,0.77482,0.77502,1.50,1.00
2014.09.05 16:10:26.226,0.77483,0.77506,1.50,1.00
2014.09.05 16:10:26.327,0.77485,0.77506,1.50,1.00
2014.09.05 16:10:26.777,0.77489,0.77509,1.00,1.37
2014.09.05 16:10:27.579,0.77489,0.77507,1.00,1.00
2014.09.05 16:10:28.247,0.77485,0.77507,2.25,1.00
2014.09.05 16:10:29.034,0.77485,0.77508,3.00,1.12
2014.09.05 16:10:29.609,0.77488,0.77509,1.00,1.37
2014.09.05 16:10:30.560,0.7749,0.77509,1.00,1.37
2014.09.05 16:10:41.667,0.77488,0.77509,1.00,1.37
2014.09.05 16:10:43.317,0.77488,0.77509,1.00,1.37
2014.09.05 16:10:46.948,0.77489,0.77509,1.00,1.37
2014.09.05 16:10:47.898,0.77488,0.77509,1.00,1.37
2014.09.05 16:10:48.307,0.77485,0.77507,1.50,1.37
2014.09.05 16:10:48.819,0.77485,0.77506,1.50,1.12
2014.09.05 16:10:48.870,0.77487,0.77506,1.00,1.12
2014.09.05 16:10:49.939,0.77487,0.77507,1.00,1.37
2014.09.05 16:10:51.047,0.77487,0.77507,1.00,1.37
2014.09.05 16:10:51.098,0.77485,0.77507,1.50,1.37
2014.09.05 16:10:57.304,0.77485,0.77505,1.50,1.12
2014.09.05 16:10:57.556,0.77488,0.77505,1.00,1.00
2014.09.05 16:10:57.657,0.77488,0.77508,1.00,1.00
2014.09.05 16:11:00.723,0.77488,0.77507,1.00,1.00
2014.09.05 16:11:01.498,0.77487,0.77506,1.00,1.12
2014.09.05 16:11:02.276,0.77485,0.77506,1.50,1.12
2014.09.05 16:11:13.317,0.77485,0.77506,1.00,1.37
2014.09.05 16:11:13.521,0.77486,0.77506,1.00,1.12
2014.09.05 16:11:13.571,0.77489,0.77506,1.00,1.12
2014.09.05 16:11:13.787,0.77486,0.77506,1.00,1.12
2014.09.05 16:11:19.257,0.77486,0.77506,1.00,1.37
2014.09.05 16:11:19.448,0.77486,0.77506,1.00,1.00
2014.09.05 16:11:20.017,0.77489,0.77506,1.00,1.00
2014.09.05 16:11:21.185,0.77489,0.77507,1.00,1.00
2014.09.05 16:11:21.889,0.77489,0.77508,1.00,1.12
2014.09.05 16:11:22.804,0.7749,0.77508,1.00,1.12
2014.09.05 16:11:26.656,0.77489,0.77508,1.00,1.00
2014.09.05 16:11:46.919,0.7749,0.77508,1.00,1.00
2014.09.05 16:11:47.778,0.77489,0.77509,1.50,1.00
2014.09.05 16:11:52.946,0.7749,0.77509,1.00,1.00
2014.09.05 16:11:55.526,0.77492,0.77509,1.00,1.00
2014.09.05 16:11:55.797,0.77493,0.77513,1.00,1.37
2014.09.05 16:11:56.056,0.77491,0.77513,1.00,1.37
2014.09.05 16:11:56.106,0.77493,0.77513,1.00,1.37
2014.09.05 16:11:56.509,0.77495,0.77512,1.00,1.00
2014.09.05 16:11:56.610,0.77489,0.77512,1.50,1.00
2014.09.05 16:11:57.007,0.7749,0.77509,1.00,1.00
2014.09.05 16:11:57.347,0.77485,0.77509,1.00,1.00
2014.09.05 16:11:57.599,0.77485,0.77508,1.00,2.10
2014.09.05 16:11:57.700,0.7748,0.77503,1.00,1.00
2014.09.05 16:11:57.901,0.77475,0.775,1.50,1.00
2014.09.05 16:11:58.052,0.77479,0.775,1.00,1.00
2014.09.05 16:12:01.534,0.7748,0.77502,1.00,1.37
2014.09.05 16:12:02.086,0.77479,0.775,1.00,1.12
2014.09.05 16:12:02.824,0.77479,0.775,1.00,1.37
2014.09.05 16:12:03.065,0.77477,0.77498,1.00,1.00
2014.09.05 16:12:03.655,0.77475,0.77498,1.00,1.00
2014.09.05 16:12:05.131,0.77475,0.77498,1.37,1.00
2014.09.05 16:12:05.452,0.77477,0.77496,1.00,1.00
2014.09.05 16:12:05.502,0.77479,0.77502,1.00,1.37
2014.09.05 16:12:05.854,0.7748,0.77503,1.50,1.12
2014.09.05 16:12:06.365,0.77479,0.77502,1.50,1.00
2014.09.05 16:12:07.505,0.77481,0.77502,1.00,1.00
2014.09.05 16:12:09.386,0.7748,0.77502,1.00,1.12
2014.09.05 16:12:10.326,0.77479,0.77502,1.50,1.00
2014.09.05 16:12:11.748,0.77479,0.77502,1.50,1.37
2014.09.05 16:12:12.050,0.77481,0.77501,1.00,1.00
2014.09.05 16:12:12.553,0.7748,0.77501,1.00,1.00
2014.09.05 16:12:12.755,0.77481,0.77504,1.00,1.00
2014.09.05 16:12:13.065,0.77479,0.77503,1.50,1.00
2014.09.05 16:12:13.866,0.77479,0.77501,1.50,1.00
2014.09.05 16:12:14.927,0.77478,0.77501,1.00,1.00
2014.09.05 16:12:21.423,0.77479,0.77501,1.00,1.00
2014.09.05 16:12:21.535,0.77479,0.77503,1.00,1.00
2014.09.05 16:12:22.455,0.77479,0.77502,1.00,1.00
2014.09.05 16:12:22.556,0.77479,0.775,1.00,1.00
2014.09.05 16:12:23.115,0.7748,0.775,1.00,1.00
2014.09.05 16:12:24.825,0.77479,0.775,1.00,1.00
2014.09.05 16:12:25.637,0.77479,0.77498,1.00,1.00
2014.09.05 16:12:38.474,0.77479,0.77499,1.00,1.00
2014.09.05 16:12:40.161,0.77477,0.77499,1.00,1.00
2014.09.05 16:12:40.706,0.77479,0.775,1.00,1.12
2014.09.05 16:12:41.314,0.77479,0.77499,1.00,1.00
2014.09.05 16:12:41.364,0.77477,0.77499,1.00,1.00
2014.09.05 16:12:49.685,0.77479,0.77499,1.00,1.12
2014.09.05 16:12:50.455,0.77477,0.77499,1.00,1.12
2014.09.05 16:12:51.945,0.77481,0.77499,1.00,1.12
2014.09.05 16:12:54.308,0.77479,0.77499,1.00,1.12
2014.09.05 16:12:54.409,0.77483,0.775,1.00,1.00
2014.09.05 16:12:54.714,0.77486,0.77501,1.00,1.00
2014.09.05 16:12:54.764,0.77486,0.77503,1.00,1.00
2014.09.05 16:12:55.015,0.77486,0.77505,1.00,1.00
2014.09.05 16:12:56.025,0.77486,0.77505,1.00,1.37
2014.09.05 16:12:56.894,0.77485,0.77505,1.00,1.37
2014.09.05 16:12:57.274,0.77485,0.77503,1.00,1.37
2014.09.05 16:12:58.795,0.77485,0.77503,1.00,1.37
2014.09.05 16:13:09.664,0.77482,0.77505,1.00,3.00
2014.09.05 16:13:09.866,0.77481,0.77502,1.00,2.25
2014.09.05 16:13:09.916,0.77479,0.77501,1.00,1.87
2014.09.05 16:13:10.452,0.77479,0.77498,1.00,1.12
2014.09.05 16:13:11.267,0.77479,0.77498,1.00,1.37
2014.09.05 16:13:11.904,0.77478,0.77496,1.00,1.00
2014.09.05 16:13:12.005,0.77478,0.77498,1.00,1.00
2014.09.05 16:13:12.195,0.7748,0.77499,1.00,1.12
2014.09.05 16:13:22.092,0.7748,0.775,1.00,1.12
2014.09.05 16:13:23.724,0.7748,0.775,1.50,1.37
2014.09.05 16:13:23.925,0.77481,0.77502,1.00,1.00
2014.09.05 16:13:23.976,0.77483,0.77502,1.00,1.00
2014.09.05 16:13:24.305,0.77489,0.77504,1.00,1.00
2014.09.05 16:13:24.356,0.7749,0.77507,1.00,1.00
2014.09.05 16:13:24.885,0.77489,0.77508,1.00,1.00
2014.09.05 16:13:27.339,0.77491,0.77509,1.00,1.37
2014.09.05 16:13:27.441,0.77491,0.77512,1.00,1.37
2014.09.05 16:13:27.675,0.77491,0.77512,1.00,1.12
2014.09.05 16:13:27.725,0.77493,0.77512,1.00,1.12
2014.09.05 16:13:28.684,0.77489,0.77512,1.00,1.12
2014.09.05 16:13:29.441,0.77489,0.77512,1.00,1.37
2014.09.05 16:13:29.743,0.77487,0.77509,1.00,1.37
2014.09.05 16:13:30.149,0.77488,0.77511,1.00,1.00
2014.09.05 16:13:30.652,0.77488,0.77511,1.00,1.37
2014.09.05 16:13:31.924,0.77488,0.77511,1.00,1.37
2014.09.05 16:13:33.806,0.77488,0.77511,1.00,1.12
2014.09.05 16:13:34.503,0.77489,0.77511,1.00,1.37
2014.09.05 16:13:36.104,0.7749,0.77511,1.00,1.37
2014.09.05 16:13:37.156,0.7749,0.77511,1.00,1.12
2014.09.05 16:13:37.606,0.7749,0.77511,1.00,1.37
2014.09.05 16:13:37.656,0.77488,0.77509,1.00,1.12
2014.09.05 16:13:37.707,0.77486,0.77509,1.00,1.12
2014.09.05 16:13:38.204,0.77486,0.77507,1.00,1.00
2014.09.05 16:13:46.023,0.77486,0.77505,1.00,1.00
2014.09.05 16:13:46.325,0.77484,0.77505,1.00,1.00
2014.09.05 16:13:54.084,0.77484,0.77506,1.00,1.00
2014.09.05 16:13:56.208,0.77484,0.77506,1.00,1.37
2014.09.05 16:13:56.294,0.77482,0.77506,1.00,1.37
2014.09.05 16:13:56.646,0.7748,0.77503,1.00,1.12
2014.09.05 16:13:58.469,0.77478,0.77503,1.00,1.12
2014.09.05 16:13:58.653,0.7748,0.77503,1.00,1.12
2014.09.05 16:14:01.434,0.7748,0.77501,1.00,1.00
2014.09.05 16:14:08.259,0.7748,0.77502,1.00,1.00
2014.09.05 16:14:09.005,0.77481,0.77503,1.00,1.00
2014.09.05 16:14:11.444,0.77481,0.77504,1.00,1.00
2014.09.05 16:14:11.746,0.77485,0.77508,1.00,1.00
2014.09.05 16:14:12.224,0.7749,0.7751,1.00,1.37
2014.09.05 16:14:14.414,0.77486,0.7751,1.00,1.37
2014.09.05 16:14:15.993,0.77488,0.7751,1.00,1.37
2014.09.05 16:14:16.466,0.7749,0.77511,1.00,1.37
2014.09.05 16:14:16.934,0.77488,0.77511,1.00,1.37
2014.09.05 16:14:17.933,0.77489,0.77511,1.00,1.37
2014.09.05 16:14:20.009,0.77489,0.77511,1.00,1.37
2014.09.05 16:14:20.752,0.77489,0.77511,1.00,1.37
2014.09.05 16:14:25.026,0.77489,0.77511,1.00,1.12
2014.09.05 16:14:25.177,0.77494,0.77511,1.00,1.37
2014.09.05 16:14:25.272,0.77489,0.77511,1.00,1.37
2014.09.05 16:14:27.364,0.77494,0.77511,1.00,1.37
2014.09.05 16:14:27.474,0.77489,0.77511,1.00,1.37
2014.09.05 16:14:28.792,0.77486,0.7751,1.87,1.12
2014.09.05 16:14:28.893,0.77485,0.77511,1.50,1.37
2014.09.05 16:14:29.092,0.77487,0.77511,1.00,1.37
2014.09.05 16:14:29.772,0.77487,0.77509,1.00,1.00
2014.09.05 16:14:31.342,0.77487,0.77508,1.00,1.00
2014.09.05 16:14:33.671,0.77487,0.77511,1.00,1.37
2014.09.05 16:14:34.055,0.7749,0.77512,1.00,1.37
2014.09.05 16:14:34.478,0.7749,0.77512,1.00,1.37
2014.09.05 16:14:39.888,0.7749,0.77512,1.00,1.12
2014.09.05 16:14:40.890,0.7749,0.77512,1.00,1.37
2014.09.05 16:14:41.483,0.77489,0.77512,1.00,1.37
2014.09.05 16:14:42.285,0.7749,0.77512,1.00,1.37
2014.09.05 16:14:42.895,0.7749,0.77512,1.00,1.12
2014.09.05 16:14:44.853,0.77489,0.77512,1.00,1.12
2014.09.05 16:14:47.681,0.7749,0.77512,1.00,1.12
2014.09.05 16:14:48.306,0.7749,0.77512,1.00,1.37
2014.09.05 16:14:49.052,0.7749,0.77512,1.00,1.12
2014.09.05 16:14:49.408,0.7749,0.77512,1.00,1.37
2014.09.05 16:14:50.203,0.77489,0.77512,1.00,1.37
2014.09.05 16:14:51.252,0.77489,0.77512,2.25,1.12
2014.09.05 16:14:56.862,0.77489,0.77512,1.00,1.37
2014.09.05 16:15:04.165,0.77489,0.77512,1.00,1.12
2014.09.05 16:15:05.753,0.7749,0.77512,1.00,1.12
2014.09.05 16:15:06.852,0.77489,0.77512,1.00,1.12
2014.09.05 16:15:07.674,0.77489,0.77512,1.00,1.37
2014.09.05 16:15:09.134,0.7749,0.77512,1.00,1.37
2014.09.05 16:15:09.695,0.7749,0.77512,1.00,1.37
2014.09.05 16:15:11.363,0.77489,0.77512,1.00,1.37
2014.09.05 16:15:16.159,0.77489,0.77512,1.00,1.12
2014.09.05 16:15:18.292,0.7749,0.77512,1.00,1.00
2014.09.05 16:15:19.214,0.77489,0.77512,1.00,1.12
2014.09.05 16:15:29.983,0.77494,0.77515,1.00,1.37
2014.09.05 16:15:30.744,0.77489,0.77515,3.00,1.37
2014.09.05 16:15:31.052,0.77494,0.77515,1.00,1.37
2014.09.05 16:15:35.932,0.77492,0.77515,1.00,1.37
2014.09.05 16:15:45.002,0.77492,0.77515,1.00,1.37
2014.09.05 16:15:45.103,0.77497,0.77518,1.00,1.37
2014.09.05 16:15:55.093,0.77498,0.77519,1.00,1.37
2014.09.05 16:15:58.326,0.77498,0.77519,1.00,1.37
2014.09.05 16:15:58.928,0.77498,0.77519,1.00,1.37
2014.09.05 16:16:00.353,0.77498,0.77519,1.00,1.37
2014.09.05 16:16:01.226,0.77498,0.77519,1.00,1.37
2014.09.05 16:16:02.335,0.77498,0.77519,1.00,1.37
2014.09.05 16:16:08.473,0.77499,0.77519,1.00,1.37
2014.09.05 16:16:09.062,0.77499,0.77519,1.00,1.37
2014.09.05 16:16:14.302,0.77499,0.7752,1.00,1.37
2014.09.05 16:16:23.380,0.77499,0.7752,1.00,1.00
2014.09.05 16:16:23.683,0.77502,0.77521,1.00,1.12
2014.09.05 16:16:28.201,0.77502,0.77521,1.00,1.37
2014.09.05 16:16:35.905,0.77502,0.77521,1.00,1.37
2014.09.05 16:16:40.314,0.77502,0.77521,1.00,1.12
2014.09.05 16:16:54.241,0.77502,0.77521,1.00,1.37
2014.09.05 16:16:54.641,0.77502,0.77521,1.00,1.12
2014.09.05 16:16:56.546,0.77502,0.77521,1.00,1.37
2014.09.05 16:16:57.682,0.77502,0.77521,1.00,1.00
2014.09.05 16:16:58.844,0.77502,0.77522,1.00,1.12
2014.09.05 16:17:01.965,0.77502,0.77522,1.00,1.37
2014.09.05 16:17:10.579,0.77502,0.77522,1.00,1.37
2014.09.05 16:17:11.260,0.77502,0.77522,1.00,1.37
2014.09.05 16:17:11.682,0.77502,0.77522,1.00,1.12
2014.09.05 16:17:14.562,0.77503,0.77522,1.00,1.00
2014.09.05 16:17:22.591,0.77505,0.77522,1.00,1.00
2014.09.05 16:17:23.490,0.77505,0.77524,1.00,1.37
2014.09.05 16:17:24.391,0.77505,0.77522,1.00,1.00
2014.09.05 16:17:26.020,0.77505,0.77524,1.00,1.37
2014.09.05 16:17:28.220,0.77505,0.77522,1.00,1.00
2014.09.05 16:17:29.210,0.77505,0.77525,1.00,1.37
2014.09.05 16:17:29.711,0.77505,0.77524,1.00,1.37
2014.09.05 16:17:29.762,0.77503,0.77524,1.00,1.37
2014.09.05 16:17:31.515,0.77503,0.77523,1.00,1.37
2014.09.05 16:17:32.660,0.77503,0.77523,1.00,1.50
2014.09.05 16:17:32.714,0.77501,0.77523,1.00,1.50
2014.09.05 16:17:33.279,0.77501,0.77521,1.00,1.37
2014.09.05 16:17:35.239,0.77501,0.77521,1.00,1.37
2014.09.05 16:17:35.683,0.77499,0.77521,1.00,1.37
2014.09.05 16:17:36.121,0.77501,0.77518,1.00,1.37
2014.09.05 16:17:36.900,0.77501,0.77518,1.00,1.12
2014.09.05 16:17:43.279,0.77501,0.77521,1.00,1.37
2014.09.05 16:17:44.303,0.77501,0.77521,1.00,1.37
2014.09.05 16:17:46.990,0.77501,0.77521,1.00,1.37
2014.09.05 16:17:48.594,0.77501,0.77521,1.00,1.37
2014.09.05 16:17:48.695,0.77501,0.77521,1.00,1.37
2014.09.05 16:17:49.900,0.77501,0.77521,1.00,1.37
2014.09.05 16:17:51.103,0.77501,0.77521,1.00,1.37
2014.09.05 16:17:52.088,0.77499,0.77518,1.00,1.37
2014.09.05 16:17:52.639,0.775,0.77518,1.00,1.37
2014.09.05 16:17:53.366,0.775,0.77518,1.00,1.00
2014.09.05 16:18:00.528,0.775,0.77518,1.00,1.37
2014.09.05 16:18:00.579,0.77498,0.77518,1.00,1.37
2014.09.05 16:18:01.242,0.77497,0.77516,1.00,1.00
2014.09.05 16:18:01.869,0.77498,0.77517,1.00,1.12
2014.09.05 16:18:02.420,0.77499,0.77517,1.00,1.12
2014.09.05 16:18:07.802,0.77499,0.77518,1.00,1.37
2014.09.05 16:18:07.853,0.77497,0.77518,1.00,1.37
2014.09.05 16:18:08.399,0.77496,0.77515,1.00,1.87
2014.09.05 16:18:09.891,0.77495,0.77515,1.00,1.87
2014.09.05 16:18:11.319,0.77495,0.77514,1.00,1.37
2014.09.05 16:18:15.694,0.77495,0.77514,1.00,1.37
2014.09.05 16:18:26.943,0.77495,0.77514,1.37,1.00
2014.09.05 16:18:27.094,0.77505,0.77515,1.00,1.00
2014.09.05 16:18:27.295,0.77508,0.77533,1.00,1.00
2014.09.05 16:18:27.345,0.7751,0.77533,1.00,1.00
2014.09.05 16:18:27.547,0.7751,0.77538,1.00,1.37
2014.09.05 16:18:27.749,0.77508,0.77535,1.00,1.00
2014.09.05 16:18:27.950,0.7751,0.77534,1.00,1.00
2014.09.05 16:18:28.261,0.77514,0.77533,1.00,1.00
2014.09.05 16:18:29.061,0.77515,0.77533,1.00,1.00
2014.09.05 16:18:32.720,0.77515,0.7753,1.00,1.00
2014.09.05 16:18:33.380,0.77515,0.77531,1.00,1.00
2014.09.05 16:18:38.715,0.77516,0.77531,1.00,1.50
2014.09.05 16:18:38.916,0.77516,0.77533,1.00,1.12
2014.09.05 16:18:40.170,0.77516,0.77533,1.00,1.37
2014.09.05 16:18:42.376,0.77516,0.77533,1.00,1.00
2014.09.05 16:18:42.454,0.77518,0.77533,1.00,1.00
2014.09.05 16:18:42.505,0.77518,0.77535,1.00,1.12
2014.09.05 16:18:42.606,0.77519,0.77535,1.00,1.37
2014.09.05 16:18:42.706,0.77516,0.77535,1.00,1.87
2014.09.05 16:18:44.421,0.77516,0.77534,1.00,1.37
2014.09.05 16:18:45.032,0.77517,0.77534,1.00,1.37
2014.09.05 16:18:45.439,0.77515,0.77533,1.00,1.12
2014.09.05 16:18:46.003,0.77515,0.77533,1.00,1.37
2014.09.05 16:18:48.010,0.77515,0.77533,1.00,1.37
2014.09.05 16:18:48.061,0.77513,0.77533,1.00,1.37
2014.09.05 16:18:48.909,0.77512,0.77531,1.00,1.37
2014.09.05 16:18:52.226,0.77512,0.77532,1.00,1.37
2014.09.05 16:18:56.533,0.77512,0.77532,1.00,1.37
2014.09.05 16:18:57.969,0.77513,0.77532,1.00,1.37
2014.09.05 16:19:05.754,0.77513,0.77533,1.00,1.37
2014.09.05 16:19:10.271,0.77513,0.77533,1.00,1.37
2014.09.05 16:19:13.768,0.77513,0.77533,1.00,1.37
2014.09.05 16:19:17.318,0.77513,0.77533,1.00,1.37
2014.09.05 16:19:17.829,0.77513,0.77534,1.00,1.37
2014.09.05 16:19:18.219,0.77513,0.77533,1.00,1.37
2014.09.05 16:19:18.730,0.77513,0.77533,1.00,1.37
2014.09.05 16:19:20.384,0.77513,0.77533,1.00,1.37
2014.09.05 16:19:20.781,0.77516,0.77533,1.00,1.12
2014.09.05 16:19:21.392,0.77516,0.77536,1.00,1.37
2014.09.05 16:19:22.228,0.77516,0.77534,1.00,1.37
2014.09.05 16:19:22.599,0.77513,0.77534,1.00,1.37
2014.09.05 16:19:22.840,0.77513,0.77531,1.00,1.37
2014.09.05 16:19:23.512,0.77512,0.77533,1.00,1.12
2014.09.05 16:19:23.590,0.77514,0.77533,1.00,1.12
2014.09.05 16:19:24.438,0.77514,0.77534,1.00,1.12
2014.09.05 16:19:24.808,0.77516,0.77536,1.00,2.62
2014.09.05 16:19:26.322,0.77516,0.77536,1.00,1.37
2014.09.05 16:19:32.179,0.77521,0.77534,1.00,1.00
2014.09.05 16:19:32.280,0.77521,0.7754,1.00,1.00
2014.09.05 16:19:32.431,0.77526,0.7754,1.00,1.00
2014.09.05 16:19:32.532,0.77528,0.77547,1.00,1.00
2014.09.05 16:19:32.632,0.77524,0.77547,1.50,1.00
2014.09.05 16:19:32.784,0.77524,0.77543,1.50,1.00
2014.09.05 16:19:40.904,0.77524,0.77544,1.00,1.00
2014.09.05 16:19:41.460,0.77524,0.77543,1.00,1.00
2014.09.05 16:19:41.798,0.77526,0.77543,1.00,1.00
2014.09.05 16:19:43.565,0.77526,0.77543,1.00,1.37
2014.09.05 16:19:43.616,0.77523,0.77543,1.00,1.37
2014.09.05 16:19:44.179,0.77522,0.77542,1.00,1.37
2014.09.05 16:19:44.711,0.7752,0.77544,1.00,1.37
2014.09.05 16:19:45.877,0.7752,0.77544,1.00,1.50
2014.09.05 16:19:46.194,0.7752,0.77541,1.00,1.37
2014.09.05 16:19:46.395,0.77519,0.77539,1.00,1.72
2014.09.05 16:19:46.898,0.7752,0.77539,1.00,1.00
2014.09.05 16:19:46.949,0.77522,0.77539,1.00,1.00
2014.09.05 16:19:47.250,0.7752,0.77537,1.00,1.00
2014.09.05 16:19:47.401,0.7752,0.7754,1.00,1.00
2014.09.05 16:19:47.603,0.77525,0.77545,1.00,1.00
2014.09.05 16:19:48.028,0.77524,0.77547,1.00,1.00
2014.09.05 16:19:48.128,0.77527,0.77547,1.00,1.00
2014.09.05 16:19:48.380,0.77529,0.7755,1.00,1.00
2014.09.05 16:19:50.421,0.77529,0.7755,1.00,1.37
2014.09.05 16:19:50.924,0.77529,0.7755,1.00,1.37
2014.09.05 16:19:51.630,0.77529,0.77549,1.00,1.50
2014.09.05 16:19:51.800,0.77525,0.77548,1.00,1.75
2014.09.05 16:19:51.901,0.77523,0.77547,1.00,2.25
2014.09.05 16:19:53.596,0.77523,0.77542,1.00,1.37
2014.09.05 16:19:54.689,0.77523,0.77542,1.00,1.37
2014.09.05 16:19:55.308,0.77523,0.77542,1.00,1.12
2014.09.05 16:20:01.479,0.77523,0.77539,1.00,1.00
2014.09.05 16:20:02.032,0.77521,0.77539,1.00,1.12
2014.09.05 16:20:07.772,0.77521,0.77541,1.00,1.00
2014.09.05 16:20:07.824,0.77526,0.77541,1.00,1.00
2014.09.05 16:20:07.981,0.77526,0.77545,1.00,1.72
2014.09.05 16:20:08.411,0.77528,0.77547,1.00,1.12
2014.09.05 16:20:08.713,0.77527,0.77547,1.00,1.87
2014.09.05 16:20:09.015,0.77522,0.77544,1.00,2.62
2014.09.05 16:20:09.066,0.77526,0.77544,1.00,2.62
2014.09.05 16:20:09.267,0.77522,0.7754,1.00,1.00
2014.09.05 16:20:09.368,0.77524,0.7754,1.00,1.00
2014.09.05 16:20:09.418,0.77524,0.77542,1.00,1.12
2014.09.05 16:20:09.920,0.77525,0.77544,1.00,1.37
2014.09.05 16:20:11.862,0.77525,0.77543,1.00,1.12
2014.09.05 16:20:12.781,0.77525,0.77544,1.00,1.12
2014.09.05 16:20:14.072,0.77525,0.77544,1.00,1.37
2014.09.05 16:20:14.483,0.77525,0.77543,1.00,1.37
2014.09.05 16:20:14.534,0.77521,0.77543,1.00,1.37
2014.09.05 16:20:15.300,0.77521,0.7754,1.00,1.37
2014.09.05 16:20:17.494,0.77521,0.7754,1.00,1.37
2014.09.05 16:20:18.263,0.77519,0.7754,1.00,1.37
2014.09.05 16:20:18.831,0.7752,0.77539,1.00,1.37
2014.09.05 16:20:23.982,0.77517,0.77539,1.00,1.37
2014.09.05 16:20:26.228,0.77517,0.77539,1.00,1.37
2014.09.05 16:20:34.649,0.77517,0.77539,1.00,1.00
2014.09.05 16:20:35.340,0.77517,0.77539,1.00,1.37
2014.09.05 16:20:36.455,0.77517,0.77539,1.00,1.00
2014.09.05 16:20:37.995,0.77517,0.77539,1.00,1.37
2014.09.05 16:20:39.361,0.77517,0.77539,1.00,1.37
2014.09.05 16:20:39.667,0.77512,0.77536,1.00,1.37
2014.09.05 16:20:40.272,0.77512,0.77534,1.00,1.37
2014.09.05 16:20:40.400,0.77512,0.77534,1.00,1.12
2014.09.05 16:20:41.599,0.77513,0.77534,1.00,1.12
2014.09.05 16:20:43.884,0.77513,0.77534,1.00,1.37
2014.09.05 16:20:46.490,0.77513,0.77534,1.00,1.12
2014.09.05 16:20:47.545,0.77513,0.77537,1.00,1.37
2014.09.05 16:20:48.809,0.77513,0.77535,1.00,1.37
2014.09.05 16:20:49.011,0.77513,0.77537,1.00,1.12
2014.09.05 16:20:49.341,0.77513,0.77537,1.00,1.37
2014.09.05 16:20:49.442,0.77513,0.77537,1.12,1.00
2014.09.05 16:20:49.543,0.77516,0.77536,1.00,1.37
2014.09.05 16:20:49.644,0.77516,0.77536,1.00,1.00
2014.09.05 16:20:50.824,0.77516,0.77537,1.00,1.37
2014.09.05 16:20:52.439,0.77516,0.77536,1.00,1.00
2014.09.05 16:20:54.012,0.77515,0.77536,1.00,1.00
2014.09.05 16:20:54.548,0.77515,0.77535,1.00,1.00
2014.09.05 16:20:55.182,0.77515,0.77537,1.00,1.12
2014.09.05 16:20:55.552,0.77513,0.77537,1.00,1.00
2014.09.05 16:20:56.566,0.77513,0.77537,1.00,1.37
2014.09.05 16:20:56.769,0.77513,0.77537,1.00,1.37
2014.09.05 16:20:57.281,0.77513,0.77537,1.00,1.12
2014.09.05 16:20:59.979,0.77513,0.77537,1.00,1.37
2014.09.05 16:21:01.883,0.77513,0.77537,1.00,1.12
2014.09.05 16:21:02.320,0.77515,0.77537,1.00,1.12
2014.09.05 16:21:07.498,0.77515,0.77537,1.00,1.37
2014.09.05 16:21:08.702,0.77515,0.77537,1.00,1.12
2014.09.05 16:21:09.640,0.77516,0.77539,1.00,1.37
2014.09.05 16:21:21.849,0.77517,0.77537,1.00,1.00
2014.09.05 16:21:23.000,0.77518,0.77538,1.00,1.00
2014.09.05 16:21:24.200,0.77517,0.77538,1.00,1.12
2014.09.05 16:21:24.401,0.77515,0.77537,1.00,1.00
2014.09.05 16:21:25.582,0.77517,0.77537,1.00,1.00
2014.09.05 16:21:25.933,0.77517,0.77537,1.00,1.37
2014.09.05 16:21:26.461,0.77517,0.77537,1.00,1.37
2014.09.05 16:21:27.123,0.77519,0.77537,1.00,1.37
2014.09.05 16:21:27.459,0.77521,0.77537,1.00,1.37
2014.09.05 16:21:27.610,0.77519,0.77536,1.00,1.12
2014.09.05 16:21:29.064,0.77519,0.77537,1.00,1.37
2014.09.05 16:21:29.365,0.77519,0.77537,1.00,1.37
2014.09.05 16:21:29.652,0.77517,0.77537,1.00,1.37
2014.09.05 16:21:29.780,0.77517,0.77539,1.00,1.37
2014.09.05 16:21:30.388,0.77517,0.77539,1.00,1.12
2014.09.05 16:21:30.499,0.77517,0.77539,1.00,1.37
2014.09.05 16:21:33.942,0.7752,0.77539,1.00,1.37
2014.09.05 16:21:34.178,0.7752,0.77539,1.00,1.00
2014.09.05 16:21:34.679,0.77521,0.77539,1.00,1.00
2014.09.05 16:21:34.730,0.77521,0.77541,1.00,1.12
2014.09.05 16:21:34.839,0.77523,0.77541,1.00,1.12
2014.09.05 16:21:35.783,0.77523,0.77542,1.00,1.12
2014.09.05 16:21:41.495,0.77523,0.77542,1.00,1.37
2014.09.05 16:21:41.912,0.77524,0.77543,1.00,1.00
2014.09.05 16:21:42.459,0.77528,0.77543,1.00,1.00
2014.09.05 16:21:42.521,0.77525,0.77543,1.00,1.00
2014.09.05 16:21:42.572,0.77525,0.77545,1.00,1.00
2014.09.05 16:21:43.898,0.77525,0.77546,1.00,1.12
2014.09.05 16:21:44.909,0.77525,0.77547,1.00,1.12
2014.09.05 16:21:49.066,0.77525,0.77548,1.00,1.12
2014.09.05 16:21:50.313,0.77525,0.77548,1.00,1.37
2014.09.05 16:21:51.068,0.77525,0.77548,1.50,1.37
2014.09.05 16:21:51.217,0.77525,0.77548,1.50,1.12
2014.09.05 16:21:51.726,0.77529,0.77548,1.00,1.00
2014.09.05 16:21:51.930,0.77525,0.77548,1.00,1.00
2014.09.05 16:21:53.149,0.77529,0.77548,1.00,1.12
2014.09.05 16:21:53.652,0.77529,0.77552,1.50,1.37
2014.09.05 16:21:54.026,0.77529,0.77552,1.50,1.37
2014.09.05 16:21:54.539,0.77529,0.77552,1.50,1.37
2014.09.05 16:21:59.738,0.77529,0.77551,1.00,1.12
2014.09.05 16:22:00.358,0.77529,0.77549,1.00,1.00
2014.09.05 16:22:01.991,0.77528,0.77549,1.00,1.12
2014.09.05 16:22:12.501,0.77529,0.77549,1.00,1.12
2014.09.05 16:22:14.818,0.77531,0.7755,1.00,1.00
2014.09.05 16:22:15.019,0.77531,0.77553,1.00,1.37
2014.09.05 16:22:15.207,0.77531,0.77554,1.00,1.00
2014.09.05 16:22:17.958,0.77531,0.77555,1.12,1.00
2014.09.05 16:22:19.261,0.77533,0.77555,1.00,1.00
2014.09.05 16:22:19.586,0.77535,0.77555,1.00,1.00
2014.09.05 16:22:22.671,0.77534,0.77555,1.50,1.00
2014.09.05 16:22:23.690,0.77534,0.77555,1.00,1.37
2014.09.05 16:22:24.100,0.77531,0.77554,1.00,1.12
2014.09.05 16:22:24.812,0.77531,0.77554,1.37,1.00
2014.09.05 16:22:25.558,0.77535,0.77554,1.00,1.00
2014.09.05 16:22:32.403,0.77535,0.77555,1.00,1.00
2014.09.05 16:22:32.605,0.77536,0.77557,1.00,1.12
2014.09.05 16:22:33.345,0.77536,0.77557,1.00,1.37
2014.09.05 16:22:33.445,0.77536,0.77557,1.00,1.75
2014.09.05 16:22:33.747,0.77529,0.77551,1.50,1.12
2014.09.05 16:22:33.907,0.77529,0.77549,1.50,1.00
2014.09.05 16:22:36.864,0.77528,0.77549,1.00,1.00
2014.09.05 16:22:37.190,0.7753,0.77551,1.12,1.00
2014.09.05 16:22:37.537,0.77532,0.77553,1.00,1.00
2014.09.05 16:22:39.534,0.77532,0.77555,1.00,1.35
2014.09.05 16:22:40.589,0.77533,0.77556,1.12,1.00
2014.09.05 16:22:41.219,0.77533,0.77556,1.37,1.00
2014.09.05 16:22:42.291,0.77533,0.77556,1.12,1.00
2014.09.05 16:22:42.543,0.77533,0.77556,1.00,1.37
2014.09.05 16:22:43.238,0.77532,0.77554,1.00,1.12
2014.09.05 16:22:44.357,0.77532,0.77552,1.00,1.00
2014.09.05 16:22:44.457,0.7753,0.77552,1.50,1.00
2014.09.05 16:22:51.508,0.7753,0.77552,1.00,1.37
2014.09.05 16:22:53.260,0.7753,0.77551,1.50,1.00
2014.09.05 16:23:04.668,0.7753,0.77551,1.50,1.37
2014.09.05 16:23:05.639,0.7753,0.77551,1.00,1.37
2014.09.05 16:23:08.338,0.7753,0.77551,1.00,1.00
2014.09.05 16:23:20.437,0.7753,0.77552,1.50,1.00
2014.09.05 16:23:26.926,0.7753,0.77553,1.50,1.12
2014.09.05 16:23:47.041,0.77533,0.77553,1.00,1.12
2014.09.05 16:23:49.376,0.77533,0.7755,1.00,1.00
2014.09.05 16:23:49.477,0.77531,0.7755,1.00,1.00
2014.09.05 16:23:52.126,0.77531,0.77551,1.00,1.00
2014.09.05 16:23:53.376,0.77532,0.77551,1.00,1.00
2014.09.05 16:24:04.864,0.7753,0.77551,1.12,1.00
2014.09.05 16:24:04.986,0.7753,0.77553,1.12,1.00
2014.09.05 16:24:05.087,0.77532,0.77553,1.00,1.00
2014.09.05 16:24:05.705,0.77532,0.77554,1.00,1.00
2014.09.05 16:24:15.508,0.77532,0.77554,1.00,1.37
2014.09.05 16:24:33.889,0.77532,0.77555,1.00,1.37
2014.09.05 16:24:38.306,0.77532,0.77555,1.00,1.37
2014.09.05 16:24:42.657,0.77532,0.77554,1.00,1.37
2014.09.05 16:24:42.765,0.77535,0.77554,1.00,1.37
2014.09.05 16:24:44.127,0.77535,0.77554,1.00,1.00
2014.09.05 16:24:46.027,0.77534,0.77554,1.00,1.00
2014.09.05 16:24:46.565,0.77535,0.77555,1.00,1.00
2014.09.05 16:24:47.897,0.77534,0.77555,1.00,1.00
2014.09.05 16:24:49.437,0.77533,0.77555,1.00,1.00
2014.09.05 16:24:49.877,0.77533,0.77554,1.00,1.37
2014.09.05 16:24:50.206,0.77535,0.77554,1.00,1.00
2014.09.05 16:24:50.896,0.77534,0.77554,1.00,1.00
2014.09.05 16:24:52.077,0.77535,0.77554,1.00,1.00
2014.09.05 16:24:52.874,0.77534,0.77554,1.00,1.00
2014.09.05 16:24:54.362,0.77535,0.77554,1.00,1.00
2014.09.05 16:24:54.925,0.77534,0.77559,1.50,1.75
2014.09.05 16:24:54.975,0.77534,0.77559,1.50,1.37
2014.09.05 16:24:59.176,0.77534,0.77559,1.50,1.37
2014.09.05 16:24:59.227,0.77536,0.77559,1.00,1.37
2014.09.05 16:24:59.578,0.77536,0.77557,1.00,1.37
2014.09.05 16:24:59.640,0.77534,0.77557,1.50,1.37
2014.09.05 16:25:00.280,0.77534,0.77555,1.00,1.12
2014.09.05 16:25:00.330,0.77536,0.77557,1.00,1.37
2014.09.05 16:25:00.865,0.77536,0.77559,1.00,1.37
2014.09.05 16:25:05.389,0.77536,0.77559,1.00,1.37
2014.09.05 16:25:10.506,0.77536,0.77559,1.00,1.37
2014.09.05 16:25:10.847,0.77538,0.77558,1.00,1.12
2014.09.05 16:25:10.998,0.77539,0.7756,1.50,1.00
2014.09.05 16:25:11.099,0.77539,0.77558,1.00,1.00
2014.09.05 16:25:11.250,0.77536,0.77558,1.00,1.00
2014.09.05 16:25:11.977,0.77536,0.77556,1.00,1.00
2014.09.05 16:25:12.078,0.77534,0.77556,1.00,1.00
2014.09.05 16:25:13.204,0.77534,0.77555,1.00,1.00
2014.09.05 16:25:14.210,0.77534,0.77555,1.00,1.37
2014.09.05 16:25:17.940,0.77535,0.77555,1.00,1.00
2014.09.05 16:25:18.040,0.77535,0.77557,1.00,1.12
2014.09.05 16:25:20.540,0.77534,0.77557,1.50,1.12
2014.09.05 16:25:21.454,0.77534,0.77556,1.50,1.00
2014.09.05 16:25:22.813,0.77535,0.77556,1.50,1.00
2014.09.05 16:25:23.404,0.77536,0.77556,1.00,1.00
2014.09.05 16:25:23.535,0.77536,0.77558,1.00,1.00
2014.09.05 16:25:26.409,0.77535,0.77557,1.00,1.00
2014.09.05 16:25:26.610,0.77534,0.77556,1.00,1.37
2014.09.05 16:25:26.811,0.77529,0.77554,1.00,2.10
2014.09.05 16:25:26.862,0.77529,0.77551,1.00,1.00
2014.09.05 16:25:27.083,0.77529,0.77553,1.00,1.00
2014.09.05 16:25:27.305,0.77528,0.7755,1.00,1.00
2014.09.05 16:25:27.639,0.77525,0.77547,1.00,1.00
2014.09.05 16:25:28.565,0.77525,0.77547,1.37,1.00
2014.09.05 16:25:29.591,0.77524,0.77547,1.37,1.00
2014.09.05 16:25:30.247,0.77524,0.77546,1.37,1.00
2014.09.05 16:25:30.348,0.77524,0.77543,1.00,1.00
2014.09.05 16:25:30.893,0.77524,0.77542,1.00,1.00
2014.09.05 16:25:31.996,0.77524,0.77544,1.00,1.00
2014.09.05 16:25:33.432,0.77524,0.77547,1.37,1.00
2014.09.05 16:25:33.483,0.77529,0.77547,1.00,1.00
2014.09.05 16:25:33.984,0.7753,0.77547,1.00,1.00
2014.09.05 16:25:35.388,0.7753,0.77544,1.00,1.00
2014.09.05 16:25:35.696,0.77529,0.7754,1.00,1.00
2014.09.05 16:25:36.074,0.77524,0.7754,1.37,1.00
2014.09.05 16:25:36.613,0.77524,0.7754,1.00,1.00
2014.09.05 16:25:37.393,0.7752,0.7754,1.87,1.00
2014.09.05 16:25:38.627,0.77519,0.77543,1.37,1.50
2014.09.05 16:25:40.374,0.77519,0.77543,1.37,1.50
2014.09.05 16:25:40.904,0.77519,0.77539,1.00,1.00
2014.09.05 16:25:40.955,0.77516,0.77539,1.37,1.00
2014.09.05 16:25:41.005,0.77516,0.7754,1.37,1.00
2014.09.05 16:25:42.978,0.77516,0.77541,1.87,1.00
2014.09.05 16:25:55.527,0.7752,0.77541,1.37,1.00
2014.09.05 16:25:56.177,0.77519,0.77543,1.37,1.00
2014.09.05 16:25:56.463,0.77525,0.77543,1.00,1.00
2014.09.05 16:26:02.033,0.77519,0.77543,1.37,1.00
2014.09.05 16:26:04.674,0.77525,0.77543,1.00,1.00
2014.09.05 16:26:28.517,0.77525,0.77546,1.00,1.00
2014.09.05 16:26:33.206,0.77529,0.77546,1.00,1.00
2014.09.05 16:26:33.307,0.77525,0.77547,1.37,1.00
2014.09.05 16:26:33.819,0.77525,0.77547,1.00,1.00
2014.09.05 16:26:34.752,0.77524,0.77547,1.00,1.00
2014.09.05 16:26:36.903,0.7752,0.77547,2.62,1.12
2014.09.05 16:26:37.227,0.7752,0.77547,2.62,1.37
2014.09.05 16:26:37.338,0.7752,0.77547,2.62,1.37
2014.09.05 16:26:37.494,0.77524,0.77545,1.00,1.37
2014.09.05 16:26:37.595,0.77519,0.77545,1.87,1.37
2014.09.05 16:26:38.932,0.77519,0.77545,1.87,1.12
2014.09.05 16:26:39.105,0.77524,0.77545,1.00,1.12
2014.09.05 16:26:39.982,0.77519,0.77545,1.87,1.12
2014.09.05 16:26:40.436,0.77519,0.77545,1.87,1.00
2014.09.05 16:26:41.064,0.77524,0.77545,1.00,1.00
2014.09.05 16:26:41.292,0.77524,0.77547,1.00,1.12
2014.09.05 16:26:51.583,0.77524,0.77548,1.00,1.12
2014.09.05 16:26:52.107,0.77524,0.77544,1.00,1.00
2014.09.05 16:26:54.161,0.77524,0.77543,1.00,1.00
2014.09.05 16:26:54.931,0.77524,0.77545,1.00,1.00
2014.09.05 16:26:56.923,0.7752,0.77545,1.37,1.00
2014.09.05 16:26:57.526,0.77524,0.77545,1.12,1.00
2014.09.05 16:27:02.191,0.77524,0.77547,1.12,1.00
2014.09.05 16:27:05.162,0.77524,0.77546,1.12,1.00
2014.09.05 16:27:06.076,0.77524,0.77545,1.12,1.00
2014.09.05 16:27:06.491,0.77529,0.77545,1.00,1.00
2014.09.05 16:27:06.601,0.77524,0.77545,1.12,1.00
2014.09.05 16:27:07.483,0.7753,0.77545,1.00,1.00
2014.09.05 16:27:08.031,0.77525,0.77545,1.00,1.00
2014.09.05 16:27:08.582,0.77529,0.77545,1.00,1.00
2014.09.05 16:27:09.451,0.77529,0.77547,1.00,1.12
2014.09.05 16:27:09.803,0.77535,0.7755,1.00,1.00
2014.09.05 16:27:09.954,0.77526,0.7755,1.50,1.00
2014.09.05 16:27:10.005,0.77526,0.77552,1.00,1.00
2014.09.05 16:27:10.055,0.7753,0.77552,1.00,1.00
2014.09.05 16:27:10.272,0.77526,0.7755,1.00,1.00
2014.09.05 16:27:10.725,0.77526,0.7755,1.37,1.00
2014.09.05 16:27:12.087,0.77526,0.7755,1.50,1.00
2014.09.05 16:27:12.593,0.77526,0.7755,1.37,1.00
2014.09.05 16:27:13.607,0.77526,0.7755,1.37,1.00
2014.09.05 16:27:14.071,0.77526,0.77553,1.87,1.00
2014.09.05 16:27:14.578,0.77529,0.77553,1.12,1.00
2014.09.05 16:27:15.563,0.77529,0.77553,1.37,1.12
2014.09.05 16:27:17.230,0.77529,0.77553,1.12,1.00
2014.09.05 16:27:18.781,0.7753,0.77553,1.00,1.00
2014.09.05 16:27:19.103,0.7753,0.77552,1.00,1.37
2014.09.05 16:27:19.631,0.7753,0.77552,1.00,1.12
2014.09.05 16:27:21.452,0.77529,0.77552,1.00,1.12
2014.09.05 16:27:23.892,0.77529,0.77549,1.00,1.00
2014.09.05 16:27:25.285,0.77529,0.77549,1.00,1.37
2014.09.05 16:27:26.570,0.77529,0.77549,1.00,1.00
2014.09.05 16:27:27.943,0.7753,0.77549,1.00,1.00
2014.09.05 16:27:28.921,0.7753,0.7755,1.00,1.00
2014.09.05 16:27:29.222,0.77524,0.77547,1.37,1.00
2014.09.05 16:27:29.632,0.77524,0.77547,1.50,1.00
2014.09.05 16:27:29.699,0.77524,0.77547,1.37,1.00
2014.09.05 16:27:30.104,0.77524,0.77547,1.50,1.00
2014.09.05 16:27:30.411,0.77524,0.77547,1.00,1.00
2014.09.05 16:27:30.512,0.77529,0.77547,1.00,1.00
2014.09.05 16:27:30.613,0.77525,0.7755,1.37,1.00
2014.09.05 16:27:31.162,0.77525,0.77551,1.37,1.00
2014.09.05 16:27:33.025,0.77525,0.77551,1.37,1.00
2014.09.05 16:27:35.662,0.77529,0.77551,1.00,1.00
2014.09.05 16:27:40.140,0.77529,0.77549,1.00,1.00
2014.09.05 16:27:40.191,0.77525,0.77549,1.37,1.00
2014.09.05 16:27:40.411,0.7753,0.77549,1.00,1.00
2014.09.05 16:27:40.591,0.77524,0.77549,1.37,1.00
2014.09.05 16:27:41.181,0.77525,0.77549,1.12,1.00
2014.09.05 16:27:41.858,0.77525,0.77549,1.37,1.00
2014.09.05 16:27:42.262,0.77529,0.77549,1.00,1.00
2014.09.05 16:27:42.464,0.7753,0.77551,1.00,1.00
2014.09.05 16:27:43.146,0.7753,0.77552,1.00,1.00
2014.09.05 16:27:43.892,0.77529,0.77552,1.00,1.00
2014.09.05 16:27:44.442,0.7753,0.77552,1.00,1.00
2014.09.05 16:27:45.125,0.77529,0.77552,1.00,1.00
2014.09.05 16:27:45.761,0.77528,0.77552,1.00,1.00
2014.09.05 16:27:47.025,0.77528,0.77552,1.37,1.00
2014.09.05 16:27:47.294,0.77529,0.77554,1.87,1.00
2014.09.05 16:27:47.445,0.77534,0.77554,1.00,1.00
2014.09.05 16:27:47.596,0.77531,0.77555,1.00,1.12
2014.09.05 16:27:47.747,0.7753,0.77553,1.37,1.00
2014.09.05 16:27:47.798,0.7753,0.77553,1.00,1.00
2014.09.05 16:27:48.104,0.77528,0.77552,1.00,1.00
2014.09.05 16:27:50.921,0.77525,0.77551,1.87,1.12
2014.09.05 16:27:51.550,0.77525,0.7755,1.87,1.00
2014.09.05 16:27:51.929,0.77524,0.77548,3.37,1.00
2014.09.05 16:27:52.231,0.77528,0.77548,1.12,1.00
2014.09.05 16:27:52.282,0.77529,0.77551,1.12,1.00
2014.09.05 16:27:52.883,0.77526,0.7755,1.37,1.00
2014.09.05 16:27:53.412,0.77527,0.7755,1.37,1.00
2014.09.05 16:27:53.714,0.77528,0.77552,1.00,1.00
2014.09.05 16:27:53.815,0.77526,0.77552,1.12,1.37
2014.09.05 16:27:54.117,0.77525,0.77549,1.00,1.00
2014.09.05 16:27:55.261,0.77524,0.77549,1.12,1.00
2014.09.05 16:27:56.211,0.77524,0.77548,1.12,1.00
2014.09.05 16:27:56.323,0.77524,0.7755,1.37,1.00
2014.09.05 16:27:57.060,0.77524,0.7755,1.37,1.00
2014.09.05 16:27:57.475,0.77525,0.7755,1.37,1.00
2014.09.05 16:27:58.979,0.77525,0.7755,1.37,1.00
2014.09.05 16:27:59.666,0.7753,0.7755,1.00,1.00
2014.09.05 16:27:59.985,0.77524,0.7755,1.00,1.12
2014.09.05 16:28:00.086,0.77524,0.77548,1.00,1.00
2014.09.05 16:28:00.630,0.77523,0.77548,1.00,1.00
2014.09.05 16:28:01.222,0.77523,0.77545,1.00,1.00
2014.09.05 16:28:03.601,0.77523,0.77545,1.37,1.00
2014.09.05 16:28:05.207,0.77523,0.77545,1.00,1.00
2014.09.05 16:28:05.610,0.77523,0.77545,1.37,1.00
2014.09.05 16:28:05.660,0.77523,0.77548,1.37,1.00
2014.09.05 16:28:06.190,0.77526,0.77549,1.37,1.00
2014.09.05 16:28:06.341,0.77529,0.7755,1.00,1.00
2014.09.05 16:28:11.530,0.77529,0.77552,2.62,1.12
2014.09.05 16:28:17.449,0.77529,0.77552,2.62,1.00
2014.09.05 16:28:19.853,0.77529,0.77551,1.37,1.50
2014.09.05 16:28:20.380,0.77529,0.7755,1.00,1.00
2014.09.05 16:28:20.431,0.77525,0.77548,1.37,1.00
2014.09.05 16:28:21.970,0.77529,0.77548,1.00,1.00
2014.09.05 16:28:26.150,0.77528,0.77548,1.50,1.00
2014.09.05 16:28:26.901,0.77527,0.77548,1.50,1.00
2014.09.05 16:28:27.961,0.77527,0.77547,1.50,1.00
2014.09.05 16:28:28.479,0.77526,0.77547,1.87,1.50
2014.09.05 16:28:28.530,0.77524,0.77547,2.25,1.50
2014.09.05 16:28:28.631,0.77524,0.77547,2.62,1.50
2014.09.05 16:28:31.211,0.77524,0.77547,2.62,1.50
2014.09.05 16:28:34.445,0.77524,0.77547,2.62,1.50
2014.09.05 16:28:34.495,0.77524,0.77545,2.62,1.50
2014.09.05 16:28:36.630,0.77524,0.77545,2.25,1.50
2014.09.05 16:28:40.565,0.77525,0.77545,1.00,1.00
2014.09.05 16:28:43.503,0.77526,0.77545,1.50,1.00
2014.09.05 16:28:44.526,0.77526,0.77545,1.87,1.00
2014.09.05 16:28:45.350,0.77528,0.77545,1.50,1.00
2014.09.05 16:28:45.611,0.77529,0.7755,1.87,1.00
2014.09.05 16:28:45.712,0.77531,0.77551,1.50,1.00
2014.09.05 16:28:46.160,0.77535,0.77551,1.00,1.00
2014.09.05 16:28:52.432,0.77535,0.77553,1.00,1.50
2014.09.05 16:28:52.533,0.7754,0.77554,1.00,1.00
2014.09.05 16:28:52.684,0.77532,0.77554,1.50,1.00
2014.09.05 16:28:52.835,0.77529,0.77555,1.50,1.00
2014.09.05 16:28:53.187,0.77532,0.77554,1.50,1.00
2014.09.05 16:28:53.389,0.7753,0.77554,2.25,1.00
2014.09.05 16:28:53.772,0.77529,0.77551,2.25,1.00
2014.09.05 16:28:54.110,0.77527,0.77548,1.50,1.00
2014.09.05 16:28:55.831,0.7753,0.77548,1.00,1.00
2014.09.05 16:28:56.271,0.77528,0.77548,1.50,1.00
2014.09.05 16:28:56.378,0.7753,0.77548,1.50,1.00
2014.09.05 16:28:57.384,0.77528,0.77548,1.50,1.00
2014.09.05 16:28:57.889,0.77526,0.77548,1.87,1.00
2014.09.05 16:28:59.895,0.77527,0.77548,1.50,1.00
2014.09.05 16:29:00.639,0.77526,0.77548,1.50,1.00
2014.09.05 16:29:00.856,0.77524,0.77548,1.87,1.00
2014.09.05 16:29:01.058,0.77524,0.77548,1.00,1.37
2014.09.05 16:29:01.962,0.77524,0.77547,1.12,1.12
2014.09.05 16:29:09.219,0.77525,0.77547,1.50,1.00
2014.09.05 16:29:14.403,0.77525,0.77547,1.50,1.37
2014.09.05 16:29:16.056,0.77526,0.77547,1.50,1.37
2014.09.05 16:29:19.009,0.77524,0.77547,1.00,1.37
2014.09.05 16:29:20.703,0.77525,0.77547,1.50,1.37
2014.09.05 16:29:20.955,0.77522,0.77543,1.50,1.00
2014.09.05 16:29:21.539,0.77521,0.77543,1.50,1.12
2014.09.05 16:29:22.437,0.77521,0.77543,1.50,1.37
2014.09.05 16:29:22.689,0.77517,0.77543,2.62,1.37
2014.09.05 16:29:23.550,0.77519,0.77542,1.00,1.37
2014.09.05 16:29:25.639,0.77517,0.77542,2.25,1.37
2014.09.05 16:29:28.279,0.77519,0.77542,1.00,1.37
2014.09.05 16:29:31.842,0.77519,0.77542,1.00,1.00
2014.09.05 16:29:32.269,0.77519,0.77544,2.25,1.12
2014.09.05 16:29:33.145,0.77519,0.77544,2.62,1.00
2014.09.05 16:29:33.252,0.7752,0.77544,1.87,1.00
2014.09.05 16:29:34.050,0.7752,0.77544,2.62,1.12
2014.09.05 16:29:35.268,0.7752,0.77544,1.12,1.37
2014.09.05 16:29:36.461,0.7752,0.77544,1.00,1.00
2014.09.05 16:29:36.828,0.77521,0.77544,1.87,1.00
2014.09.05 16:29:37.412,0.77522,0.77545,1.87,1.00
2014.09.05 16:29:38.474,0.77522,0.77546,1.87,1.00
2014.09.05 16:29:38.776,0.77527,0.77548,1.50,1.00
2014.09.05 16:29:39.968,0.77527,0.77547,1.50,1.00
2014.09.05 16:29:40.458,0.77524,0.77547,2.62,1.00
2014.09.05 16:29:40.788,0.77526,0.77547,1.50,1.00
2014.09.05 16:29:41.253,0.77524,0.77547,2.25,1.00
2014.09.05 16:29:43.951,0.77524,0.77545,1.50,1.00
2014.09.05 16:29:45.408,0.77523,0.77545,1.50,1.00
2014.09.05 16:29:46.136,0.77522,0.77545,1.87,1.00
2014.09.05 16:29:51.709,0.77524,0.77545,1.00,1.00
2014.09.05 16:29:59.646,0.77522,0.77545,1.50,1.00
2014.09.05 16:30:00.288,0.77525,0.77545,1.00,1.00
2014.09.05 16:30:01.169,0.77522,0.77545,1.50,1.00
2014.09.05 16:30:02.049,0.77522,0.77544,1.50,1.00
2014.09.05 16:30:12.169,0.77525,0.77544,1.00,1.00
2014.09.05 16:30:13.051,0.77523,0.77544,1.50,1.00
2014.09.05 16:30:13.571,0.77522,0.77544,1.87,1.00
2014.09.05 16:30:14.012,0.7752,0.77544,2.25,1.12
2014.09.05 16:30:14.289,0.77519,0.77542,2.25,1.00
2014.09.05 16:30:14.726,0.7752,0.7754,1.50,1.00
2014.09.05 16:30:14.964,0.77519,0.77542,2.25,1.00
2014.09.05 16:30:15.165,0.77525,0.77542,1.00,1.00
2014.09.05 16:30:15.472,0.7752,0.77542,1.87,1.00
2014.09.05 16:30:16.328,0.77519,0.77542,2.25,1.00
2014.09.05 16:30:17.426,0.77519,0.77541,1.12,1.00
2014.09.05 16:30:18.549,0.77518,0.77541,1.50,1.00
2014.09.05 16:30:20.342,0.77518,0.77541,1.87,1.00
2014.09.05 16:30:25.701,0.7752,0.77541,1.00,1.00
2014.09.05 16:30:26.104,0.7752,0.77539,1.00,1.00
2014.09.05 16:30:26.406,0.77514,0.77538,2.62,1.00
2014.09.05 16:30:27.429,0.77514,0.77538,1.37,1.00
2014.09.05 16:30:36.873,0.77514,0.77538,1.37,1.00
2014.09.05 16:30:43.549,0.77514,0.77537,1.37,1.00
2014.09.05 16:30:44.485,0.77514,0.77537,1.37,1.00
2014.09.05 16:30:47.318,0.77515,0.77538,1.37,1.00
2014.09.05 16:30:49.094,0.77515,0.77538,1.37,1.00
2014.09.05 16:30:54.409,0.77514,0.77538,2.62,1.00
2014.09.05 16:30:55.237,0.77514,0.77538,1.37,1.00
2014.09.05 16:30:55.507,0.77514,0.77538,1.37,1.00
2014.09.05 16:30:55.608,0.77514,0.77538,1.37,1.00
2014.09.05 16:30:56.288,0.77514,0.77538,1.37,1.00
2014.09.05 16:31:10.089,0.77515,0.7754,1.37,1.12
2014.09.05 16:31:10.240,0.77514,0.7754,2.25,1.00
2014.09.05 16:31:10.629,0.77516,0.77542,1.87,1.00
2014.09.05 16:31:14.538,0.77516,0.77542,1.87,1.00
2014.09.05 16:31:17.944,0.77516,0.77542,2.25,1.00
2014.09.05 16:31:18.045,0.7752,0.77543,1.12,1.00
2014.09.05 16:31:18.297,0.7752,0.77547,1.87,1.00
2014.09.05 16:31:18.398,0.77521,0.77547,1.37,1.12
2014.09.05 16:31:18.498,0.7752,0.77547,2.62,1.37
2014.09.05 16:31:18.838,0.7752,0.77543,1.87,1.00
2014.09.05 16:31:19.353,0.7752,0.77543,1.87,1.00
2014.09.05 16:31:22.862,0.77519,0.77543,1.12,1.00
2014.09.05 16:31:24.270,0.77519,0.77546,3.00,1.00
2014.09.05 16:31:24.472,0.77524,0.77548,1.37,1.00
2014.09.05 16:31:26.408,0.77523,0.77548,1.37,1.00
2014.09.05 16:31:26.459,0.77523,0.77546,1.37,1.00
2014.09.05 16:31:27.478,0.77522,0.77546,1.00,1.00
2014.09.05 16:31:29.067,0.77522,0.77547,1.12,1.00
2014.09.05 16:31:30.264,0.77522,0.77547,1.37,1.00
2014.09.05 16:31:31.068,0.77522,0.77547,1.37,1.00
2014.09.05 16:31:31.430,0.77522,0.77549,1.37,1.00
2014.09.05 16:31:31.480,0.77525,0.77549,1.37,1.00
2014.09.05 16:31:31.631,0.77527,0.77551,1.37,1.00
2014.09.05 16:31:31.852,0.77527,0.77551,1.37,1.00
2014.09.05 16:31:32.863,0.77527,0.77552,1.37,1.00
2014.09.05 16:31:33.370,0.77529,0.77553,1.37,1.00
2014.09.05 16:31:37.691,0.77526,0.77553,1.37,1.12
2014.09.05 16:31:38.011,0.77526,0.7755,1.00,1.00
2014.09.05 16:31:38.859,0.77525,0.77548,1.50,1.00
2014.09.05 16:31:38.909,0.77525,0.7755,1.87,1.00
2014.09.05 16:31:39.208,0.77525,0.77548,1.87,1.00
2014.09.05 16:31:40.067,0.77525,0.77549,1.87,1.00
2014.09.05 16:31:40.307,0.77525,0.77551,1.50,1.12
2014.09.05 16:31:40.412,0.77525,0.77551,1.87,1.00
2014.09.05 16:31:40.727,0.7753,0.77551,1.00,1.00
2014.09.05 16:31:41.048,0.77527,0.77552,2.62,1.12
2014.09.05 16:31:44.360,0.77527,0.77551,2.62,1.00
2014.09.05 16:31:47.598,0.77527,0.77551,2.62,1.00
2014.09.05 16:31:49.401,0.77527,0.77551,2.62,1.00
2014.09.05 16:31:49.714,0.77527,0.77549,2.62,1.00
2014.09.05 16:31:51.811,0.77527,0.77549,2.62,1.00
2014.09.05 16:31:52.116,0.77528,0.77549,1.87,1.00
2014.09.05 16:31:52.166,0.7753,0.77551,1.37,1.00
2014.09.05 16:31:52.267,0.7753,0.77552,1.37,1.00
2014.09.05 16:31:52.523,0.7753,0.77552,1.00,1.00
2014.09.05 16:31:54.433,0.7753,0.77552,1.37,1.00
2014.09.05 16:31:54.781,0.77533,0.77556,1.87,1.00
2014.09.05 16:31:56.040,0.77531,0.77557,2.62,1.00
2014.09.05 16:31:56.535,0.77531,0.77555,2.62,1.00
2014.09.05 16:31:56.897,0.77531,0.77553,1.37,1.00
2014.09.05 16:31:57.201,0.77531,0.77556,2.62,1.00
2014.09.05 16:31:57.302,0.77534,0.77556,2.25,1.00
2014.09.05 16:31:57.352,0.77539,0.77558,1.37,1.00
2014.09.05 16:31:57.554,0.77535,0.77559,1.00,1.00
2014.09.05 16:31:57.958,0.77539,0.77559,1.00,1.00
2014.09.05 16:31:58.008,0.77539,0.77561,1.00,1.00
2014.09.05 16:31:58.110,0.77537,0.77562,1.87,1.50
2014.09.05 16:31:59.299,0.77536,0.77562,2.62,1.00
2014.09.05 16:32:00.217,0.77537,0.77561,1.87,1.00
2014.09.05 16:32:00.767,0.77537,0.7756,1.87,1.00
2014.09.05 16:32:01.314,0.77535,0.77559,2.62,1.00
2014.09.05 16:32:05.444,0.77536,0.77561,1.87,1.00
2014.09.05 16:32:06.137,0.77538,0.77562,1.37,1.00
2014.09.05 16:32:06.627,0.77537,0.77562,1.87,1.50
2014.09.05 16:32:06.902,0.77537,0.77562,1.87,1.50
2014.09.05 16:32:07.513,0.77537,0.77562,2.62,1.00
2014.09.05 16:32:07.747,0.77537,0.77561,1.87,1.00
2014.09.05 16:32:08.376,0.77535,0.77561,2.62,1.50
2014.09.05 16:32:09.294,0.77535,0.77559,2.62,1.00
2014.09.05 16:32:10.930,0.77535,0.77559,1.37,1.00
2014.09.05 16:32:11.350,0.77533,0.77559,2.25,1.00
2014.09.05 16:32:12.031,0.77534,0.77559,1.75,1.00
2014.09.05 16:32:12.132,0.77539,0.77561,1.37,1.00
2014.09.05 16:32:12.182,0.77539,0.77563,1.37,1.50
2014.09.05 16:32:12.667,0.77538,0.77562,1.37,1.00
2014.09.05 16:32:13.217,0.77537,0.77562,1.37,1.50
2014.09.05 16:32:13.746,0.77534,0.7756,1.37,1.00
2014.09.05 16:32:14.367,0.77535,0.77561,1.37,1.00
2014.09.05 16:32:15.016,0.77535,0.77562,1.87,1.50
2014.09.05 16:32:15.328,0.77539,0.77561,1.37,1.00
2014.09.05 16:32:16.778,0.77537,0.77561,2.25,1.00
2014.09.05 16:32:16.878,0.77538,0.77561,3.00,1.00
2014.09.05 16:32:16.929,0.77539,0.77565,2.25,1.50
2014.09.05 16:32:17.030,0.77544,0.77565,1.00,1.00
2014.09.05 16:32:17.181,0.77544,0.77567,1.00,1.00
2014.09.05 16:32:17.400,0.77542,0.77566,1.00,1.00
2014.09.05 16:32:17.450,0.77542,0.77564,1.00,1.00
2014.09.05 16:32:17.601,0.77539,0.77564,2.62,1.00
2014.09.05 16:32:17.702,0.77539,0.77561,1.12,1.00
2014.09.05 16:32:17.903,0.77544,0.77568,1.00,1.50
2014.09.05 16:32:17.954,0.77546,0.77568,1.50,1.50
2014.09.05 16:32:18.054,0.77544,0.77568,1.00,1.00
2014.09.05 16:32:18.155,0.77545,0.77571,1.50,1.00
2014.09.05 16:32:18.256,0.77545,0.77569,1.50,1.00
2014.09.05 16:32:18.407,0.77542,0.77568,1.00,1.00
2014.09.05 16:32:19.377,0.77543,0.77568,1.50,1.00
2014.09.05 16:32:19.595,0.77546,0.77568,1.50,1.00
2014.09.05 16:32:19.646,0.77546,0.7757,1.50,1.00
2014.09.05 16:32:19.847,0.77547,0.77573,2.25,1.00
2014.09.05 16:32:20.040,0.77547,0.77573,2.62,1.00
2014.09.05 16:32:20.600,0.77547,0.77573,2.62,1.00
2014.09.05 16:32:21.218,0.77548,0.77573,1.12,1.00
2014.09.05 16:32:21.412,0.77548,0.77573,1.37,1.00
2014.09.05 16:32:21.664,0.7755,0.77576,1.87,1.50
2014.09.05 16:32:22.066,0.77548,0.77573,2.25,1.00
2014.09.05 16:32:22.117,0.77548,0.77571,1.00,1.00
2014.09.05 16:32:22.268,0.77544,0.7757,1.50,1.50
2014.09.05 16:32:22.319,0.77544,0.77568,1.50,1.00
2014.09.05 16:32:22.899,0.77543,0.77568,1.50,1.00
2014.09.05 16:32:23.419,0.77541,0.77565,2.62,1.00
2014.09.05 16:32:23.726,0.77541,0.77567,1.37,1.00
2014.09.05 16:32:24.387,0.77541,0.77566,1.37,1.00
2014.09.05 16:32:25.056,0.77541,0.77567,1.37,1.00
2014.09.05 16:32:25.452,0.77541,0.77566,1.37,1.00
2014.09.05 16:32:26.660,0.77541,0.77566,1.37,1.00
2014.09.05 16:32:27.263,0.77541,0.77566,1.37,1.00
2014.09.05 16:32:29.969,0.77541,0.77566,1.12,1.12
2014.09.05 16:32:30.271,0.7754,0.77563,1.12,1.00
2014.09.05 16:32:30.872,0.7754,0.77561,1.12,1.00
2014.09.05 16:32:31.376,0.77538,0.77561,1.12,1.00
2014.09.05 16:32:31.530,0.77538,0.77559,1.12,1.00
2014.09.05 16:32:31.693,0.77534,0.77559,1.87,1.00
2014.09.05 16:32:32.316,0.77535,0.77559,1.87,1.00
2014.09.05 16:32:40.218,0.77535,0.77559,1.87,1.00
2014.09.05 16:32:40.574,0.77539,0.77563,1.37,1.00
2014.09.05 16:32:41.085,0.77541,0.77565,1.12,1.00
2014.09.05 16:32:41.778,0.77541,0.77565,1.37,1.00
2014.09.05 16:32:44.550,0.77541,0.77565,1.00,1.00
2014.09.05 16:32:44.750,0.77541,0.77565,1.50,1.00
2014.09.05 16:32:45.087,0.77541,0.77565,1.37,1.00
2014.09.05 16:32:45.846,0.77541,0.77565,1.12,1.00
2014.09.05 16:32:47.024,0.77541,0.77562,1.12,1.00
2014.09.05 16:32:48.975,0.7754,0.77562,1.00,1.00
2014.09.05 16:32:49.126,0.7754,0.77564,1.00,1.00
2014.09.05 16:32:49.685,0.7754,0.77564,1.37,1.00
2014.09.05 16:32:49.786,0.77542,0.77567,1.37,1.50
2014.09.05 16:32:50.458,0.77543,0.77567,1.37,1.12
2014.09.05 16:32:54.313,0.77543,0.77567,1.37,1.00
2014.09.05 16:32:58.198,0.77543,0.77567,1.00,1.00
2014.09.05 16:32:59.256,0.77543,0.77567,1.12,1.37
2014.09.05 16:33:01.486,0.77544,0.77566,1.00,1.00
2014.09.05 16:33:06.225,0.77545,0.77566,1.00,1.00
2014.09.05 16:33:06.431,0.77542,0.77566,1.37,1.12
2014.09.05 16:33:07.583,0.77542,0.77566,1.00,1.12
2014.09.05 16:33:11.902,0.77542,0.77566,1.00,1.37
2014.09.05 16:33:12.406,0.77542,0.77566,1.00,1.12
2014.09.05 16:33:12.507,0.77542,0.77566,1.00,1.37
2014.09.05 16:33:12.810,0.77542,0.77566,1.00,1.12
2014.09.05 16:33:13.446,0.77542,0.77566,1.00,1.37
2014.09.05 16:33:14.159,0.77542,0.77566,1.00,1.87
2014.09.05 16:33:15.017,0.77542,0.77563,1.00,1.00
2014.09.05 16:33:15.125,0.77539,0.77563,1.12,1.00
2014.09.05 16:33:17.199,0.77539,0.77561,1.00,1.00
2014.09.05 16:33:17.349,0.77537,0.7756,1.12,1.00
2014.09.05 16:33:20.857,0.77536,0.7756,1.12,1.00
2014.09.05 16:33:21.059,0.77536,0.7756,1.37,1.00
2014.09.05 16:33:25.368,0.77536,0.7756,1.37,1.00
2014.09.05 16:33:35.395,0.77536,0.7756,1.00,1.12
2014.09.05 16:33:39.203,0.77536,0.7756,1.37,1.00
2014.09.05 16:33:39.708,0.77536,0.7756,1.37,1.00
2014.09.05 16:33:40.012,0.77536,0.7756,1.12,1.50
2014.09.05 16:33:41.245,0.77536,0.7756,1.37,1.50
2014.09.05 16:33:42.330,0.77536,0.7756,1.12,1.50
2014.09.05 16:33:45.744,0.77534,0.7756,1.37,1.50
2014.09.05 16:33:46.056,0.77536,0.7756,1.37,1.00
2014.09.05 16:33:50.581,0.77536,0.7756,1.37,1.00
2014.09.05 16:33:51.345,0.77535,0.77559,1.37,1.00
2014.09.05 16:33:51.490,0.77535,0.77559,1.12,1.00
2014.09.05 16:33:51.641,0.77535,0.77557,1.12,1.00
2014.09.05 16:33:52.135,0.77532,0.77556,1.37,1.00
2014.09.05 16:33:53.054,0.77532,0.77556,1.37,1.00
2014.09.05 16:33:56.902,0.77532,0.77557,1.37,1.00
2014.09.05 16:34:03.627,0.77532,0.77557,1.50,1.00
2014.09.05 16:34:03.882,0.77535,0.77559,2.47,1.00
2014.09.05 16:34:03.934,0.77535,0.77559,2.47,1.00
2014.09.05 16:34:03.984,0.77535,0.77561,2.47,1.50
2014.09.05 16:34:08.672,0.77538,0.77563,1.12,1.00
2014.09.05 16:34:10.763,0.77538,0.7756,1.12,1.00
2014.09.05 16:34:15.088,0.77537,0.77559,1.12,1.00
2014.09.05 16:34:21.872,0.77534,0.77559,1.37,1.00
2014.09.05 16:34:29.234,0.77534,0.77559,1.50,1.00
2014.09.05 16:34:30.921,0.77536,0.77559,1.37,1.00
2014.09.05 16:34:31.534,0.77536,0.77559,1.37,1.00
2014.09.05 16:34:32.124,0.77535,0.77559,1.37,1.00
2014.09.05 16:34:33.092,0.77535,0.77561,1.37,1.12
2014.09.05 16:34:33.243,0.77536,0.77561,1.37,1.00
2014.09.05 16:34:33.624,0.77537,0.77561,1.50,1.00
2014.09.05 16:34:33.675,0.77537,0.77563,1.50,1.00
2014.09.05 16:34:33.904,0.77537,0.77563,1.37,1.00
2014.09.05 16:34:34.306,0.77537,0.77563,1.37,1.00
2014.09.05 16:34:34.509,0.77537,0.77563,1.37,1.00
2014.09.05 16:34:34.864,0.77537,0.77561,1.37,1.00
2014.09.05 16:34:35.266,0.77535,0.7756,1.37,1.00
2014.09.05 16:34:35.720,0.77536,0.7756,1.37,1.00
2014.09.05 16:34:35.771,0.77536,0.77562,1.37,1.00
2014.09.05 16:34:37.125,0.77538,0.77562,1.12,1.00
2014.09.05 16:34:37.394,0.77536,0.77558,1.37,1.00
2014.09.05 16:34:37.760,0.77537,0.7756,1.37,1.00
2014.09.05 16:34:39.135,0.77537,0.7756,1.37,1.00
2014.09.05 16:34:40.240,0.77537,0.7756,1.37,1.00
2014.09.05 16:34:44.755,0.77537,0.7756,1.00,1.00
2014.09.05 16:34:55.375,0.77537,0.7756,1.37,1.00
2014.09.05 16:34:55.626,0.77538,0.77561,1.00,1.12
2014.09.05 16:34:55.777,0.77536,0.77561,1.12,1.00
2014.09.05 16:34:55.861,0.77536,0.77559,1.12,1.00
2014.09.05 16:34:56.381,0.77535,0.77558,1.37,1.00
2014.09.05 16:34:56.582,0.77533,0.77558,1.37,1.00
2014.09.05 16:34:59.796,0.77533,0.77558,1.37,1.12
2014.09.05 16:34:59.947,0.77532,0.77555,1.37,1.00
2014.09.05 16:35:01.586,0.77531,0.77557,1.37,1.00
2014.09.05 16:35:03.599,0.77535,0.77557,1.37,1.00
2014.09.05 16:35:04.223,0.77534,0.77556,1.37,1.00
2014.09.05 16:35:06.605,0.77531,0.77556,1.37,1.00
2014.09.05 16:35:10.565,0.77532,0.77556,1.37,1.00
2014.09.05 16:35:11.507,0.77534,0.77557,1.37,1.00
2014.09.05 16:35:12.061,0.77534,0.77558,1.37,1.00
2014.09.05 16:35:16.991,0.77533,0.77556,1.37,1.00
2014.09.05 16:35:23.473,0.77531,0.77554,1.37,1.00
2014.09.05 16:35:25.553,0.77531,0.77554,1.37,1.00
2014.09.05 16:35:28.383,0.7753,0.77554,1.37,1.00
2014.09.05 16:35:36.273,0.7753,0.77554,1.50,1.00
2014.09.05 16:35:40.428,0.77531,0.77556,1.37,1.00
2014.09.05 16:35:40.747,0.77533,0.77558,1.37,1.00
2014.09.05 16:35:40.898,0.77533,0.77556,1.37,1.00
2014.09.05 16:35:44.188,0.77533,0.77556,1.12,1.00
2014.09.05 16:35:44.786,0.77533,0.77555,1.12,1.00
2014.09.05 16:35:46.024,0.77533,0.77555,1.37,1.00
2014.09.05 16:35:47.402,0.77533,0.77555,1.12,1.00
2014.09.05 16:35:52.550,0.77531,0.77553,1.12,1.00
2014.09.05 16:35:53.066,0.77529,0.77553,1.37,1.00
2014.09.05 16:35:53.393,0.77529,0.77551,1.37,1.00
2014.09.05 16:35:54.074,0.77526,0.77551,1.37,1.00
2014.09.05 16:35:59.377,0.77527,0.77551,1.12,1.00
2014.09.05 16:35:59.478,0.77527,0.77547,1.12,1.00
2014.09.05 16:36:00.150,0.77526,0.7755,1.12,1.00
2014.09.05 16:36:00.301,0.77526,0.7755,1.37,1.50
2014.09.05 16:36:03.788,0.77526,0.7755,1.00,1.50
2014.09.05 16:36:03.889,0.77526,0.77548,1.00,1.00
2014.09.05 16:36:08.185,0.77525,0.77548,1.00,1.00
2014.09.05 16:36:08.841,0.77526,0.77549,1.00,1.00
2014.09.05 16:36:09.673,0.77526,0.77551,1.12,1.00
2014.09.05 16:36:09.825,0.77528,0.77551,1.12,1.00
2014.09.05 16:36:13.815,0.77528,0.77551,1.37,1.00
2014.09.05 16:36:13.866,0.77528,0.77553,1.37,1.00
2014.09.05 16:36:15.226,0.77528,0.77553,1.12,1.00
2014.09.05 16:36:15.406,0.77527,0.7755,1.12,1.00
2014.09.05 16:36:17.624,0.77527,0.7755,1.37,1.00
2014.09.05 16:36:18.364,0.77527,0.7755,1.37,1.00
2014.09.05 16:36:18.914,0.77527,0.77549,1.12,1.00
2014.09.05 16:36:20.165,0.77524,0.77548,2.47,1.00
2014.09.05 16:36:21.945,0.77524,0.77548,1.72,1.00
2014.09.05 16:36:22.106,0.77524,0.77546,1.72,1.00
2014.09.05 16:36:26.049,0.77524,0.77546,1.12,1.00
2014.09.05 16:36:26.627,0.77522,0.77545,1.37,1.00
2014.09.05 16:36:28.372,0.77522,0.77545,1.37,1.00
2014.09.05 16:36:33.866,0.77522,0.77545,1.37,1.00
2014.09.05 16:36:38.776,0.7752,0.77545,1.37,1.00
2014.09.05 16:36:42.305,0.77519,0.77545,1.87,1.00
2014.09.05 16:36:43.385,0.7752,0.77545,1.37,1.00
2014.09.05 16:36:44.872,0.77519,0.77544,1.87,1.00
2014.09.05 16:36:46.803,0.77519,0.77543,1.87,1.00
2014.09.05 16:36:47.621,0.77519,0.77544,1.87,1.00
2014.09.05 16:36:48.392,0.77519,0.77541,1.87,1.00
2014.09.05 16:36:48.443,0.77519,0.77541,1.00,1.00
2014.09.05 16:36:48.544,0.77519,0.77543,1.37,1.50
2014.09.05 16:36:49.393,0.77519,0.77541,1.37,1.00
2014.09.05 16:36:49.544,0.77519,0.77541,1.37,1.00
2014.09.05 16:36:49.833,0.77519,0.77543,1.37,1.00
2014.09.05 16:36:50.384,0.77519,0.77542,1.37,1.00
2014.09.05 16:36:50.910,0.77519,0.77543,1.87,1.00
2014.09.05 16:36:51.904,0.77519,0.77543,1.37,1.00
2014.09.05 16:36:52.461,0.77519,0.77544,1.37,1.00
2014.09.05 16:36:53.306,0.77519,0.77544,1.50,1.00
2014.09.05 16:36:54.109,0.77519,0.77544,1.87,1.00
2014.09.05 16:36:54.504,0.77519,0.77544,2.25,1.00
2014.09.05 16:36:56.641,0.77519,0.77546,2.25,1.00
2014.09.05 16:36:57.257,0.77519,0.77546,2.25,1.00
2014.09.05 16:36:57.307,0.77519,0.77544,2.25,1.00
2014.09.05 16:36:57.973,0.77519,0.77542,1.50,1.00
2014.09.05 16:36:58.623,0.77519,0.77542,1.37,1.00
2014.09.05 16:36:59.035,0.77519,0.77542,1.50,1.00
2014.09.05 16:36:59.475,0.77519,0.77541,1.37,1.00
2014.09.05 16:37:00.063,0.7752,0.77542,1.37,1.00
2014.09.05 16:37:00.228,0.7752,0.77542,1.12,1.00
2014.09.05 16:37:00.830,0.7752,0.77542,1.37,1.00
2014.09.05 16:37:01.383,0.77519,0.77542,1.37,1.00
2014.09.05 16:37:05.745,0.7752,0.77542,1.37,1.00
2014.09.05 16:37:07.353,0.7752,0.77542,1.37,1.00
2014.09.05 16:37:08.523,0.7752,0.77544,1.37,1.00
2014.09.05 16:37:10.862,0.77519,0.77544,1.87,1.00
2014.09.05 16:37:13.618,0.77519,0.77544,1.87,1.00
2014.09.05 16:37:18.103,0.77519,0.77541,1.87,1.00
2014.09.05 16:37:18.204,0.77519,0.77541,1.00,1.00
2014.09.05 16:37:18.890,0.7752,0.77541,1.00,1.00
2014.09.05 16:37:18.940,0.7752,0.77541,1.37,1.00
2014.09.05 16:37:19.041,0.7752,0.77541,1.37,1.00
2014.09.05 16:37:19.972,0.7752,0.77541,1.37,1.00
2014.09.05 16:37:26.229,0.7752,0.77541,1.37,1.00
2014.09.05 16:37:26.772,0.7752,0.77541,1.37,1.00
2014.09.05 16:37:28.339,0.7752,0.77541,1.37,1.00
2014.09.05 16:37:28.944,0.77519,0.77541,1.37,1.00
2014.09.05 16:37:29.483,0.77516,0.77541,1.37,1.00
2014.09.05 16:37:30.075,0.77519,0.7754,1.12,1.00
2014.09.05 16:37:30.865,0.77519,0.7754,1.37,1.00
2014.09.05 16:37:32.870,0.77519,0.7754,1.12,1.00
2014.09.05 16:37:33.394,0.77515,0.7754,1.37,1.00
2014.09.05 16:37:33.573,0.77515,0.7754,1.37,1.00
2014.09.05 16:37:38.551,0.77514,0.77538,1.87,1.00
2014.09.05 16:37:46.311,0.77514,0.77538,1.00,1.00
2014.09.05 16:37:46.412,0.77514,0.77536,1.00,1.00
2014.09.05 16:37:46.745,0.77515,0.77536,1.37,1.00
2014.09.05 16:37:47.021,0.77515,0.77538,1.37,1.00
2014.09.05 16:37:51.535,0.77515,0.77538,1.12,1.00
2014.09.05 16:37:53.414,0.77514,0.77538,1.12,1.00
2014.09.05 16:37:54.351,0.77514,0.77538,1.37,1.50
2014.09.05 16:37:55.550,0.77514,0.77538,1.12,1.50
2014.09.05 16:37:57.755,0.77514,0.77538,1.37,1.50
2014.09.05 16:38:00.012,0.77514,0.77538,1.87,1.00
2014.09.05 16:38:01.451,0.77514,0.77538,1.87,1.00
2014.09.05 16:38:02.269,0.77514,0.77538,1.87,1.00
2014.09.05 16:38:03.328,0.77514,0.77537,1.37,1.00
2014.09.05 16:38:15.325,0.77514,0.77537,1.37,1.00
2014.09.05 16:38:16.832,0.77511,0.77537,1.50,1.00
2014.09.05 16:38:18.539,0.77511,0.77537,1.75,1.00
2014.09.05 16:38:19.481,0.77511,0.77537,1.50,1.00
2014.09.05 16:38:20.407,0.77512,0.77537,1.37,1.00
2014.09.05 16:38:24.640,0.77512,0.77536,1.37,1.00
2014.09.05 16:38:25.082,0.7751,0.77534,1.75,1.00
2014.09.05 16:38:25.280,0.7751,0.77534,1.37,1.00
2014.09.05 16:38:25.841,0.7751,0.77534,1.50,1.00
2014.09.05 16:38:25.961,0.7751,0.77536,1.50,1.00
2014.09.05 16:38:29.336,0.77512,0.77536,1.37,1.00
2014.09.05 16:38:30.012,0.77512,0.77536,1.37,1.00
2014.09.05 16:38:35.971,0.77512,0.77537,1.37,1.00
2014.09.05 16:38:42.040,0.77511,0.77537,1.50,1.50
2014.09.05 16:38:42.586,0.77512,0.77537,1.37,1.00
2014.09.05 16:38:42.743,0.77512,0.77537,1.37,1.00
2014.09.05 16:38:44.850,0.77512,0.77537,1.37,1.00
2014.09.05 16:38:44.900,0.77514,0.77539,1.37,1.50
2014.09.05 16:38:47.255,0.77514,0.77539,1.00,1.50
2014.09.05 16:38:47.802,0.77514,0.77538,1.00,1.00
2014.09.05 16:38:48.681,0.77514,0.77539,1.37,1.00
2014.09.05 16:38:56.321,0.77514,0.77537,1.00,1.00
2014.09.05 16:38:56.661,0.77514,0.77537,1.37,1.00
2014.09.05 16:39:01.709,0.77514,0.77539,1.37,1.00
2014.09.05 16:39:02.901,0.77514,0.77539,1.37,1.00
2014.09.05 16:39:03.420,0.77513,0.77539,1.37,1.00
2014.09.05 16:39:04.012,0.77513,0.77538,1.37,1.00
2014.09.05 16:39:04.614,0.77513,0.77538,1.37,1.00
2014.09.05 16:39:05.318,0.77513,0.77538,1.37,1.00
2014.09.05 16:39:06.390,0.77513,0.77537,1.37,1.00
2014.09.05 16:39:12.442,0.77513,0.77537,1.75,1.00
2014.09.05 16:39:12.543,0.77514,0.77539,1.75,1.00
2014.09.05 16:39:12.644,0.77515,0.77541,2.10,1.50
2014.09.05 16:39:12.745,0.77519,0.77543,1.37,1.00
2014.09.05 16:39:14.250,0.7752,0.77541,1.00,1.00
2014.09.05 16:39:14.820,0.77515,0.77541,1.97,1.00
2014.09.05 16:39:15.328,0.77518,0.77541,1.30,1.00
2014.09.05 16:39:19.199,0.77518,0.77539,1.30,1.00
2014.09.05 16:39:26.399,0.77516,0.77539,1.97,1.00
2014.09.05 16:39:30.111,0.77516,0.77539,1.97,1.00
2014.09.05 16:39:32.014,0.77516,0.77539,1.97,1.00
2014.09.05 16:39:33.317,0.77518,0.77539,1.30,1.00
2014.09.05 16:39:35.071,0.77518,0.7754,1.30,1.00
2014.09.05 16:39:40.841,0.77517,0.7754,1.97,1.00
2014.09.05 16:39:41.681,0.77518,0.7754,1.72,1.00
2014.09.05 16:39:41.732,0.77518,0.77543,1.72,1.00
2014.09.05 16:39:41.833,0.77519,0.77545,1.87,1.00
2014.09.05 16:39:42.611,0.77521,0.77545,1.37,1.00
2014.09.05 16:39:43.170,0.77521,0.77545,1.37,1.00
2014.09.05 16:39:45.111,0.77527,0.77545,2.47,1.00
2014.09.05 16:39:45.161,0.77527,0.77548,2.47,1.00
2014.09.05 16:39:45.212,0.77527,0.77548,2.47,1.00
2014.09.05 16:39:45.312,0.77527,0.7755,2.47,1.00
2014.09.05 16:39:45.413,0.77532,0.77551,2.10,1.00
2014.09.05 16:39:45.464,0.77532,0.77553,2.10,1.00
2014.09.05 16:39:45.779,0.77533,0.77555,1.60,1.00
2014.09.05 16:39:48.039,0.77535,0.77555,1.00,1.00
2014.09.05 16:39:53.210,0.77532,0.77555,3.22,1.00
2014.09.05 16:39:58.819,0.77535,0.77555,1.00,1.00
2014.09.05 16:40:12.721,0.77533,0.77555,1.72,1.00
2014.09.05 16:40:15.480,0.77533,0.77555,1.72,1.00
2014.09.05 16:40:16.601,0.77532,0.77554,1.60,1.00
2014.09.05 16:40:27.024,0.7753,0.77554,1.12,1.00
2014.09.05 16:40:28.132,0.7753,0.77554,1.37,1.00
2014.09.05 16:40:28.680,0.77529,0.77553,1.35,1.00
2014.09.05 16:40:28.781,0.77529,0.77553,1.72,1.00
2014.09.05 16:40:30.125,0.77527,0.77553,1.97,1.00
2014.09.05 16:40:33.157,0.77527,0.77553,1.97,1.00
2014.09.05 16:40:34.965,0.77527,0.77553,1.97,1.00
2014.09.05 16:40:38.361,0.77527,0.77551,1.97,1.00
2014.09.05 16:40:40.372,0.77529,0.77551,1.30,1.00
2014.09.05 16:40:45.093,0.77527,0.77551,1.97,1.00
2014.09.05 16:40:53.142,0.77529,0.77552,1.30,1.00
2014.09.05 16:40:53.244,0.77529,0.77554,1.30,1.50
2014.09.05 16:40:53.562,0.77528,0.77551,1.97,1.00
2014.09.05 16:40:54.585,0.77528,0.77551,1.97,1.00
2014.09.05 16:40:56.529,0.77529,0.77551,1.30,1.00
2014.09.05 16:40:57.036,0.77529,0.77552,1.72,1.00
2014.09.05 16:40:57.087,0.77529,0.77555,1.72,1.50
2014.09.05 16:40:57.642,0.77533,0.77555,1.12,1.00
2014.09.05 16:40:57.950,0.77533,0.77555,1.37,1.00
2014.09.05 16:40:58.654,0.77534,0.77555,1.00,1.00
2014.09.05 16:40:59.230,0.77533,0.77555,1.00,1.00
2014.09.05 16:41:00.163,0.77533,0.77555,1.00,1.37
2014.09.05 16:41:02.671,0.77533,0.77555,1.00,1.12
2014.09.05 16:41:07.920,0.77531,0.77555,1.35,1.87
2014.09.05 16:41:08.121,0.77528,0.77551,1.12,1.00
2014.09.05 16:41:08.659,0.77529,0.77552,1.00,1.00
2014.09.05 16:41:09.402,0.77529,0.77552,1.37,1.00
2014.09.05 16:41:11.108,0.77529,0.77552,1.37,1.00
2014.09.05 16:41:13.917,0.77529,0.77552,1.12,1.00
2014.09.05 16:41:14.654,0.7753,0.77552,1.00,1.00
2014.09.05 16:41:17.280,0.77531,0.77552,1.00,1.00
2014.09.05 16:41:17.440,0.77531,0.77555,1.00,1.00
2014.09.05 16:41:17.591,0.77533,0.77555,1.00,1.00
2014.09.05 16:41:21.760,0.77531,0.77555,1.12,1.00
2014.09.05 16:41:22.659,0.77533,0.77555,1.00,1.00
2014.09.05 16:41:23.209,0.77532,0.77555,1.12,1.00
2014.09.05 16:41:24.979,0.77532,0.77555,1.37,1.00
2014.09.05 16:41:25.869,0.77534,0.77555,1.00,1.00
2014.09.05 16:41:31.251,0.77531,0.77555,1.00,1.00
2014.09.05 16:41:34.568,0.77532,0.77555,1.00,1.00
2014.09.05 16:41:36.279,0.77533,0.77555,1.00,1.00
2014.09.05 16:41:37.270,0.77533,0.77555,1.00,1.37
2014.09.05 16:41:48.281,0.77533,0.77555,1.00,1.00
2014.09.05 16:41:55.413,0.77533,0.77555,1.00,1.37
2014.09.05 16:41:55.560,0.77535,0.77555,1.00,1.00
2014.09.05 16:41:56.069,0.77533,0.77555,1.00,1.00
2014.09.05 16:41:56.729,0.77532,0.77555,1.00,1.00
2014.09.05 16:42:01.468,0.77533,0.77555,1.00,1.00
2014.09.05 16:42:09.710,0.77533,0.77555,1.37,1.00
2014.09.05 16:42:13.716,0.77533,0.77555,1.37,1.00
2014.09.05 16:42:17.918,0.77533,0.7756,1.37,1.12
2014.09.05 16:42:18.425,0.77533,0.7756,1.00,1.37
2014.09.05 16:42:21.835,0.77533,0.7756,1.00,1.37
2014.09.05 16:42:22.537,0.77533,0.7756,1.00,1.37
2014.09.05 16:42:24.044,0.77533,0.7756,1.00,1.37
2014.09.05 16:42:24.390,0.77534,0.77561,1.50,1.75
2014.09.05 16:42:24.491,0.77534,0.77558,1.50,1.37
2014.09.05 16:42:27.253,0.77534,0.77557,1.00,1.37
2014.09.05 16:42:38.491,0.77534,0.77557,1.50,1.50
2014.09.05 16:42:45.618,0.77531,0.77557,1.72,1.37
2014.09.05 16:42:46.127,0.77531,0.77556,1.35,1.37
2014.09.05 16:42:47.613,0.77531,0.77556,1.35,1.12
2014.09.05 16:42:48.098,0.77534,0.77556,1.00,1.00
2014.09.05 16:42:48.477,0.77534,0.77557,1.00,1.50
2014.09.05 16:42:59.867,0.77535,0.77557,1.00,1.50
2014.09.05 16:43:01.846,0.77534,0.77557,1.00,1.50
2014.09.05 16:43:02.059,0.77534,0.77557,1.00,1.37
2014.09.05 16:43:02.110,0.77531,0.77557,1.00,1.37
2014.09.05 16:43:03.009,0.77532,0.77556,1.00,1.37
2014.09.05 16:43:05.167,0.77532,0.77556,1.00,1.12
2014.09.05 16:43:06.027,0.77534,0.77556,1.00,1.12
2014.09.05 16:43:06.353,0.77534,0.77556,1.00,1.50
2014.09.05 16:43:09.547,0.77533,0.77556,1.00,1.50
2014.09.05 16:43:09.598,0.77533,0.77556,1.00,1.37
2014.09.05 16:43:10.588,0.77532,0.77555,1.00,1.00
2014.09.05 16:43:10.868,0.77534,0.77555,1.00,1.00
2014.09.05 16:43:11.139,0.77531,0.77555,1.12,1.00
2014.09.05 16:43:11.792,0.7753,0.77555,1.72,1.00
2014.09.05 16:43:14.434,0.77534,0.77555,1.00,1.37
2014.09.05 16:43:20.877,0.77532,0.77555,1.00,1.37
2014.09.05 16:43:20.928,0.77531,0.77555,1.00,1.00
2014.09.05 16:43:27.641,0.77532,0.77555,1.00,1.00
2014.09.05 16:43:37.145,0.77532,0.77555,1.00,1.37
2014.09.05 16:43:41.778,0.77534,0.77555,1.00,1.37
2014.09.05 16:44:01.128,0.77534,0.77555,1.00,1.12
2014.09.05 16:44:01.857,0.77532,0.77555,1.00,1.00
2014.09.05 16:44:02.008,0.77532,0.77552,1.00,1.00
2014.09.05 16:44:02.310,0.7753,0.7755,1.50,1.00
2014.09.05 16:44:02.906,0.77529,0.7755,1.12,1.00
2014.09.05 16:44:04.297,0.7753,0.7755,1.00,1.00
2014.09.05 16:44:08.931,0.7753,0.77553,1.37,1.00
2014.09.05 16:44:09.032,0.77531,0.77556,1.30,1.00
2014.09.05 16:44:09.175,0.77534,0.77556,1.00,1.00
2014.09.05 16:44:10.403,0.77534,0.77558,1.00,1.37
2014.09.05 16:44:12.890,0.77534,0.77558,1.00,1.00
2014.09.05 16:44:15.397,0.77534,0.77558,1.00,1.37
2014.09.05 16:44:15.717,0.77534,0.77558,1.00,1.50
2014.09.05 16:44:16.523,0.77534,0.77558,1.00,1.37
2014.09.05 16:44:17.403,0.77534,0.77558,1.00,1.37
2014.09.05 16:44:18.125,0.77534,0.77558,1.00,1.37
2014.09.05 16:44:23.312,0.77534,0.77558,1.00,1.37
2014.09.05 16:44:23.413,0.77534,0.77558,1.50,1.12
2014.09.05 16:44:24.175,0.77534,0.77558,1.00,1.37
2014.09.05 16:44:25.228,0.77535,0.77558,1.00,1.37
2014.09.05 16:44:25.816,0.77535,0.77558,1.00,1.12
2014.09.05 16:44:25.868,0.77535,0.77558,1.00,1.37
2014.09.05 16:44:25.918,0.77534,0.77558,1.00,1.12
2014.09.05 16:44:26.926,0.77534,0.77558,1.00,1.37
2014.09.05 16:44:27.656,0.77534,0.77558,1.00,1.12
2014.09.05 16:44:31.827,0.77534,0.77558,1.00,1.37
2014.09.05 16:44:31.927,0.77534,0.77558,1.00,1.37
2014.09.05 16:44:33.664,0.77534,0.77555,1.00,1.37
2014.09.05 16:44:33.865,0.77533,0.77555,1.00,1.37
2014.09.05 16:44:34.145,0.77531,0.77555,2.25,1.37
2014.09.05 16:44:34.633,0.77533,0.77555,1.00,1.37
2014.09.05 16:44:36.836,0.77533,0.77557,1.00,1.37
2014.09.05 16:44:37.036,0.77533,0.77557,1.00,1.37
2014.09.05 16:44:38.245,0.77535,0.77557,1.00,1.37
2014.09.05 16:44:38.346,0.77533,0.77557,1.00,1.37
2014.09.05 16:44:39.642,0.77534,0.77557,1.50,1.12
2014.09.05 16:44:51.635,0.77535,0.77557,1.00,1.00
2014.09.05 16:45:13.907,0.77535,0.77557,1.00,1.37
2014.09.05 16:45:14.309,0.77533,0.77559,2.85,1.00
2014.09.05 16:45:14.499,0.77533,0.77556,1.35,1.00
2014.09.05 16:45:17.082,0.77534,0.77556,1.00,1.00
2014.09.05 16:45:32.056,0.77534,0.77558,1.00,1.12
2014.09.05 16:45:32.232,0.77534,0.77558,1.37,1.00
2014.09.05 16:45:35.937,0.77534,0.77558,1.37,1.00
2014.09.05 16:45:38.647,0.77533,0.77558,1.37,1.00
2014.09.05 16:45:39.043,0.77532,0.77558,2.10,1.00
2014.09.05 16:45:41.045,0.77532,0.77558,1.72,1.00
2014.09.05 16:45:41.145,0.77532,0.77558,1.72,1.00
2014.09.05 16:45:41.737,0.77532,0.77554,1.72,1.00
2014.09.05 16:45:41.996,0.77532,0.77554,1.72,1.00
2014.09.05 16:45:52.061,0.7753,0.77554,1.97,1.00
2014.09.05 16:45:52.311,0.7753,0.77557,1.97,1.50
2014.09.05 16:45:52.668,0.77532,0.77554,1.97,1.00
2014.09.05 16:45:52.969,0.77533,0.77553,1.30,1.00
2014.09.05 16:45:53.070,0.77533,0.77555,1.30,1.00
2014.09.05 16:46:11.892,0.77531,0.77555,1.97,1.00
2014.09.05 16:46:15.397,0.77533,0.77555,1.30,1.00
2014.09.05 16:46:16.532,0.77533,0.77553,1.30,1.00
2014.09.05 16:46:17.377,0.77533,0.77554,1.30,1.00
2014.09.05 16:46:33.987,0.77531,0.77551,1.97,1.00
2014.09.05 16:46:39.868,0.77531,0.77551,1.97,1.00
2014.09.05 16:46:43.680,0.77532,0.77551,1.30,1.00
2014.09.05 16:46:47.216,0.77531,0.77549,1.60,1.00
2014.09.05 16:46:47.397,0.77529,0.77549,1.00,1.00
2014.09.05 16:46:47.665,0.77526,0.77546,1.37,1.00
2014.09.05 16:46:48.096,0.77527,0.77548,1.37,1.00
2014.09.05 16:46:48.197,0.77527,0.77548,1.37,1.00
2014.09.05 16:46:49.276,0.77529,0.77546,1.37,1.00
2014.09.05 16:46:50.266,0.77529,0.77547,1.37,1.00
2014.09.05 16:46:51.601,0.77528,0.77547,1.37,1.00
2014.09.05 16:46:51.916,0.77526,0.77547,1.37,1.00
2014.09.05 16:46:52.945,0.77526,0.77546,1.37,1.00
2014.09.05 16:46:53.786,0.77526,0.77548,1.37,1.00
2014.09.05 16:46:56.126,0.77526,0.77548,1.37,1.00
2014.09.05 16:46:57.112,0.77527,0.77546,1.30,1.00
2014.09.05 16:46:57.416,0.77526,0.77546,1.97,1.00
2014.09.05 16:46:57.554,0.77526,0.77548,1.97,1.00
2014.09.05 16:47:02.696,0.77527,0.77552,1.72,1.00
2014.09.05 16:47:08.547,0.77527,0.77552,1.72,1.00
2014.09.05 16:47:09.719,0.77527,0.77552,1.72,1.00
2014.09.05 16:47:10.332,0.77527,0.77552,1.72,1.00
2014.09.05 16:47:10.433,0.77527,0.77552,1.72,1.00
2014.09.05 16:47:10.633,0.77527,0.7755,1.72,1.00
2014.09.05 16:47:11.936,0.77525,0.77548,2.47,1.00
2014.09.05 16:47:26.623,0.77525,0.77548,1.30,1.00
2014.09.05 16:47:27.664,0.77524,0.77548,2.47,1.00
2014.09.05 16:47:28.967,0.77525,0.77548,1.72,1.00
2014.09.05 16:47:35.777,0.77525,0.77548,1.72,1.00
2014.09.05 16:47:38.094,0.77525,0.77548,2.10,1.00
2014.09.05 16:47:38.245,0.77527,0.77551,1.37,1.00
2014.09.05 16:47:38.386,0.77527,0.77552,1.50,1.50
2014.09.05 16:47:38.487,0.77529,0.77554,1.37,1.00
2014.09.05 16:47:38.638,0.77534,0.77554,1.00,1.00
2014.09.05 16:47:38.689,0.77534,0.77556,1.12,1.00
2014.09.05 16:47:39.802,0.77534,0.77557,1.00,1.00
2014.09.05 16:47:40.585,0.77534,0.77557,1.37,1.00
2014.09.05 16:47:43.393,0.77534,0.77557,1.12,1.00
2014.09.05 16:47:59.621,0.77534,0.77557,1.37,1.00
2014.09.05 16:48:03.654,0.77534,0.77557,1.12,1.00
2014.09.05 16:48:04.283,0.77532,0.77556,1.72,1.00
2014.09.05 16:48:05.438,0.77531,0.77556,1.97,1.00
2014.09.05 16:48:05.505,0.77531,0.77554,1.97,1.00
2014.09.05 16:48:33.606,0.77531,0.77554,1.72,1.00
2014.09.05 16:48:40.624,0.77531,0.77554,1.72,1.00
2014.09.05 16:48:49.142,0.77531,0.77554,1.72,1.00
2014.09.05 16:48:50.746,0.77531,0.77554,1.72,1.00
2014.09.05 16:48:54.257,0.77531,0.77554,1.72,1.00
2014.09.05 16:48:55.262,0.7753,0.77554,1.37,1.00
2014.09.05 16:48:56.932,0.77535,0.77554,1.00,1.00
2014.09.05 16:49:07.764,0.77535,0.77555,1.00,1.00
2014.09.05 16:49:10.474,0.77531,0.77555,1.37,1.00
2014.09.05 16:49:13.818,0.77531,0.77556,1.37,1.00
2014.09.05 16:49:14.220,0.7753,0.77553,1.12,1.00
2014.09.05 16:49:14.841,0.77529,0.77552,1.37,1.00
2014.09.05 16:49:15.191,0.77528,0.77552,1.00,1.00
2014.09.05 16:49:21.301,0.77528,0.77553,1.12,1.50
2014.09.05 16:49:21.402,0.77528,0.77553,1.37,1.00
2014.09.05 16:49:21.933,0.77529,0.77552,1.12,1.00
2014.09.05 16:49:23.759,0.77529,0.77552,1.37,1.00
2014.09.05 16:49:23.960,0.77529,0.77554,1.37,1.00
2014.09.05 16:49:24.512,0.7753,0.77555,1.37,1.00
2014.09.05 16:49:24.664,0.77531,0.77555,1.37,1.00
2014.09.05 16:49:24.764,0.77531,0.77555,1.37,1.00
2014.09.05 16:49:24.984,0.77529,0.77555,1.72,1.00
2014.09.05 16:49:25.167,0.77529,0.77554,1.72,1.00
2014.09.05 16:49:25.318,0.77528,0.77553,1.97,1.00
2014.09.05 16:49:25.369,0.77528,0.77551,1.97,1.00
2014.09.05 16:49:25.520,0.77526,0.77553,1.60,1.00
2014.09.05 16:49:25.621,0.77526,0.77551,1.60,1.00
2014.09.05 16:49:28.989,0.77527,0.77551,1.97,1.00
2014.09.05 16:49:29.140,0.77529,0.77554,1.72,1.50
2014.09.05 16:49:29.424,0.77529,0.77554,1.72,1.00
2014.09.05 16:49:29.497,0.77529,0.77554,1.72,1.00
2014.09.05 16:49:31.142,0.77529,0.77554,2.47,1.00
2014.09.05 16:49:34.312,0.77529,0.77554,2.47,1.00
2014.09.05 16:49:36.115,0.77529,0.77554,2.47,1.00
2014.09.05 16:49:40.124,0.77529,0.77554,2.85,1.00
2014.09.05 16:49:42.131,0.77529,0.77554,2.47,1.00
2014.09.05 16:49:45.639,0.77529,0.77554,2.85,1.00
2014.09.05 16:49:45.790,0.7753,0.77554,1.37,1.00
2014.09.05 16:49:46.730,0.77531,0.77556,1.37,1.50
2014.09.05 16:49:51.601,0.7753,0.77556,1.37,1.00
2014.09.05 16:49:51.764,0.7753,0.77552,1.37,1.00
2014.09.05 16:49:52.554,0.77529,0.77552,2.47,1.00
2014.09.05 16:49:53.070,0.77529,0.77553,2.47,1.00
2014.09.05 16:49:54.158,0.7753,0.77553,1.37,1.00
2014.09.05 16:49:54.790,0.7753,0.77553,1.37,1.00
2014.09.05 16:49:56.200,0.7753,0.77553,1.37,1.00
2014.09.05 16:49:57.760,0.7753,0.77553,1.37,1.00
2014.09.05 16:49:58.268,0.7753,0.77553,1.37,1.00
2014.09.05 16:50:00.172,0.7753,0.77553,1.37,1.00
2014.09.05 16:50:01.485,0.7753,0.77553,1.37,1.00
2014.09.05 16:50:02.283,0.7753,0.77553,1.37,1.00
2014.09.05 16:50:04.386,0.7753,0.77553,1.37,1.00
2014.09.05 16:50:06.289,0.7753,0.77553,1.37,1.00
2014.09.05 16:50:06.389,0.7753,0.77553,1.37,1.00
2014.09.05 16:50:07.591,0.7753,0.77553,1.37,1.00
2014.09.05 16:50:08.593,0.77531,0.77553,1.12,1.00
2014.09.05 16:50:10.901,0.7753,0.77553,1.37,1.00
2014.09.05 16:50:12.804,0.7753,0.77553,1.12,1.00
2014.09.05 16:50:13.344,0.7753,0.77553,1.37,1.00
2014.09.05 16:50:13.913,0.7753,0.77553,1.37,1.00
2014.09.05 16:50:14.316,0.77532,0.77556,1.37,1.00
2014.09.05 16:50:20.818,0.77533,0.77556,1.12,1.00
2014.09.05 16:50:24.023,0.77533,0.77556,1.37,1.00
2014.09.05 16:50:24.224,0.77533,0.77556,1.37,1.00
2014.09.05 16:50:24.526,0.77538,0.77557,1.12,1.00
2014.09.05 16:50:24.577,0.77538,0.77562,1.12,1.00
2014.09.05 16:50:24.628,0.77538,0.77562,1.37,1.00
2014.09.05 16:50:24.729,0.77538,0.77562,1.12,1.00
2014.09.05 16:50:24.987,0.77539,0.77564,1.00,1.00
2014.09.05 16:50:25.087,0.77541,0.77564,1.00,1.00
2014.09.05 16:50:25.427,0.77542,0.77567,1.00,1.00
2014.09.05 16:50:25.594,0.77544,0.77567,1.00,1.00
2014.09.05 16:50:26.088,0.77545,0.77564,1.00,1.00
2014.09.05 16:50:26.623,0.77545,0.77565,1.00,1.00
2014.09.05 16:50:26.724,0.77543,0.77564,1.00,1.00
2014.09.05 16:50:27.344,0.77544,0.77563,1.00,1.00
2014.09.05 16:50:27.893,0.77543,0.7756,1.00,1.00
2014.09.05 16:50:32.732,0.77543,0.77559,1.00,1.00
2014.09.05 16:50:34.755,0.77541,0.77559,1.35,1.00
2014.09.05 16:50:34.956,0.77539,0.77558,1.12,1.00
2014.09.05 16:50:37.403,0.7754,0.77558,1.00,1.00
2014.09.05 16:50:43.004,0.77538,0.77558,1.72,1.00
2014.09.05 16:50:45.131,0.77538,0.77556,1.35,1.00
2014.09.05 16:50:52.046,0.77536,0.77554,2.10,1.00
2014.09.05 16:50:52.925,0.77536,0.77556,2.10,1.00
2014.09.05 16:50:57.862,0.77538,0.77556,1.97,1.00
2014.09.05 16:50:58.930,0.77539,0.77556,1.30,1.00
2014.09.05 16:51:11.418,0.77537,0.77555,1.60,1.00
2014.09.05 16:51:11.569,0.77537,0.77555,1.35,1.00
2014.09.05 16:51:12.272,0.77538,0.77555,1.00,1.00
2014.09.05 16:51:22.104,0.77538,0.77558,1.12,1.00
2014.09.05 16:51:22.205,0.77537,0.77555,1.72,1.00
2014.09.05 16:51:22.356,0.77535,0.77554,1.72,1.00
2014.09.05 16:51:23.415,0.77535,0.77554,1.72,1.00
2014.09.05 16:51:33.246,0.77537,0.77554,1.00,1.00
2014.09.05 16:51:33.407,0.77537,0.77556,1.00,1.00
2014.09.05 16:51:33.809,0.77539,0.77556,1.00,1.00
2014.09.05 16:51:33.860,0.77539,0.77558,1.00,1.00
2014.09.05 16:51:35.433,0.7754,0.77559,1.00,1.00
2014.09.05 16:51:35.763,0.7754,0.77559,1.37,1.00
2014.09.05 16:51:42.464,0.7754,0.7756,1.37,1.00
2014.09.05 16:51:53.686,0.77541,0.77562,1.37,1.00
2014.09.05 16:52:04.456,0.77541,0.77562,1.37,1.00
2014.09.05 16:52:04.557,0.77541,0.77562,1.37,1.00
2014.09.05 16:52:05.460,0.77541,0.77562,1.97,1.00
2014.09.05 16:52:08.921,0.77541,0.77562,1.97,1.00
2014.09.05 16:52:11.484,0.77541,0.77562,1.97,1.00
2014.09.05 16:52:11.574,0.77541,0.7756,1.97,1.00
2014.09.05 16:52:27.732,0.77542,0.7756,1.35,1.00
2014.09.05 16:52:28.051,0.77538,0.77558,2.47,1.00
2014.09.05 16:52:28.851,0.7754,0.7756,1.97,1.00
2014.09.05 16:52:29.363,0.77538,0.7756,2.85,1.00
2014.09.05 16:52:29.875,0.77541,0.77561,1.00,1.00
2014.09.05 16:52:29.976,0.77542,0.77563,1.00,1.00
2014.09.05 16:52:30.403,0.77543,0.77561,1.00,1.00
2014.09.05 16:52:30.982,0.77542,0.77561,1.00,1.00
2014.09.05 16:52:31.560,0.77543,0.77561,1.00,1.00
2014.09.05 16:52:31.650,0.77541,0.77561,1.00,1.00
2014.09.05 16:52:41.440,0.7754,0.77561,1.12,1.00
2014.09.05 16:52:42.596,0.77538,0.77558,1.37,1.00
2014.09.05 16:52:44.047,0.77537,0.77558,1.72,1.00
2014.09.05 16:52:44.249,0.7754,0.77561,1.37,1.00
2014.09.05 16:52:45.769,0.7754,0.77561,1.87,1.00
2014.09.05 16:52:56.476,0.7754,0.77559,1.00,1.00
2014.09.05 16:52:56.814,0.7754,0.77557,1.00,1.00
2014.09.05 16:52:56.965,0.77538,0.77557,1.00,1.00
2014.09.05 16:53:00.092,0.77538,0.77557,1.37,1.00
2014.09.05 16:53:00.243,0.77539,0.77557,1.37,1.00
2014.09.05 16:53:00.344,0.77539,0.77559,1.37,1.00
2014.09.05 16:53:01.590,0.77538,0.77559,1.37,1.00
2014.09.05 16:53:06.108,0.77538,0.77559,1.37,1.00
2014.09.05 16:53:10.327,0.77538,0.77559,1.37,1.00
2014.09.05 16:53:12.513,0.77537,0.77556,1.72,1.00
2014.09.05 16:53:13.750,0.77537,0.77556,1.72,1.00
2014.09.05 16:53:14.052,0.77539,0.77557,1.50,1.00
2014.09.05 16:53:14.651,0.7754,0.77557,1.00,1.00
2014.09.05 16:53:14.701,0.77542,0.77557,1.00,1.00
2014.09.05 16:53:14.954,0.7754,0.77559,1.37,1.00
2014.09.05 16:53:15.557,0.77541,0.77559,1.00,1.00
2014.09.05 16:53:15.749,0.7754,0.77557,1.12,1.00
2014.09.05 16:53:21.411,0.77538,0.77557,1.37,1.00
2014.09.05 16:53:22.084,0.77538,0.7756,1.37,1.00
2014.09.05 16:53:22.179,0.77538,0.7756,1.37,1.00
2014.09.05 16:53:22.768,0.7754,0.77559,1.37,1.00
2014.09.05 16:53:24.650,0.77539,0.7756,1.37,1.00
2014.09.05 16:53:25.151,0.77536,0.7756,1.97,1.00
2014.09.05 16:53:25.400,0.77536,0.77558,1.97,1.00
2014.09.05 16:53:26.704,0.77536,0.77557,1.37,1.00
2014.09.05 16:53:27.947,0.77536,0.77558,1.75,1.00
2014.09.05 16:53:28.711,0.77537,0.77558,1.37,1.00
2014.09.05 16:53:31.874,0.77537,0.77559,1.37,1.00
2014.09.05 16:53:34.131,0.77537,0.77559,1.37,1.00
2014.09.05 16:53:35.835,0.77537,0.77559,1.37,1.00
2014.09.05 16:53:39.243,0.77537,0.77559,1.37,1.00
2014.09.05 16:53:41.378,0.77539,0.77559,1.37,1.00
2014.09.05 16:53:42.408,0.77538,0.77559,1.37,1.00
2014.09.05 16:53:47.170,0.77538,0.77559,1.37,1.00
2014.09.05 16:53:48.925,0.77538,0.77557,1.37,1.00
2014.09.05 16:53:49.079,0.77538,0.77557,1.12,1.00
2014.09.05 16:53:49.432,0.77537,0.77557,1.37,1.00
2014.09.05 16:53:50.830,0.77537,0.77557,1.00,1.00
2014.09.05 16:53:51.784,0.77536,0.77557,1.00,1.00
2014.09.05 16:53:54.763,0.77536,0.77555,1.12,1.00
2014.09.05 16:53:55.414,0.77534,0.77556,2.47,1.00
2014.09.05 16:54:02.893,0.77534,0.77554,2.47,1.00
2014.09.05 16:54:11.489,0.77534,0.77552,1.12,1.00
2014.09.05 16:54:11.791,0.7753,0.77549,1.72,1.00
2014.09.05 16:54:14.679,0.7753,0.77546,1.87,1.00
2014.09.05 16:54:15.180,0.7753,0.77547,1.37,1.00
2014.09.05 16:54:15.889,0.7753,0.77549,1.37,1.00
2014.09.05 16:54:17.139,0.77535,0.77549,1.00,1.00
2014.09.05 16:54:22.380,0.77535,0.77549,1.37,1.00
2014.09.05 16:54:22.899,0.77534,0.7755,1.37,1.00
2014.09.05 16:54:23.009,0.77534,0.7755,1.00,1.00
2014.09.05 16:54:23.545,0.7753,0.77551,1.50,1.00
2014.09.05 16:54:24.591,0.7753,0.77551,2.25,1.00
2014.09.05 16:54:25.332,0.7753,0.77548,2.25,1.00
2014.09.05 16:54:26.594,0.7753,0.77548,1.87,1.00
2014.09.05 16:54:26.745,0.7753,0.77548,1.12,1.00
2014.09.05 16:54:26.898,0.77529,0.77548,1.87,1.00
2014.09.05 16:54:28.061,0.7753,0.77548,1.87,1.00
2014.09.05 16:54:28.788,0.77534,0.77548,1.00,1.00
2014.09.05 16:54:29.105,0.7753,0.77548,2.25,1.00
2014.09.05 16:54:37.229,0.7753,0.77548,1.37,1.00
2014.09.05 16:54:37.380,0.77529,0.77544,1.87,1.00
2014.09.05 16:54:37.581,0.77525,0.77544,2.25,1.00
2014.09.05 16:54:43.153,0.77525,0.77546,2.25,1.00
2014.09.05 16:54:43.304,0.77528,0.77548,1.50,1.00
2014.09.05 16:54:44.709,0.77529,0.77545,1.87,1.00
2014.09.05 16:54:45.243,0.77529,0.77548,1.37,1.00
2014.09.05 16:54:45.777,0.77529,0.77548,1.37,1.00
2014.09.05 16:54:46.279,0.77529,0.77548,1.37,1.00
2014.09.05 16:54:47.187,0.77529,0.77548,1.37,1.00
2014.09.05 16:54:49.900,0.77529,0.77548,1.37,1.00
2014.09.05 16:54:50.193,0.77529,0.77546,1.37,1.00
2014.09.05 16:54:50.498,0.77524,0.77543,1.12,1.00
2014.09.05 16:54:50.549,0.77524,0.77541,1.12,1.00
2014.09.05 16:54:51.089,0.77524,0.7754,1.00,1.00
2014.09.05 16:54:51.139,0.77519,0.7754,1.87,1.00
2014.09.05 16:54:51.339,0.77524,0.7754,1.00,1.00
2014.09.05 16:54:52.057,0.77524,0.77538,1.00,1.00
2014.09.05 16:54:52.272,0.77524,0.7754,1.12,1.00
2014.09.05 16:54:52.590,0.77524,0.77543,1.37,1.00
2014.09.05 16:55:00.632,0.77524,0.77542,1.37,1.00
2014.09.05 16:55:02.565,0.77524,0.77542,1.12,1.00
2014.09.05 16:55:13.389,0.77524,0.77542,1.37,1.00
2014.09.05 16:55:17.196,0.77524,0.77542,1.37,1.00
2014.09.05 16:55:18.400,0.77524,0.77542,1.12,1.00
2014.09.05 16:55:18.750,0.77519,0.77539,1.87,1.00
2014.09.05 16:55:19.468,0.77519,0.77539,1.87,1.00
2014.09.05 16:55:20.105,0.77519,0.77539,2.25,1.00
2014.09.05 16:55:21.397,0.77524,0.77539,1.37,1.00
2014.09.05 16:55:22.881,0.77524,0.77541,1.37,1.00
2014.09.05 16:55:23.496,0.77525,0.77542,1.12,1.00
2014.09.05 16:55:24.830,0.77524,0.7754,1.37,1.00
2014.09.05 16:55:26.618,0.77524,0.7754,1.00,1.00
2014.09.05 16:55:26.669,0.77521,0.7754,1.37,1.00
2014.09.05 16:55:31.748,0.77521,0.77542,1.37,1.00
2014.09.05 16:55:33.978,0.77524,0.77542,1.37,1.00
2014.09.05 16:55:48.647,0.7753,0.77542,1.00,1.00
2014.09.05 16:55:49.306,0.77525,0.77542,1.12,1.00
2014.09.05 16:55:54.297,0.77525,0.77543,1.12,1.00
2014.09.05 16:55:57.153,0.77524,0.77548,1.37,1.00
2014.09.05 16:56:03.379,0.77524,0.77548,1.37,1.00
2014.09.05 16:56:17.346,0.77524,0.77548,1.37,1.00
2014.09.05 16:56:17.501,0.77524,0.77548,1.37,1.00
2014.09.05 16:56:18.002,0.77524,0.77548,1.37,1.00
2014.09.05 16:56:21.506,0.77524,0.77548,1.37,1.00
2014.09.05 16:56:45.441,0.77524,0.77545,1.37,1.00
2014.09.05 16:56:46.981,0.77525,0.77545,1.12,1.00
2014.09.05 16:56:51.276,0.77521,0.77544,1.37,1.00
2014.09.05 16:56:52.297,0.77524,0.77544,1.00,1.00
2014.09.05 16:56:53.325,0.7752,0.77544,2.47,1.00
2014.09.05 16:56:56.301,0.7752,0.77544,1.87,1.00
2014.09.05 16:56:57.308,0.77521,0.77544,1.12,1.00
2014.09.05 16:57:10.063,0.77519,0.77544,1.12,1.12
2014.09.05 16:57:10.114,0.77519,0.77541,1.37,1.00
2014.09.05 16:57:10.845,0.77519,0.77541,1.12,1.00
2014.09.05 16:57:11.483,0.77519,0.77541,1.37,1.00
2014.09.05 16:57:12.337,0.7752,0.77541,1.37,1.00
2014.09.05 16:57:12.438,0.77519,0.77543,1.87,1.00
2014.09.05 16:57:12.725,0.77519,0.77543,1.87,1.00
2014.09.05 16:57:12.827,0.77519,0.77543,1.87,1.00
2014.09.05 16:57:13.097,0.77519,0.77543,1.87,1.00
2014.09.05 16:57:14.503,0.77519,0.77543,1.87,1.00
2014.09.05 16:57:15.275,0.7752,0.77544,1.37,1.00
2014.09.05 16:57:17.212,0.7752,0.77544,1.12,1.00
2014.09.05 16:57:18.416,0.7752,0.77544,1.37,1.00
2014.09.05 16:57:20.120,0.7752,0.77544,1.00,1.00
2014.09.05 16:57:22.269,0.7752,0.77544,1.37,1.00
2014.09.05 16:57:22.965,0.7752,0.77544,1.12,1.00
2014.09.05 16:57:23.838,0.7752,0.77544,1.37,1.00
2014.09.05 16:57:30.320,0.7752,0.77542,1.37,1.00
2014.09.05 16:57:36.566,0.77519,0.77542,1.87,1.00
2014.09.05 16:57:37.260,0.77518,0.77542,1.00,1.00
2014.09.05 16:57:38.864,0.7752,0.77542,1.00,1.00
2014.09.05 16:57:49.166,0.7752,0.77541,1.00,1.00
2014.09.05 16:57:51.110,0.7752,0.77542,1.00,1.00
2014.09.05 16:57:55.696,0.77519,0.77542,1.00,1.00
2014.09.05 16:57:56.243,0.77519,0.77541,1.00,1.00
2014.09.05 16:57:58.734,0.77519,0.77541,1.37,1.00
2014.09.05 16:58:00.025,0.77519,0.77542,1.37,1.00
2014.09.05 16:58:01.104,0.7752,0.77542,1.37,1.00
2014.09.05 16:58:02.126,0.77519,0.77543,1.37,1.00
2014.09.05 16:58:02.446,0.77524,0.77541,1.12,1.00
2014.09.05 16:58:02.847,0.77519,0.77541,1.87,1.00
2014.09.05 16:58:12.665,0.77519,0.77541,1.37,1.00
2014.09.05 16:58:13.205,0.7752,0.77542,1.12,1.00
2014.09.05 16:58:14.772,0.77521,0.77542,1.00,1.00
2014.09.05 16:58:15.604,0.7752,0.77542,1.12,1.00
2014.09.05 16:58:17.375,0.7752,0.77542,1.87,1.00
2014.09.05 16:58:18.177,0.7752,0.77542,1.87,1.00
2014.09.05 16:58:19.078,0.7752,0.77542,1.87,1.00
2014.09.05 16:58:21.320,0.7752,0.77542,1.87,1.00
2014.09.05 16:58:22.931,0.7752,0.77542,1.87,1.00
2014.09.05 16:58:24.687,0.7752,0.77542,1.87,1.00
2014.09.05 16:58:31.400,0.7752,0.77542,1.37,1.00
2014.09.05 16:58:34.044,0.7752,0.77542,1.00,1.00
2014.09.05 16:58:36.409,0.7752,0.77542,1.37,1.00
2014.09.05 16:58:39.615,0.7752,0.77542,1.12,1.00
2014.09.05 16:58:48.896,0.77519,0.7754,1.37,1.00
2014.09.05 16:58:52.737,0.77518,0.7754,1.37,1.00
2014.09.05 16:58:53.174,0.77518,0.77538,1.12,1.00
2014.09.05 16:58:53.640,0.77515,0.77539,1.50,1.00
2014.09.05 16:58:54.184,0.77516,0.7754,1.37,1.00
2014.09.05 16:58:55.444,0.77515,0.7754,1.37,1.00
2014.09.05 16:58:55.947,0.77515,0.77539,1.37,1.00
2014.09.05 16:58:56.749,0.77515,0.77539,1.87,1.00
2014.09.05 16:58:56.874,0.77515,0.77539,1.37,1.00
2014.09.05 16:58:58.253,0.77515,0.77539,1.37,1.00
2014.09.05 16:58:59.385,0.77519,0.77541,1.37,1.00
2014.09.05 16:58:59.904,0.77515,0.77541,1.37,1.00
2014.09.05 16:59:05.490,0.77515,0.77539,1.37,1.00
2014.09.05 16:59:07.102,0.77515,0.77539,1.87,1.00
2014.09.05 16:59:07.582,0.77514,0.77536,1.87,1.00
2014.09.05 16:59:08.074,0.77514,0.77536,1.50,1.00
2014.09.05 16:59:09.377,0.77514,0.77536,1.37,1.00
2014.09.05 16:59:10.680,0.77514,0.77536,1.37,1.00
2014.09.05 16:59:11.001,0.77514,0.77538,1.37,1.00
2014.09.05 16:59:11.302,0.77519,0.7754,1.00,1.00
2014.09.05 16:59:11.374,0.77516,0.7754,1.37,1.00
2014.09.05 16:59:14.794,0.77517,0.7754,1.37,1.00
2014.09.05 16:59:15.395,0.77517,0.7754,1.37,1.00
2014.09.05 16:59:15.697,0.77515,0.77537,1.12,1.00
2014.09.05 16:59:19.302,0.77515,0.77537,1.37,1.00
2014.09.05 16:59:19.904,0.77515,0.77538,1.87,1.00
2014.09.05 16:59:20.506,0.77515,0.77536,1.87,1.00
2014.09.05 16:59:21.042,0.77515,0.77537,1.50,1.00
2014.09.05 16:59:22.218,0.77516,0.77537,1.00,1.00
2014.09.05 16:59:29.623,0.77515,0.77537,1.00,1.00
2014.09.05 16:59:30.183,0.77514,0.77537,1.12,1.00
2014.09.05 16:59:31.358,0.77514,0.77537,1.87,1.00
2014.09.05 16:59:32.831,0.77514,0.77537,1.87,1.00
2014.09.05 16:59:33.493,0.77515,0.77537,1.00,1.00
2014.09.05 16:59:44.393,0.77513,0.77537,1.37,1.00
2014.09.05 16:59:44.993,0.77513,0.77536,1.37,1.00
2014.09.05 16:59:52.994,0.77513,0.77536,1.12,1.00
2014.09.05 16:59:57.573,0.77515,0.77536,1.00,1.00
2014.09.05 16:59:58.451,0.77513,0.77536,1.12,1.00
