2010.12.28 01:00:00.340,0.71737,0.71801,5.97,5.97
2010.12.28 01:00:00.448,0.71737,0.71801,6.15,2.52
2010.12.28 01:00:00.901,0.71737,0.71801,5.97,5.97
2010.12.28 01:00:01.118,0.71742,0.71803,2.40,2.59
2010.12.28 01:00:01.493,0.71742,0.71803,9.98,1.50
2010.12.28 01:00:03.870,0.71746,0.71803,6.04,1.50
2010.12.28 01:00:04.177,0.71746,0.71803,6.08,1.50
2010.12.28 01:00:05.542,0.71746,0.71803,6.04,1.50
2010.12.28 01:00:07.144,0.71746,0.71803,5.85,1.58
2010.12.28 01:00:07.555,0.71743,0.71803,2.40,1.58
2010.12.28 01:00:07.671,0.7174,0.71803,6.33,1.77
2010.12.28 01:00:07.780,0.71737,0.71801,6.15,2.52
2010.12.28 01:00:08.100,0.71735,0.71796,9.60,2.44
2010.12.28 01:00:08.209,0.71735,0.71796,10.08,1.69
2010.12.28 01:00:08.413,0.71735,0.71796,10.26,1.69
2010.12.28 01:00:10.413,0.71743,0.71795,1.99,1.69
2010.12.28 01:00:10.528,0.71743,0.71795,1.80,2.44
2010.12.28 01:00:13.285,0.71736,0.71795,4.68,1.69
2010.12.28 01:00:14.939,0.71736,0.71795,4.09,1.77
2010.12.28 01:00:15.900,0.71735,0.71796,4.45,1.69
2010.12.28 01:00:16.508,0.71732,0.71795,6.04,1.69
2010.12.28 01:00:17.709,0.71728,0.7179,4.09,2.25
2010.12.28 01:00:17.818,0.71729,0.71793,5.97,2.52
2010.12.28 01:00:17.928,0.71728,0.71788,5.97,1.50
2010.12.28 01:00:18.148,0.71728,0.71788,2.59,1.50
2010.12.28 01:00:18.371,0.71728,0.71788,6.49,1.50
2010.12.28 01:00:19.202,0.71735,0.71788,1.65,1.58
2010.12.28 01:00:20.570,0.71735,0.71788,1.65,1.50
2010.12.28 01:00:21.010,0.71735,0.71788,1.65,1.65
2010.12.28 01:00:21.319,0.71731,0.71787,8.37,1.69
2010.12.28 01:00:21.758,0.71736,0.71787,1.65,1.69
2010.12.28 01:00:22.912,0.71736,0.71787,3.98,1.69
2010.12.28 01:00:23.646,0.71736,0.71787,1.65,1.69
2010.12.28 01:00:24.140,0.71736,0.71795,11.78,2.44
2010.12.28 01:00:24.889,0.71736,0.71794,5.97,1.02
2010.12.28 01:00:26.009,0.71736,0.71795,6.15,2.44
2010.12.28 01:00:26.117,0.71737,0.71795,6.15,1.69
2010.12.28 01:00:28.783,0.71735,0.71796,1.65,2.52
2010.12.28 01:00:29.086,0.71735,0.71796,1.84,1.77
2010.12.28 01:00:31.853,0.71735,0.71796,10.08,1.69
2010.12.28 01:00:32.631,0.71735,0.71796,9.72,1.77
2010.12.28 01:00:33.652,0.71735,0.71796,10.02,1.69
2010.12.28 01:00:40.013,0.71735,0.71796,1.84,1.77
2010.12.28 01:00:40.429,0.71735,0.71796,4.24,1.69
2010.12.28 01:00:40.711,0.71735,0.71796,10.08,1.69
2010.12.28 01:00:41.247,0.71743,0.71795,1.58,1.50
2010.12.28 01:00:41.870,0.71742,0.71803,1.84,4.69
2010.12.28 01:00:43.068,0.71742,0.71803,1.77,4.77
2010.12.28 01:00:43.230,0.71742,0.71803,1.77,4.02
2010.12.28 01:00:43.764,0.71742,0.71803,1.84,3.94
2010.12.28 01:00:45.412,0.71742,0.71803,1.84,1.84
2010.12.28 01:00:46.963,0.71742,0.71803,4.28,1.77
2010.12.28 01:00:47.380,0.71742,0.71803,4.20,1.50
2010.12.28 01:00:47.974,0.71742,0.71803,1.73,3.75
2010.12.28 01:00:48.081,0.71742,0.71803,1.65,3.83
2010.12.28 01:00:49.022,0.71742,0.71803,1.65,3.75
2010.12.28 01:00:50.232,0.71742,0.71803,1.65,1.58
2010.12.28 01:00:50.687,0.71742,0.71803,1.73,1.50
2010.12.28 01:00:51.226,0.71742,0.71797,3.98,2.25
2010.12.28 01:00:51.339,0.71742,0.71797,1.65,2.25
2010.12.28 01:00:51.446,0.71742,0.71803,1.65,1.58
2010.12.28 01:00:51.620,0.71742,0.71803,3.98,1.50
2010.12.28 01:00:51.811,0.71742,0.71803,1.65,1.50
2010.12.28 01:00:55.408,0.71742,0.71803,3.98,1.50
2010.12.28 01:00:56.542,0.71742,0.71803,1.65,1.58
2010.12.28 01:01:00.046,0.7174,0.7179,1.80,1.50
2010.12.28 01:01:00.266,0.71743,0.71795,1.65,1.50
2010.12.28 01:01:00.667,0.71742,0.71803,1.80,1.65
2010.12.28 01:01:02.381,0.71743,0.71803,2.55,1.50
2010.12.28 01:01:03.350,0.71743,0.71803,2.40,1.58
2010.12.28 01:01:14.995,0.71743,0.71803,2.70,1.50
2010.12.28 01:01:15.908,0.71743,0.71803,2.40,1.50
2010.12.28 01:01:16.971,0.71743,0.71803,2.55,1.65
2010.12.28 01:01:24.141,0.71745,0.71803,2.40,1.50
2010.12.28 01:01:24.586,0.7175,0.71803,1.65,1.50
2010.12.28 01:01:24.697,0.7175,0.71811,3.90,1.50
2010.12.28 01:01:24.809,0.7175,0.7181,2.33,1.50
2010.12.28 01:01:25.131,0.71751,0.7181,1.65,1.50
2010.12.28 01:01:25.239,0.71751,0.7181,1.65,1.50
2010.12.28 01:01:25.438,0.71751,0.7181,1.65,1.50
2010.12.28 01:01:28.396,0.71751,0.7181,1.65,1.50
2010.12.28 01:01:29.302,0.71751,0.7181,1.58,1.50
2010.12.28 01:01:29.460,0.71751,0.7181,1.65,1.50
2010.12.28 01:01:29.839,0.71751,0.7181,1.58,1.50
2010.12.28 01:01:30.740,0.71751,0.7181,1.65,1.50
2010.12.28 01:01:30.846,0.71751,0.7181,1.58,1.50
2010.12.28 01:01:30.956,0.71751,0.7181,1.65,1.50
2010.12.28 01:01:31.687,0.71751,0.7181,1.58,1.50
2010.12.28 01:01:32.240,0.71751,0.7181,1.65,1.50
2010.12.28 01:01:32.366,0.71751,0.7181,1.58,1.50
2010.12.28 01:01:34.452,0.71751,0.7181,1.58,1.58
2010.12.28 01:01:34.569,0.71751,0.7181,1.65,1.50
2010.12.28 01:01:35.249,0.71751,0.7181,1.65,1.50
2010.12.28 01:01:36.132,0.71751,0.7181,1.80,1.50
2010.12.28 01:01:36.257,0.71751,0.7181,1.65,1.50
2010.12.28 01:01:36.490,0.71751,0.7181,1.80,1.50
2010.12.28 01:01:36.698,0.71751,0.7181,1.65,1.50
2010.12.28 01:01:36.826,0.71751,0.7181,1.80,1.50
2010.12.28 01:01:37.477,0.71751,0.7181,1.65,1.50
2010.12.28 01:01:39.708,0.71751,0.7181,1.65,1.50
2010.12.28 01:01:40.097,0.71751,0.7181,1.80,1.50
2010.12.28 01:01:40.718,0.71751,0.7181,1.58,1.50
2010.12.28 01:01:40.840,0.71751,0.7181,1.65,1.50
2010.12.28 01:01:43.319,0.71751,0.7181,1.58,1.50
2010.12.28 01:01:44.267,0.71751,0.7181,1.80,1.50
2010.12.28 01:01:44.838,0.71751,0.7181,1.58,1.50
2010.12.28 01:01:44.946,0.71751,0.7181,1.65,1.50
2010.12.28 01:01:51.307,0.7175,0.71803,1.58,1.50
2010.12.28 01:01:52.373,0.7175,0.71803,1.58,1.50
2010.12.28 01:01:53.236,0.7175,0.71803,1.50,1.65
2010.12.28 01:01:54.179,0.7175,0.71803,1.58,1.50
2010.12.28 01:01:56.125,0.7175,0.71803,1.58,1.58
2010.12.28 01:01:57.378,0.7175,0.71803,1.50,1.65
2010.12.28 01:02:01.357,0.7175,0.71803,1.58,1.50
2010.12.28 01:02:01.466,0.7175,0.71803,1.50,1.58
2010.12.28 01:02:03.627,0.7175,0.71803,1.58,1.58
2010.12.28 01:02:06.940,0.7175,0.71803,1.50,1.58
2010.12.28 01:02:15.116,0.71743,0.71802,1.50,1.50
2010.12.28 01:02:15.227,0.71741,0.71795,2.25,1.50
2010.12.28 01:02:15.337,0.71736,0.71795,1.50,1.50
2010.12.28 01:02:15.738,0.71728,0.71791,2.59,2.25
2010.12.28 01:02:15.856,0.71728,0.71791,2.33,2.25
2010.12.28 01:02:15.967,0.71728,0.71788,2.33,1.50
2010.12.28 01:02:16.484,0.71727,0.71788,1.50,3.75
2010.12.28 01:02:18.207,0.71727,0.71788,1.65,3.90
2010.12.28 01:02:19.221,0.71727,0.71788,1.58,3.83
2010.12.28 01:02:19.751,0.71727,0.71788,1.50,3.90
2010.12.28 01:02:21.083,0.71727,0.71788,1.65,3.90
2010.12.28 01:02:24.706,0.71727,0.71788,1.65,1.58
2010.12.28 01:02:25.298,0.71728,0.71788,2.25,1.65
2010.12.28 01:02:26.553,0.71728,0.71788,2.40,1.58
2010.12.28 01:02:28.578,0.71728,0.71788,2.33,1.58
2010.12.28 01:02:28.876,0.7173,0.71788,2.33,1.58
2010.12.28 01:02:29.687,0.7173,0.71788,2.40,1.65
2010.12.28 01:02:30.997,0.71727,0.71788,1.58,1.58
2010.12.28 01:02:31.107,0.71734,0.71788,2.25,1.58
2010.12.28 01:02:31.590,0.71734,0.71788,2.33,1.50
2010.12.28 01:02:31.867,0.71734,0.71788,2.25,1.50
2010.12.28 01:02:32.085,0.71736,0.71787,1.50,1.50
2010.12.28 01:02:33.478,0.71736,0.71787,1.58,1.58
2010.12.28 01:02:33.747,0.71736,0.71787,1.50,1.50
2010.12.28 01:02:33.857,0.71734,0.71788,2.33,1.58
2010.12.28 01:02:34.638,0.71731,0.71788,2.25,1.58
2010.12.28 01:02:34.746,0.71727,0.71788,1.50,1.50
2010.12.28 01:02:46.078,0.71727,0.71788,1.58,1.50
2010.12.28 01:02:46.688,0.71727,0.71788,1.50,1.58
2010.12.28 01:02:48.610,0.71727,0.71788,1.50,1.58
2010.12.28 01:02:52.632,0.71727,0.71788,1.58,1.50
2010.12.28 01:02:56.404,0.71727,0.71784,1.50,2.25
2010.12.28 01:02:56.851,0.71728,0.7178,1.50,1.50
2010.12.28 01:03:15.239,0.71728,0.7178,1.58,1.58
2010.12.28 01:03:15.767,0.71728,0.7178,1.50,1.50
2010.12.28 01:03:19.766,0.71728,0.71784,1.50,2.25
2010.12.28 01:03:19.876,0.71728,0.71787,1.50,1.50
2010.12.28 01:03:31.016,0.71727,0.71788,1.50,3.83
2010.12.28 01:03:34.662,0.71727,0.71788,1.50,3.90
2010.12.28 01:03:36.135,0.71727,0.71788,1.65,3.90
2010.12.28 01:03:50.336,0.71727,0.71788,1.58,3.83
2010.12.28 01:03:50.847,0.71727,0.71788,1.50,3.75
2010.12.28 01:03:54.378,0.71727,0.71788,1.50,3.90
2010.12.28 01:03:55.920,0.71727,0.71788,1.58,3.83
2010.12.28 01:03:59.183,0.71727,0.71788,1.65,3.75
2010.12.28 01:03:59.295,0.71727,0.71788,1.58,3.75
2010.12.28 01:04:00.352,0.71728,0.71787,1.50,1.50
2010.12.28 01:04:16.931,0.71727,0.71788,1.58,3.83
2010.12.28 01:04:22.548,0.71727,0.71788,1.65,3.75
2010.12.28 01:04:23.487,0.71727,0.71788,1.58,3.83
2010.12.28 01:04:25.517,0.71727,0.71788,1.65,3.75
2010.12.28 01:04:32.639,0.71727,0.71788,1.65,3.75
2010.12.28 01:04:32.973,0.71727,0.71788,1.58,3.83
2010.12.28 01:04:33.087,0.71727,0.71788,1.65,3.75
2010.12.28 01:04:33.306,0.71727,0.71788,1.58,3.83
2010.12.28 01:04:45.326,0.71728,0.71788,2.25,1.50
2010.12.28 01:04:45.439,0.71728,0.71787,3.90,1.50
2010.12.28 01:04:45.852,0.71728,0.71787,3.83,1.58
2010.12.28 01:04:45.966,0.71728,0.71787,3.83,1.50
2010.12.28 01:04:46.545,0.71728,0.71787,3.83,1.58
2010.12.28 01:04:48.425,0.71728,0.71787,1.50,1.50
2010.12.28 01:04:56.279,0.71727,0.71788,1.50,1.58
2010.12.28 01:05:00.411,0.71727,0.71788,1.58,1.50
2010.12.28 01:05:00.627,0.71727,0.71788,1.65,1.50
2010.12.28 01:05:00.736,0.71727,0.71788,3.75,1.50
2010.12.28 01:05:01.115,0.71727,0.71788,3.90,1.58
2010.12.28 01:05:01.225,0.71727,0.71788,3.75,1.50
2010.12.28 01:05:02.467,0.71727,0.71788,3.83,1.58
2010.12.28 01:05:02.818,0.71727,0.71788,3.90,1.58
2010.12.28 01:05:03.897,0.71731,0.71788,2.33,1.58
2010.12.28 01:05:22.606,0.71734,0.71788,2.25,1.50
2010.12.28 01:05:22.715,0.71734,0.71795,2.25,1.50
2010.12.28 01:05:22.827,0.71734,0.71795,2.25,1.58
2010.12.28 01:05:22.936,0.71734,0.71795,2.25,1.50
2010.12.28 01:05:24.496,0.71734,0.71795,2.25,1.65
2010.12.28 01:05:24.610,0.71734,0.71795,2.25,1.50
2010.12.28 01:05:24.758,0.71734,0.71795,2.25,1.65
2010.12.28 01:05:25.308,0.71727,0.71781,1.58,1.50
2010.12.28 01:05:25.671,0.71727,0.71781,1.65,1.50
2010.12.28 01:05:25.886,0.71727,0.71781,1.58,1.50
2010.12.28 01:05:26.528,0.71727,0.71781,1.65,1.50
2010.12.28 01:05:27.618,0.71727,0.71781,1.58,1.50
2010.12.28 01:05:28.094,0.71727,0.71781,1.80,1.50
2010.12.28 01:05:29.818,0.71727,0.71781,1.95,1.50
2010.12.28 01:05:31.156,0.71727,0.71781,1.80,1.50
2010.12.28 01:05:32.798,0.71729,0.71781,2.25,1.50
2010.12.28 01:05:33.407,0.71729,0.71781,2.33,1.50
2010.12.28 01:05:33.646,0.71729,0.71781,2.25,1.50
2010.12.28 01:05:33.981,0.71729,0.71781,2.33,1.50
2010.12.28 01:05:34.416,0.71727,0.71781,9.60,1.50
2010.12.28 01:05:34.789,0.71727,0.71781,3.83,1.50
2010.12.28 01:05:34.909,0.71727,0.71781,3.90,1.50
2010.12.28 01:05:36.525,0.71727,0.71781,3.90,1.50
2010.12.28 01:05:37.292,0.71727,0.71781,4.05,1.50
2010.12.28 01:05:38.316,0.71727,0.71781,1.65,1.50
2010.12.28 01:05:39.212,0.71727,0.71781,1.58,1.58
2010.12.28 01:05:39.738,0.71727,0.71781,1.58,1.50
2010.12.28 01:05:43.627,0.71727,0.71781,1.65,1.50
2010.12.28 01:05:44.504,0.71727,0.71781,1.65,1.65
2010.12.28 01:05:45.497,0.71727,0.71781,1.65,1.50
2010.12.28 01:05:45.836,0.71727,0.71781,1.58,1.50
2010.12.28 01:05:46.411,0.71727,0.71781,1.65,1.50
2010.12.28 01:05:49.499,0.71727,0.71781,1.65,1.50
2010.12.28 01:05:50.688,0.71727,0.71781,1.50,1.69
2010.12.28 01:05:50.909,0.71711,0.71774,2.55,2.25
2010.12.28 01:05:51.448,0.7171,0.71775,2.25,2.44
2010.12.28 01:05:51.680,0.7171,0.71775,2.25,2.63
2010.12.28 01:05:52.153,0.71701,0.71755,1.58,2.25
2010.12.28 01:05:52.733,0.71701,0.71755,1.50,2.25
2010.12.28 01:05:53.637,0.71706,0.71755,1.50,2.25
2010.12.28 01:05:53.957,0.71706,0.71766,1.50,3.19
2010.12.28 01:05:54.922,0.71706,0.7176,1.50,2.63
2010.12.28 01:05:55.038,0.71696,0.71739,2.25,1.13
2010.12.28 01:05:55.148,0.71671,0.71732,4.68,2.44
2010.12.28 01:05:55.367,0.71692,0.71732,1.13,2.25
2010.12.28 01:05:55.477,0.71692,0.7177,1.13,1.02
2010.12.28 01:05:56.998,0.71703,0.71774,1.09,2.44
2010.12.28 01:05:59.048,0.71693,0.71763,1.02,1.13
2010.12.28 01:05:59.268,0.71691,0.7177,2.40,1.50
2010.12.28 01:06:00.079,0.71691,0.71769,2.40,1.50
2010.12.28 01:06:00.206,0.71691,0.71769,2.22,1.88
2010.12.28 01:06:00.317,0.71679,0.71749,1.69,1.13
2010.12.28 01:06:00.429,0.71679,0.71742,1.88,2.25
2010.12.28 01:06:00.946,0.717,0.71755,1.50,3.75
2010.12.28 01:06:01.059,0.717,0.71753,1.50,1.50
2010.12.28 01:06:01.445,0.71701,0.71749,1.50,1.50
2010.12.28 01:06:04.488,0.71701,0.71749,1.58,1.50
2010.12.28 01:06:04.817,0.71716,0.71764,1.50,1.50
2010.12.28 01:06:07.619,0.71709,0.71761,1.50,1.50
2010.12.28 01:06:12.334,0.71709,0.71761,1.58,1.50
2010.12.28 01:06:12.573,0.71709,0.71761,1.50,1.50
2010.12.28 01:06:15.728,0.71709,0.71761,1.58,1.50
2010.12.28 01:06:15.948,0.71715,0.71765,1.50,1.50
2010.12.28 01:06:16.819,0.71717,0.7178,2.44,2.25
2010.12.28 01:06:24.070,0.71717,0.7178,1.65,2.25
2010.12.28 01:06:24.397,0.71718,0.71784,2.33,2.25
2010.12.28 01:06:25.553,0.71718,0.71784,2.25,2.25
2010.12.28 01:06:25.875,0.71718,0.71784,2.55,2.25
2010.12.28 01:06:26.202,0.71718,0.71779,1.80,2.25
2010.12.28 01:06:26.322,0.71718,0.71779,1.50,2.25
2010.12.28 01:06:26.557,0.71718,0.71779,1.58,2.25
2010.12.28 01:06:27.069,0.71718,0.71779,1.58,2.25
2010.12.28 01:06:27.178,0.71718,0.71779,1.65,2.25
2010.12.28 01:06:28.240,0.71718,0.71779,1.65,2.25
2010.12.28 01:06:29.551,0.71718,0.71779,1.73,2.25
2010.12.28 01:06:32.519,0.71718,0.71779,1.65,2.25
2010.12.28 01:06:34.577,0.71718,0.71779,1.58,2.25
2010.12.28 01:06:35.391,0.71718,0.71779,1.65,2.25
2010.12.28 01:06:36.858,0.71718,0.71779,1.58,2.25
2010.12.28 01:06:40.259,0.71718,0.71779,1.65,2.25
2010.12.28 01:06:41.389,0.71718,0.71779,1.50,2.25
2010.12.28 01:06:41.740,0.71715,0.71779,2.25,2.25
2010.12.28 01:06:41.848,0.71711,0.71774,2.40,2.25
2010.12.28 01:06:44.373,0.71711,0.71774,2.25,2.25
2010.12.28 01:06:45.421,0.71711,0.71774,2.33,2.25
2010.12.28 01:06:53.069,0.71711,0.71774,2.33,2.25
2010.12.28 01:06:53.718,0.71711,0.71774,2.33,2.25
2010.12.28 01:07:11.800,0.71711,0.71774,2.40,2.25
2010.12.28 01:07:13.511,0.71711,0.71774,2.40,2.25
2010.12.28 01:07:15.490,0.71711,0.71774,2.55,2.25
2010.12.28 01:07:23.132,0.71711,0.71774,2.40,2.25
2010.12.28 01:07:25.441,0.71711,0.71774,2.55,2.25
2010.12.28 01:07:26.016,0.71711,0.71774,2.33,2.25
2010.12.28 01:07:28.410,0.71711,0.71774,2.55,2.25
2010.12.28 01:07:42.911,0.71711,0.71774,2.33,2.25
2010.12.28 01:07:43.558,0.71711,0.71774,2.40,2.25
2010.12.28 01:07:43.681,0.71711,0.71774,5.85,2.25
2010.12.28 01:07:44.435,0.71711,0.71774,2.40,2.25
2010.12.28 01:07:45.866,0.71712,0.71776,2.40,2.25
2010.12.28 01:07:45.981,0.71712,0.71776,2.48,2.25
2010.12.28 01:07:47.548,0.7171,0.71775,6.08,2.25
2010.12.28 01:07:48.822,0.7171,0.71775,5.85,2.25
2010.12.28 01:07:50.058,0.7171,0.71775,2.55,2.25
2010.12.28 01:07:51.561,0.7171,0.71775,5.85,2.25
2010.12.28 01:07:51.669,0.71711,0.71777,5.85,2.25
2010.12.28 01:07:52.441,0.71711,0.71777,6.08,2.25
2010.12.28 01:07:53.630,0.71714,0.71778,5.85,2.25
2010.12.28 01:07:53.737,0.71717,0.71783,5.85,2.25
2010.12.28 01:07:57.705,0.71717,0.71783,6.04,2.25
2010.12.28 01:07:59.557,0.71717,0.71783,2.48,2.25
2010.12.28 01:08:00.082,0.71716,0.71779,5.85,2.25
2010.12.28 01:08:02.082,0.71713,0.71779,2.33,2.25
2010.12.28 01:08:02.811,0.71713,0.71779,2.40,2.25
2010.12.28 01:08:08.693,0.71713,0.71779,2.40,2.25
2010.12.28 01:08:09.191,0.71713,0.71779,2.70,2.25
2010.12.28 01:08:11.631,0.71715,0.7178,2.55,2.25
2010.12.28 01:08:13.538,0.71715,0.7178,2.40,2.25
2010.12.28 01:08:14.353,0.71715,0.7178,5.85,2.25
2010.12.28 01:08:15.552,0.71715,0.7178,5.85,2.25
2010.12.28 01:08:21.503,0.71715,0.7178,2.55,2.25
2010.12.28 01:08:27.870,0.71715,0.7178,2.40,2.25
2010.12.28 01:08:28.201,0.7172,0.71783,2.40,2.25
2010.12.28 01:08:28.419,0.71715,0.7178,2.40,2.25
2010.12.28 01:08:31.419,0.71715,0.7178,5.85,2.25
2010.12.28 01:08:36.478,0.71715,0.7178,2.55,2.25
2010.12.28 01:08:42.303,0.71715,0.7178,2.40,2.25
2010.12.28 01:08:53.419,0.71715,0.7178,2.55,2.25
2010.12.28 01:08:54.028,0.71715,0.7178,2.40,2.25
2010.12.28 01:09:03.468,0.71715,0.7178,2.40,2.25
2010.12.28 01:09:03.579,0.71715,0.7178,2.33,2.25
2010.12.28 01:09:03.688,0.71714,0.71778,2.33,2.25
2010.12.28 01:09:04.946,0.71714,0.71778,2.25,2.25
2010.12.28 01:09:07.782,0.71714,0.71778,2.33,2.25
2010.12.28 01:09:22.670,0.71714,0.7178,2.33,2.25
2010.12.28 01:09:23.007,0.71714,0.7178,2.40,2.25
2010.12.28 01:09:24.790,0.71716,0.71779,2.40,2.25
2010.12.28 01:09:25.441,0.71716,0.71779,2.40,2.25
2010.12.28 01:09:26.109,0.71716,0.71779,2.55,2.25
2010.12.28 01:09:26.645,0.71716,0.71779,2.40,2.25
2010.12.28 01:09:27.096,0.71713,0.71779,2.40,2.25
2010.12.28 01:09:28.312,0.71713,0.71779,2.48,2.25
2010.12.28 01:09:28.827,0.71716,0.71779,6.08,2.25
2010.12.28 01:09:30.690,0.71716,0.71779,6.08,2.25
2010.12.28 01:09:32.198,0.71716,0.71779,5.85,2.25
2010.12.28 01:09:35.091,0.71716,0.71779,5.85,2.25
2010.12.28 01:09:39.902,0.71716,0.71779,2.40,2.25
2010.12.28 01:09:41.417,0.71716,0.71779,6.08,2.25
2010.12.28 01:09:42.058,0.71716,0.71779,5.85,2.25
2010.12.28 01:09:42.459,0.71718,0.71782,2.48,2.25
2010.12.28 01:09:42.679,0.71721,0.71785,2.40,2.25
2010.12.28 01:09:43.597,0.71717,0.71783,5.85,2.25
2010.12.28 01:09:44.659,0.71716,0.71779,5.85,2.25
2010.12.28 01:09:44.969,0.7172,0.71786,2.40,2.25
2010.12.28 01:09:46.267,0.7172,0.71786,2.40,2.25
2010.12.28 01:09:46.535,0.71715,0.7178,5.85,2.25
2010.12.28 01:09:46.757,0.71721,0.71785,2.40,2.25
2010.12.28 01:09:47.199,0.71715,0.7178,5.85,2.25
2010.12.28 01:09:47.589,0.71718,0.71782,2.48,2.25
2010.12.28 01:09:55.354,0.71718,0.71782,2.55,2.25
2010.12.28 01:10:00.481,0.71718,0.71782,2.40,2.25
2010.12.28 01:10:03.878,0.71718,0.71782,2.55,2.25
2010.12.28 01:10:04.362,0.71718,0.71782,2.40,2.33
2010.12.28 01:10:04.470,0.71718,0.71782,2.48,2.25
2010.12.28 01:10:04.871,0.71718,0.71782,2.40,2.25
2010.12.28 01:10:06.081,0.71718,0.71782,2.40,2.25
2010.12.28 01:10:07.256,0.71718,0.71782,2.33,2.25
2010.12.28 01:10:07.532,0.71718,0.71782,2.48,2.25
2010.12.28 01:10:08.401,0.71718,0.71782,2.33,2.25
2010.12.28 01:10:10.708,0.71718,0.71782,2.48,2.25
2010.12.28 01:10:12.550,0.71718,0.71782,2.40,2.25
2010.12.28 01:10:12.660,0.71718,0.71782,2.25,2.25
2010.12.28 01:10:12.770,0.71718,0.71782,2.33,2.25
2010.12.28 01:10:13.403,0.71718,0.71782,2.25,2.25
2010.12.28 01:10:14.021,0.71718,0.71782,2.33,2.25
2010.12.28 01:10:14.867,0.71715,0.71779,1.58,2.25
2010.12.28 01:10:15.611,0.71716,0.71778,1.65,2.25
2010.12.28 01:10:15.843,0.71716,0.71778,1.50,2.25
2010.12.28 01:10:16.191,0.71716,0.71775,1.50,2.25
2010.12.28 01:10:16.299,0.7171,0.71775,2.33,2.25
2010.12.28 01:10:16.408,0.71705,0.71771,2.40,2.25
2010.12.28 01:10:17.739,0.71709,0.71773,2.33,2.25
2010.12.28 01:10:18.408,0.71709,0.71773,2.40,2.25
2010.12.28 01:10:18.938,0.71709,0.71773,2.40,2.25
2010.12.28 01:10:20.514,0.71709,0.71773,2.40,2.25
2010.12.28 01:10:21.482,0.71709,0.71773,2.40,2.25
2010.12.28 01:10:22.108,0.71709,0.71773,2.55,2.25
2010.12.28 01:10:23.034,0.71709,0.71773,6.08,2.25
2010.12.28 01:10:28.703,0.71709,0.71773,2.55,2.25
2010.12.28 01:10:29.312,0.71709,0.71773,5.85,2.25
2010.12.28 01:10:29.443,0.71709,0.71773,2.40,2.25
2010.12.28 01:10:35.212,0.71709,0.71773,5.85,2.25
2010.12.28 01:10:36.661,0.71709,0.71773,2.40,2.25
2010.12.28 01:10:36.921,0.71712,0.71776,2.40,2.25
2010.12.28 01:10:37.042,0.71712,0.71776,5.85,2.25
2010.12.28 01:10:39.225,0.71709,0.71773,5.85,2.25
2010.12.28 01:10:46.508,0.71709,0.71773,2.40,2.25
2010.12.28 01:10:47.069,0.71708,0.71774,2.40,2.25
2010.12.28 01:10:47.179,0.71704,0.7177,6.08,2.25
2010.12.28 01:10:56.991,0.71701,0.71767,6.04,2.25
2010.12.28 01:10:57.360,0.71698,0.71763,5.85,2.25
2010.12.28 01:10:58.460,0.71698,0.71763,6.04,2.25
2010.12.28 01:10:59.798,0.71701,0.71765,5.85,1.50
2010.12.28 01:10:59.908,0.71704,0.7177,2.40,2.25
2010.12.28 01:11:00.020,0.71704,0.7177,5.85,2.25
2010.12.28 01:11:01.099,0.71704,0.7177,6.08,2.25
2010.12.28 01:11:47.531,0.71704,0.7177,6.08,2.25
2010.12.28 01:11:48.520,0.71704,0.7177,6.08,2.25
2010.12.28 01:11:49.511,0.71704,0.7177,5.85,2.25
2010.12.28 01:11:54.343,0.71704,0.7177,2.55,2.25
2010.12.28 01:12:05.572,0.71704,0.7177,5.85,2.44
2010.12.28 01:12:05.897,0.71701,0.71766,5.85,3.75
2010.12.28 01:12:06.008,0.71701,0.71766,6.04,3.75
2010.12.28 01:12:06.254,0.71701,0.71766,5.85,3.75
2010.12.28 01:12:08.405,0.71701,0.71766,6.04,3.75
2010.12.28 01:12:09.506,0.71701,0.71766,6.08,3.75
2010.12.28 01:12:11.976,0.71701,0.71766,2.40,3.75
2010.12.28 01:12:12.001,0.71701,0.71766,6.08,3.75
2010.12.28 01:12:15.184,0.71695,0.7176,6.04,2.25
2010.12.28 01:12:15.833,0.71695,0.7176,6.04,2.25
2010.12.28 01:12:16.329,0.71695,0.7176,5.85,2.25
2010.12.28 01:12:19.228,0.71699,0.71762,2.40,2.25
2010.12.28 01:12:24.776,0.71699,0.71762,2.40,2.25
2010.12.28 01:12:26.490,0.71699,0.71762,2.40,2.25
2010.12.28 01:12:28.699,0.71699,0.71762,2.40,2.25
2010.12.28 01:12:29.853,0.71699,0.71762,2.40,2.25
2010.12.28 01:12:29.969,0.71699,0.71762,2.55,2.25
2010.12.28 01:12:30.265,0.71699,0.71762,2.40,2.25
2010.12.28 01:12:31.469,0.71699,0.71762,2.55,2.25
2010.12.28 01:12:36.482,0.71701,0.71765,5.85,1.69
2010.12.28 01:12:36.607,0.71701,0.71765,6.04,1.69
2010.12.28 01:12:36.961,0.71704,0.7177,5.85,2.44
2010.12.28 01:12:43.324,0.71704,0.7177,5.85,2.44
2010.12.28 01:12:43.441,0.71702,0.71766,6.04,2.25
2010.12.28 01:12:56.503,0.71704,0.7177,5.85,2.25
2010.12.28 01:13:00.340,0.71704,0.7177,2.40,2.25
2010.12.28 01:13:07.358,0.71701,0.71767,5.85,2.25
2010.12.28 01:13:07.882,0.71701,0.71767,6.04,2.25
2010.12.28 01:13:08.002,0.71701,0.71767,5.85,2.25
2010.12.28 01:13:09.425,0.71701,0.71767,5.85,2.25
2010.12.28 01:13:16.513,0.71701,0.71767,5.85,2.25
2010.12.28 01:13:38.268,0.71701,0.71767,6.08,2.25
2010.12.28 01:13:39.277,0.71701,0.71767,5.85,2.25
2010.12.28 01:13:39.819,0.71701,0.71767,5.85,2.25
2010.12.28 01:13:40.470,0.71701,0.71767,5.85,2.25
2010.12.28 01:13:41.098,0.71701,0.71767,6.08,2.25
2010.12.28 01:13:43.030,0.71701,0.71767,6.04,2.25
2010.12.28 01:13:43.302,0.71705,0.71769,5.85,2.25
2010.12.28 01:13:44.749,0.71705,0.71769,2.40,2.25
2010.12.28 01:13:48.211,0.71705,0.71769,5.85,2.25
2010.12.28 01:13:48.660,0.71705,0.71769,2.40,2.25
2010.12.28 01:13:49.319,0.71705,0.71769,5.85,2.25
2010.12.28 01:13:53.619,0.71709,0.71773,2.40,3.75
2010.12.28 01:13:55.107,0.71705,0.71769,5.85,2.25
2010.12.28 01:14:01.535,0.71705,0.71769,2.40,2.25
2010.12.28 01:14:29.759,0.71705,0.71769,5.85,2.25
2010.12.28 01:14:29.872,0.71708,0.71772,2.48,2.25
2010.12.28 01:14:30.351,0.71705,0.71769,5.85,2.25
2010.12.28 01:14:30.511,0.71705,0.71769,2.40,2.25
2010.12.28 01:14:58.599,0.71705,0.71769,2.25,2.25
2010.12.28 01:14:58.709,0.71699,0.71763,2.25,2.25
2010.12.28 01:15:22.939,0.71696,0.71759,2.25,2.25
2010.12.28 01:15:24.523,0.71696,0.71759,2.25,2.40
2010.12.28 01:15:25.478,0.71696,0.71759,2.25,2.25
2010.12.28 01:15:28.422,0.71696,0.71759,2.25,2.33
2010.12.28 01:15:29.412,0.71696,0.71759,2.25,2.25
2010.12.28 01:15:34.040,0.71696,0.71759,2.33,2.25
2010.12.28 01:15:34.389,0.71696,0.71759,2.25,2.25
2010.12.28 01:15:43.530,0.71699,0.71763,2.25,2.25
2010.12.28 01:16:26.500,0.71699,0.71763,2.25,2.40
2010.12.28 01:16:27.446,0.71699,0.71763,2.25,2.25
2010.12.28 01:16:32.477,0.71699,0.71763,2.25,2.33
2010.12.28 01:16:33.556,0.71699,0.71763,2.25,2.25
2010.12.28 01:16:43.890,0.71699,0.71763,2.25,2.33
2010.12.28 01:16:44.758,0.71699,0.71763,2.25,2.25
2010.12.28 01:16:45.821,0.71699,0.71763,2.25,2.33
2010.12.28 01:16:47.451,0.71699,0.71763,2.25,2.25
2010.12.28 01:18:07.418,0.717,0.71766,2.25,2.25
2010.12.28 01:18:18.019,0.71697,0.71762,2.25,2.40
2010.12.28 01:18:18.417,0.71693,0.71758,3.75,3.90
2010.12.28 01:18:19.599,0.71693,0.71758,3.75,3.90
2010.12.28 01:18:23.337,0.71693,0.71758,3.75,3.90
2010.12.28 01:18:23.557,0.71688,0.71751,2.25,2.25
2010.12.28 01:18:23.898,0.71685,0.71751,2.25,2.25
2010.12.28 01:18:25.568,0.71685,0.71751,2.25,2.33
2010.12.28 01:18:27.493,0.71685,0.71751,2.25,2.25
2010.12.28 01:18:34.640,0.71671,0.71746,2.25,2.25
2010.12.28 01:18:34.752,0.71663,0.71745,2.25,2.25
2010.12.28 01:19:21.612,0.7166,0.7174,2.25,2.25
2010.12.28 01:19:24.659,0.71656,0.71736,2.25,2.25
2010.12.28 01:19:31.751,0.71652,0.71733,2.25,2.25
2010.12.28 01:19:31.859,0.71652,0.71727,2.25,2.25
2010.12.28 01:19:32.376,0.71656,0.71731,2.25,2.25
2010.12.28 01:19:46.639,0.7166,0.71735,2.25,2.25
2010.12.28 01:19:47.054,0.7166,0.71735,2.25,2.40
2010.12.28 01:19:47.335,0.7166,0.71735,2.25,2.25
2010.12.28 01:19:54.719,0.71657,0.7173,2.25,2.25
2010.12.28 01:20:11.239,0.7166,0.71735,2.25,2.25
2010.12.28 01:20:12.921,0.71656,0.71731,2.25,2.25
2010.12.28 01:20:16.030,0.71656,0.71731,2.33,2.25
2010.12.28 01:20:17.497,0.71665,0.71737,2.25,2.25
2010.12.28 01:20:23.389,0.71668,0.71741,2.25,2.25
2010.12.28 01:20:23.499,0.71672,0.71745,2.25,2.25
2010.12.28 01:20:26.239,0.71667,0.71742,2.33,2.25
2010.12.28 01:20:26.460,0.71665,0.71737,2.25,2.25
2010.12.28 01:20:27.330,0.71661,0.71734,2.25,2.25
2010.12.28 01:20:27.670,0.71659,0.71731,2.25,2.25
2010.12.28 01:20:27.999,0.71657,0.7173,2.25,2.25
2010.12.28 01:20:31.779,0.7166,0.7173,1.50,2.25
2010.12.28 01:20:31.891,0.71665,0.71737,2.25,2.25
2010.12.28 01:20:34.330,0.71667,0.71742,2.25,2.25
2010.12.28 01:20:34.768,0.71671,0.71746,2.25,2.25
2010.12.28 01:20:35.488,0.71665,0.71737,2.25,2.25
2010.12.28 01:20:37.361,0.71664,0.71738,2.25,2.25
2010.12.28 01:20:58.790,0.71661,0.71734,2.25,2.25
2010.12.28 01:21:31.554,0.71661,0.71734,2.25,2.33
2010.12.28 01:21:32.490,0.71661,0.71734,2.25,2.25
2010.12.28 01:21:33.366,0.71665,0.71737,2.25,2.25
2010.12.28 01:21:33.710,0.71668,0.71741,2.25,2.25
2010.12.28 01:21:35.750,0.71672,0.71745,2.25,2.25
2010.12.28 01:21:45.490,0.71668,0.71741,2.25,2.25
2010.12.28 01:21:59.370,0.71671,0.71746,2.25,2.25
2010.12.28 01:23:28.021,0.71667,0.71742,2.25,2.25
2010.12.28 01:23:28.399,0.71664,0.71739,2.25,2.25
2010.12.28 01:23:28.922,0.71665,0.71737,2.25,2.25
2010.12.28 01:23:29.249,0.71673,0.71738,2.25,2.25
2010.12.28 01:23:29.581,0.71677,0.71742,2.25,2.25
2010.12.28 01:23:37.427,0.71672,0.71739,2.25,2.25
2010.12.28 01:23:37.958,0.71671,0.71736,2.25,2.25
2010.12.28 01:23:49.348,0.71671,0.71743,2.25,2.25
2010.12.28 01:23:49.459,0.71667,0.71739,2.25,2.25
2010.12.28 01:24:03.069,0.71669,0.71739,1.50,2.25
2010.12.28 01:24:03.178,0.71673,0.71748,2.44,2.25
2010.12.28 01:24:03.288,0.71678,0.71751,2.25,2.25
2010.12.28 01:24:19.472,0.71678,0.71751,2.25,2.44
2010.12.28 01:24:19.882,0.71677,0.71742,2.25,2.25
2010.12.28 01:25:01.120,0.71665,0.71732,2.25,2.25
2010.12.28 01:25:01.337,0.71664,0.71729,2.25,2.25
2010.12.28 01:25:03.989,0.71665,0.71732,2.25,2.25
2010.12.28 01:25:08.218,0.71667,0.71732,2.25,2.25
2010.12.28 01:25:08.438,0.7167,0.71737,2.25,2.25
2010.12.28 01:25:11.848,0.71669,0.71736,2.25,2.25
2010.12.28 01:25:14.588,0.71665,0.71732,2.25,2.25
2010.12.28 01:25:20.588,0.71666,0.7174,2.25,2.25
2010.12.28 01:25:22.769,0.71666,0.7174,2.25,2.44
2010.12.28 01:25:22.878,0.71666,0.71731,2.25,2.25
2010.12.28 01:25:23.199,0.7167,0.71735,2.25,2.25
2010.12.28 01:25:28.965,0.71671,0.71736,2.25,2.25
2010.12.28 01:25:29.189,0.7168,0.71746,2.25,2.25
2010.12.28 01:25:30.966,0.7168,0.71746,2.33,2.25
2010.12.28 01:25:31.647,0.7168,0.71746,2.40,2.25
2010.12.28 01:25:31.663,0.71684,0.71748,2.33,2.25
2010.12.28 01:25:31.770,0.71693,0.71756,2.25,2.25
2010.12.28 01:25:32.275,0.71696,0.71759,2.25,2.25
2010.12.28 01:25:33.051,0.71701,0.71764,2.25,2.25
2010.12.28 01:25:34.157,0.71701,0.71764,2.33,2.25
2010.12.28 01:25:40.180,0.71701,0.71764,2.25,2.33
2010.12.28 01:25:42.850,0.71707,0.71768,1.50,1.58
2010.12.28 01:25:44.610,0.71695,0.7176,2.25,2.25
2010.12.28 01:25:58.319,0.71695,0.71757,2.25,1.50
2010.12.28 01:25:58.429,0.7169,0.71756,2.33,2.25
2010.12.28 01:25:58.540,0.71695,0.7176,2.25,2.25
2010.12.28 01:26:17.601,0.71687,0.71753,2.25,2.25
2010.12.28 01:26:17.835,0.71685,0.71748,2.25,2.25
2010.12.28 01:26:29.832,0.71688,0.71754,2.25,2.25
2010.12.28 01:26:34.360,0.71697,0.71759,2.25,1.65
2010.12.28 01:26:35.505,0.71697,0.7176,3.75,3.83
2010.12.28 01:26:51.571,0.71697,0.7176,3.75,3.90
2010.12.28 01:26:52.461,0.71697,0.7176,3.83,3.75
2010.12.28 01:26:53.214,0.71697,0.7176,3.75,3.75
2010.12.28 01:27:03.879,0.71701,0.71764,2.25,2.25
2010.12.28 01:27:38.362,0.71701,0.71764,2.40,2.25
2010.12.28 01:27:38.470,0.71703,0.71769,2.25,2.25
2010.12.28 01:27:50.300,0.71703,0.71769,2.25,2.40
2010.12.28 01:27:53.482,0.71703,0.71769,2.40,2.25
2010.12.28 01:28:39.649,0.71703,0.71769,2.40,2.25
2010.12.28 01:28:39.878,0.71703,0.71769,2.25,2.25
2010.12.28 01:28:41.573,0.71703,0.71769,2.33,2.25
2010.12.28 01:28:44.790,0.71706,0.71771,2.33,2.25
2010.12.28 01:28:45.011,0.71704,0.71768,2.40,2.25
2010.12.28 01:28:45.230,0.71707,0.71773,2.40,2.25
2010.12.28 01:28:45.341,0.71707,0.71773,2.33,2.33
2010.12.28 01:28:45.687,0.71707,0.71773,2.40,2.25
2010.12.28 01:28:47.348,0.71707,0.71773,2.33,2.25
2010.12.28 01:28:48.550,0.71707,0.71773,2.55,2.25
2010.12.28 01:28:48.903,0.71707,0.71773,2.40,2.25
2010.12.28 01:28:49.012,0.71713,0.71782,2.25,2.40
2010.12.28 01:28:49.120,0.71712,0.71775,2.25,2.25
2010.12.28 01:28:50.537,0.71712,0.71775,2.33,2.25
2010.12.28 01:28:52.391,0.71712,0.71775,2.25,2.25
2010.12.28 01:28:52.500,0.71713,0.71777,2.25,2.25
2010.12.28 01:28:53.675,0.71712,0.71775,2.25,2.25
2010.12.28 01:28:55.736,0.71712,0.71775,2.33,2.25
2010.12.28 01:28:56.671,0.71712,0.71775,2.25,2.25
2010.12.28 01:29:00.601,0.71707,0.71773,2.40,2.25
2010.12.28 01:29:01.511,0.71707,0.71773,2.25,2.25
2010.12.28 01:29:22.442,0.71707,0.71773,2.40,2.25
2010.12.28 01:29:25.411,0.71707,0.71773,2.33,2.33
2010.12.28 01:29:25.666,0.71707,0.71773,2.40,2.25
2010.12.28 01:29:25.995,0.71707,0.71773,2.33,2.25
2010.12.28 01:29:26.264,0.71707,0.71773,2.40,2.25
2010.12.28 01:29:26.481,0.71711,0.71775,2.33,1.50
2010.12.28 01:29:27.341,0.71711,0.71776,2.33,2.25
2010.12.28 01:29:28.341,0.71711,0.71776,2.25,2.25
2010.12.28 01:29:29.261,0.71711,0.71776,2.33,2.25
2010.12.28 01:30:00.596,0.71711,0.71776,2.25,2.25
2010.12.28 01:30:03.290,0.71711,0.71776,2.33,2.25
2010.12.28 01:30:12.914,0.71711,0.71776,2.40,2.25
2010.12.28 01:30:13.021,0.71717,0.7178,2.25,2.25
2010.12.28 01:30:14.554,0.71717,0.7178,2.33,2.25
2010.12.28 01:30:21.148,0.71717,0.7178,2.40,2.25
2010.12.28 01:30:21.263,0.71717,0.71782,2.40,1.50
2010.12.28 01:30:22.680,0.71718,0.71788,2.25,2.40
2010.12.28 01:30:24.452,0.71718,0.71788,2.33,2.33
2010.12.28 01:30:24.673,0.71718,0.71788,2.33,2.40
2010.12.28 01:30:27.655,0.71717,0.71782,2.33,1.58
2010.12.28 01:30:28.831,0.71717,0.71782,2.33,1.50
2010.12.28 01:30:30.405,0.71717,0.71782,2.40,1.50
2010.12.28 01:30:31.514,0.71717,0.71782,2.33,1.50
2010.12.28 01:30:38.260,0.71716,0.71781,2.25,2.25
2010.12.28 01:30:38.370,0.71716,0.71781,2.40,2.25
2010.12.28 01:30:39.327,0.71716,0.71781,2.25,2.25
2010.12.28 01:31:15.736,0.71716,0.71781,2.40,2.25
2010.12.28 01:31:16.185,0.71716,0.71781,2.25,2.25
2010.12.28 01:31:16.546,0.71716,0.71781,2.25,2.33
2010.12.28 01:31:16.662,0.71716,0.71781,2.25,2.25
2010.12.28 01:31:16.773,0.7171,0.71779,2.25,2.33
2010.12.28 01:31:16.882,0.7171,0.71774,2.25,1.50
2010.12.28 01:31:17.149,0.71708,0.71774,3.75,3.83
2010.12.28 01:31:17.265,0.71707,0.71768,1.50,1.50
2010.12.28 01:31:19.532,0.71707,0.71768,1.50,1.65
2010.12.28 01:31:20.553,0.71707,0.71768,1.50,1.50
2010.12.28 01:31:21.853,0.71707,0.71768,1.58,1.50
2010.12.28 01:31:23.240,0.71707,0.71768,1.65,1.50
2010.12.28 01:31:23.351,0.71708,0.71774,2.40,2.40
2010.12.28 01:31:23.581,0.71708,0.71774,2.25,2.25
2010.12.28 01:31:24.514,0.71708,0.71774,2.40,2.33
2010.12.28 01:31:24.891,0.71708,0.71774,2.33,2.33
2010.12.28 01:31:25.370,0.7171,0.71779,2.25,2.33
2010.12.28 01:31:25.592,0.7171,0.71779,2.33,2.25
2010.12.28 01:31:26.052,0.71716,0.71781,2.25,2.25
2010.12.28 01:31:47.115,0.71716,0.71781,2.25,2.40
2010.12.28 01:31:47.939,0.71716,0.71781,2.25,2.25
2010.12.28 01:31:52.919,0.71716,0.71781,2.33,2.25
2010.12.28 01:31:53.031,0.71724,0.71783,1.50,1.50
2010.12.28 01:31:54.291,0.71725,0.71782,1.50,1.50
2010.12.28 01:32:09.771,0.71725,0.71782,1.69,1.50
2010.12.28 01:32:10.101,0.71731,0.71783,1.50,1.69
2010.12.28 01:32:10.431,0.71725,0.71774,1.50,1.50
2010.12.28 01:32:10.540,0.71724,0.71783,1.50,1.69
2010.12.28 01:32:11.983,0.71724,0.71783,1.50,1.50
2010.12.28 01:32:23.992,0.71724,0.71785,1.50,2.25
2010.12.28 01:32:24.211,0.71725,0.71782,1.50,1.50
2010.12.28 01:32:38.351,0.71721,0.71774,2.25,1.50
2010.12.28 01:32:38.460,0.71717,0.71774,1.50,1.50
2010.12.28 01:32:38.572,0.71716,0.71768,1.50,1.50
2010.12.28 01:32:39.973,0.71723,0.71771,1.50,1.50
2010.12.28 01:33:01.981,0.71727,0.71779,1.50,2.25
2010.12.28 01:33:02.090,0.71727,0.71786,1.50,1.69
2010.12.28 01:33:02.311,0.71729,0.71786,2.25,1.69
2010.12.28 01:33:02.641,0.71726,0.71787,1.50,1.69
2010.12.28 01:33:02.983,0.71726,0.71787,1.50,1.50
2010.12.28 01:33:03.450,0.71726,0.71787,1.65,1.65
2010.12.28 01:33:37.380,0.71726,0.71787,1.65,1.50
2010.12.28 01:33:38.235,0.71726,0.71787,1.65,1.65
2010.12.28 01:33:39.467,0.71726,0.71787,1.65,1.50
2010.12.28 01:33:54.891,0.71726,0.71787,1.50,1.50
2010.12.28 01:33:56.655,0.71726,0.71787,1.58,1.58
2010.12.28 01:33:57.494,0.71726,0.71787,1.50,1.58
2010.12.28 01:33:59.487,0.71727,0.71786,1.50,1.50
2010.12.28 01:34:11.500,0.71727,0.71776,1.50,1.50
2010.12.28 01:34:26.611,0.71718,0.71768,1.50,1.50
2010.12.28 01:34:26.721,0.71724,0.71768,2.25,1.50
2010.12.28 01:34:26.830,0.71728,0.71776,1.50,1.50
2010.12.28 01:34:32.393,0.71727,0.71784,1.50,1.50
2010.12.28 01:34:36.550,0.71727,0.71784,1.69,1.50
2010.12.28 01:34:36.771,0.71737,0.71802,2.25,2.25
2010.12.28 01:34:38.530,0.71737,0.71802,2.40,2.25
2010.12.28 01:34:38.640,0.71742,0.71803,2.25,1.50
2010.12.28 01:34:39.305,0.71745,0.71804,1.50,1.50
2010.12.28 01:34:40.010,0.71745,0.71804,1.50,1.58
2010.12.28 01:34:46.072,0.71745,0.71804,1.50,1.50
2010.12.28 01:34:47.586,0.71745,0.71804,1.50,1.65
2010.12.28 01:34:48.306,0.71745,0.71804,1.58,1.50
2010.12.28 01:34:49.211,0.71744,0.71794,1.50,1.50
2010.12.28 01:34:53.110,0.71748,0.71798,1.50,1.50
2010.12.28 01:34:55.563,0.71753,0.71801,1.50,1.50
2010.12.28 01:35:00.400,0.71753,0.71811,1.50,1.50
2010.12.28 01:35:20.841,0.71749,0.71801,2.25,1.50
2010.12.28 01:35:21.182,0.71743,0.71802,1.50,1.50
2010.12.28 01:35:28.744,0.7174,0.71802,2.25,1.50
2010.12.28 01:35:28.852,0.71736,0.71799,2.25,2.25
2010.12.28 01:35:30.985,0.71736,0.71799,2.25,2.33
2010.12.28 01:35:32.902,0.71736,0.71799,2.25,2.25
2010.12.28 01:35:34.078,0.71736,0.71799,2.33,2.25
2010.12.28 01:35:36.441,0.7174,0.71801,2.25,1.50
2010.12.28 01:35:36.772,0.71743,0.71807,2.25,2.25
2010.12.28 01:35:38.123,0.71743,0.71807,2.25,2.40
2010.12.28 01:35:38.941,0.71743,0.71807,2.25,2.33
2010.12.28 01:35:39.271,0.7175,0.71809,1.50,1.58
2010.12.28 01:35:39.986,0.7175,0.71809,1.50,1.58
2010.12.28 01:35:40.943,0.7175,0.71809,1.50,1.50
2010.12.28 01:35:46.021,0.71752,0.71809,2.25,1.50
2010.12.28 01:35:47.452,0.71761,0.71809,1.50,1.50
2010.12.28 01:35:48.220,0.7175,0.71809,1.50,1.50
2010.12.28 01:35:48.551,0.7175,0.71813,1.50,2.33
2010.12.28 01:35:48.660,0.71752,0.71817,2.25,2.33
2010.12.28 01:35:49.545,0.71752,0.71817,2.25,2.25
2010.12.28 01:35:49.665,0.71752,0.71817,2.25,2.40
2010.12.28 01:35:50.042,0.71747,0.71809,2.33,1.50
2010.12.28 01:35:50.260,0.7175,0.71809,1.50,1.50
2010.12.28 01:35:51.295,0.71752,0.71809,2.25,1.50
2010.12.28 01:35:51.402,0.71752,0.71817,2.25,2.25
2010.12.28 01:35:51.511,0.71752,0.71817,2.25,2.40
2010.12.28 01:35:52.505,0.71752,0.71817,2.25,2.40
2010.12.28 01:35:53.774,0.71752,0.71817,2.25,2.25
2010.12.28 01:35:57.291,0.71752,0.71817,2.33,2.33
2010.12.28 01:35:58.146,0.71761,0.71817,1.50,2.33
2010.12.28 01:35:58.261,0.71761,0.71817,1.50,2.25
2010.12.28 01:35:58.650,0.71758,0.71818,2.25,1.58
2010.12.28 01:36:01.230,0.71752,0.71817,2.25,2.40
2010.12.28 01:36:03.422,0.71752,0.71817,2.25,2.55
2010.12.28 01:36:04.592,0.71752,0.71817,2.33,2.33
2010.12.28 01:36:05.766,0.71752,0.71817,2.33,2.40
2010.12.28 01:36:50.463,0.71752,0.71817,2.25,2.89
2010.12.28 01:36:50.790,0.71744,0.71803,2.33,1.50
2010.12.28 01:36:51.872,0.71744,0.71803,2.33,1.50
2010.12.28 01:36:51.984,0.71744,0.71803,2.25,1.50
2010.12.28 01:36:53.522,0.71744,0.71803,2.33,1.50
2010.12.28 01:36:56.017,0.71744,0.71803,2.25,1.58
2010.12.28 01:36:57.384,0.71744,0.71803,2.25,1.50
2010.12.28 01:36:58.358,0.71744,0.71804,2.25,1.50
2010.12.28 01:36:59.634,0.71744,0.71804,2.25,1.58
2010.12.28 01:37:00.465,0.71744,0.71804,2.33,1.50
2010.12.28 01:37:05.195,0.71744,0.71804,2.25,1.50
2010.12.28 01:37:05.713,0.71748,0.71796,1.50,1.50
2010.12.28 01:37:42.395,0.7175,0.71802,1.50,1.50
2010.12.28 01:37:42.685,0.71758,0.71809,1.50,1.58
2010.12.28 01:37:42.805,0.71758,0.71809,1.50,1.50
2010.12.28 01:38:00.501,0.71756,0.71804,1.50,1.50
2010.12.28 01:38:03.481,0.71752,0.71802,3.94,1.50
2010.12.28 01:38:10.621,0.71759,0.71809,1.50,1.58
2010.12.28 01:38:11.251,0.71759,0.71809,1.50,1.50
2010.12.28 01:38:12.525,0.71759,0.71809,1.50,1.58
2010.12.28 01:38:13.515,0.71759,0.71809,1.50,1.50
2010.12.28 01:38:14.715,0.71759,0.71809,1.50,1.77
2010.12.28 01:38:14.821,0.71756,0.71804,1.50,1.50
2010.12.28 01:38:17.702,0.71752,0.71802,1.77,1.50
2010.12.28 01:38:27.273,0.71753,0.71801,1.50,1.50
2010.12.28 01:38:57.502,0.71759,0.71811,1.50,1.50
2010.12.28 01:38:57.723,0.71753,0.71802,2.40,1.50
2010.12.28 01:38:58.051,0.71758,0.71812,1.50,1.50
2010.12.28 01:39:01.268,0.71751,0.71811,1.65,1.50
2010.12.28 01:39:01.393,0.71751,0.71811,1.50,1.50
2010.12.28 01:39:02.831,0.71751,0.71811,1.58,1.50
2010.12.28 01:39:03.161,0.71743,0.71802,2.25,1.50
2010.12.28 01:39:03.270,0.7175,0.71809,1.50,2.25
2010.12.28 01:39:03.665,0.7175,0.71802,1.50,1.50
2010.12.28 01:39:04.022,0.7175,0.71802,1.77,1.50
2010.12.28 01:39:04.350,0.71766,0.71814,1.50,1.69
2010.12.28 01:39:04.462,0.71751,0.71801,1.50,1.50
2010.12.28 01:39:04.690,0.71751,0.71811,1.50,1.69
2010.12.28 01:39:09.363,0.71751,0.71801,1.50,1.50
2010.12.28 01:39:09.581,0.7175,0.71812,1.50,1.69
2010.12.28 01:39:10.203,0.7175,0.71812,1.50,1.50
2010.12.28 01:39:13.523,0.7175,0.71812,1.58,1.50
2010.12.28 01:39:14.345,0.7175,0.71812,1.50,1.50
2010.12.28 01:39:19.331,0.7175,0.71812,1.58,1.50
2010.12.28 01:39:19.446,0.7175,0.71812,1.50,1.50
2010.12.28 01:39:19.720,0.7175,0.71812,1.65,1.50
2010.12.28 01:39:25.085,0.7175,0.71812,1.50,1.65
2010.12.28 01:39:27.586,0.7175,0.71812,1.65,1.50
2010.12.28 01:39:30.404,0.7175,0.71812,1.58,1.50
2010.12.28 01:39:31.364,0.7175,0.71812,1.50,1.50
2010.12.28 01:39:34.133,0.7175,0.71812,1.58,1.50
2010.12.28 01:39:34.245,0.7175,0.71812,1.50,1.50
2010.12.28 01:39:35.428,0.7175,0.71812,1.58,1.50
2010.12.28 01:39:37.409,0.7175,0.71812,1.50,1.50
2010.12.28 01:39:38.136,0.71751,0.71811,1.50,1.50
2010.12.28 01:39:40.543,0.71751,0.71811,1.58,1.50
2010.12.28 01:39:41.631,0.71751,0.71811,1.50,1.50
2010.12.28 01:39:50.097,0.71749,0.71812,2.25,1.50
2010.12.28 01:39:57.423,0.71749,0.71812,2.33,1.50
2010.12.28 01:39:58.555,0.71749,0.71812,2.25,1.50
2010.12.28 01:40:06.933,0.7175,0.71812,1.58,1.50
2010.12.28 01:40:08.662,0.7175,0.71812,1.58,1.58
2010.12.28 01:40:09.702,0.7175,0.71812,1.58,1.50
2010.12.28 01:40:21.777,0.7175,0.71812,1.50,1.58
2010.12.28 01:40:23.474,0.7175,0.71812,1.58,1.50
2010.12.28 01:40:26.835,0.7175,0.71812,1.50,1.58
2010.12.28 01:40:26.995,0.7175,0.71812,1.50,1.58
2010.12.28 01:40:27.562,0.7175,0.71812,1.50,1.50
2010.12.28 01:40:30.583,0.7175,0.71812,1.58,1.58
2010.12.28 01:40:31.937,0.7175,0.71812,1.50,1.58
2010.12.28 01:40:32.275,0.7175,0.71812,1.58,1.58
2010.12.28 01:40:32.491,0.71749,0.71812,2.25,1.65
2010.12.28 01:40:32.861,0.71749,0.71812,2.33,1.58
2010.12.28 01:40:34.376,0.71749,0.71812,2.25,1.58
2010.12.28 01:40:35.814,0.71749,0.71812,2.33,1.50
2010.12.28 01:40:35.921,0.71749,0.71812,2.25,1.50
2010.12.28 01:40:37.132,0.71749,0.71812,2.25,1.65
2010.12.28 01:40:37.440,0.71749,0.71812,2.25,1.50
2010.12.28 01:40:37.805,0.71749,0.71812,2.25,1.65
2010.12.28 01:40:38.985,0.71749,0.71812,2.25,1.58
2010.12.28 01:40:39.094,0.71749,0.71812,2.33,1.50
2010.12.28 01:40:39.621,0.71752,0.71812,2.33,1.58
2010.12.28 01:40:39.951,0.71748,0.71812,2.25,1.50
2010.12.28 01:40:57.936,0.71748,0.71812,2.40,1.84
2010.12.28 01:40:58.162,0.71739,0.71804,2.25,2.25
2010.12.28 01:40:58.457,0.71744,0.71808,2.25,2.33
2010.12.28 01:41:00.603,0.71733,0.718,2.25,2.25
2010.12.28 01:41:00.964,0.71735,0.71798,2.25,2.25
2010.12.28 01:41:01.072,0.71739,0.71804,2.25,2.25
2010.12.28 01:41:01.181,0.71739,0.71804,2.25,2.33
2010.12.28 01:41:01.291,0.71734,0.71799,2.25,2.25
2010.12.28 01:41:01.620,0.7174,0.71803,2.25,2.25
2010.12.28 01:41:01.951,0.71735,0.71798,2.25,2.25
2010.12.28 01:41:02.171,0.71739,0.71804,2.25,2.25
2010.12.28 01:41:02.483,0.71735,0.71798,2.25,2.25
2010.12.28 01:41:02.590,0.71739,0.71804,2.25,2.25
2010.12.28 01:41:02.703,0.71739,0.71804,2.25,2.33
2010.12.28 01:41:02.811,0.71734,0.71799,2.25,2.25
2010.12.28 01:41:03.032,0.71739,0.71802,2.25,1.50
2010.12.28 01:41:03.140,0.71739,0.71804,2.25,2.25
2010.12.28 01:41:03.251,0.71735,0.71798,2.25,2.25
2010.12.28 01:41:03.580,0.71739,0.71804,2.25,2.25
2010.12.28 01:41:03.802,0.71732,0.71789,1.69,2.25
2010.12.28 01:41:04.150,0.71734,0.71799,2.25,2.25
2010.12.28 01:41:04.370,0.7173,0.71794,2.25,2.25
2010.12.28 01:41:04.591,0.71733,0.718,2.25,2.25
2010.12.28 01:41:04.811,0.7173,0.71794,2.25,2.25
2010.12.28 01:41:05.141,0.71733,0.718,2.25,2.25
2010.12.28 01:41:05.361,0.71729,0.71795,2.25,2.25
2010.12.28 01:41:05.692,0.71734,0.71799,2.25,2.25
2010.12.28 01:41:05.910,0.71729,0.71795,2.25,2.25
2010.12.28 01:41:06.131,0.71734,0.71799,2.25,2.25
2010.12.28 01:41:06.351,0.71729,0.71795,2.25,2.25
2010.12.28 01:41:06.733,0.71734,0.71799,2.25,2.25
2010.12.28 01:41:07.281,0.7173,0.71794,2.25,2.25
2010.12.28 01:41:07.831,0.71729,0.71795,2.25,2.25
2010.12.28 01:41:08.357,0.7173,0.71794,2.25,2.25
2010.12.28 01:41:08.582,0.71733,0.718,2.25,2.25
2010.12.28 01:41:08.801,0.71729,0.71795,2.25,2.25
2010.12.28 01:41:09.130,0.71734,0.71799,2.25,2.25
2010.12.28 01:41:09.461,0.7173,0.71794,2.25,2.25
2010.12.28 01:41:09.571,0.71735,0.71808,2.25,2.25
2010.12.28 01:41:09.981,0.7174,0.71803,2.25,2.25
2010.12.28 01:41:10.090,0.71743,0.7181,2.25,2.25
2010.12.28 01:41:10.422,0.7174,0.71803,2.25,2.25
2010.12.28 01:41:10.641,0.71744,0.71818,2.25,2.25
2010.12.28 01:41:10.861,0.71744,0.71809,2.25,2.25
2010.12.28 01:41:11.081,0.71745,0.71817,2.25,2.25
2010.12.28 01:41:11.411,0.71743,0.7181,2.25,2.25
2010.12.28 01:41:11.631,0.71744,0.71818,2.25,2.25
2010.12.28 01:41:12.039,0.71743,0.7181,2.25,2.25
2010.12.28 01:41:12.141,0.71744,0.71818,2.25,2.25
2010.12.28 01:41:12.361,0.71743,0.7181,2.25,2.25
2010.12.28 01:41:12.580,0.71744,0.71818,2.25,2.25
2010.12.28 01:41:12.801,0.71743,0.7181,2.25,2.25
2010.12.28 01:41:13.021,0.71745,0.71817,2.25,2.25
2010.12.28 01:41:13.351,0.71743,0.7181,2.25,2.25
2010.12.28 01:41:13.571,0.71745,0.71817,2.25,2.25
2010.12.28 01:41:13.929,0.71743,0.7181,2.25,2.25
2010.12.28 01:41:14.052,0.71745,0.71817,2.25,2.25
2010.12.28 01:41:14.381,0.71744,0.71809,2.25,2.25
2010.12.28 01:41:14.603,0.71744,0.71818,2.25,2.25
2010.12.28 01:41:14.820,0.71744,0.71809,2.25,2.25
2010.12.28 01:41:15.152,0.71745,0.71817,2.25,2.25
2010.12.28 01:41:15.463,0.71743,0.7181,2.25,2.25
2010.12.28 01:41:15.572,0.71745,0.71817,2.25,2.25
2010.12.28 01:41:15.791,0.71744,0.71809,2.25,2.25
2010.12.28 01:41:16.071,0.71745,0.71817,2.25,2.25
2010.12.28 01:41:16.290,0.71743,0.7181,2.25,2.25
2010.12.28 01:41:16.630,0.71745,0.71817,2.25,2.25
2010.12.28 01:41:16.850,0.71744,0.71809,2.25,2.25
2010.12.28 01:41:17.550,0.71745,0.71817,2.25,2.25
2010.12.28 01:41:17.883,0.71744,0.71809,2.25,2.25
2010.12.28 01:41:18.100,0.71745,0.71817,2.25,2.25
2010.12.28 01:41:18.320,0.71743,0.7181,2.25,2.25
2010.12.28 01:41:18.541,0.71745,0.71817,2.25,2.25
2010.12.28 01:41:18.870,0.71743,0.7181,2.25,2.25
2010.12.28 01:41:19.091,0.71744,0.71818,2.25,2.25
2010.12.28 01:41:19.311,0.71744,0.71809,2.25,2.25
2010.12.28 01:41:19.741,0.71745,0.71817,2.25,2.25
2010.12.28 01:41:19.851,0.71744,0.71809,2.25,2.25
2010.12.28 01:41:20.071,0.71745,0.71817,2.25,2.25
2010.12.28 01:41:20.291,0.71743,0.7181,2.25,2.25
2010.12.28 01:41:20.621,0.71744,0.71818,2.25,2.25
2010.12.28 01:41:20.841,0.71743,0.7181,2.25,2.25
2010.12.28 01:41:21.261,0.71743,0.7181,2.25,2.25
2010.12.28 01:41:21.631,0.71744,0.71818,2.25,2.25
2010.12.28 01:41:21.851,0.71743,0.7181,2.25,2.25
2010.12.28 01:41:22.071,0.71745,0.71817,2.25,2.25
2010.12.28 01:41:22.641,0.71744,0.71818,2.25,2.25
2010.12.28 01:41:22.861,0.71744,0.71809,2.25,2.25
2010.12.28 01:41:23.081,0.71745,0.71817,2.25,2.25
2010.12.28 01:41:23.301,0.71743,0.7181,2.25,2.25
2010.12.28 01:41:23.651,0.71744,0.71818,2.25,2.25
2010.12.28 01:41:23.872,0.71743,0.7181,2.25,2.25
2010.12.28 01:41:24.202,0.71747,0.71822,2.25,2.44
2010.12.28 01:41:24.432,0.71747,0.71812,2.25,2.25
2010.12.28 01:41:24.651,0.71748,0.71821,2.25,2.25
2010.12.28 01:41:24.762,0.71748,0.71821,2.25,2.44
2010.12.28 01:41:25.091,0.71747,0.71822,2.25,2.25
2010.12.28 01:41:25.311,0.71747,0.71812,2.25,2.25
2010.12.28 01:41:25.640,0.71747,0.71822,2.25,2.25
2010.12.28 01:41:25.752,0.71747,0.71822,2.25,2.44
2010.12.28 01:41:26.191,0.71747,0.71822,2.25,2.25
2010.12.28 01:41:26.602,0.71747,0.71822,2.25,2.25
2010.12.28 01:41:26.712,0.71747,0.7182,2.25,1.69
2010.12.28 01:41:27.041,0.71748,0.7182,2.25,1.50
2010.12.28 01:41:27.262,0.71748,0.71821,2.25,2.44
2010.12.28 01:41:27.812,0.71746,0.71813,2.25,2.25
2010.12.28 01:41:28.153,0.71748,0.71821,2.25,2.44
2010.12.28 01:41:28.371,0.71746,0.71813,2.25,2.25
2010.12.28 01:41:28.590,0.71748,0.71821,2.25,2.25
2010.12.28 01:41:28.811,0.71747,0.71812,2.25,2.25
2010.12.28 01:41:29.032,0.71748,0.71821,2.25,3.75
2010.12.28 01:41:29.251,0.71748,0.71821,2.25,2.44
2010.12.28 01:41:29.694,0.71747,0.71821,2.25,1.50
2010.12.28 01:41:29.803,0.71747,0.71812,2.25,2.25
2010.12.28 01:41:30.130,0.71747,0.71822,2.25,2.44
2010.12.28 01:41:30.350,0.71747,0.71812,2.25,2.25
2010.12.28 01:41:30.571,0.71748,0.71821,2.25,3.75
2010.12.28 01:41:30.682,0.71748,0.71821,2.25,2.44
2010.12.28 01:41:31.012,0.71747,0.71812,2.25,2.25
2010.12.28 01:41:31.121,0.71747,0.71822,2.25,2.25
2010.12.28 01:41:31.232,0.71747,0.71822,2.25,2.44
2010.12.28 01:41:31.561,0.71748,0.71821,2.25,2.25
2010.12.28 01:41:32.229,0.71748,0.7182,2.25,1.50
2010.12.28 01:41:32.342,0.71747,0.71812,2.25,2.25
2010.12.28 01:41:32.562,0.71748,0.71821,2.25,2.25
2010.12.28 01:41:32.672,0.71748,0.71821,2.25,2.44
2010.12.28 01:41:33.002,0.71746,0.71813,2.25,2.25
2010.12.28 01:41:33.111,0.71747,0.71822,2.25,2.25
2010.12.28 01:41:33.223,0.71747,0.7182,2.25,1.69
2010.12.28 01:41:33.551,0.71748,0.7182,2.25,1.50
2010.12.28 01:41:33.962,0.71748,0.7182,2.25,1.69
2010.12.28 01:41:34.073,0.71748,0.7182,2.25,1.50
2010.12.28 01:41:34.182,0.71748,0.71821,2.25,2.44
2010.12.28 01:41:34.512,0.71747,0.71821,2.25,1.50
2010.12.28 01:41:34.732,0.71747,0.71822,2.25,2.44
2010.12.28 01:41:35.249,0.71748,0.71821,2.25,2.25
2010.12.28 01:41:35.362,0.71747,0.71812,2.25,2.25
2010.12.28 01:41:35.581,0.71747,0.71822,2.25,2.25
2010.12.28 01:41:35.692,0.71747,0.7182,2.25,1.69
2010.12.28 01:41:36.021,0.71747,0.71822,2.25,2.25
2010.12.28 01:41:36.261,0.71746,0.71813,2.25,2.25
2010.12.28 01:41:36.592,0.71748,0.71821,2.25,2.25
2010.12.28 01:41:36.701,0.71748,0.71821,2.25,2.44
2010.12.28 01:41:37.113,0.71748,0.7182,2.25,1.50
2010.12.28 01:41:37.222,0.71748,0.71821,2.25,2.44
2010.12.28 01:41:37.579,0.71746,0.71813,2.25,2.25
2010.12.28 01:41:37.692,0.71748,0.71821,2.25,2.44
2010.12.28 01:41:37.800,0.71746,0.71813,2.25,2.25
2010.12.28 01:41:38.023,0.71748,0.71821,2.25,2.25
2010.12.28 01:41:38.426,0.71746,0.71813,2.25,2.25
2010.12.28 01:41:38.651,0.71747,0.71822,2.25,2.25
2010.12.28 01:41:38.761,0.71747,0.71822,2.25,2.44
2010.12.28 01:41:39.090,0.71747,0.71822,2.25,2.25
2010.12.28 01:44:06.772,0.71746,0.71813,2.25,2.25
2010.12.28 01:44:28.221,0.71751,0.71816,2.25,2.25
2010.12.28 01:44:31.081,0.7175,0.71817,2.25,2.25
2010.12.28 01:44:58.711,0.71747,0.71812,2.25,2.25
2010.12.28 01:45:01.461,0.71748,0.71821,2.25,2.25
2010.12.28 01:45:05.966,0.71756,0.71823,2.25,2.25
2010.12.28 01:45:06.293,0.71766,0.71841,2.25,2.25
2010.12.28 01:45:21.824,0.71763,0.71837,2.25,2.25
2010.12.28 01:45:22.152,0.7176,0.71833,2.25,2.25
2010.12.28 01:45:22.832,0.71764,0.71836,2.25,2.25
2010.12.28 01:45:30.891,0.71777,0.71844,2.25,2.25
2010.12.28 01:45:52.482,0.71777,0.71844,2.25,2.44
2010.12.28 01:45:52.591,0.71768,0.71824,2.25,2.25
2010.12.28 01:45:52.813,0.71777,0.71844,2.25,2.25
2010.12.28 01:45:53.142,0.71777,0.71835,2.25,2.25
2010.12.28 01:45:53.446,0.71778,0.71843,2.25,2.25
2010.12.28 01:47:37.843,0.71774,0.71839,2.25,2.25
2010.12.28 01:47:38.283,0.71767,0.71832,2.25,2.25
2010.12.28 01:47:38.673,0.71771,0.71836,2.25,2.25
2010.12.28 01:47:39.004,0.71774,0.71839,2.25,2.25
2010.12.28 01:47:57.123,0.71772,0.71832,2.25,2.25
2010.12.28 01:48:08.501,0.71769,0.71825,2.25,2.25
2010.12.28 01:48:11.382,0.71764,0.71821,2.25,2.25
2010.12.28 01:48:22.283,0.71754,0.71812,2.25,2.25
2010.12.28 01:48:22.502,0.71757,0.71816,2.25,2.25
2010.12.28 01:48:22.776,0.71762,0.71819,2.25,2.25
2010.12.28 01:48:23.103,0.71766,0.71823,2.25,2.25
2010.12.28 01:48:23.212,0.71768,0.71828,2.25,2.25
2010.12.28 01:48:23.512,0.71766,0.71823,2.25,2.25
2010.12.28 01:48:23.962,0.71762,0.71819,2.25,2.25
2010.12.28 01:48:24.675,0.7175,0.71804,1.50,2.25
2010.12.28 01:48:24.893,0.71738,0.71796,2.25,2.25
2010.12.28 01:49:16.573,0.71751,0.71801,1.50,1.50
2010.12.28 01:49:26.463,0.71743,0.7181,2.25,2.25
2010.12.28 01:49:26.682,0.71745,0.71817,2.25,2.25
2010.12.28 01:49:33.443,0.71772,0.71837,2.25,2.25
2010.12.28 01:49:33.773,0.71771,0.71829,2.25,2.25
2010.12.28 01:49:34.105,0.71772,0.71837,2.25,2.25
2010.12.28 01:49:34.321,0.71773,0.71846,2.25,2.25
2010.12.28 01:49:34.552,0.71772,0.71837,2.25,2.25
2010.12.28 01:49:34.771,0.71773,0.71846,2.25,2.25
2010.12.28 01:49:35.251,0.71772,0.71837,2.25,2.25
2010.12.28 01:49:35.363,0.71772,0.71847,2.25,2.25
2010.12.28 01:49:35.815,0.71771,0.71838,2.25,2.25
2010.12.28 01:49:35.923,0.71772,0.71847,2.25,2.44
2010.12.28 01:49:36.252,0.71772,0.71837,2.25,2.25
2010.12.28 01:49:36.362,0.71773,0.71846,2.25,2.25
2010.12.28 01:49:36.582,0.71771,0.71838,2.25,2.25
2010.12.28 01:49:36.912,0.71773,0.71846,2.25,2.25
2010.12.28 01:49:37.141,0.71772,0.71837,2.25,2.25
2010.12.28 01:49:37.361,0.71772,0.71847,2.25,2.25
2010.12.28 01:49:37.582,0.71771,0.71838,2.25,2.25
2010.12.28 01:49:37.912,0.71772,0.71847,2.25,2.25
2010.12.28 01:49:38.024,0.71772,0.71837,2.25,2.25
2010.12.28 01:49:38.463,0.71773,0.71846,2.25,2.25
2010.12.28 01:49:38.572,0.71772,0.71837,2.25,2.25
2010.12.28 01:49:38.792,0.71772,0.71847,2.25,2.25
2010.12.28 01:49:39.032,0.71772,0.71837,2.25,2.25
2010.12.28 01:49:39.362,0.71773,0.71846,2.25,2.25
2010.12.28 01:49:39.581,0.71772,0.71837,2.25,2.25
2010.12.28 01:49:40.122,0.71772,0.71837,2.25,2.25
2010.12.28 01:49:40.342,0.71772,0.71847,2.25,2.25
2010.12.28 01:49:40.563,0.71771,0.71838,2.25,2.25
2010.12.28 01:49:40.782,0.71773,0.71846,2.25,2.25
2010.12.28 01:49:41.112,0.71772,0.71837,2.25,2.25
2010.12.28 01:49:41.332,0.71773,0.71846,2.25,2.25
2010.12.28 01:49:41.648,0.71772,0.71837,2.25,2.25
2010.12.28 01:49:41.765,0.71773,0.71846,2.25,2.25
2010.12.28 01:49:42.093,0.71772,0.71837,2.25,2.25
2010.12.28 01:49:42.314,0.71772,0.71847,2.25,2.25
2010.12.28 01:49:42.533,0.71771,0.71838,2.25,2.25
2010.12.28 01:49:42.944,0.71773,0.71846,2.25,2.25
2010.12.28 01:49:43.053,0.71772,0.71837,2.25,2.25
2010.12.28 01:49:43.291,0.71772,0.71847,2.25,2.44
2010.12.28 01:49:43.513,0.71772,0.71837,2.25,2.25
2010.12.28 01:49:43.843,0.71773,0.71846,2.25,2.25
2010.12.28 01:49:44.061,0.71771,0.71838,2.25,2.25
2010.12.28 01:49:44.463,0.71773,0.71846,2.25,2.25
2010.12.28 01:49:44.573,0.71772,0.71837,2.25,2.25
2010.12.28 01:49:44.792,0.71772,0.71847,2.25,2.25
2010.12.28 01:49:45.012,0.71771,0.71838,2.25,2.25
2010.12.28 01:49:45.342,0.71766,0.71824,2.33,2.25
2010.12.28 01:49:45.773,0.71766,0.71824,2.25,2.25
2010.12.28 01:49:45.882,0.71766,0.71824,2.33,2.25
2010.12.28 01:49:46.402,0.71766,0.71824,2.25,2.25
2010.12.28 01:49:46.672,0.71768,0.71824,1.50,2.25
2010.12.28 01:49:46.983,0.71766,0.71823,2.25,2.25
2010.12.28 01:49:50.353,0.71768,0.71828,2.25,2.25
2010.12.28 01:49:56.322,0.71773,0.7183,2.25,2.25
2010.12.28 01:50:01.562,0.71768,0.71828,2.25,2.25
2010.12.28 01:50:25.141,0.71769,0.71836,2.25,2.25
2010.12.28 01:50:25.252,0.7177,0.71845,2.25,2.33
2010.12.28 01:50:25.362,0.7177,0.71845,2.25,2.25
2010.12.28 01:50:25.582,0.71769,0.71836,2.25,2.25
2010.12.28 01:50:26.222,0.71769,0.71836,2.25,2.25
2010.12.28 01:50:26.332,0.71771,0.71844,2.25,2.25
2010.12.28 01:50:26.552,0.71769,0.71836,2.25,2.25
2010.12.28 01:50:26.821,0.71771,0.71844,2.25,2.25
2010.12.28 01:50:27.042,0.7177,0.71835,2.25,2.25
2010.12.28 01:50:27.371,0.7177,0.71845,2.25,2.25
2010.12.28 01:50:27.592,0.7177,0.71835,2.25,2.25
2010.12.28 01:50:27.812,0.7177,0.71845,2.25,2.25
2010.12.28 01:50:33.123,0.7177,0.71845,2.25,2.44
2010.12.28 01:50:33.452,0.71765,0.71821,2.25,2.25
2010.12.28 01:50:34.173,0.7175,0.71817,2.25,2.25
2010.12.28 01:50:34.392,0.71755,0.7182,2.25,2.25
2010.12.28 01:50:34.641,0.71755,0.7183,2.25,2.25
2010.12.28 01:50:34.862,0.71754,0.71821,2.25,2.25
2010.12.28 01:50:34.972,0.71755,0.7183,2.25,2.25
2010.12.28 01:50:35.263,0.71749,0.71807,2.33,2.25
2010.12.28 01:50:37.288,0.71749,0.71807,2.33,2.25
2010.12.28 01:50:38.453,0.71749,0.71807,2.25,2.25
2010.12.28 01:50:38.731,0.71749,0.71807,2.33,2.25
2010.12.28 01:50:39.402,0.71769,0.71825,2.25,2.25
2010.12.28 01:50:39.732,0.71764,0.7182,2.25,2.25
2010.12.28 01:50:40.079,0.71773,0.7183,2.25,2.25
2010.12.28 01:50:43.173,0.71756,0.71829,2.25,2.25
2010.12.28 01:50:44.924,0.71756,0.71829,2.44,2.25
2010.12.28 01:50:45.253,0.71763,0.7183,2.25,2.25
2010.12.28 01:50:45.653,0.71772,0.71831,2.25,2.25
2010.12.28 01:50:50.022,0.71769,0.71827,2.25,2.25
2010.12.28 01:50:53.104,0.7177,0.71829,2.25,2.25
2010.12.28 01:50:53.997,0.71768,0.71828,2.33,2.25
2010.12.28 01:51:07.175,0.71768,0.71828,2.25,2.44
2010.12.28 01:51:07.393,0.71759,0.71817,2.25,2.25
2010.12.28 01:51:07.792,0.7175,0.71808,2.25,2.25
2010.12.28 01:51:11.150,0.7175,0.71808,2.33,2.25
2010.12.28 01:51:11.262,0.71756,0.71812,2.25,2.25
2010.12.28 01:51:23.295,0.71751,0.71807,2.25,2.25
2010.12.28 01:51:30.492,0.71745,0.71803,2.25,2.25
2010.12.28 01:51:33.713,0.71741,0.71797,2.25,2.25
2010.12.28 01:51:34.392,0.71746,0.718,2.25,1.50
2010.12.28 01:51:35.526,0.71748,0.718,1.50,1.50
2010.12.28 01:51:36.447,0.71748,0.718,1.69,1.50
2010.12.28 01:51:36.812,0.71764,0.71812,1.50,1.50
2010.12.28 01:51:37.783,0.71764,0.71812,1.50,2.44
2010.12.28 01:51:38.004,0.7174,0.71798,2.25,2.44
2010.12.28 01:51:38.802,0.7174,0.71798,2.25,2.25
2010.12.28 01:51:39.024,0.7174,0.71798,3.83,2.25
2010.12.28 01:51:39.351,0.71746,0.71802,2.25,2.25
2010.12.28 01:51:40.561,0.71751,0.71807,2.25,2.25
2010.12.28 01:51:43.304,0.7175,0.71808,2.25,3.75
2010.12.28 01:51:45.066,0.7175,0.71808,2.25,3.83
2010.12.28 01:51:47.635,0.7175,0.71808,2.25,3.75
2010.12.28 01:51:47.982,0.71746,0.71802,2.25,2.25
2010.12.28 01:51:49.617,0.71748,0.71802,1.50,2.25
2010.12.28 01:51:49.841,0.7175,0.71808,2.25,2.25
2010.12.28 01:51:54.655,0.71759,0.71808,1.50,1.50
2010.12.28 01:52:00.400,0.71759,0.71808,1.50,1.58
2010.12.28 01:52:00.703,0.71745,0.71803,2.25,2.25
2010.12.28 01:52:03.892,0.71749,0.71803,1.50,2.25
2010.12.28 01:52:04.002,0.71751,0.71807,2.25,2.25
2010.12.28 01:52:07.142,0.71759,0.71808,1.50,1.50
2010.12.28 01:52:07.733,0.71758,0.71809,1.50,1.50
2010.12.28 01:52:33.233,0.71758,0.71809,1.50,1.58
2010.12.28 01:52:33.452,0.71745,0.71803,2.25,2.25
2010.12.28 01:52:35.823,0.71747,0.71805,2.25,2.25
2010.12.28 01:52:36.284,0.7175,0.71806,2.33,2.25
2010.12.28 01:52:37.553,0.7175,0.71806,2.25,2.33
2010.12.28 01:52:38.575,0.7175,0.71806,2.25,2.25
2010.12.28 01:52:42.754,0.7175,0.71806,2.33,2.25
2010.12.28 01:52:42.864,0.7175,0.71806,2.25,2.25
2010.12.28 01:52:43.193,0.71736,0.71801,2.44,2.25
2010.12.28 01:52:43.403,0.71744,0.71802,2.25,2.25
2010.12.28 01:52:45.357,0.71746,0.71802,1.50,2.25
2010.12.28 01:52:45.728,0.7175,0.71806,2.25,2.40
2010.12.28 01:52:46.455,0.7175,0.71806,2.25,2.33
2010.12.28 01:52:49.499,0.7175,0.71806,2.25,2.40
2010.12.28 01:52:50.668,0.7175,0.71806,2.25,2.33
2010.12.28 01:52:50.784,0.7175,0.71806,2.25,2.25
2010.12.28 01:52:59.606,0.7175,0.71806,2.25,2.33
2010.12.28 01:52:59.822,0.71754,0.71809,2.25,1.77
2010.12.28 01:52:59.932,0.71755,0.71808,1.50,1.84
2010.12.28 01:53:00.836,0.71755,0.71808,1.50,1.84
2010.12.28 01:53:07.587,0.71755,0.71808,1.50,1.58
2010.12.28 01:53:08.132,0.71755,0.71808,1.50,1.58
2010.12.28 01:53:08.687,0.71755,0.71808,1.50,1.58
2010.12.28 01:53:09.044,0.71747,0.71807,2.25,2.25
2010.12.28 01:53:10.480,0.71747,0.71807,2.25,2.40
2010.12.28 01:53:14.561,0.71747,0.71807,2.25,2.40
2010.12.28 01:53:19.695,0.71747,0.71807,2.25,2.55
2010.12.28 01:53:20.022,0.71747,0.71807,2.25,2.55
2010.12.28 01:53:20.132,0.71744,0.71801,1.50,2.25
2010.12.28 01:53:20.514,0.71747,0.71807,2.25,2.55
2010.12.28 01:53:20.623,0.71745,0.71799,1.50,1.65
2010.12.28 01:53:20.733,0.71744,0.71801,1.50,2.25
2010.12.28 01:53:20.843,0.71747,0.71807,2.25,2.55
2010.12.28 01:53:21.173,0.71745,0.71799,1.50,1.65
2010.12.28 01:53:21.392,0.71748,0.71806,2.25,2.40
2010.12.28 01:53:21.634,0.71745,0.71801,1.50,2.40
2010.12.28 01:53:21.744,0.71744,0.718,1.50,1.50
2010.12.28 01:53:21.852,0.71748,0.71806,2.25,2.40
2010.12.28 01:53:22.072,0.71738,0.71797,2.25,2.52
2010.12.28 01:53:22.622,0.71745,0.71799,1.50,1.77
2010.12.28 01:53:22.976,0.71747,0.71807,2.25,2.33
2010.12.28 01:53:23.238,0.71747,0.71807,2.25,2.33
2010.12.28 01:53:23.442,0.71747,0.71807,2.25,2.33
2010.12.28 01:53:23.951,0.71747,0.71807,2.25,2.40
2010.12.28 01:53:28.524,0.71747,0.71807,2.25,2.33
2010.12.28 01:53:30.435,0.71747,0.71807,2.25,2.40
2010.12.28 01:53:32.171,0.71747,0.71807,2.25,2.40
2010.12.28 01:53:33.524,0.71747,0.71807,2.25,2.40
2010.12.28 01:53:52.771,0.71747,0.71807,2.25,2.25
2010.12.28 01:53:53.190,0.71749,0.71824,2.25,2.33
2010.12.28 01:53:54.475,0.71749,0.71824,2.25,2.40
2010.12.28 01:53:55.033,0.71749,0.71824,2.25,2.55
2010.12.28 01:53:56.163,0.71749,0.71824,2.25,2.40
2010.12.28 01:53:56.692,0.71749,0.71824,2.25,2.55
2010.12.28 01:53:58.391,0.71749,0.71824,2.25,2.40
2010.12.28 01:53:59.073,0.71749,0.71824,2.25,2.33
2010.12.28 01:53:59.190,0.71749,0.71824,2.25,2.40
2010.12.28 01:53:59.305,0.71749,0.71824,2.25,2.33
2010.12.28 01:53:59.535,0.71749,0.71824,2.25,2.40
2010.12.28 01:53:59.640,0.71749,0.71824,2.25,2.33
2010.12.28 01:54:00.193,0.71749,0.71824,2.25,2.33
2010.12.28 01:54:00.303,0.71749,0.71824,2.25,2.25
2010.12.28 01:54:01.564,0.71749,0.71824,2.25,2.33
2010.12.28 01:54:13.823,0.71749,0.71824,2.25,2.25
2010.12.28 01:54:14.153,0.71749,0.71824,2.25,2.33
2010.12.28 01:54:17.475,0.71749,0.71824,2.25,2.25
2010.12.28 01:54:18.115,0.71749,0.71819,2.25,1.69
2010.12.28 01:54:18.342,0.7175,0.71823,2.25,2.25
2010.12.28 01:54:18.782,0.7175,0.71823,2.25,2.25
2010.12.28 01:54:18.891,0.7175,0.71823,2.25,2.44
2010.12.28 01:54:19.220,0.71749,0.71814,2.25,2.25
2010.12.28 01:54:19.330,0.71749,0.71819,2.25,1.50
2010.12.28 01:54:19.643,0.71748,0.71815,2.25,2.25
2010.12.28 01:54:19.752,0.7175,0.71819,2.25,1.50
2010.12.28 01:54:19.860,0.7175,0.71823,2.25,2.44
2010.12.28 01:54:19.970,0.71748,0.71815,2.25,2.25
2010.12.28 01:54:20.301,0.7175,0.71823,2.25,2.44
2010.12.28 01:54:20.410,0.7175,0.71823,2.25,2.63
2010.12.28 01:54:20.960,0.71749,0.71824,2.25,2.63
2010.12.28 01:54:21.628,0.7175,0.71823,2.25,2.63
2010.12.28 01:54:21.851,0.71749,0.71824,2.25,2.44
2010.12.28 01:54:21.961,0.71749,0.71824,2.25,2.63
2010.12.28 01:54:22.400,0.7175,0.71823,2.25,2.44
2010.12.28 01:54:22.511,0.71749,0.71814,2.25,2.25
2010.12.28 01:54:22.951,0.71749,0.71824,2.25,2.63
2010.12.28 01:54:23.060,0.71748,0.71815,2.25,2.25
2010.12.28 01:54:23.485,0.7175,0.71823,2.25,2.44
2010.12.28 01:54:23.591,0.71748,0.71815,2.25,2.25
2010.12.28 01:54:23.811,0.71749,0.71819,2.25,1.50
2010.12.28 01:54:23.920,0.71749,0.71824,2.25,2.44
2010.12.28 01:54:24.031,0.71749,0.71814,2.25,2.25
2010.12.28 01:54:24.361,0.7175,0.71823,2.25,2.63
2010.12.28 01:54:24.580,0.71748,0.71815,2.25,2.25
2010.12.28 01:54:24.801,0.7175,0.71823,2.25,2.44
2010.12.28 01:54:25.021,0.7175,0.71823,2.25,2.63
2010.12.28 01:54:25.560,0.71749,0.71814,2.25,2.25
2010.12.28 01:54:25.780,0.7175,0.71819,2.25,1.50
2010.12.28 01:54:26.110,0.71749,0.71814,2.25,2.25
2010.12.28 01:54:26.330,0.7175,0.71819,2.25,1.50
2010.12.28 01:54:26.550,0.71748,0.71815,2.25,2.25
2010.12.28 01:54:26.771,0.71749,0.71824,2.25,2.44
2010.12.28 01:54:26.990,0.71749,0.71819,2.25,1.69
2010.12.28 01:54:27.320,0.71749,0.71824,2.25,2.44
2010.12.28 01:54:27.430,0.71749,0.71818,2.25,1.50
2010.12.28 01:54:27.740,0.71748,0.71815,2.25,2.25
2010.12.28 01:54:27.850,0.71749,0.71824,2.25,2.63
2010.12.28 01:54:28.070,0.71748,0.71815,2.25,2.25
2010.12.28 01:54:28.290,0.71749,0.71824,2.25,2.44
2010.12.28 01:54:28.510,0.71749,0.71814,2.25,2.25
2010.12.28 01:54:28.840,0.71749,0.71818,2.25,1.50
2010.12.28 01:54:29.060,0.71749,0.71814,2.25,2.25
2010.12.28 01:54:29.280,0.71749,0.71824,2.25,2.44
2010.12.28 01:54:29.683,0.71749,0.71814,2.25,2.25
2010.12.28 01:54:29.792,0.71749,0.71824,2.25,2.44
2010.12.28 01:54:30.011,0.71749,0.71814,2.25,2.25
2010.12.28 01:54:30.340,0.7175,0.71823,2.25,2.44
2010.12.28 01:54:30.450,0.7175,0.71823,2.25,2.63
2010.12.28 01:54:30.781,0.7175,0.71823,2.25,2.44
2010.12.28 01:54:31.001,0.71748,0.71815,2.25,2.25
2010.12.28 01:54:31.391,0.71749,0.71824,2.25,2.63
2010.12.28 01:54:31.532,0.71749,0.71814,2.25,2.25
2010.12.28 01:54:31.860,0.7175,0.71823,2.25,2.44
2010.12.28 01:54:31.970,0.7175,0.71823,2.25,2.63
2010.12.28 01:54:32.300,0.71749,0.71824,2.25,2.44
2010.12.28 01:54:32.410,0.71749,0.71824,2.25,2.63
2010.12.28 01:54:32.741,0.71749,0.71814,2.25,2.25
2010.12.28 01:54:33.301,0.7175,0.71823,2.25,2.52
2010.12.28 01:54:33.411,0.7175,0.71823,2.25,2.70
2010.12.28 01:54:34.035,0.71749,0.71824,2.25,2.52
2010.12.28 01:54:34.047,0.71749,0.71818,2.25,1.50
2010.12.28 01:54:34.500,0.71749,0.71824,2.25,2.33
2010.12.28 01:54:34.610,0.71749,0.71814,2.25,2.25
2010.12.28 01:54:34.831,0.7175,0.71823,2.25,2.33
2010.12.28 01:54:35.051,0.7175,0.71823,2.25,2.52
2010.12.28 01:54:35.509,0.7175,0.71823,2.25,2.25
2010.12.28 01:54:35.623,0.71748,0.71815,2.25,2.25
2010.12.28 01:54:35.731,0.71749,0.71824,2.25,2.25
2010.12.28 01:54:35.951,0.71749,0.71824,2.25,2.52
2010.12.28 01:54:36.280,0.7175,0.71823,2.25,2.33
2010.12.28 01:54:36.391,0.7175,0.71823,2.25,2.52
2010.12.28 01:54:36.704,0.71749,0.71824,2.25,2.33
2010.12.28 01:54:36.811,0.71749,0.71824,2.25,2.25
2010.12.28 01:54:36.921,0.71749,0.71814,2.25,2.25
2010.12.28 01:54:37.251,0.7175,0.71818,2.25,1.50
2010.12.28 01:54:37.472,0.7175,0.71823,2.25,2.33
2010.12.28 01:54:37.581,0.71749,0.71814,2.25,2.25
2010.12.28 01:54:37.881,0.7175,0.71823,2.25,2.33
2010.12.28 01:54:37.991,0.71748,0.71815,2.25,2.25
2010.12.28 01:54:38.211,0.7175,0.71823,2.25,2.33
2010.12.28 01:54:38.430,0.7175,0.71818,2.25,1.50
2010.12.28 01:54:38.980,0.71748,0.71815,2.25,2.25
2010.12.28 01:54:39.201,0.71749,0.71818,2.25,1.50
2010.12.28 01:54:39.420,0.71749,0.71824,2.25,2.33
2010.12.28 01:54:39.731,0.71749,0.71814,2.25,2.25
2010.12.28 01:54:39.841,0.71749,0.71824,2.25,2.52
2010.12.28 01:54:40.060,0.71749,0.71814,2.25,2.25
2010.12.28 01:54:40.170,0.7175,0.71823,2.25,2.52
2010.12.28 01:54:40.280,0.7175,0.71823,2.25,2.33
2010.12.28 01:54:40.500,0.7175,0.71823,2.25,2.52
2010.12.28 01:54:41.050,0.71748,0.71815,2.25,2.25
2010.12.28 01:54:41.380,0.7175,0.71823,2.25,2.33
2010.12.28 01:54:41.490,0.7175,0.71823,2.25,2.52
2010.12.28 01:54:41.820,0.71749,0.71824,2.25,2.33
2010.12.28 01:54:42.220,0.71748,0.71815,2.25,2.25
2010.12.28 01:54:42.331,0.71749,0.71819,2.25,1.69
2010.12.28 01:54:42.550,0.71749,0.71814,2.25,2.25
2010.12.28 01:54:42.770,0.7175,0.71818,2.25,1.50
2010.12.28 01:54:42.880,0.7175,0.71823,2.25,2.33
2010.12.28 01:54:42.990,0.7175,0.71823,2.25,2.52
2010.12.28 01:54:43.320,0.71749,0.71824,2.25,2.33
2010.12.28 01:54:43.430,0.71749,0.71819,2.25,1.50
2010.12.28 01:54:43.849,0.71748,0.71815,2.25,2.25
2010.12.28 01:54:43.961,0.71749,0.71824,2.25,2.52
2010.12.28 01:54:44.070,0.71748,0.71815,2.25,2.25
2010.12.28 01:54:44.291,0.71749,0.71824,2.25,2.33
2010.12.28 01:54:44.511,0.71749,0.71814,2.25,2.25
2010.12.28 01:54:44.840,0.71749,0.71818,2.25,1.50
2010.12.28 01:54:45.060,0.71748,0.71815,2.25,2.25
2010.12.28 01:54:45.280,0.71749,0.71818,2.25,1.50
2010.12.28 01:54:45.390,0.71749,0.71824,2.25,2.33
2010.12.28 01:54:45.500,0.71748,0.71815,2.25,2.25
2010.12.28 01:54:45.830,0.71749,0.71824,2.25,2.33
2010.12.28 01:54:45.940,0.71749,0.71818,2.25,1.50
2010.12.28 01:54:46.251,0.71748,0.71815,2.25,2.25
2010.12.28 01:54:46.361,0.7175,0.71818,2.25,1.50
2010.12.28 01:54:46.470,0.71749,0.71814,2.25,2.25
2010.12.28 01:54:46.800,0.7175,0.71823,2.25,2.33
2010.12.28 01:54:47.021,0.71748,0.71815,2.25,2.25
2010.12.28 01:54:47.240,0.7175,0.71819,2.25,1.50
2010.12.28 01:54:47.471,0.71748,0.71815,2.25,2.25
2010.12.28 01:54:47.983,0.7175,0.71823,2.25,2.52
2010.12.28 01:54:48.090,0.71749,0.71814,2.25,2.25
2010.12.28 01:54:48.311,0.71749,0.71824,2.25,2.33
2010.12.28 01:54:48.860,0.7175,0.71823,2.25,2.33
2010.12.28 01:54:49.080,0.7175,0.71818,2.25,1.69
2010.12.28 01:54:49.652,0.71749,0.71814,2.25,2.25
2010.12.28 01:54:49.761,0.7175,0.71818,2.25,1.50
2010.12.28 01:54:49.981,0.71748,0.71815,2.25,2.25
2010.12.28 01:54:50.321,0.7175,0.71823,2.25,2.33
2010.12.28 01:54:50.541,0.71749,0.71814,2.25,2.25
2010.12.28 01:54:50.761,0.71749,0.71824,2.25,2.33
2010.12.28 01:54:51.139,0.71749,0.71824,2.25,2.52
2010.12.28 01:54:51.580,0.71749,0.71814,2.25,2.25
2010.12.28 01:54:51.800,0.7175,0.71819,2.25,1.50
2010.12.28 01:54:51.910,0.7175,0.71823,2.25,2.33
2010.12.28 01:54:52.020,0.71749,0.71814,2.25,2.25
2010.12.28 01:54:52.240,0.71749,0.71818,2.25,1.50
2010.12.28 01:54:52.350,0.71749,0.71824,2.25,2.33
2010.12.28 01:54:52.460,0.71749,0.71824,2.25,2.52
2010.12.28 01:54:52.900,0.7175,0.71823,2.25,2.33
2010.12.28 01:54:53.010,0.71748,0.71815,2.25,2.25
2010.12.28 01:54:53.231,0.7175,0.71818,2.25,1.50
2010.12.28 01:54:53.900,0.7175,0.71823,2.25,2.33
2010.12.28 01:54:54.010,0.71749,0.71814,2.25,2.25
2010.12.28 01:54:54.340,0.71749,0.71824,2.25,2.33
2010.12.28 01:54:54.561,0.71757,0.71816,2.25,2.25
2010.12.28 01:54:54.781,0.71759,0.71824,2.25,2.25
2010.12.28 01:54:55.340,0.71767,0.71825,2.25,2.25
2010.12.28 01:54:56.841,0.71774,0.71828,2.25,1.58
2010.12.28 01:54:56.951,0.71774,0.71833,2.25,2.33
2010.12.28 01:54:57.500,0.71775,0.71832,2.25,2.25
2010.12.28 01:55:08.500,0.7177,0.71829,2.25,2.25
2010.12.28 01:55:47.382,0.71768,0.71827,2.25,2.25
2010.12.28 01:55:47.712,0.7177,0.71829,2.25,2.25
2010.12.28 01:56:07.196,0.7177,0.71829,2.33,2.25
2010.12.28 01:56:24.282,0.7177,0.71829,2.25,2.25
2010.12.28 01:56:24.833,0.7177,0.71829,2.33,2.25
2010.12.28 01:56:25.344,0.7177,0.71829,2.25,2.25
2010.12.28 01:57:06.015,0.7177,0.71829,2.55,2.25
2010.12.28 01:57:06.121,0.7177,0.71829,2.33,2.25
2010.12.28 01:57:06.411,0.71775,0.71832,2.25,2.25
2010.12.28 01:57:10.701,0.71771,0.71828,2.40,2.25
2010.12.28 01:57:13.002,0.71771,0.71828,2.40,2.25
2010.12.28 01:57:13.330,0.71775,0.71832,2.25,2.25
2010.12.28 01:57:14.813,0.71775,0.71829,2.25,1.50
2010.12.28 01:57:14.920,0.71766,0.71826,2.33,2.25
2010.12.28 01:57:15.360,0.71766,0.71826,2.25,2.25
2010.12.28 01:57:16.262,0.71766,0.71826,2.33,2.25
2010.12.28 01:57:18.150,0.71766,0.71826,2.33,2.25
2010.12.28 01:57:18.583,0.71766,0.71826,2.25,2.25
2010.12.28 01:57:19.566,0.71766,0.71826,2.33,2.25
2010.12.28 01:57:19.955,0.71766,0.71826,2.25,2.25
2010.12.28 01:57:20.274,0.71766,0.71826,2.33,2.25
2010.12.28 01:57:25.564,0.71766,0.71826,2.33,2.25
2010.12.28 01:57:29.512,0.71766,0.71826,2.25,2.25
2010.12.28 01:57:30.724,0.71766,0.71826,2.33,2.25
2010.12.28 01:57:33.263,0.71766,0.71826,2.25,2.25
2010.12.28 01:57:33.804,0.71766,0.71826,2.33,2.25
2010.12.28 01:57:39.625,0.71766,0.71826,2.40,2.25
2010.12.28 01:57:40.284,0.71766,0.71826,2.55,2.25
2010.12.28 01:57:40.802,0.71766,0.71826,2.33,2.25
2010.12.28 01:57:41.023,0.71766,0.71826,2.40,2.25
2010.12.28 01:57:41.296,0.71766,0.71826,2.40,2.25
2010.12.28 01:57:53.273,0.71766,0.71826,2.25,2.25
2010.12.28 01:57:55.526,0.71766,0.71826,2.33,2.25
2010.12.28 01:57:57.573,0.71766,0.71826,2.25,2.33
2010.12.28 01:57:57.902,0.71763,0.71819,1.50,1.88
2010.12.28 01:57:58.122,0.71749,0.71814,2.25,2.44
2010.12.28 01:58:37.206,0.71742,0.71795,1.65,2.25
2010.12.28 01:58:37.875,0.71743,0.71795,1.50,2.25
2010.12.28 01:58:38.977,0.71743,0.71795,1.58,2.33
2010.12.28 01:58:39.308,0.71742,0.71795,1.50,2.25
2010.12.28 01:58:40.079,0.71743,0.71795,1.58,2.44
2010.12.28 01:58:40.619,0.71742,0.71795,1.50,2.44
2010.12.28 01:58:41.304,0.71743,0.71795,1.50,2.44
2010.12.28 01:58:42.089,0.71742,0.71795,1.50,2.44
2010.12.28 01:58:44.079,0.71743,0.71795,1.50,2.44
2010.12.28 01:58:45.580,0.71742,0.71795,1.50,2.44
2010.12.28 01:58:46.421,0.71743,0.71793,1.50,1.50
2010.12.28 01:58:47.138,0.71742,0.71792,1.50,1.50
2010.12.28 01:58:51.735,0.71742,0.71792,1.58,1.50
2010.12.28 01:58:53.715,0.71742,0.71792,1.80,1.50
2010.12.28 01:58:53.882,0.71742,0.71792,1.65,1.50
2010.12.28 01:58:54.456,0.71742,0.71792,1.58,1.50
2010.12.28 01:58:56.153,0.71742,0.71792,1.65,1.50
2010.12.28 01:58:56.745,0.71742,0.71792,1.50,1.50
2010.12.28 01:59:33.883,0.71743,0.71791,1.50,1.50
2010.12.28 01:59:43.935,0.71742,0.71792,1.50,1.50
2010.12.28 01:59:55.063,0.71738,0.71789,1.65,1.50
2010.12.28 01:59:57.704,0.71743,0.71789,2.25,1.50
2010.12.28 01:59:57.923,0.71738,0.71789,3.83,1.50
2010.12.28 01:59:58.033,0.71742,0.71789,2.33,1.50
2010.12.28 01:59:58.142,0.71745,0.71797,1.50,1.50
2010.12.28 01:59:59.744,0.71746,0.71804,2.25,2.44
