2013.10.07 02:00:00.106,0.75044,0.75074,1.50,1.13
2013.10.07 02:00:00.259,0.75043,0.75074,1.50,1.88
2013.10.07 02:00:04.240,0.75043,0.75078,1.50,1.88
2013.10.07 02:00:04.842,0.75043,0.75074,1.88,1.50
2013.10.07 02:00:22.008,0.75046,0.75076,1.50,1.13
2013.10.07 02:00:22.498,0.75047,0.75082,1.50,1.13
2013.10.07 02:00:24.799,0.75047,0.75077,1.50,1.13
2013.10.07 02:00:27.700,0.75045,0.75077,1.13,1.88
2013.10.07 02:00:28.360,0.75047,0.75077,1.50,1.13
2013.10.07 02:00:28.478,0.75047,0.75078,1.88,1.13
2013.10.07 02:00:28.920,0.75051,0.75079,1.88,1.13
2013.10.07 02:00:30.709,0.75051,0.75079,1.88,1.13
2013.10.07 02:00:32.579,0.75051,0.7508,1.88,1.88
2013.10.07 02:00:33.019,0.75054,0.75081,1.13,1.13
2013.10.07 02:00:37.648,0.75054,0.75084,1.13,1.50
2013.10.07 02:00:37.708,0.75056,0.75085,1.13,1.13
2013.10.07 02:00:38.008,0.75058,0.75088,1.13,1.50
2013.10.07 02:00:38.208,0.75058,0.75089,1.13,2.25
2013.10.07 02:00:40.180,0.75058,0.75089,1.13,1.88
2013.10.07 02:00:40.629,0.75058,0.75089,1.13,1.88
2013.10.07 02:00:40.688,0.75058,0.75089,1.13,1.88
2013.10.07 02:00:41.229,0.75058,0.75089,1.13,1.88
2013.10.07 02:00:41.288,0.75058,0.7509,1.13,1.88
2013.10.07 02:00:43.398,0.75062,0.75093,1.88,1.13
2013.10.07 02:00:43.920,0.75063,0.75093,1.13,1.50
2013.10.07 02:00:49.881,0.75062,0.75091,1.13,1.13
2013.10.07 02:00:51.001,0.75059,0.75091,1.13,1.13
2013.10.07 02:00:51.058,0.7506,0.75088,1.50,1.50
2013.10.07 02:00:52.358,0.75059,0.75088,1.13,1.50
2013.10.07 02:00:55.164,0.75057,0.75088,1.88,1.50
2013.10.07 02:00:56.787,0.7506,0.75088,1.13,1.50
2013.10.07 02:01:03.269,0.75058,0.75088,1.13,1.50
2013.10.07 02:01:11.469,0.75058,0.75088,1.13,1.50
2013.10.07 02:01:20.620,0.75059,0.75094,1.13,1.50
2013.10.07 02:01:21.319,0.75061,0.75094,1.13,1.50
2013.10.07 02:01:21.838,0.75061,0.75094,1.13,1.50
2013.10.07 02:01:23.729,0.75061,0.75094,1.13,1.50
2013.10.07 02:01:24.528,0.75058,0.75089,1.13,1.50
2013.10.07 02:01:25.133,0.75058,0.75089,1.13,1.50
2013.10.07 02:01:26.368,0.75058,0.75091,1.88,1.13
2013.10.07 02:01:28.538,0.7506,0.75092,1.13,1.13
2013.10.07 02:01:29.859,0.75058,0.75089,1.88,1.50
2013.10.07 02:01:31.191,0.7506,0.75089,1.50,1.50
2013.10.07 02:01:34.106,0.75059,0.7509,1.50,1.50
2013.10.07 02:01:34.168,0.75057,0.7509,1.88,1.50
2013.10.07 02:01:34.348,0.75057,0.75088,1.50,1.50
2013.10.07 02:01:35.019,0.75057,0.75089,1.50,1.50
2013.10.07 02:01:35.370,0.75057,0.75093,1.50,1.88
2013.10.07 02:01:36.058,0.75054,0.75092,1.13,1.13
2013.10.07 02:01:42.389,0.75054,0.75092,1.13,1.13
2013.10.07 02:01:45.771,0.75054,0.75088,1.50,1.50
2013.10.07 02:01:46.908,0.75054,0.75093,1.50,1.13
2013.10.07 02:01:48.928,0.75059,0.75093,1.50,1.13
2013.10.07 02:01:58.860,0.75061,0.75094,1.50,1.50
2013.10.07 02:02:01.969,0.75065,0.75095,1.50,1.13
2013.10.07 02:02:02.028,0.75066,0.75095,1.50,1.13
2013.10.07 02:02:03.699,0.75065,0.75094,1.50,1.50
2013.10.07 02:02:05.009,0.75061,0.75094,1.50,1.50
2013.10.07 02:02:15.030,0.7506,0.75094,1.13,1.50
2013.10.07 02:02:15.140,0.75063,0.75094,1.50,1.50
2013.10.07 02:02:17.198,0.7506,0.75094,1.50,1.50
2013.10.07 02:02:21.658,0.75057,0.75093,1.50,1.50
2013.10.07 02:02:25.029,0.7506,0.75093,1.50,1.50
2013.10.07 02:02:28.438,0.75062,0.75093,1.50,1.50
2013.10.07 02:02:28.867,0.75064,0.75094,1.50,1.50
2013.10.07 02:02:33.218,0.75067,0.75097,1.50,1.13
2013.10.07 02:02:33.398,0.75066,0.75097,1.50,1.13
2013.10.07 02:02:40.849,0.75066,0.75099,1.50,1.13
2013.10.07 02:02:41.340,0.75066,0.75095,1.50,1.13
2013.10.07 02:02:41.468,0.75061,0.75095,1.88,1.13
2013.10.07 02:02:44.498,0.75061,0.75093,1.50,1.13
2013.10.07 02:02:52.689,0.75065,0.75093,1.13,1.88
2013.10.07 02:02:56.628,0.75065,0.75093,1.88,1.50
2013.10.07 02:02:57.808,0.75067,0.75093,1.50,1.13
2013.10.07 02:03:04.728,0.75067,0.75096,1.50,2.25
2013.10.07 02:03:04.809,0.75067,0.75096,1.50,1.50
2013.10.07 02:03:07.940,0.75067,0.75096,1.50,1.88
2013.10.07 02:03:22.720,0.75062,0.75093,1.50,1.50
2013.10.07 02:03:39.088,0.75063,0.75096,1.50,1.13
2013.10.07 02:03:39.175,0.75063,0.75095,1.50,1.50
2013.10.07 02:03:41.858,0.75066,0.75095,1.50,2.25
2013.10.07 02:03:42.408,0.75066,0.75097,1.50,1.50
2013.10.07 02:03:42.468,0.75066,0.751,1.88,1.88
2013.10.07 02:03:44.140,0.75066,0.75098,1.88,1.50
2013.10.07 02:03:44.759,0.75067,0.75098,1.13,1.50
2013.10.07 02:03:44.819,0.75069,0.75099,1.13,1.50
2013.10.07 02:03:45.139,0.75069,0.75103,1.88,1.50
2013.10.07 02:03:47.349,0.75069,0.75103,1.88,1.50
2013.10.07 02:03:47.912,0.75071,0.75103,1.13,1.50
2013.10.07 02:03:47.968,0.75071,0.75099,1.13,1.13
2013.10.07 02:03:50.268,0.75069,0.75099,1.13,1.50
2013.10.07 02:03:50.838,0.7507,0.75099,1.50,1.50
2013.10.07 02:03:55.678,0.7507,0.75101,1.50,1.13
2013.10.07 02:04:08.939,0.75069,0.751,1.88,1.13
2013.10.07 02:04:10.149,0.7507,0.75101,1.50,1.13
2013.10.07 02:04:21.509,0.75069,0.751,1.50,1.13
2013.10.07 02:04:23.401,0.7507,0.75102,1.50,1.13
2013.10.07 02:04:24.038,0.75067,0.75102,1.50,1.13
2013.10.07 02:04:24.588,0.75066,0.75097,1.50,1.13
2013.10.07 02:04:30.230,0.75067,0.75102,1.50,1.13
2013.10.07 02:04:38.008,0.7507,0.75102,1.50,1.13
2013.10.07 02:04:40.171,0.7507,0.75099,1.50,1.13
2013.10.07 02:04:47.320,0.7507,0.75099,1.50,1.88
2013.10.07 02:04:47.380,0.7507,0.75099,1.50,1.13
2013.10.07 02:04:56.550,0.75069,0.75103,1.50,1.50
2013.10.07 02:05:00.308,0.75069,0.75102,1.13,1.13
2013.10.07 02:05:10.249,0.75068,0.75098,1.50,1.13
2013.10.07 02:05:18.389,0.75068,0.75097,1.50,1.13
2013.10.07 02:05:30.213,0.75069,0.75098,1.13,1.13
2013.10.07 02:05:35.540,0.75066,0.75102,1.13,1.13
2013.10.07 02:05:35.771,0.75065,0.75099,1.50,1.13
2013.10.07 02:05:35.949,0.75065,0.75099,1.50,1.13
2013.10.07 02:05:44.928,0.75069,0.75097,1.88,1.13
2013.10.07 02:05:59.657,0.75068,0.75103,1.50,1.50
2013.10.07 02:06:00.728,0.75065,0.75101,1.88,1.13
2013.10.07 02:06:00.909,0.75066,0.75098,1.50,1.13
2013.10.07 02:06:02.501,0.75066,0.75094,1.50,1.50
2013.10.07 02:06:03.380,0.75066,0.75098,1.50,1.13
2013.10.07 02:06:04.454,0.75063,0.75098,1.13,1.13
2013.10.07 02:06:04.749,0.75061,0.75093,1.13,1.50
2013.10.07 02:06:04.810,0.75057,0.75089,1.13,1.50
2013.10.07 02:06:04.869,0.75057,0.75089,1.13,1.50
2013.10.07 02:06:05.228,0.75055,0.75089,1.13,1.50
2013.10.07 02:06:05.419,0.75052,0.75083,1.50,1.88
2013.10.07 02:06:05.598,0.7505,0.7508,1.13,1.13
2013.10.07 02:06:05.978,0.75049,0.7508,1.13,1.13
2013.10.07 02:06:08.660,0.75049,0.7508,1.88,1.13
2013.10.07 02:06:09.489,0.75049,0.7508,1.88,1.13
2013.10.07 02:06:10.095,0.7505,0.75079,1.50,1.13
2013.10.07 02:06:13.915,0.75048,0.75083,2.25,1.13
2013.10.07 02:06:15.058,0.7505,0.75084,1.13,1.50
2013.10.07 02:06:16.336,0.7505,0.75084,1.13,1.50
2013.10.07 02:06:16.939,0.75047,0.75083,1.88,1.50
2013.10.07 02:06:17.078,0.75047,0.75079,1.13,1.50
2013.10.07 02:06:17.597,0.75047,0.75079,1.13,1.50
2013.10.07 02:06:18.560,0.75046,0.75074,1.50,1.50
2013.10.07 02:06:19.098,0.75044,0.75078,1.50,1.13
2013.10.07 02:06:19.439,0.7504,0.75078,2.25,1.13
2013.10.07 02:06:20.142,0.75041,0.75078,1.50,1.13
2013.10.07 02:06:22.988,0.7504,0.75078,1.13,1.13
2013.10.07 02:06:23.780,0.7504,0.75077,1.13,1.13
2013.10.07 02:06:24.749,0.7504,0.75068,1.13,1.13
2013.10.07 02:06:30.339,0.7504,0.75079,1.13,1.50
2013.10.07 02:06:31.936,0.7504,0.75068,1.13,1.13
2013.10.07 02:06:33.349,0.7504,0.75067,1.50,1.13
2013.10.07 02:06:35.509,0.7504,0.75068,1.13,1.13
2013.10.07 02:06:42.679,0.7504,0.75068,1.13,1.13
2013.10.07 02:06:43.858,0.7504,0.75065,1.13,1.13
2013.10.07 02:06:44.038,0.75035,0.75065,1.50,1.13
2013.10.07 02:06:44.218,0.75032,0.75068,1.88,1.50
2013.10.07 02:06:44.518,0.75026,0.75059,1.88,1.13
2013.10.07 02:06:44.639,0.75025,0.75053,1.88,1.13
2013.10.07 02:06:45.778,0.75022,0.75055,1.13,1.13
2013.10.07 02:06:46.409,0.75018,0.75055,1.88,1.13
2013.10.07 02:06:46.720,0.75021,0.75052,1.50,1.13
2013.10.07 02:06:51.616,0.75021,0.75056,1.88,1.13
2013.10.07 02:06:53.848,0.75021,0.75058,1.88,1.13
2013.10.07 02:06:55.558,0.75022,0.75058,1.50,1.13
2013.10.07 02:06:55.669,0.75022,0.75058,1.50,1.88
2013.10.07 02:06:55.968,0.75022,0.75053,1.88,1.13
2013.10.07 02:06:57.768,0.75021,0.75051,1.50,1.13
2013.10.07 02:07:00.589,0.75021,0.75052,1.50,1.50
2013.10.07 02:07:01.109,0.75021,0.75052,1.88,1.50
2013.10.07 02:07:01.440,0.75021,0.75052,1.13,1.13
2013.10.07 02:07:02.093,0.75021,0.75052,1.50,1.13
2013.10.07 02:07:05.148,0.75021,0.75054,1.88,2.25
2013.10.07 02:07:05.676,0.75022,0.75051,1.50,1.13
2013.10.07 02:07:06.232,0.75021,0.75054,1.50,1.50
2013.10.07 02:07:07.269,0.75022,0.75053,1.50,1.13
2013.10.07 02:07:12.998,0.7502,0.75054,1.50,1.50
2013.10.07 02:07:19.218,0.75024,0.75054,1.50,1.13
2013.10.07 02:07:19.398,0.75024,0.75054,1.50,1.13
2013.10.07 02:07:19.818,0.75025,0.75058,1.88,1.13
2013.10.07 02:07:20.118,0.75031,0.75063,1.50,1.88
2013.10.07 02:07:20.359,0.75034,0.75065,1.50,1.13
2013.10.07 02:07:20.938,0.75036,0.75067,1.50,1.13
2013.10.07 02:07:21.298,0.75036,0.75071,1.50,1.50
2013.10.07 02:07:22.110,0.75039,0.75072,1.50,1.50
2013.10.07 02:07:22.228,0.7504,0.75073,1.50,1.13
2013.10.07 02:07:30.321,0.75042,0.75072,1.50,1.13
2013.10.07 02:07:33.578,0.75042,0.75072,1.50,1.50
2013.10.07 02:07:33.709,0.75042,0.75072,1.50,1.13
2013.10.07 02:07:40.170,0.75043,0.75076,1.50,1.13
2013.10.07 02:07:40.728,0.75043,0.75076,1.50,1.13
2013.10.07 02:07:54.194,0.75045,0.75076,1.13,1.13
2013.10.07 02:08:00.730,0.75047,0.75079,1.50,1.13
2013.10.07 02:08:00.848,0.75047,0.75082,1.50,1.13
2013.10.07 02:08:02.830,0.75047,0.75082,1.50,1.13
2013.10.07 02:08:04.640,0.75047,0.75082,1.50,1.13
2013.10.07 02:08:04.758,0.75047,0.75078,1.50,1.13
2013.10.07 02:08:05.139,0.75047,0.7508,1.50,1.13
2013.10.07 02:08:08.088,0.75047,0.75082,1.50,1.13
2013.10.07 02:08:08.218,0.75047,0.75079,1.50,1.13
2013.10.07 02:08:08.278,0.75047,0.75082,1.50,1.13
2013.10.07 02:08:08.430,0.75047,0.75082,1.50,1.50
2013.10.07 02:08:08.640,0.75052,0.75082,1.50,1.50
2013.10.07 02:08:10.280,0.75055,0.75083,1.50,1.13
2013.10.07 02:08:13.451,0.75057,0.75088,1.50,1.13
2013.10.07 02:08:14.020,0.75055,0.75088,1.13,1.13
2013.10.07 02:08:15.228,0.75053,0.75088,1.13,1.13
2013.10.07 02:08:15.288,0.75051,0.75086,1.88,1.13
2013.10.07 02:08:15.348,0.75053,0.75086,1.50,1.13
2013.10.07 02:08:16.148,0.75052,0.75086,1.50,1.13
2013.10.07 02:08:17.339,0.75053,0.75086,1.50,1.13
2013.10.07 02:08:18.080,0.75054,0.75086,1.50,1.13
2013.10.07 02:08:18.879,0.75051,0.75086,1.88,1.13
2013.10.07 02:08:18.938,0.75054,0.75086,1.50,1.13
2013.10.07 02:08:19.250,0.75056,0.75086,1.50,1.13
2013.10.07 02:08:19.489,0.75057,0.75087,1.50,1.13
2013.10.07 02:08:19.850,0.75062,0.75091,1.50,1.13
2013.10.07 02:08:20.377,0.75062,0.75091,1.50,1.88
2013.10.07 02:08:20.699,0.75063,0.75091,1.50,1.13
2013.10.07 02:08:21.059,0.75066,0.75098,1.50,1.13
2013.10.07 02:08:21.179,0.75066,0.75099,1.50,1.50
2013.10.07 02:08:21.238,0.75067,0.75099,1.50,1.13
2013.10.07 02:08:21.558,0.75067,0.751,1.50,1.13
2013.10.07 02:08:21.678,0.75076,0.75108,1.50,1.50
2013.10.07 02:08:23.390,0.75076,0.75111,1.50,1.13
2013.10.07 02:08:23.568,0.75076,0.75111,1.50,1.13
2013.10.07 02:08:23.665,0.75076,0.75109,1.50,1.50
2013.10.07 02:08:24.788,0.75076,0.75109,1.50,1.88
2013.10.07 02:08:25.109,0.75076,0.75109,1.50,1.13
2013.10.07 02:08:25.289,0.75076,0.75109,1.50,1.13
2013.10.07 02:08:25.589,0.75079,0.75113,1.50,1.13
2013.10.07 02:08:27.059,0.75082,0.75113,1.50,1.13
2013.10.07 02:08:27.609,0.75077,0.75108,1.50,1.13
2013.10.07 02:08:27.668,0.75077,0.75108,1.50,1.13
2013.10.07 02:08:30.195,0.75074,0.7511,1.13,1.13
2013.10.07 02:08:30.651,0.75076,0.75114,1.50,1.13
2013.10.07 02:08:32.593,0.75076,0.75114,1.50,1.13
2013.10.07 02:08:38.558,0.75079,0.75113,1.13,1.13
2013.10.07 02:08:45.508,0.75077,0.75113,1.50,1.50
2013.10.07 02:08:45.688,0.75073,0.75109,1.13,1.13
2013.10.07 02:08:46.407,0.75071,0.75109,1.50,1.13
2013.10.07 02:08:46.579,0.75071,0.75109,1.50,1.13
2013.10.07 02:08:46.915,0.75072,0.75106,1.88,1.13
2013.10.07 02:08:50.201,0.75072,0.75107,1.88,1.13
2013.10.07 02:08:50.740,0.75072,0.75108,1.88,1.13
2013.10.07 02:08:53.470,0.75072,0.75108,1.13,1.13
2013.10.07 02:08:53.529,0.75072,0.75108,1.13,1.13
2013.10.07 02:08:53.649,0.75072,0.75108,1.13,1.13
2013.10.07 02:08:53.769,0.75071,0.75107,1.13,1.13
2013.10.07 02:08:53.889,0.75071,0.75107,1.13,1.13
2013.10.07 02:08:54.849,0.75068,0.75103,1.13,1.13
2013.10.07 02:08:54.969,0.7506,0.75099,1.88,1.13
2013.10.07 02:08:55.343,0.75058,0.75093,2.25,1.13
2013.10.07 02:08:58.698,0.75061,0.75094,1.13,1.13
2013.10.07 02:08:58.819,0.75057,0.75095,1.50,1.13
2013.10.07 02:09:00.319,0.75057,0.75093,1.50,1.13
2013.10.07 02:09:00.709,0.75058,0.75093,1.50,1.13
2013.10.07 02:09:16.798,0.75062,0.75092,1.13,1.13
2013.10.07 02:09:20.629,0.75062,0.75093,1.13,1.13
2013.10.07 02:09:20.749,0.75062,0.75092,1.13,1.13
2013.10.07 02:09:21.208,0.75061,0.75094,1.13,1.13
2013.10.07 02:09:21.268,0.75062,0.75092,1.13,1.13
2013.10.07 02:09:28.059,0.75061,0.75094,1.50,1.13
2013.10.07 02:09:28.179,0.75061,0.75092,1.13,1.13
2013.10.07 02:09:36.509,0.75059,0.75096,1.50,1.50
2013.10.07 02:09:36.581,0.75061,0.75096,1.13,1.50
2013.10.07 02:09:36.759,0.75061,0.75095,1.13,1.13
2013.10.07 02:09:40.728,0.75061,0.75089,1.13,1.13
2013.10.07 02:09:43.218,0.75063,0.75094,1.13,1.13
2013.10.07 02:09:43.755,0.75063,0.75094,1.13,1.13
2013.10.07 02:09:44.120,0.75063,0.75094,1.13,1.13
2013.10.07 02:09:45.058,0.75061,0.75089,1.13,1.13
2013.10.07 02:09:45.160,0.75063,0.75094,1.13,1.13
2013.10.07 02:09:45.528,0.75061,0.75089,1.13,1.13
2013.10.07 02:09:45.588,0.75063,0.75094,1.13,1.13
2013.10.07 02:09:50.079,0.75066,0.75099,1.13,1.50
2013.10.07 02:09:50.139,0.75066,0.75099,1.13,1.13
2013.10.07 02:09:50.259,0.75066,0.75099,1.13,1.13
2013.10.07 02:09:50.498,0.75066,0.75099,1.13,1.13
2013.10.07 02:09:50.880,0.75066,0.75099,1.13,1.13
2013.10.07 02:09:51.759,0.75066,0.75094,1.13,1.13
2013.10.07 02:09:52.570,0.75066,0.75094,1.13,1.13
2013.10.07 02:09:53.968,0.75066,0.75094,1.13,1.13
2013.10.07 02:09:54.579,0.75066,0.75094,1.13,1.13
2013.10.07 02:09:55.080,0.75068,0.75094,1.13,1.13
2013.10.07 02:09:55.440,0.75069,0.75094,1.13,1.13
2013.10.07 02:09:57.809,0.75066,0.75094,1.13,1.13
2013.10.07 02:09:58.003,0.75066,0.75099,1.13,1.13
2013.10.07 02:10:00.220,0.75066,0.75099,1.13,1.13
2013.10.07 02:10:05.140,0.75066,0.75099,1.13,1.13
2013.10.07 02:10:05.259,0.75066,0.75096,1.13,1.13
2013.10.07 02:10:06.680,0.75066,0.75099,1.88,1.13
2013.10.07 02:10:09.478,0.75066,0.75099,1.88,1.13
2013.10.07 02:10:10.249,0.75069,0.75099,1.13,1.13
2013.10.07 02:10:16.090,0.75069,0.75099,1.13,1.13
2013.10.07 02:10:16.836,0.7507,0.75099,1.13,1.13
2013.10.07 02:10:17.469,0.7507,0.751,1.13,1.88
2013.10.07 02:10:19.589,0.7507,0.751,1.13,1.88
2013.10.07 02:10:23.679,0.75068,0.751,1.13,1.88
2013.10.07 02:10:24.090,0.75067,0.75102,1.88,1.50
2013.10.07 02:10:26.338,0.7507,0.75102,1.13,1.13
2013.10.07 02:10:26.849,0.75072,0.75104,1.50,1.13
2013.10.07 02:10:27.211,0.75071,0.75106,1.13,1.50
2013.10.07 02:10:29.650,0.7507,0.75104,1.13,1.50
2013.10.07 02:10:29.899,0.7507,0.75107,1.13,1.88
2013.10.07 02:10:30.440,0.7507,0.75105,1.13,1.88
2013.10.07 02:10:33.679,0.75071,0.75105,1.50,1.88
2013.10.07 02:10:34.246,0.75072,0.75105,1.88,1.13
2013.10.07 02:10:34.999,0.75072,0.75108,1.13,1.50
2013.10.07 02:10:35.375,0.75066,0.75103,1.13,1.13
2013.10.07 02:10:35.558,0.75066,0.75103,1.13,1.13
2013.10.07 02:10:35.798,0.75061,0.75099,1.50,1.50
2013.10.07 02:10:36.010,0.75061,0.75099,1.50,1.50
2013.10.07 02:10:36.188,0.75061,0.75099,1.50,1.50
2013.10.07 02:10:36.269,0.75061,0.75099,1.50,1.50
2013.10.07 02:10:36.480,0.75061,0.75099,1.50,1.50
2013.10.07 02:10:36.590,0.75061,0.75099,1.50,1.50
2013.10.07 02:10:36.701,0.75061,0.75099,1.50,1.50
2013.10.07 02:10:36.818,0.75061,0.75099,1.50,1.50
2013.10.07 02:10:36.939,0.75068,0.75099,1.13,1.50
2013.10.07 02:10:37.058,0.75064,0.75099,1.13,1.88
2013.10.07 02:10:37.706,0.75064,0.75099,1.13,1.50
2013.10.07 02:10:38.377,0.75068,0.75099,1.13,1.50
2013.10.07 02:10:39.769,0.75068,0.75099,1.13,1.50
2013.10.07 02:10:43.519,0.75068,0.75096,1.13,1.13
2013.10.07 02:10:43.799,0.75067,0.75096,1.13,1.13
2013.10.07 02:10:45.608,0.75068,0.75096,1.13,1.13
2013.10.07 02:10:45.818,0.75068,0.75096,1.13,1.13
2013.10.07 02:10:47.089,0.75068,0.75096,1.13,1.88
2013.10.07 02:10:47.273,0.75061,0.7509,1.88,1.13
2013.10.07 02:10:47.579,0.75061,0.75094,1.88,1.13
2013.10.07 02:10:48.960,0.75065,0.75098,1.13,1.13
2013.10.07 02:10:50.148,0.75064,0.75098,1.13,1.50
2013.10.07 02:10:51.050,0.75064,0.75098,1.13,1.50
2013.10.07 02:10:53.809,0.75067,0.75098,1.50,1.50
2013.10.07 02:10:53.939,0.75067,0.75098,2.25,1.50
2013.10.07 02:10:56.122,0.75067,0.75098,2.25,1.50
2013.10.07 02:10:57.761,0.75067,0.75102,2.25,1.13
2013.10.07 02:11:04.580,0.75067,0.75103,2.25,1.50
2013.10.07 02:11:10.290,0.7507,0.75101,1.13,1.50
2013.10.07 02:11:10.589,0.75073,0.75107,1.13,1.13
2013.10.07 02:11:10.649,0.75073,0.75105,1.13,1.13
2013.10.07 02:11:10.768,0.75071,0.75104,1.13,1.50
2013.10.07 02:11:11.292,0.75069,0.75103,1.13,1.50
2013.10.07 02:11:15.250,0.75068,0.75103,1.13,1.50
2013.10.07 02:11:15.769,0.75069,0.75103,1.13,1.50
2013.10.07 02:11:16.339,0.75067,0.75103,2.25,1.50
2013.10.07 02:11:17.240,0.75067,0.75103,1.50,1.50
2013.10.07 02:11:17.688,0.75067,0.75103,1.50,1.50
2013.10.07 02:11:20.700,0.75066,0.75098,1.50,1.50
2013.10.07 02:11:21.059,0.75062,0.75098,1.88,1.50
2013.10.07 02:11:22.069,0.75066,0.75097,1.50,1.13
2013.10.07 02:11:22.188,0.75062,0.75094,1.13,1.50
2013.10.07 02:11:22.709,0.75067,0.75096,1.50,1.13
2013.10.07 02:11:23.489,0.75062,0.75094,1.13,1.50
2013.10.07 02:11:24.180,0.75065,0.75095,1.50,1.13
2013.10.07 02:11:24.299,0.75063,0.75099,1.13,1.88
2013.10.07 02:11:25.201,0.75062,0.75093,1.88,1.50
2013.10.07 02:11:26.630,0.75062,0.75091,1.13,1.50
2013.10.07 02:11:26.750,0.75062,0.75091,1.13,1.50
2013.10.07 02:11:26.819,0.75061,0.75089,1.13,1.50
2013.10.07 02:11:26.879,0.75061,0.75089,1.13,1.50
2013.10.07 02:11:27.446,0.75062,0.75091,1.13,1.50
2013.10.07 02:11:27.568,0.75062,0.75091,1.13,1.50
2013.10.07 02:11:31.700,0.75062,0.75091,1.13,1.50
2013.10.07 02:11:31.759,0.75062,0.7509,1.13,1.13
2013.10.07 02:11:32.059,0.75057,0.75084,1.50,1.50
2013.10.07 02:11:32.351,0.75054,0.75084,1.50,1.50
2013.10.07 02:11:32.469,0.75049,0.75078,3.00,1.50
2013.10.07 02:11:32.649,0.75046,0.75075,1.13,1.50
2013.10.07 02:11:32.849,0.75041,0.75074,1.50,1.50
2013.10.07 02:11:33.379,0.75036,0.7507,1.50,1.50
2013.10.07 02:11:33.758,0.75037,0.75073,2.25,1.50
2013.10.07 02:11:34.340,0.75037,0.75072,1.13,1.13
2013.10.07 02:11:35.102,0.75037,0.75072,1.13,1.13
2013.10.07 02:11:35.431,0.75038,0.75072,3.38,1.13
2013.10.07 02:11:35.789,0.75037,0.75072,1.50,1.13
2013.10.07 02:11:36.744,0.75037,0.7507,1.50,1.50
2013.10.07 02:11:37.970,0.75037,0.7507,1.50,1.88
2013.10.07 02:11:38.951,0.75036,0.75066,1.50,1.50
2013.10.07 02:11:41.049,0.75036,0.75066,1.13,1.50
2013.10.07 02:11:42.688,0.75032,0.75063,1.13,1.13
2013.10.07 02:11:42.929,0.75035,0.75064,1.13,1.13
2013.10.07 02:11:43.680,0.75035,0.75066,1.13,1.88
2013.10.07 02:11:43.859,0.75031,0.75062,1.50,1.13
2013.10.07 02:11:43.919,0.75029,0.75054,1.13,1.13
2013.10.07 02:11:44.101,0.75019,0.7505,2.25,1.50
2013.10.07 02:11:44.401,0.7502,0.75049,1.13,1.88
2013.10.07 02:11:45.067,0.75016,0.75046,1.50,1.13
2013.10.07 02:11:50.209,0.75017,0.75046,1.13,1.88
2013.10.07 02:11:50.269,0.75016,0.75044,1.50,1.13
2013.10.07 02:11:50.550,0.75016,0.75044,1.50,1.13
2013.10.07 02:11:58.430,0.75016,0.75048,1.88,1.13
2013.10.07 02:11:58.985,0.75016,0.75049,1.13,1.50
2013.10.07 02:12:00.755,0.75021,0.75051,1.13,1.88
2013.10.07 02:12:01.100,0.75016,0.75051,1.50,1.13
2013.10.07 02:12:01.409,0.75022,0.75053,1.50,1.13
2013.10.07 02:12:01.980,0.75022,0.75053,1.50,1.13
2013.10.07 02:12:02.801,0.75022,0.75053,1.50,1.13
2013.10.07 02:12:03.370,0.75027,0.75053,1.50,1.13
2013.10.07 02:12:03.579,0.7503,0.75053,1.13,1.13
2013.10.07 02:12:03.942,0.7503,0.75059,1.88,1.13
2013.10.07 02:12:04.741,0.75029,0.75061,1.88,1.13
2013.10.07 02:12:06.159,0.75029,0.7506,1.13,1.50
2013.10.07 02:12:09.970,0.75027,0.75058,1.88,1.50
2013.10.07 02:12:10.150,0.75027,0.7506,1.88,1.50
2013.10.07 02:12:10.851,0.75027,0.7506,1.13,1.50
2013.10.07 02:12:11.535,0.7503,0.75059,1.13,1.50
2013.10.07 02:12:14.101,0.7503,0.75059,1.88,1.50
2013.10.07 02:12:18.139,0.75033,0.75064,1.50,2.25
2013.10.07 02:12:18.499,0.7504,0.75073,1.13,1.50
2013.10.07 02:12:18.858,0.75042,0.7507,1.50,1.13
2013.10.07 02:12:19.209,0.75046,0.75074,1.50,1.50
2013.10.07 02:12:19.389,0.75041,0.75075,1.50,1.13
2013.10.07 02:12:19.449,0.75041,0.75076,1.50,1.13
2013.10.07 02:12:23.580,0.75041,0.7508,1.50,1.13
2013.10.07 02:12:31.969,0.75047,0.7508,1.50,1.13
2013.10.07 02:12:32.140,0.75042,0.7508,1.50,1.13
2013.10.07 02:12:33.879,0.75047,0.75081,1.50,1.88
2013.10.07 02:12:36.379,0.75047,0.75082,1.50,1.13
2013.10.07 02:12:36.439,0.75046,0.75089,1.50,1.50
2013.10.07 02:12:36.619,0.75051,0.75086,1.50,1.88
2013.10.07 02:12:36.679,0.75046,0.75086,1.88,1.13
2013.10.07 02:12:36.739,0.75046,0.75089,1.88,1.50
2013.10.07 02:12:36.798,0.75046,0.75086,1.50,1.50
2013.10.07 02:12:36.919,0.75046,0.75087,1.50,1.13
2013.10.07 02:12:37.239,0.75047,0.75083,1.50,1.13
2013.10.07 02:12:37.459,0.75047,0.75083,1.50,1.13
2013.10.07 02:12:37.920,0.75046,0.75083,1.88,1.13
2013.10.07 02:12:38.429,0.75051,0.75085,1.50,1.88
2013.10.07 02:12:38.489,0.75051,0.75085,1.50,1.13
2013.10.07 02:12:38.730,0.75056,0.75089,1.50,2.63
2013.10.07 02:12:39.327,0.75056,0.75088,1.50,1.13
2013.10.07 02:12:42.371,0.75053,0.75088,1.13,1.88
2013.10.07 02:12:43.650,0.75052,0.75086,1.13,1.50
2013.10.07 02:12:44.799,0.75052,0.75091,1.13,1.50
2013.10.07 02:12:44.928,0.75052,0.75093,1.88,1.50
2013.10.07 02:12:44.989,0.75052,0.75091,1.13,1.50
2013.10.07 02:12:45.738,0.75051,0.75091,1.50,1.88
2013.10.07 02:12:47.962,0.75058,0.75087,1.13,1.50
2013.10.07 02:12:48.070,0.75051,0.7509,1.50,1.50
2013.10.07 02:12:48.129,0.75056,0.7509,1.50,1.50
2013.10.07 02:12:48.899,0.75056,0.75093,1.50,1.88
2013.10.07 02:12:49.580,0.75063,0.75094,1.13,1.88
2013.10.07 02:12:49.699,0.75062,0.75097,1.50,1.50
2013.10.07 02:12:50.059,0.75062,0.75098,1.50,1.13
2013.10.07 02:12:50.380,0.75059,0.75098,1.13,1.13
2013.10.07 02:12:50.649,0.75069,0.75099,1.13,1.13
2013.10.07 02:12:50.709,0.75069,0.75099,1.13,1.13
2013.10.07 02:12:51.069,0.7506,0.75099,1.13,1.13
2013.10.07 02:12:51.249,0.7506,0.75099,1.13,1.13
2013.10.07 02:12:51.310,0.7506,0.75099,1.13,1.50
2013.10.07 02:12:51.370,0.7506,0.75099,1.13,1.50
2013.10.07 02:12:56.419,0.75059,0.75099,1.13,1.50
2013.10.07 02:12:56.659,0.75059,0.75097,1.13,1.50
2013.10.07 02:12:57.611,0.75061,0.75097,1.50,1.50
2013.10.07 02:13:04.554,0.75064,0.75099,1.13,1.50
2013.10.07 02:13:04.913,0.75064,0.75099,1.13,1.13
2013.10.07 02:13:05.069,0.75063,0.751,1.13,1.50
2013.10.07 02:13:05.479,0.75066,0.751,1.50,1.50
2013.10.07 02:13:05.649,0.75064,0.751,1.13,1.50
2013.10.07 02:13:06.141,0.75067,0.751,1.50,1.50
2013.10.07 02:13:06.389,0.75073,0.75102,1.13,1.50
2013.10.07 02:13:06.719,0.75067,0.75107,1.88,2.25
2013.10.07 02:13:07.229,0.75072,0.75107,1.50,1.50
2013.10.07 02:13:07.409,0.75071,0.75107,1.13,1.50
2013.10.07 02:13:10.050,0.75071,0.75106,1.13,1.50
2013.10.07 02:13:14.440,0.75072,0.75106,1.50,1.50
2013.10.07 02:13:15.021,0.75078,0.75109,1.13,1.50
2013.10.07 02:13:16.139,0.75078,0.75109,1.13,1.50
2013.10.07 02:13:16.199,0.75071,0.75106,1.13,1.50
2013.10.07 02:13:21.590,0.75072,0.75106,1.50,1.50
2013.10.07 02:13:30.201,0.75072,0.75109,1.50,1.50
2013.10.07 02:13:30.559,0.75076,0.75105,1.13,1.50
2013.10.07 02:13:30.711,0.75069,0.75103,1.13,1.50
2013.10.07 02:13:33.680,0.75073,0.75104,1.13,1.50
2013.10.07 02:13:33.929,0.75066,0.75106,1.88,1.88
2013.10.07 02:13:34.169,0.75077,0.75108,1.13,1.88
2013.10.07 02:13:34.229,0.75072,0.75108,1.50,1.13
2013.10.07 02:13:37.980,0.75066,0.75109,2.25,1.13
2013.10.07 02:13:38.310,0.75067,0.75109,1.13,1.13
2013.10.07 02:13:38.509,0.75067,0.75109,1.88,1.13
2013.10.07 02:13:38.789,0.75071,0.75109,1.50,1.13
2013.10.07 02:13:44.909,0.75075,0.75114,1.13,1.88
2013.10.07 02:13:45.089,0.75075,0.7511,1.13,1.50
2013.10.07 02:13:50.679,0.75076,0.75114,1.50,1.88
2013.10.07 02:13:51.387,0.75075,0.7511,1.13,1.50
2013.10.07 02:13:52.382,0.75075,0.75111,1.13,2.25
2013.10.07 02:13:52.919,0.75075,0.75111,1.13,2.25
2013.10.07 02:13:53.039,0.75068,0.75099,1.13,1.13
2013.10.07 02:13:53.099,0.75067,0.75096,1.13,1.13
2013.10.07 02:13:53.159,0.75068,0.75098,1.50,1.13
2013.10.07 02:13:53.479,0.75066,0.75099,1.50,1.50
2013.10.07 02:13:53.539,0.75065,0.75096,1.50,1.50
2013.10.07 02:13:53.659,0.75065,0.75096,1.50,1.50
2013.10.07 02:13:54.019,0.75061,0.75094,1.50,1.50
2013.10.07 02:13:54.600,0.75061,0.75093,1.50,1.50
2013.10.07 02:13:54.710,0.75061,0.75094,1.50,1.50
2013.10.07 02:13:58.009,0.75061,0.75093,1.50,1.13
2013.10.07 02:13:59.151,0.75057,0.7509,1.50,1.13
2013.10.07 02:13:59.509,0.75055,0.75086,1.88,1.13
2013.10.07 02:13:59.629,0.75059,0.75088,1.50,1.50
2013.10.07 02:14:01.389,0.75057,0.75088,1.50,2.25
2013.10.07 02:14:01.569,0.75055,0.75085,1.50,1.13
2013.10.07 02:14:02.325,0.75055,0.75085,1.50,1.13
2013.10.07 02:14:10.460,0.75055,0.75085,1.50,1.50
2013.10.07 02:14:10.590,0.75055,0.75085,1.50,1.50
2013.10.07 02:14:10.849,0.7506,0.75088,1.50,1.50
2013.10.07 02:14:12.439,0.7506,0.75088,1.50,1.13
2013.10.07 02:14:12.559,0.7506,0.75091,1.50,1.13
2013.10.07 02:14:13.289,0.75057,0.75089,1.50,1.13
2013.10.07 02:14:14.970,0.75053,0.75088,1.13,1.88
2013.10.07 02:14:16.009,0.75057,0.75088,1.50,1.88
2013.10.07 02:14:16.069,0.75055,0.75085,1.50,1.13
2013.10.07 02:14:18.620,0.75053,0.75084,1.13,1.13
2013.10.07 02:14:20.279,0.75053,0.75084,1.13,1.13
2013.10.07 02:14:27.420,0.75055,0.75085,1.50,1.13
2013.10.07 02:14:27.539,0.75057,0.75085,1.13,1.13
2013.10.07 02:14:28.061,0.75057,0.75098,1.13,1.88
2013.10.07 02:14:28.159,0.75059,0.75088,1.50,1.13
2013.10.07 02:14:30.219,0.75059,0.75088,1.50,1.13
2013.10.07 02:14:30.519,0.75065,0.75103,1.13,1.50
2013.10.07 02:14:30.639,0.75062,0.75098,2.63,1.50
2013.10.07 02:14:30.999,0.75065,0.751,1.13,1.13
2013.10.07 02:14:35.284,0.75065,0.75103,1.50,1.88
2013.10.07 02:14:35.710,0.75067,0.75103,1.50,1.50
2013.10.07 02:14:36.039,0.75067,0.75103,1.50,1.50
2013.10.07 02:14:36.409,0.75067,0.751,1.50,1.13
2013.10.07 02:14:36.529,0.75067,0.75097,1.50,1.13
2013.10.07 02:14:36.889,0.75064,0.75098,1.50,1.13
2013.10.07 02:14:37.430,0.75067,0.75103,1.88,1.50
2013.10.07 02:14:37.920,0.75067,0.75103,1.88,1.50
2013.10.07 02:14:38.860,0.75067,0.751,1.13,1.13
2013.10.07 02:14:38.979,0.75066,0.75099,1.50,1.50
2013.10.07 02:14:39.040,0.75066,0.75097,1.50,1.13
2013.10.07 02:14:39.159,0.75066,0.75096,1.50,1.50
2013.10.07 02:14:39.219,0.75065,0.75096,1.13,2.25
2013.10.07 02:14:42.869,0.75062,0.75094,1.13,1.13
2013.10.07 02:14:43.410,0.75065,0.75096,1.13,1.13
2013.10.07 02:14:44.299,0.75061,0.75095,1.88,1.88
2013.10.07 02:14:45.059,0.75061,0.75093,1.50,1.13
2013.10.07 02:14:51.442,0.75061,0.75093,1.50,1.88
2013.10.07 02:14:51.560,0.75062,0.75093,1.50,1.88
2013.10.07 02:14:51.799,0.75064,0.75094,1.13,1.13
2013.10.07 02:14:54.689,0.75064,0.75098,1.13,1.50
2013.10.07 02:14:54.749,0.75064,0.75098,1.13,1.50
2013.10.07 02:15:06.209,0.75064,0.75097,1.13,1.50
2013.10.07 02:15:06.269,0.75064,0.75095,1.13,1.13
2013.10.07 02:15:06.449,0.75064,0.75094,1.13,1.50
2013.10.07 02:15:06.629,0.75058,0.75093,1.13,1.50
2013.10.07 02:15:06.689,0.75056,0.7509,1.88,1.88
2013.10.07 02:15:06.749,0.75056,0.75089,1.50,1.13
2013.10.07 02:15:07.049,0.75056,0.75086,1.13,1.13
2013.10.07 02:15:07.309,0.75051,0.75087,1.50,1.13
2013.10.07 02:15:08.269,0.75051,0.75089,1.50,1.88
2013.10.07 02:15:08.998,0.75051,0.75089,1.50,1.50
2013.10.07 02:15:10.580,0.7505,0.75087,1.13,1.13
2013.10.07 02:15:10.880,0.75047,0.75075,1.13,1.13
2013.10.07 02:15:11.149,0.75042,0.75074,1.50,1.50
2013.10.07 02:15:11.269,0.75042,0.75073,1.50,1.13
2013.10.07 02:15:12.249,0.75042,0.75077,1.50,1.13
2013.10.07 02:15:12.971,0.75046,0.75077,1.50,1.50
2013.10.07 02:15:13.799,0.75046,0.75077,1.50,1.13
2013.10.07 02:15:16.924,0.75046,0.75077,1.50,1.13
2013.10.07 02:15:19.179,0.75041,0.75077,1.88,2.25
2013.10.07 02:15:19.801,0.75041,0.75077,1.50,1.50
2013.10.07 02:15:20.782,0.75041,0.75077,1.88,1.50
2013.10.07 02:15:21.049,0.75046,0.75079,1.50,1.13
2013.10.07 02:15:22.469,0.75042,0.75078,1.50,2.25
2013.10.07 02:15:24.739,0.75042,0.75078,1.50,1.50
2013.10.07 02:15:26.099,0.75046,0.75078,1.50,1.50
2013.10.07 02:15:26.178,0.75046,0.75078,1.50,1.50
2013.10.07 02:15:27.069,0.75046,0.75078,1.50,1.13
2013.10.07 02:15:27.250,0.75047,0.75079,1.50,1.50
2013.10.07 02:15:29.979,0.75047,0.75079,1.50,1.13
2013.10.07 02:15:36.500,0.75043,0.75079,1.13,1.88
2013.10.07 02:15:38.141,0.7505,0.75079,1.50,1.13
2013.10.07 02:15:45.181,0.75048,0.75079,1.13,1.50
2013.10.07 02:15:45.539,0.75042,0.75079,1.13,2.63
2013.10.07 02:15:48.459,0.75043,0.75078,1.13,1.50
2013.10.07 02:16:04.430,0.75047,0.75078,1.50,1.50
2013.10.07 02:16:11.800,0.75047,0.75079,1.50,1.50
2013.10.07 02:16:11.979,0.75047,0.75081,1.50,1.88
2013.10.07 02:16:14.699,0.75043,0.75078,1.13,1.13
2013.10.07 02:16:15.000,0.75046,0.75084,1.88,1.13
2013.10.07 02:16:15.269,0.75046,0.75084,1.50,1.50
2013.10.07 02:16:15.599,0.75046,0.75084,1.50,1.50
2013.10.07 02:16:15.659,0.75046,0.75084,1.50,2.25
2013.10.07 02:16:18.789,0.75046,0.75084,1.50,2.25
2013.10.07 02:16:20.409,0.75046,0.75084,1.50,1.88
2013.10.07 02:16:21.209,0.75046,0.75084,1.50,2.25
2013.10.07 02:16:21.329,0.75046,0.75084,1.50,2.25
2013.10.07 02:16:23.188,0.75046,0.75084,1.50,2.25
2013.10.07 02:16:23.570,0.75046,0.75084,1.50,2.25
2013.10.07 02:16:25.600,0.75046,0.75084,1.50,2.25
2013.10.07 02:16:26.314,0.75046,0.75084,1.50,2.25
2013.10.07 02:16:31.071,0.75046,0.75084,1.50,2.25
2013.10.07 02:16:31.550,0.75046,0.75084,1.50,2.25
2013.10.07 02:16:32.569,0.75046,0.75081,1.50,1.13
2013.10.07 02:16:32.690,0.7505,0.75081,1.50,1.13
2013.10.07 02:16:33.529,0.7505,0.75081,1.50,1.13
2013.10.07 02:16:35.132,0.7505,0.75081,1.50,1.13
2013.10.07 02:16:37.609,0.7505,0.75081,1.50,1.13
2013.10.07 02:16:39.019,0.7505,0.75081,1.50,1.13
2013.10.07 02:16:39.719,0.7505,0.75081,1.50,1.13
2013.10.07 02:16:40.054,0.7505,0.75081,1.50,1.13
2013.10.07 02:16:50.769,0.7505,0.75081,1.50,1.50
2013.10.07 02:16:55.410,0.7505,0.75081,1.50,1.50
2013.10.07 02:16:58.161,0.75052,0.75083,1.13,1.13
2013.10.07 02:16:58.340,0.75051,0.75086,1.50,1.13
2013.10.07 02:16:59.459,0.75052,0.75083,1.50,1.13
2013.10.07 02:16:59.699,0.75057,0.75088,1.50,1.13
2013.10.07 02:17:04.692,0.75057,0.75088,1.50,1.13
2013.10.07 02:17:04.810,0.75057,0.75088,1.50,1.50
2013.10.07 02:17:04.870,0.75055,0.75087,1.13,1.50
2013.10.07 02:17:16.870,0.75056,0.75087,1.50,1.13
2013.10.07 02:17:16.929,0.75057,0.75085,1.50,1.13
2013.10.07 02:17:17.239,0.75057,0.75085,1.50,1.13
2013.10.07 02:17:17.781,0.75057,0.75085,1.50,1.13
2013.10.07 02:17:23.680,0.75058,0.75087,1.50,1.13
2013.10.07 02:17:30.360,0.75058,0.75087,1.50,1.13
2013.10.07 02:17:30.741,0.75057,0.75086,1.88,1.13
2013.10.07 02:17:37.840,0.75056,0.75086,1.50,1.13
2013.10.07 02:17:44.641,0.75056,0.75088,1.50,2.25
2013.10.07 02:17:45.249,0.75056,0.75088,1.88,2.25
2013.10.07 02:17:46.309,0.75056,0.75088,1.88,2.25
2013.10.07 02:17:54.600,0.75056,0.75086,1.88,1.13
2013.10.07 02:17:54.921,0.75056,0.75088,1.50,2.25
2013.10.07 02:18:06.589,0.75055,0.75087,1.13,1.13
2013.10.07 02:18:06.949,0.75054,0.75084,1.50,1.13
2013.10.07 02:18:10.030,0.75056,0.75088,1.50,1.88
2013.10.07 02:18:10.151,0.75059,0.75098,1.50,1.88
2013.10.07 02:18:10.271,0.75063,0.75098,1.50,1.88
2013.10.07 02:18:10.509,0.75065,0.75096,1.50,1.13
2013.10.07 02:18:10.801,0.75065,0.75098,1.50,1.13
2013.10.07 02:18:14.121,0.75063,0.75096,1.13,1.50
2013.10.07 02:18:14.300,0.75062,0.75088,1.13,1.13
2013.10.07 02:18:14.479,0.75059,0.75091,1.88,1.13
2013.10.07 02:18:14.659,0.75065,0.75096,1.50,1.13
2013.10.07 02:18:15.149,0.75067,0.75098,1.50,1.88
2013.10.07 02:18:15.539,0.75067,0.75098,1.88,1.50
2013.10.07 02:18:15.959,0.75067,0.75098,1.13,1.50
2013.10.07 02:18:16.319,0.75065,0.75096,1.50,1.13
2013.10.07 02:18:17.109,0.75065,0.75096,1.50,1.13
2013.10.07 02:18:17.548,0.75065,0.75096,1.50,1.73
2013.10.07 02:18:17.849,0.75055,0.75086,1.50,1.13
2013.10.07 02:18:18.061,0.75055,0.75086,1.50,1.13
2013.10.07 02:18:18.181,0.75061,0.7509,1.50,2.48
2013.10.07 02:18:20.400,0.75056,0.75089,1.50,1.13
2013.10.07 02:18:20.529,0.75056,0.75089,1.50,1.50
2013.10.07 02:18:20.589,0.75056,0.75087,1.50,1.13
2013.10.07 02:18:24.909,0.75058,0.75087,1.50,1.13
2013.10.07 02:18:25.249,0.75058,0.75088,1.50,1.13
2013.10.07 02:18:33.941,0.7506,0.75092,1.50,1.13
2013.10.07 02:18:48.200,0.75061,0.75093,1.50,1.13
2013.10.07 02:18:48.620,0.75061,0.75095,1.50,1.13
2013.10.07 02:18:51.454,0.75056,0.75095,1.50,1.13
2013.10.07 02:18:52.989,0.75066,0.75098,1.50,1.13
2013.10.07 02:18:53.049,0.75066,0.75098,1.50,1.13
2013.10.07 02:18:53.811,0.75066,0.75098,1.50,1.13
2013.10.07 02:18:54.259,0.75066,0.75098,1.50,1.13
2013.10.07 02:18:55.462,0.75066,0.75098,1.50,1.13
2013.10.07 02:18:56.138,0.7507,0.75098,1.50,1.13
2013.10.07 02:18:56.599,0.75066,0.75097,1.50,1.50
2013.10.07 02:18:56.909,0.75066,0.75097,1.50,1.13
2013.10.07 02:18:57.029,0.75066,0.75097,1.88,1.13
2013.10.07 02:18:57.089,0.75066,0.75097,1.88,1.13
2013.10.07 02:19:01.659,0.75066,0.75097,1.50,1.13
2013.10.07 02:19:02.632,0.75066,0.75097,1.50,1.13
2013.10.07 02:19:02.880,0.75066,0.75097,1.50,1.13
2013.10.07 02:19:08.695,0.75066,0.75098,1.88,1.13
2013.10.07 02:19:08.763,0.75066,0.75094,1.88,1.13
2013.10.07 02:19:08.820,0.75067,0.75093,1.50,1.13
2013.10.07 02:19:10.100,0.75063,0.75093,1.13,1.13
2013.10.07 02:19:10.369,0.75061,0.75092,1.50,1.13
2013.10.07 02:19:10.490,0.75066,0.75093,1.50,1.13
2013.10.07 02:19:11.147,0.75066,0.75094,1.50,1.13
2013.10.07 02:19:12.291,0.75066,0.75093,1.50,1.13
2013.10.07 02:19:14.622,0.75061,0.75092,1.50,1.13
2013.10.07 02:19:14.950,0.75066,0.75094,1.50,1.13
2013.10.07 02:19:16.229,0.75062,0.75092,1.50,1.50
2013.10.07 02:19:16.289,0.75059,0.75088,1.50,1.13
2013.10.07 02:19:16.829,0.75059,0.75088,1.50,1.13
2013.10.07 02:19:17.541,0.75059,0.7509,1.50,1.50
2013.10.07 02:19:17.840,0.75066,0.75093,1.50,1.13
2013.10.07 02:19:26.499,0.75066,0.75094,1.50,1.13
2013.10.07 02:19:26.839,0.75069,0.75099,1.50,1.50
2013.10.07 02:19:26.901,0.75069,0.75099,1.50,1.13
2013.10.07 02:19:27.610,0.75067,0.75096,1.88,1.13
2013.10.07 02:19:28.771,0.75066,0.75099,1.50,1.13
2013.10.07 02:19:29.169,0.75069,0.75101,1.50,1.13
2013.10.07 02:19:30.680,0.75069,0.75097,1.50,1.13
2013.10.07 02:19:31.919,0.75068,0.75101,1.88,1.13
2013.10.07 02:19:49.301,0.75072,0.75103,1.88,1.88
2013.10.07 02:19:50.040,0.75072,0.75102,1.50,1.13
2013.10.07 02:19:53.840,0.75066,0.75099,1.50,1.13
2013.10.07 02:20:01.730,0.7507,0.75099,1.13,1.13
2013.10.07 02:20:01.910,0.75068,0.75099,1.13,2.25
2013.10.07 02:20:02.030,0.75067,0.75096,1.13,1.13
2013.10.07 02:20:10.630,0.75067,0.75096,1.13,1.13
2013.10.07 02:20:10.870,0.75071,0.75102,1.50,1.50
2013.10.07 02:20:11.049,0.75071,0.75102,1.50,1.13
2013.10.07 02:20:14.869,0.75071,0.75103,1.50,1.50
2013.10.07 02:20:14.929,0.75075,0.75106,1.50,1.13
2013.10.07 02:20:22.810,0.75077,0.75113,1.88,1.50
2013.10.07 02:20:23.151,0.7508,0.7511,1.50,1.13
2013.10.07 02:20:23.270,0.75083,0.75114,1.13,1.13
2013.10.07 02:20:23.510,0.75085,0.75119,1.88,1.50
2013.10.07 02:20:26.121,0.75085,0.75116,1.13,1.50
2013.10.07 02:20:26.480,0.75077,0.75108,1.13,1.88
2013.10.07 02:20:26.539,0.75075,0.75108,1.13,1.88
2013.10.07 02:20:26.780,0.75076,0.75108,1.13,1.13
2013.10.07 02:20:26.842,0.75076,0.75108,1.88,1.13
2013.10.07 02:20:27.380,0.75077,0.75113,1.13,1.13
2013.10.07 02:20:39.211,0.75078,0.7511,1.88,1.13
2013.10.07 02:20:39.980,0.75081,0.75118,1.13,1.13
2013.10.07 02:20:41.173,0.75081,0.75118,1.13,1.13
2013.10.07 02:20:50.440,0.75083,0.75121,1.88,1.13
2013.10.07 02:20:50.769,0.75087,0.75122,1.13,1.50
2013.10.07 02:20:51.282,0.75087,0.75121,1.13,1.13
2013.10.07 02:20:51.542,0.75087,0.75121,1.13,1.13
2013.10.07 02:20:51.961,0.75087,0.75123,1.50,1.50
2013.10.07 02:20:52.080,0.75087,0.75123,1.50,1.50
2013.10.07 02:20:53.470,0.75087,0.7512,1.50,1.13
2013.10.07 02:20:53.710,0.75087,0.7512,1.50,1.13
2013.10.07 02:20:55.840,0.75087,0.75121,1.50,1.13
2013.10.07 02:20:56.429,0.75087,0.75122,1.50,1.13
2013.10.07 02:21:00.203,0.75087,0.7512,1.50,1.13
2013.10.07 02:21:00.379,0.75086,0.75116,1.50,1.50
2013.10.07 02:21:01.021,0.75086,0.75116,1.50,1.50
2013.10.07 02:21:06.800,0.75086,0.75116,1.50,1.50
2013.10.07 02:21:10.469,0.75086,0.75116,1.13,1.50
2013.10.07 02:21:12.690,0.75086,0.75116,1.13,1.13
2013.10.07 02:21:12.750,0.75085,0.75118,1.50,1.13
2013.10.07 02:21:13.049,0.75082,0.75114,1.13,1.50
2013.10.07 02:21:18.190,0.75083,0.75118,1.13,1.50
2013.10.07 02:21:19.651,0.75084,0.7512,1.50,1.13
2013.10.07 02:21:20.861,0.75084,0.75115,1.13,1.50
2013.10.07 02:21:21.222,0.75078,0.75109,1.13,1.50
2013.10.07 02:21:21.750,0.75078,0.75109,1.13,1.13
2013.10.07 02:21:21.810,0.75081,0.75112,1.13,1.13
2013.10.07 02:21:21.911,0.75081,0.75112,1.13,1.13
2013.10.07 02:21:22.425,0.75078,0.75112,1.13,1.13
2013.10.07 02:21:26.099,0.75078,0.75112,1.13,1.13
2013.10.07 02:21:29.019,0.75078,0.75109,1.13,1.50
2013.10.07 02:21:38.751,0.75078,0.75109,1.13,1.88
2013.10.07 02:21:42.161,0.75076,0.75109,1.88,1.88
2013.10.07 02:21:46.381,0.75082,0.75109,1.13,1.13
2013.10.07 02:21:46.620,0.75084,0.75112,1.13,1.13
2013.10.07 02:21:46.800,0.75086,0.75119,1.13,1.50
2013.10.07 02:21:47.060,0.75086,0.75119,1.13,1.50
2013.10.07 02:21:47.199,0.75086,0.75119,1.13,1.50
2013.10.07 02:21:47.259,0.75086,0.75119,1.13,1.88
2013.10.07 02:21:47.500,0.75084,0.75119,1.13,1.50
2013.10.07 02:21:47.591,0.75083,0.75119,1.50,1.50
2013.10.07 02:21:47.949,0.75083,0.75118,2.25,1.13
2013.10.07 02:22:07.120,0.75085,0.75118,1.13,1.13
2013.10.07 02:22:12.954,0.75081,0.75118,1.50,1.50
2013.10.07 02:22:13.221,0.75081,0.75119,1.50,1.13
2013.10.07 02:22:16.090,0.75087,0.7512,1.13,1.50
2013.10.07 02:22:17.141,0.75087,0.75119,1.13,1.13
2013.10.07 02:22:17.740,0.75087,0.7511,1.13,1.13
2013.10.07 02:22:18.220,0.75081,0.75111,1.13,1.13
2013.10.07 02:22:18.280,0.75079,0.75117,1.13,1.13
2013.10.07 02:22:18.391,0.75078,0.75113,1.13,1.50
2013.10.07 02:22:18.630,0.75078,0.75114,1.50,1.13
2013.10.07 02:22:22.700,0.75081,0.75108,1.13,1.50
2013.10.07 02:22:23.301,0.75079,0.75113,1.13,1.50
2013.10.07 02:22:29.132,0.75081,0.75112,1.13,1.13
2013.10.07 02:22:29.681,0.75076,0.75114,1.50,1.88
2013.10.07 02:22:36.501,0.75081,0.75113,1.13,1.13
2013.10.07 02:22:37.360,0.7508,0.75113,1.13,1.13
2013.10.07 02:22:38.190,0.75079,0.7511,1.88,1.13
2013.10.07 02:22:38.250,0.75079,0.75108,1.13,1.13
2013.10.07 02:22:38.490,0.75077,0.75106,1.50,1.13
2013.10.07 02:22:39.650,0.75077,0.75107,1.88,1.13
2013.10.07 02:22:41.320,0.75077,0.75108,1.50,1.50
2013.10.07 02:22:41.380,0.75077,0.75104,1.50,1.13
2013.10.07 02:22:41.927,0.75076,0.75103,1.88,1.13
2013.10.07 02:22:42.581,0.75076,0.75103,1.88,1.13
2013.10.07 02:22:44.890,0.75077,0.75103,1.50,1.13
2013.10.07 02:22:48.201,0.75072,0.75102,1.50,1.13
2013.10.07 02:22:50.460,0.75077,0.75103,1.13,1.13
2013.10.07 02:22:54.415,0.75077,0.75104,1.13,1.13
2013.10.07 02:22:55.340,0.75076,0.75104,1.13,1.13
2013.10.07 02:22:56.160,0.75075,0.75103,1.13,1.13
2013.10.07 02:22:59.840,0.75072,0.75101,1.13,1.13
2013.10.07 02:23:00.630,0.75071,0.75099,1.88,1.13
2013.10.07 02:23:01.060,0.75073,0.75102,1.13,1.88
2013.10.07 02:23:06.960,0.75071,0.751,1.88,1.13
2013.10.07 02:23:07.261,0.75073,0.75099,1.13,1.13
2013.10.07 02:23:07.620,0.75064,0.75094,1.50,1.50
2013.10.07 02:23:07.740,0.75065,0.75094,1.50,1.88
2013.10.07 02:23:07.860,0.75058,0.75088,1.13,1.13
2013.10.07 02:23:08.901,0.75057,0.75088,1.50,1.13
2013.10.07 02:23:14.372,0.7506,0.75094,1.50,1.88
2013.10.07 02:23:14.900,0.75056,0.75087,1.50,1.13
2013.10.07 02:23:16.930,0.75056,0.75087,1.50,1.13
2013.10.07 02:23:17.441,0.75062,0.75094,1.13,1.13
2013.10.07 02:23:18.051,0.75062,0.75094,1.13,1.13
2013.10.07 02:23:23.121,0.75061,0.75094,1.13,1.50
2013.10.07 02:23:23.301,0.75059,0.75094,1.50,1.88
2013.10.07 02:23:23.610,0.75055,0.75083,1.13,1.13
2013.10.07 02:23:23.670,0.75055,0.75083,1.13,2.25
2013.10.07 02:23:24.010,0.75052,0.75082,1.13,1.35
2013.10.07 02:23:25.595,0.75049,0.75081,1.13,1.13
2013.10.07 02:23:26.720,0.7505,0.75079,1.13,1.50
2013.10.07 02:23:30.131,0.75049,0.75079,1.13,1.50
2013.10.07 02:23:36.591,0.75048,0.75081,1.88,1.50
2013.10.07 02:23:37.221,0.75048,0.75077,1.50,1.13
2013.10.07 02:23:37.819,0.75048,0.75078,1.13,1.13
2013.10.07 02:23:38.480,0.7505,0.75078,1.13,1.13
2013.10.07 02:23:38.981,0.75052,0.75078,1.13,1.13
2013.10.07 02:23:39.497,0.75052,0.75077,1.13,1.13
2013.10.07 02:23:52.262,0.7505,0.75077,1.13,1.13
2013.10.07 02:23:52.680,0.75048,0.75075,1.13,1.13
2013.10.07 02:23:59.932,0.75052,0.75083,1.13,1.50
2013.10.07 02:24:02.570,0.75052,0.7508,1.13,1.50
2013.10.07 02:24:03.240,0.75053,0.75083,1.13,1.50
2013.10.07 02:24:19.971,0.7505,0.75082,1.88,1.13
2013.10.07 02:24:30.260,0.75056,0.75082,1.13,1.13
2013.10.07 02:24:40.250,0.75053,0.75084,1.13,1.88
2013.10.07 02:24:40.381,0.75053,0.7508,1.13,1.50
2013.10.07 02:24:40.500,0.7505,0.75079,1.13,1.88
2013.10.07 02:24:40.920,0.75054,0.75084,1.13,2.48
2013.10.07 02:25:01.201,0.75053,0.75084,1.13,2.10
2013.10.07 02:25:18.266,0.75056,0.75084,1.13,1.50
2013.10.07 02:25:21.110,0.75054,0.75084,1.13,1.50
2013.10.07 02:25:21.291,0.75047,0.75079,1.13,1.50
2013.10.07 02:25:21.630,0.75048,0.75079,1.13,1.50
2013.10.07 02:25:21.870,0.75049,0.75082,1.13,1.13
2013.10.07 02:25:23.790,0.75049,0.75078,1.13,1.50
2013.10.07 02:25:23.850,0.75049,0.75078,1.13,1.50
2013.10.07 02:25:24.410,0.75047,0.75081,1.13,1.13
2013.10.07 02:25:36.279,0.75049,0.75084,1.50,1.88
2013.10.07 02:25:36.400,0.75049,0.75083,1.88,1.50
2013.10.07 02:25:41.540,0.75055,0.75083,1.13,1.50
2013.10.07 02:25:45.670,0.75058,0.75084,1.13,1.50
2013.10.07 02:25:45.889,0.75056,0.75084,1.13,1.88
2013.10.07 02:25:46.212,0.75055,0.75084,1.13,1.50
2013.10.07 02:25:49.511,0.75056,0.75088,1.13,1.88
2013.10.07 02:25:50.366,0.75056,0.75088,1.13,1.88
2013.10.07 02:25:50.720,0.75056,0.75088,1.13,1.88
2013.10.07 02:25:50.900,0.75058,0.75088,1.13,1.50
2013.10.07 02:25:51.140,0.75057,0.75087,1.13,1.13
2013.10.07 02:25:52.670,0.75058,0.7509,1.13,1.13
2013.10.07 02:25:52.792,0.75056,0.75091,1.13,1.13
2013.10.07 02:25:53.150,0.75059,0.75093,1.50,1.88
2013.10.07 02:25:53.331,0.75062,0.75093,1.50,1.50
2013.10.07 02:25:54.711,0.75064,0.75095,1.13,1.13
2013.10.07 02:25:55.080,0.75064,0.75098,1.50,1.88
2013.10.07 02:26:06.080,0.75064,0.75095,1.50,1.50
2013.10.07 02:26:18.582,0.75061,0.75095,1.50,1.50
2013.10.07 02:26:19.431,0.75062,0.75095,1.88,1.13
2013.10.07 02:26:20.019,0.75063,0.75095,1.50,1.13
2013.10.07 02:26:31.250,0.75065,0.75097,1.50,1.13
2013.10.07 02:26:31.589,0.75065,0.75096,1.50,1.50
2013.10.07 02:26:33.640,0.75065,0.75096,1.50,1.13
2013.10.07 02:26:35.510,0.75065,0.75096,1.50,1.50
2013.10.07 02:26:35.678,0.75065,0.75096,1.50,1.13
2013.10.07 02:26:36.251,0.75068,0.75095,1.13,1.13
2013.10.07 02:26:38.620,0.7507,0.75098,1.88,1.50
2013.10.07 02:26:40.171,0.75069,0.75096,1.13,1.13
2013.10.07 02:26:40.859,0.75066,0.75097,1.50,1.13
2013.10.07 02:26:44.161,0.75069,0.75097,1.13,2.25
2013.10.07 02:26:45.930,0.75069,0.75097,1.88,1.50
2013.10.07 02:26:51.724,0.75069,0.75097,1.13,2.25
2013.10.07 02:26:56.291,0.75066,0.75095,1.50,1.50
2013.10.07 02:26:56.471,0.75062,0.75091,1.13,1.50
2013.10.07 02:26:57.481,0.75066,0.75094,1.13,1.88
2013.10.07 02:27:00.852,0.75066,0.75095,1.13,1.13
2013.10.07 02:27:01.290,0.7507,0.75097,1.13,1.50
2013.10.07 02:27:01.830,0.75072,0.75098,1.13,1.13
2013.10.07 02:27:06.842,0.75072,0.75098,1.13,1.13
2013.10.07 02:27:07.550,0.75072,0.75098,1.13,1.13
2013.10.07 02:27:08.871,0.7507,0.75097,4.88,1.13
2013.10.07 02:27:09.052,0.7507,0.75097,4.88,1.13
2013.10.07 02:27:09.481,0.75069,0.75098,1.13,1.13
2013.10.07 02:27:22.390,0.7507,0.75098,1.13,1.13
2013.10.07 02:27:22.450,0.75069,0.75098,1.13,1.13
2013.10.07 02:27:22.955,0.75067,0.75094,1.13,1.13
2013.10.07 02:27:23.620,0.75067,0.75094,1.13,1.13
2013.10.07 02:27:33.060,0.75068,0.75093,1.13,1.13
2013.10.07 02:27:35.228,0.75068,0.75093,1.13,1.13
2013.10.07 02:27:35.290,0.75066,0.75093,1.13,1.13
2013.10.07 02:27:39.132,0.75062,0.7509,1.13,1.13
2013.10.07 02:27:39.310,0.75062,0.75088,1.13,1.50
2013.10.07 02:27:40.669,0.75062,0.75088,4.88,1.50
2013.10.07 02:27:42.601,0.75062,0.75088,1.13,1.50
2013.10.07 02:28:00.151,0.75063,0.75094,1.13,1.88
2013.10.07 02:28:06.970,0.75061,0.75091,1.50,1.50
2013.10.07 02:28:07.091,0.7506,0.75089,1.13,1.50
2013.10.07 02:28:07.841,0.75062,0.7509,1.50,1.50
2013.10.07 02:28:09.350,0.75059,0.75089,1.13,1.50
2013.10.07 02:28:09.748,0.75059,0.75088,1.50,1.13
2013.10.07 02:28:09.871,0.75058,0.75089,1.13,1.50
2013.10.07 02:28:10.661,0.75057,0.75089,1.50,1.13
2013.10.07 02:28:10.921,0.7506,0.75089,1.50,1.13
2013.10.07 02:28:11.161,0.75064,0.75092,1.50,1.13
2013.10.07 02:28:11.630,0.7507,0.75099,1.50,1.13
2013.10.07 02:28:11.690,0.7507,0.75101,1.50,2.25
2013.10.07 02:28:12.301,0.75073,0.751,1.13,1.13
2013.10.07 02:28:12.821,0.7507,0.751,1.50,1.50
2013.10.07 02:28:13.072,0.75071,0.75099,1.13,1.13
2013.10.07 02:28:14.090,0.75071,0.75099,1.50,2.25
2013.10.07 02:28:14.850,0.75071,0.75099,1.13,2.25
2013.10.07 02:28:15.881,0.75071,0.75099,1.13,2.25
2013.10.07 02:28:20.745,0.7507,0.75096,1.13,1.13
2013.10.07 02:28:21.080,0.75065,0.75095,1.50,1.13
2013.10.07 02:28:21.550,0.75063,0.75095,1.50,1.13
2013.10.07 02:28:22.071,0.75063,0.75096,1.13,1.13
2013.10.07 02:28:22.499,0.75059,0.75095,1.50,1.13
2013.10.07 02:28:23.210,0.75059,0.75094,1.50,1.13
2013.10.07 02:28:23.790,0.75059,0.75091,1.13,1.13
2013.10.07 02:28:24.120,0.7506,0.75093,1.50,1.13
2013.10.07 02:28:31.112,0.7506,0.75092,1.50,1.13
2013.10.07 02:28:31.471,0.7506,0.75091,1.50,1.13
2013.10.07 02:28:31.661,0.7506,0.75091,1.88,1.13
2013.10.07 02:28:31.930,0.7506,0.75095,1.50,1.13
2013.10.07 02:28:32.102,0.7506,0.75093,1.50,1.13
2013.10.07 02:28:32.700,0.7506,0.75094,1.50,1.13
2013.10.07 02:28:33.002,0.75061,0.75095,1.88,1.13
2013.10.07 02:28:34.541,0.75061,0.75093,1.50,1.13
2013.10.07 02:28:34.601,0.75061,0.75093,1.50,1.88
2013.10.07 02:28:35.063,0.75056,0.75091,1.13,1.13
2013.10.07 02:28:35.421,0.75056,0.75089,1.13,1.13
2013.10.07 02:28:35.541,0.75058,0.75089,1.50,1.13
2013.10.07 02:28:35.722,0.75055,0.75084,1.50,1.13
2013.10.07 02:28:35.782,0.75055,0.75084,1.50,1.13
2013.10.07 02:28:35.960,0.75055,0.75084,1.50,1.13
2013.10.07 02:28:36.180,0.75055,0.75084,1.50,1.13
2013.10.07 02:28:36.600,0.75055,0.75084,1.50,1.13
2013.10.07 02:28:37.263,0.75055,0.75084,1.50,1.13
2013.10.07 02:28:37.612,0.75055,0.75084,1.50,1.13
2013.10.07 02:28:39.673,0.75055,0.75086,1.88,1.13
2013.10.07 02:28:39.732,0.75055,0.75084,1.88,1.50
2013.10.07 02:28:43.440,0.75055,0.75086,1.88,1.13
2013.10.07 02:28:43.620,0.75055,0.75084,1.88,1.50
2013.10.07 02:28:52.412,0.75054,0.75086,1.50,1.13
2013.10.07 02:28:53.952,0.75054,0.75085,1.50,1.50
2013.10.07 02:28:56.316,0.75056,0.75086,1.50,1.13
2013.10.07 02:28:57.966,0.75056,0.75086,1.50,1.13
2013.10.07 02:29:03.712,0.75055,0.75086,1.88,1.13
2013.10.07 02:29:05.031,0.75055,0.75086,1.88,1.13
2013.10.07 02:29:05.331,0.75055,0.75085,1.88,1.13
2013.10.07 02:29:05.510,0.75055,0.75086,1.88,1.13
2013.10.07 02:29:06.682,0.75055,0.75086,1.88,1.13
2013.10.07 02:29:06.920,0.75055,0.75086,1.88,1.13
2013.10.07 02:29:07.661,0.75055,0.75086,1.88,1.13
2013.10.07 02:29:08.183,0.75055,0.75084,1.88,1.13
2013.10.07 02:29:08.631,0.75055,0.75086,1.88,1.13
2013.10.07 02:29:11.661,0.75055,0.75086,1.88,1.13
2013.10.07 02:29:16.171,0.75055,0.7509,1.88,1.13
2013.10.07 02:29:17.621,0.75055,0.7509,1.88,1.13
2013.10.07 02:29:19.362,0.75055,0.75085,1.88,1.13
2013.10.07 02:29:25.751,0.75055,0.75084,1.88,1.50
2013.10.07 02:29:26.732,0.75055,0.75088,1.88,1.88
2013.10.07 02:29:28.112,0.75053,0.75088,1.88,1.88
2013.10.07 02:29:30.526,0.75053,0.75088,1.88,1.88
2013.10.07 02:29:37.160,0.75054,0.75087,1.50,1.13
2013.10.07 02:29:38.161,0.75053,0.75087,1.88,1.13
2013.10.07 02:29:38.221,0.75053,0.75083,1.13,1.50
2013.10.07 02:29:38.342,0.75053,0.75088,1.88,1.13
2013.10.07 02:29:38.670,0.75057,0.75089,1.88,1.13
2013.10.07 02:29:38.910,0.75052,0.75088,1.50,1.50
2013.10.07 02:29:39.250,0.75058,0.7509,1.13,1.13
2013.10.07 02:29:39.431,0.75058,0.7509,1.88,1.13
2013.10.07 02:29:39.881,0.75058,0.7509,1.13,1.13
2013.10.07 02:29:40.422,0.75058,0.7509,1.88,1.13
2013.10.07 02:29:40.851,0.75058,0.7509,1.13,1.13
2013.10.07 02:29:41.412,0.75058,0.7509,1.88,1.13
2013.10.07 02:29:42.182,0.75058,0.7509,1.13,1.13
2013.10.07 02:29:42.391,0.75058,0.7509,1.88,1.13
2013.10.07 02:29:44.269,0.75058,0.7509,1.13,1.13
2013.10.07 02:29:44.391,0.75058,0.7509,1.88,1.13
2013.10.07 02:29:52.182,0.75058,0.7509,1.13,1.13
2013.10.07 02:29:52.450,0.75058,0.7509,1.88,1.13
2013.10.07 02:29:52.871,0.75058,0.75092,1.13,1.13
2013.10.07 02:29:53.870,0.75058,0.75092,1.50,1.13
2013.10.07 02:29:54.382,0.75056,0.75093,1.50,1.13
2013.10.07 02:29:54.970,0.75058,0.75091,1.50,1.13
2013.10.07 02:29:55.371,0.75057,0.75093,1.50,1.88
2013.10.07 02:29:55.921,0.75058,0.75092,1.50,1.13
2013.10.07 02:29:56.352,0.75056,0.75093,1.50,1.13
2013.10.07 02:29:57.400,0.75058,0.75092,1.50,1.13
2013.10.07 02:29:57.902,0.75057,0.75093,1.50,1.88
2013.10.07 02:29:58.980,0.75057,0.75092,1.50,1.13
2013.10.07 02:30:01.521,0.75057,0.75093,1.50,1.13
2013.10.07 02:30:01.862,0.75065,0.75094,1.50,1.88
2013.10.07 02:30:02.183,0.75065,0.75094,1.50,1.88
2013.10.07 02:30:02.411,0.75061,0.75094,1.50,1.88
2013.10.07 02:30:02.661,0.75065,0.75094,1.50,1.88
2013.10.07 02:30:03.543,0.75065,0.75094,1.50,1.88
2013.10.07 02:30:03.621,0.75062,0.75094,1.50,1.88
2013.10.07 02:30:04.160,0.75056,0.75094,1.50,2.63
2013.10.07 02:30:04.220,0.75065,0.75094,1.50,1.88
2013.10.07 02:30:04.401,0.75057,0.75093,1.50,1.13
2013.10.07 02:30:04.612,0.75065,0.75094,1.50,1.88
2013.10.07 02:30:04.880,0.75057,0.75093,1.50,1.13
2013.10.07 02:30:05.180,0.75065,0.75094,1.50,1.88
2013.10.07 02:30:05.782,0.75065,0.75094,1.50,1.88
2013.10.07 02:30:06.190,0.75062,0.75094,1.50,1.88
2013.10.07 02:30:07.351,0.75062,0.75094,1.50,1.88
2013.10.07 02:30:07.411,0.75065,0.75094,1.50,1.88
2013.10.07 02:30:08.351,0.75061,0.75095,1.50,1.50
2013.10.07 02:30:08.632,0.75064,0.75095,1.50,1.50
2013.10.07 02:30:08.891,0.75064,0.75095,1.50,1.50
2013.10.07 02:30:09.388,0.75064,0.75093,1.50,1.13
2013.10.07 02:30:09.453,0.75061,0.75094,1.50,1.13
2013.10.07 02:30:09.711,0.75062,0.75092,1.50,1.13
2013.10.07 02:30:10.461,0.75061,0.75095,1.50,1.50
2013.10.07 02:30:10.701,0.75064,0.75095,1.50,1.88
2013.10.07 02:30:11.452,0.75062,0.75095,1.50,1.88
2013.10.07 02:30:11.690,0.75064,0.75095,1.50,1.50
2013.10.07 02:30:12.481,0.75062,0.75095,1.50,1.50
2013.10.07 02:30:12.661,0.75064,0.75095,1.50,1.88
2013.10.07 02:30:12.862,0.75062,0.75095,1.50,1.88
2013.10.07 02:30:13.251,0.75064,0.75094,1.50,1.13
2013.10.07 02:30:13.632,0.75062,0.75095,1.50,1.88
2013.10.07 02:30:13.871,0.75064,0.75095,1.50,1.88
2013.10.07 02:30:14.230,0.75061,0.75094,1.50,1.50
2013.10.07 02:30:14.741,0.75061,0.75094,1.50,1.50
2013.10.07 02:30:14.940,0.75061,0.75093,1.50,1.50
2013.10.07 02:30:15.481,0.75064,0.75095,1.50,1.88
2013.10.07 02:30:15.881,0.75064,0.75095,1.50,1.13
2013.10.07 02:30:16.111,0.75062,0.75094,1.50,1.13
2013.10.07 02:30:16.471,0.75064,0.75095,1.50,1.88
2013.10.07 02:30:16.872,0.75061,0.75095,1.50,1.88
2013.10.07 02:30:17.171,0.75061,0.75094,1.50,1.13
2013.10.07 02:30:17.532,0.75064,0.75095,1.50,1.88
2013.10.07 02:30:17.862,0.75062,0.75095,1.50,1.88
2013.10.07 02:30:18.221,0.75062,0.75092,1.50,1.13
2013.10.07 02:30:18.462,0.75064,0.75094,1.50,1.50
2013.10.07 02:30:18.641,0.75059,0.75092,1.13,1.13
2013.10.07 02:30:18.701,0.75058,0.75089,1.50,1.50
2013.10.07 02:30:18.881,0.75055,0.7509,1.88,1.13
2013.10.07 02:30:19.461,0.75055,0.75088,1.88,1.50
2013.10.07 02:30:19.842,0.75055,0.7509,1.88,1.13
2013.10.07 02:30:20.392,0.75055,0.75088,1.88,1.50
2013.10.07 02:30:20.840,0.75055,0.75088,1.88,1.13
2013.10.07 02:30:21.392,0.75055,0.75088,1.88,1.50
2013.10.07 02:30:21.962,0.75059,0.75089,1.50,1.13
2013.10.07 02:30:22.383,0.75059,0.75089,1.50,1.88
2013.10.07 02:30:22.655,0.75057,0.75088,1.50,1.50
2013.10.07 02:30:22.771,0.75059,0.75092,1.50,1.13
2013.10.07 02:30:23.110,0.75059,0.75092,1.50,1.13
2013.10.07 02:30:23.170,0.75063,0.75092,1.50,1.13
2013.10.07 02:30:23.361,0.75062,0.75092,1.50,1.13
2013.10.07 02:30:23.913,0.75063,0.75092,1.50,1.13
2013.10.07 02:30:24.352,0.75056,0.75092,1.88,1.88
2013.10.07 02:30:24.902,0.75063,0.75092,1.50,1.13
2013.10.07 02:30:25.141,0.75056,0.75091,1.88,1.13
2013.10.07 02:30:25.381,0.75063,0.75092,1.50,1.13
2013.10.07 02:30:25.892,0.75056,0.75092,1.50,1.88
2013.10.07 02:30:26.331,0.75063,0.75092,1.50,1.13
2013.10.07 02:30:26.470,0.75063,0.75092,1.50,1.13
2013.10.07 02:30:26.882,0.75056,0.75091,1.88,1.13
2013.10.07 02:30:27.404,0.75056,0.75089,1.50,1.13
2013.10.07 02:30:27.521,0.7506,0.75089,1.50,1.50
2013.10.07 02:30:27.700,0.7506,0.7509,1.50,1.13
2013.10.07 02:30:27.880,0.75057,0.75089,1.88,1.50
2013.10.07 02:30:28.193,0.75057,0.75088,1.50,1.50
2013.10.07 02:30:28.510,0.75058,0.75089,1.50,1.13
2013.10.07 02:30:28.571,0.75059,0.75092,1.50,1.13
2013.10.07 02:30:28.632,0.75057,0.75092,1.50,1.13
2013.10.07 02:30:28.691,0.75057,0.75088,1.50,1.88
2013.10.07 02:30:28.910,0.75057,0.75086,1.50,1.50
2013.10.07 02:30:29.151,0.75057,0.75087,1.50,1.13
2013.10.07 02:30:29.450,0.75059,0.75088,1.50,1.13
2013.10.07 02:30:29.861,0.75059,0.75089,1.50,1.13
2013.10.07 02:30:30.230,0.75057,0.75088,1.50,1.50
2013.10.07 02:30:30.622,0.75059,0.75091,1.50,1.13
2013.10.07 02:30:31.391,0.75059,0.75091,1.50,1.13
2013.10.07 02:30:31.612,0.75059,0.75092,1.50,1.13
2013.10.07 02:30:32.382,0.75057,0.75088,1.88,1.50
2013.10.07 02:30:32.660,0.75059,0.75092,1.50,1.13
2013.10.07 02:30:33.592,0.75059,0.75092,1.50,1.13
2013.10.07 02:30:33.941,0.75056,0.75089,1.88,1.50
2013.10.07 02:30:34.151,0.75059,0.75089,1.50,1.13
2013.10.07 02:30:34.911,0.75059,0.75091,1.50,1.13
2013.10.07 02:30:35.210,0.75061,0.75093,1.50,1.13
2013.10.07 02:30:40.021,0.75061,0.75092,1.50,1.13
2013.10.07 02:30:40.769,0.75061,0.75092,1.50,1.13
2013.10.07 02:30:50.701,0.75061,0.75092,1.50,1.13
2013.10.07 02:30:51.307,0.75061,0.75092,1.50,1.13
2013.10.07 02:30:54.161,0.75061,0.75093,1.50,1.13
2013.10.07 02:30:54.402,0.75061,0.75092,1.50,1.13
2013.10.07 02:30:57.132,0.75062,0.75093,1.50,1.50
2013.10.07 02:30:57.352,0.75064,0.75094,1.50,1.50
2013.10.07 02:30:58.310,0.75061,0.75094,1.50,1.50
2013.10.07 02:30:58.573,0.75064,0.75094,1.50,1.50
2013.10.07 02:31:00.382,0.75062,0.75093,1.50,1.50
2013.10.07 02:31:00.561,0.7506,0.75091,1.50,1.50
2013.10.07 02:31:00.621,0.7506,0.75091,1.50,1.50
2013.10.07 02:31:00.931,0.7506,0.75091,1.50,1.50
2013.10.07 02:31:01.738,0.7506,0.75091,1.50,1.50
2013.10.07 02:31:02.121,0.75056,0.75085,1.88,1.13
2013.10.07 02:31:02.441,0.75054,0.75085,1.50,1.13
2013.10.07 02:31:02.692,0.75054,0.75084,1.13,1.88
2013.10.07 02:31:02.751,0.75052,0.75084,1.13,1.88
2013.10.07 02:31:02.871,0.75051,0.75083,1.13,1.13
2013.10.07 02:31:03.751,0.75048,0.7508,1.50,1.13
2013.10.07 02:31:04.201,0.75048,0.75078,1.13,1.13
2013.10.07 02:31:20.662,0.75049,0.75078,1.88,1.13
2013.10.07 02:31:21.563,0.75049,0.75078,1.88,1.13
2013.10.07 02:31:21.687,0.75049,0.75077,1.88,1.13
2013.10.07 02:31:22.012,0.75049,0.75078,1.88,1.13
2013.10.07 02:31:27.730,0.75049,0.75077,1.88,1.13
2013.10.07 02:31:28.493,0.75049,0.75077,1.50,1.13
2013.10.07 02:31:29.851,0.75049,0.75077,1.50,1.13
2013.10.07 02:31:30.558,0.75049,0.75077,1.50,1.13
2013.10.07 02:31:32.232,0.75049,0.75077,1.50,1.13
2013.10.07 02:31:34.115,0.75049,0.75077,1.50,1.13
2013.10.07 02:31:34.762,0.75049,0.75077,1.50,1.13
2013.10.07 02:31:35.289,0.75049,0.75077,1.50,1.13
2013.10.07 02:31:36.205,0.75049,0.75077,1.50,1.13
2013.10.07 02:31:36.701,0.75049,0.75077,1.50,1.13
2013.10.07 02:31:36.854,0.75049,0.75077,1.50,1.13
2013.10.07 02:31:37.781,0.75049,0.75077,1.50,1.13
2013.10.07 02:31:38.282,0.75049,0.75077,1.50,1.13
2013.10.07 02:31:39.032,0.75049,0.75077,1.50,1.13
2013.10.07 02:31:39.871,0.75046,0.75077,1.88,1.13
2013.10.07 02:31:39.931,0.75046,0.75077,1.13,1.13
2013.10.07 02:31:40.263,0.75042,0.75074,1.50,1.50
2013.10.07 02:31:40.324,0.7504,0.75071,1.88,1.13
2013.10.07 02:31:40.631,0.7504,0.75071,1.88,1.13
2013.10.07 02:31:45.931,0.7504,0.75073,1.88,1.88
2013.10.07 02:31:46.504,0.75042,0.75075,1.88,1.13
2013.10.07 02:31:51.092,0.75042,0.75074,1.13,1.50
2013.10.07 02:31:51.621,0.7504,0.75073,1.88,1.13
2013.10.07 02:31:51.801,0.75037,0.75071,1.50,1.13
2013.10.07 02:31:51.863,0.75036,0.75069,1.50,1.50
2013.10.07 02:31:52.191,0.75036,0.75068,1.50,1.13
2013.10.07 02:31:52.522,0.75036,0.75068,1.50,1.13
2013.10.07 02:31:52.881,0.75037,0.75069,1.50,1.13
2013.10.07 02:31:54.491,0.75035,0.75064,1.13,1.13
2013.10.07 02:31:55.882,0.75035,0.75064,1.13,1.13
2013.10.07 02:31:59.830,0.75033,0.75063,1.50,1.13
2013.10.07 02:32:03.842,0.75036,0.75067,1.13,1.13
2013.10.07 02:32:04.141,0.75045,0.75073,1.13,1.13
2013.10.07 02:32:04.441,0.75047,0.75074,1.50,1.13
2013.10.07 02:32:04.803,0.75047,0.75074,1.50,1.13
2013.10.07 02:32:05.100,0.75052,0.75078,1.50,1.13
2013.10.07 02:32:05.394,0.75052,0.7508,1.50,1.13
2013.10.07 02:32:05.572,0.7505,0.75083,1.50,1.50
2013.10.07 02:32:05.761,0.75048,0.75079,1.88,1.13
2013.10.07 02:32:06.132,0.75047,0.75079,2.25,1.13
2013.10.07 02:32:06.642,0.75047,0.75079,1.88,1.13
2013.10.07 02:32:10.011,0.75047,0.75078,1.88,1.13
2013.10.07 02:32:10.182,0.75047,0.75078,1.88,1.13
2013.10.07 02:32:10.722,0.75047,0.75079,1.88,1.13
2013.10.07 02:32:10.842,0.75047,0.75079,1.88,1.13
2013.10.07 02:32:11.341,0.75049,0.75078,1.13,1.13
2013.10.07 02:32:11.701,0.75059,0.75087,1.50,1.13
2013.10.07 02:32:12.102,0.75058,0.75088,1.88,1.13
2013.10.07 02:32:12.476,0.75058,0.75088,1.13,1.13
2013.10.07 02:32:12.543,0.75056,0.75084,1.13,1.13
2013.10.07 02:32:13.282,0.75054,0.75084,2.25,1.13
2013.10.07 02:32:15.514,0.75054,0.75084,1.88,1.13
2013.10.07 02:32:15.752,0.75054,0.75085,1.50,1.13
2013.10.07 02:32:15.811,0.75052,0.75085,1.13,1.13
2013.10.07 02:32:15.931,0.75054,0.75085,1.50,1.13
2013.10.07 02:32:16.171,0.75052,0.75085,1.13,1.13
2013.10.07 02:32:17.196,0.75051,0.75083,1.50,1.13
2013.10.07 02:32:17.551,0.75047,0.75078,1.88,1.13
2013.10.07 02:32:17.861,0.75048,0.75077,1.13,1.13
2013.10.07 02:32:17.921,0.75047,0.75077,1.13,1.13
2013.10.07 02:32:17.981,0.75047,0.75079,1.88,1.50
2013.10.07 02:32:18.041,0.75045,0.75078,1.50,1.13
2013.10.07 02:32:18.352,0.75044,0.75078,1.88,1.13
2013.10.07 02:32:18.471,0.75044,0.75078,1.88,1.13
2013.10.07 02:32:19.851,0.75047,0.75081,1.50,1.50
2013.10.07 02:32:19.971,0.75047,0.75078,1.50,1.13
2013.10.07 02:32:20.211,0.75048,0.75078,1.50,1.13
2013.10.07 02:32:20.632,0.75046,0.75078,1.50,1.13
2013.10.07 02:32:21.211,0.75046,0.75078,1.50,1.13
2013.10.07 02:32:23.642,0.75048,0.75079,1.13,1.13
2013.10.07 02:32:23.761,0.75046,0.75079,1.50,1.50
2013.10.07 02:32:23.821,0.75051,0.75082,1.50,1.50
2013.10.07 02:32:26.144,0.75051,0.75084,1.50,1.88
2013.10.07 02:32:28.850,0.75051,0.75084,1.50,2.25
2013.10.07 02:32:28.911,0.75051,0.75084,1.50,1.88
2013.10.07 02:32:29.080,0.75051,0.75084,1.50,1.88
2013.10.07 02:32:29.261,0.75051,0.75084,1.50,1.88
2013.10.07 02:32:29.652,0.75054,0.75084,1.50,1.13
2013.10.07 02:32:30.229,0.75054,0.75084,1.50,1.13
2013.10.07 02:32:30.451,0.75052,0.75083,1.50,1.13
2013.10.07 02:32:30.621,0.75052,0.75083,1.50,1.13
2013.10.07 02:32:38.311,0.75052,0.75083,1.50,1.13
2013.10.07 02:32:45.100,0.75052,0.75083,1.50,1.13
2013.10.07 02:32:46.531,0.75052,0.75082,1.50,1.13
2013.10.07 02:32:53.782,0.75052,0.75082,1.50,1.13
2013.10.07 02:33:00.401,0.75052,0.75082,1.50,1.13
2013.10.07 02:33:01.126,0.75052,0.75083,1.88,1.88
2013.10.07 02:33:03.692,0.75052,0.75083,1.88,1.88
2013.10.07 02:33:06.453,0.75052,0.75083,1.50,1.88
2013.10.07 02:33:11.823,0.75052,0.75083,1.50,1.88
2013.10.07 02:33:17.762,0.75052,0.75083,1.50,1.88
2013.10.07 02:33:20.531,0.75052,0.75083,1.50,1.88
2013.10.07 02:33:25.012,0.75055,0.75083,1.13,1.88
2013.10.07 02:33:25.331,0.75056,0.75088,1.50,1.50
2013.10.07 02:33:25.511,0.75056,0.75088,1.50,1.13
2013.10.07 02:33:25.631,0.75059,0.75088,1.13,1.13
2013.10.07 02:33:25.821,0.75059,0.75088,1.13,1.13
2013.10.07 02:33:26.291,0.75059,0.75088,1.13,1.13
2013.10.07 02:33:26.857,0.75059,0.75088,1.13,1.13
2013.10.07 02:33:27.554,0.75059,0.75088,1.13,1.13
2013.10.07 02:33:27.772,0.75059,0.75088,1.13,1.13
2013.10.07 02:33:35.582,0.75059,0.75088,1.13,1.13
2013.10.07 02:33:39.662,0.75052,0.75087,1.50,1.13
2013.10.07 02:33:40.201,0.75051,0.75084,1.50,1.13
2013.10.07 02:33:40.591,0.75056,0.75084,1.50,1.13
2013.10.07 02:33:41.581,0.75056,0.75084,1.50,1.13
2013.10.07 02:33:41.737,0.75056,0.75084,1.50,1.13
2013.10.07 02:33:42.291,0.75056,0.75089,1.50,2.63
2013.10.07 02:33:42.864,0.75056,0.75089,1.50,2.63
2013.10.07 02:33:43.381,0.75056,0.75089,1.50,2.63
2013.10.07 02:33:44.321,0.75056,0.75089,1.50,2.63
2013.10.07 02:33:44.882,0.75056,0.75089,1.50,2.63
2013.10.07 02:33:45.472,0.75056,0.75089,1.50,2.63
2013.10.07 02:33:45.651,0.75056,0.75088,1.50,1.88
2013.10.07 02:33:46.184,0.75056,0.75089,1.50,1.50
2013.10.07 02:33:47.281,0.75056,0.75089,1.50,1.50
2013.10.07 02:33:47.792,0.75056,0.75089,1.50,1.50
2013.10.07 02:33:48.471,0.75056,0.75089,1.50,1.50
2013.10.07 02:33:49.122,0.75056,0.75089,1.50,1.50
2013.10.07 02:33:50.212,0.75056,0.75089,1.50,1.50
2013.10.07 02:33:51.011,0.75056,0.75089,1.50,1.50
2013.10.07 02:33:51.603,0.7506,0.7509,1.50,1.88
2013.10.07 02:33:51.881,0.75056,0.75089,1.50,1.13
2013.10.07 02:33:55.291,0.75061,0.7509,1.50,1.13
2013.10.07 02:33:55.411,0.75061,0.7509,1.50,1.13
2013.10.07 02:34:01.001,0.75057,0.75088,1.50,1.13
2013.10.07 02:34:01.686,0.75057,0.75088,1.50,1.13
2013.10.07 02:34:03.162,0.75057,0.75088,1.50,1.50
2013.10.07 02:34:03.401,0.75057,0.75083,1.50,1.13
2013.10.07 02:34:03.521,0.75057,0.75083,1.50,1.13
2013.10.07 02:34:03.641,0.75057,0.75083,1.50,1.13
2013.10.07 02:34:03.701,0.7506,0.75091,1.50,1.50
2013.10.07 02:34:03.963,0.75057,0.75088,1.50,1.13
2013.10.07 02:34:04.512,0.75057,0.75088,1.50,1.13
2013.10.07 02:34:09.081,0.75051,0.75084,1.50,1.13
2013.10.07 02:34:09.853,0.75057,0.75083,1.50,1.13
2013.10.07 02:34:12.691,0.75057,0.75083,1.50,1.13
2013.10.07 02:34:12.882,0.75051,0.75083,1.50,1.13
2013.10.07 02:34:12.941,0.75057,0.75083,1.13,1.13
2013.10.07 02:34:13.001,0.75057,0.75079,1.13,1.13
2013.10.07 02:34:13.061,0.75051,0.75079,1.50,1.13
2013.10.07 02:34:13.181,0.75052,0.75079,1.13,1.50
2013.10.07 02:34:13.421,0.75047,0.75075,1.13,1.13
2013.10.07 02:34:15.351,0.75044,0.75073,1.13,1.13
2013.10.07 02:34:15.681,0.75043,0.75072,1.88,1.13
2013.10.07 02:34:16.182,0.75043,0.75072,1.88,1.13
2013.10.07 02:34:16.715,0.75043,0.75072,1.88,1.13
2013.10.07 02:34:17.651,0.75043,0.75072,1.88,1.13
2013.10.07 02:34:18.162,0.75043,0.75072,1.88,1.13
2013.10.07 02:34:18.651,0.7504,0.7507,1.88,1.13
2013.10.07 02:34:19.101,0.7504,0.7507,1.88,1.13
2013.10.07 02:34:19.372,0.7504,0.7507,1.88,1.13
2013.10.07 02:34:19.963,0.75042,0.75069,1.13,1.13
2013.10.07 02:34:35.823,0.75039,0.7507,1.88,1.13
2013.10.07 02:34:36.504,0.75039,0.7507,1.88,1.13
2013.10.07 02:34:36.891,0.75039,0.7507,1.88,1.13
2013.10.07 02:34:37.221,0.75039,0.7507,1.88,1.13
2013.10.07 02:34:41.431,0.7504,0.75071,2.25,1.13
2013.10.07 02:34:41.491,0.75041,0.75071,1.13,1.13
2013.10.07 02:34:57.761,0.75041,0.7507,1.50,1.13
2013.10.07 02:35:03.851,0.75041,0.7507,1.50,1.13
2013.10.07 02:35:03.911,0.75041,0.7507,1.50,1.13
2013.10.07 02:35:04.432,0.75044,0.75073,1.50,1.13
2013.10.07 02:35:05.030,0.75044,0.75073,1.50,1.13
2013.10.07 02:35:15.211,0.7504,0.75071,1.88,1.13
2013.10.07 02:35:15.573,0.7504,0.75069,1.88,1.13
2013.10.07 02:35:22.112,0.75039,0.7507,1.50,1.13
2013.10.07 02:35:22.649,0.75039,0.7507,1.50,1.13
2013.10.07 02:35:31.121,0.75038,0.75069,1.88,1.13
2013.10.07 02:35:31.844,0.7504,0.7507,1.88,1.13
2013.10.07 02:35:32.022,0.7504,0.75072,1.88,1.13
2013.10.07 02:35:32.153,0.75041,0.75072,1.50,1.13
2013.10.07 02:35:37.482,0.75041,0.75072,1.50,1.13
2013.10.07 02:35:38.112,0.75041,0.75072,1.50,1.13
2013.10.07 02:35:42.381,0.75038,0.75073,1.50,1.50
2013.10.07 02:35:42.681,0.75038,0.75067,1.50,1.13
2013.10.07 02:35:42.743,0.75038,0.75067,1.50,1.13
2013.10.07 02:35:42.859,0.75038,0.75067,1.50,1.13
2013.10.07 02:35:43.331,0.75036,0.75067,1.88,1.13
2013.10.07 02:35:43.952,0.75034,0.75065,1.88,1.13
2013.10.07 02:35:44.913,0.75036,0.75065,1.50,1.13
2013.10.07 02:35:52.121,0.75036,0.75064,1.88,1.13
2013.10.07 02:35:52.771,0.75036,0.75064,1.88,1.13
2013.10.07 02:35:53.743,0.75036,0.75064,1.88,1.13
2013.10.07 02:35:54.292,0.75036,0.75064,1.13,1.13
2013.10.07 02:35:55.020,0.75036,0.75064,1.13,1.13
2013.10.07 02:35:55.731,0.75036,0.75064,1.13,1.13
2013.10.07 02:35:56.242,0.75036,0.75065,1.13,1.13
2013.10.07 02:35:59.242,0.75036,0.75065,1.13,1.13
2013.10.07 02:35:59.793,0.75036,0.75065,1.13,1.13
2013.10.07 02:36:00.388,0.75036,0.75065,1.13,1.13
2013.10.07 02:36:00.903,0.75036,0.75065,1.13,1.13
2013.10.07 02:36:01.222,0.75035,0.75065,1.50,1.13
2013.10.07 02:36:01.552,0.75035,0.75065,1.50,1.13
2013.10.07 02:36:02.081,0.75035,0.75065,1.50,1.13
2013.10.07 02:36:02.461,0.75035,0.75065,1.50,1.13
2013.10.07 02:36:02.771,0.75037,0.75067,1.50,1.13
2013.10.07 02:36:02.879,0.75037,0.75067,1.50,1.13
2013.10.07 02:36:03.203,0.75037,0.75067,1.50,1.13
2013.10.07 02:36:14.971,0.75037,0.75067,1.50,1.13
2013.10.07 02:36:15.031,0.75037,0.75067,1.50,1.13
2013.10.07 02:36:15.142,0.75037,0.75067,1.50,1.13
2013.10.07 02:36:15.692,0.75037,0.75067,1.50,1.13
2013.10.07 02:36:15.751,0.75038,0.75068,1.13,1.13
2013.10.07 02:36:16.023,0.75037,0.75068,2.25,1.13
2013.10.07 02:36:16.311,0.75039,0.75071,1.50,1.13
2013.10.07 02:36:16.853,0.75039,0.75071,1.88,1.13
2013.10.07 02:36:17.723,0.75039,0.75071,2.25,1.13
2013.10.07 02:36:18.273,0.75039,0.75071,1.50,1.13
2013.10.07 02:36:18.383,0.75039,0.75071,1.50,1.13
2013.10.07 02:36:18.502,0.75037,0.75065,1.13,1.13
2013.10.07 02:36:18.561,0.75037,0.75065,1.13,1.13
2013.10.07 02:36:23.502,0.75037,0.75066,1.50,1.13
2013.10.07 02:36:23.772,0.7504,0.7507,1.50,1.13
2013.10.07 02:36:25.323,0.7504,0.7507,1.50,1.13
2013.10.07 02:36:25.753,0.75036,0.75067,1.88,1.13
2013.10.07 02:36:26.303,0.75036,0.75067,1.88,1.13
2013.10.07 02:36:27.293,0.75036,0.75067,1.88,1.13
2013.10.07 02:36:27.732,0.75036,0.75067,1.88,1.13
2013.10.07 02:36:28.283,0.75036,0.75067,1.88,1.13
2013.10.07 02:36:28.722,0.75036,0.75067,1.88,1.13
2013.10.07 02:36:28.961,0.75036,0.75067,1.88,1.13
2013.10.07 02:36:34.992,0.75036,0.75067,1.88,1.13
2013.10.07 02:36:36.428,0.7504,0.75069,1.50,1.13
2013.10.07 02:36:37.011,0.7504,0.75069,1.50,1.13
2013.10.07 02:36:37.742,0.7504,0.75069,1.50,1.13
2013.10.07 02:36:38.291,0.7504,0.75069,1.50,1.13
2013.10.07 02:36:39.561,0.7504,0.75069,1.50,1.13
2013.10.07 02:36:40.713,0.7504,0.75069,1.50,1.13
2013.10.07 02:36:42.271,0.7504,0.75069,1.50,1.13
2013.10.07 02:36:43.155,0.7504,0.75069,1.50,1.13
2013.10.07 02:36:52.294,0.75041,0.75072,1.50,1.13
2013.10.07 02:37:00.571,0.75036,0.75069,1.88,1.13
2013.10.07 02:37:01.503,0.75036,0.75069,1.50,1.13
2013.10.07 02:37:07.521,0.75036,0.75069,1.50,1.13
2013.10.07 02:37:08.721,0.75041,0.75073,1.50,1.50
2013.10.07 02:37:08.982,0.75041,0.75073,1.50,1.50
2013.10.07 02:37:09.742,0.75041,0.75073,1.50,1.50
2013.10.07 02:37:12.731,0.75041,0.75073,1.50,1.50
2013.10.07 02:37:15.041,0.75042,0.75069,1.13,1.13
2013.10.07 02:37:16.971,0.75042,0.75073,1.88,1.88
2013.10.07 02:37:17.031,0.75045,0.75073,1.50,1.13
2013.10.07 02:37:17.224,0.75045,0.75073,1.50,1.13
2013.10.07 02:37:17.791,0.75045,0.75073,1.50,1.13
2013.10.07 02:37:18.271,0.75046,0.75078,1.50,1.50
2013.10.07 02:37:18.601,0.75046,0.75078,1.50,1.50
2013.10.07 02:37:20.141,0.75049,0.75078,1.88,1.88
2013.10.07 02:37:20.209,0.75049,0.75078,1.88,1.88
2013.10.07 02:37:20.561,0.75046,0.75079,1.50,1.13
2013.10.07 02:37:21.114,0.75046,0.75079,1.50,1.13
2013.10.07 02:37:27.221,0.75046,0.75079,1.50,1.13
2013.10.07 02:37:28.952,0.75049,0.7508,1.50,1.13
2013.10.07 02:37:29.251,0.75053,0.75083,1.13,1.13
2013.10.07 02:37:29.381,0.75052,0.75083,1.50,1.13
2013.10.07 02:37:29.722,0.75052,0.75083,1.50,1.50
2013.10.07 02:37:29.901,0.75052,0.75083,1.50,1.50
2013.10.07 02:37:30.991,0.75052,0.75083,1.50,1.13
2013.10.07 02:37:31.781,0.75052,0.75083,1.50,1.13
2013.10.07 02:37:36.892,0.75052,0.75083,1.50,1.13
2013.10.07 02:37:37.932,0.75052,0.7508,1.50,1.50
2013.10.07 02:37:42.831,0.75055,0.75084,1.50,3.00
2013.10.07 02:37:43.652,0.75052,0.75079,1.50,1.13
2013.10.07 02:37:43.771,0.75052,0.7508,1.50,1.50
2013.10.07 02:37:44.293,0.75052,0.75078,1.50,1.13
2013.10.07 02:37:44.843,0.75048,0.75078,1.50,1.13
2013.10.07 02:37:46.161,0.75052,0.75078,1.50,1.13
2013.10.07 02:37:46.692,0.75052,0.75078,1.50,1.13
2013.10.07 02:37:53.471,0.75054,0.75083,1.50,1.88
2013.10.07 02:37:53.993,0.75054,0.75083,1.50,1.88
2013.10.07 02:37:54.872,0.75052,0.75078,1.50,1.13
2013.10.07 02:37:55.411,0.75052,0.75078,1.50,1.13
2013.10.07 02:37:57.623,0.75054,0.75083,1.50,1.13
2013.10.07 02:37:57.862,0.75053,0.75084,1.50,1.50
2013.10.07 02:38:00.941,0.75056,0.75087,1.50,1.13
2013.10.07 02:38:01.242,0.75061,0.75089,1.50,1.13
2013.10.07 02:38:01.482,0.75061,0.75089,1.50,1.13
2013.10.07 02:38:01.711,0.75061,0.75089,1.50,1.13
2013.10.07 02:38:03.543,0.75061,0.75089,1.50,1.13
2013.10.07 02:38:04.131,0.75053,0.75086,1.13,1.13
2013.10.07 02:38:04.472,0.75061,0.75092,1.50,1.50
2013.10.07 02:38:04.591,0.75065,0.75094,1.50,1.88
2013.10.07 02:38:05.242,0.75065,0.75094,1.50,1.88
2013.10.07 02:38:08.662,0.75057,0.75088,1.88,1.13
2013.10.07 02:38:08.843,0.75058,0.75088,1.13,1.13
2013.10.07 02:38:09.231,0.75058,0.75089,1.88,1.88
2013.10.07 02:38:31.512,0.75056,0.75089,1.50,1.13
2013.10.07 02:38:32.583,0.75056,0.75089,1.50,1.13
2013.10.07 02:38:32.811,0.75056,0.75089,1.50,1.13
2013.10.07 02:39:00.372,0.75053,0.75089,1.13,1.13
2013.10.07 02:39:00.861,0.75062,0.75093,1.50,1.88
2013.10.07 02:39:01.411,0.75056,0.75093,1.50,1.13
2013.10.07 02:39:01.922,0.75062,0.75097,1.50,1.50
2013.10.07 02:39:01.983,0.75062,0.75097,1.50,1.50
2013.10.07 02:39:02.042,0.75062,0.75098,1.50,1.88
2013.10.07 02:39:02.512,0.75065,0.75094,1.13,1.88
2013.10.07 02:39:02.752,0.75061,0.75094,1.50,1.88
2013.10.07 02:39:03.053,0.75061,0.75094,1.50,1.13
2013.10.07 02:39:03.831,0.75061,0.75094,1.50,1.13
2013.10.07 02:39:04.382,0.75061,0.75095,1.50,1.13
2013.10.07 02:39:04.691,0.75061,0.75098,1.50,1.13
2013.10.07 02:39:05.253,0.75061,0.75098,1.50,1.13
2013.10.07 02:39:05.851,0.75061,0.75098,1.50,1.50
2013.10.07 02:39:06.024,0.75061,0.75098,1.50,1.50
2013.10.07 02:39:06.812,0.75061,0.75098,1.50,1.50
2013.10.07 02:39:07.022,0.75061,0.75098,1.50,1.50
2013.10.07 02:39:07.682,0.75061,0.75098,1.50,1.13
2013.10.07 02:39:08.012,0.75061,0.75098,1.50,1.13
2013.10.07 02:39:08.791,0.75061,0.75098,1.50,1.13
2013.10.07 02:39:09.610,0.75061,0.75098,1.50,1.50
2013.10.07 02:39:10.092,0.75061,0.75098,1.50,1.13
2013.10.07 02:39:11.001,0.75061,0.75098,1.50,1.13
2013.10.07 02:39:20.763,0.75061,0.75098,1.50,1.13
2013.10.07 02:39:25.071,0.75067,0.75098,1.13,1.13
2013.10.07 02:39:25.292,0.75067,0.75098,1.13,1.13
2013.10.07 02:39:28.463,0.75067,0.75098,1.13,1.13
2013.10.07 02:39:29.123,0.75067,0.75098,1.13,1.13
2013.10.07 02:39:34.733,0.75061,0.75098,1.50,1.13
2013.10.07 02:39:34.981,0.75061,0.75098,1.50,1.13
2013.10.07 02:39:40.773,0.75061,0.75098,1.50,1.13
2013.10.07 02:39:45.292,0.75061,0.75098,1.50,1.13
2013.10.07 02:39:48.612,0.75061,0.75098,1.50,1.13
2013.10.07 02:39:48.813,0.75061,0.75098,1.50,1.13
2013.10.07 02:39:53.603,0.75069,0.75098,1.50,1.13
2013.10.07 02:39:54.289,0.7507,0.75098,1.50,1.13
2013.10.07 02:39:54.792,0.7507,0.75098,1.50,1.13
2013.10.07 02:39:55.131,0.75061,0.75098,1.50,1.13
2013.10.07 02:39:58.722,0.75061,0.75098,1.50,1.13
2013.10.07 02:39:59.102,0.75061,0.75098,1.50,1.13
2013.10.07 02:40:00.794,0.75061,0.75098,1.50,1.13
2013.10.07 02:40:06.522,0.75069,0.75099,1.13,1.50
2013.10.07 02:40:10.232,0.75061,0.75099,1.50,2.25
2013.10.07 02:40:11.683,0.75061,0.75099,1.50,2.25
2013.10.07 02:40:11.741,0.75061,0.75097,1.50,1.13
2013.10.07 02:40:11.862,0.75061,0.75093,1.50,1.13
2013.10.07 02:40:12.372,0.75061,0.75093,1.50,1.13
2013.10.07 02:40:13.572,0.75061,0.75094,1.50,1.13
2013.10.07 02:40:13.752,0.75066,0.75101,1.50,1.50
2013.10.07 02:40:13.872,0.75066,0.75104,1.50,1.88
2013.10.07 02:40:14.004,0.75072,0.75103,1.50,1.50
2013.10.07 02:40:14.284,0.75072,0.75102,1.50,1.13
2013.10.07 02:40:16.340,0.75072,0.75103,1.50,1.88
2013.10.07 02:40:27.533,0.75072,0.75103,1.50,1.50
2013.10.07 02:40:28.231,0.75075,0.75107,1.50,1.50
2013.10.07 02:40:35.124,0.75077,0.75108,1.50,2.63
2013.10.07 02:40:54.752,0.75073,0.75103,1.13,1.13
2013.10.07 02:40:55.204,0.75073,0.75103,1.13,1.13
2013.10.07 02:41:10.373,0.75072,0.75104,1.50,1.50
2013.10.07 02:41:15.263,0.75073,0.75103,1.13,1.13
2013.10.07 02:41:36.302,0.75073,0.75103,1.13,1.13
2013.10.07 02:41:47.053,0.75077,0.75107,1.50,1.13
2013.10.07 02:41:50.234,0.75075,0.75105,1.50,1.13
2013.10.07 02:42:01.643,0.75074,0.75104,1.13,1.13
2013.10.07 02:42:01.982,0.75075,0.75104,1.13,1.13
2013.10.07 02:42:17.552,0.75073,0.75103,1.13,1.13
2013.10.07 02:42:18.863,0.75073,0.75103,1.13,1.13
2013.10.07 02:42:20.875,0.75073,0.75104,1.88,2.25
2013.10.07 02:42:25.090,0.75076,0.75104,1.50,1.50
2013.10.07 02:42:25.793,0.75076,0.75104,1.50,1.50
2013.10.07 02:42:27.196,0.75073,0.75103,1.13,1.13
2013.10.07 02:42:27.264,0.75073,0.75103,1.13,1.13
2013.10.07 02:42:27.813,0.75074,0.75102,1.13,1.13
2013.10.07 02:42:29.192,0.75075,0.75103,1.50,1.13
2013.10.07 02:42:29.294,0.75075,0.75103,1.50,1.13
2013.10.07 02:42:31.593,0.75073,0.75103,1.13,1.13
2013.10.07 02:42:35.816,0.75072,0.75101,1.50,1.88
2013.10.07 02:42:42.172,0.75072,0.75101,1.50,1.13
2013.10.07 02:42:47.824,0.75072,0.751,1.50,1.13
2013.10.07 02:42:48.093,0.75072,0.75101,1.50,1.13
2013.10.07 02:42:48.685,0.75072,0.75102,1.50,1.13
2013.10.07 02:42:49.092,0.75072,0.75102,1.50,1.13
2013.10.07 02:42:51.332,0.75072,0.75101,1.50,1.13
2013.10.07 02:42:51.572,0.75072,0.751,1.50,1.13
2013.10.07 02:42:55.054,0.75072,0.75101,1.88,1.13
2013.10.07 02:42:58.953,0.75072,0.751,1.13,1.13
2013.10.07 02:43:04.182,0.7507,0.75098,1.50,1.13
2013.10.07 02:43:06.479,0.75067,0.75097,1.50,1.13
2013.10.07 02:43:08.123,0.75067,0.75097,1.50,1.13
2013.10.07 02:43:08.302,0.75067,0.75097,1.50,1.13
2013.10.07 02:43:09.722,0.75067,0.75097,1.50,1.13
2013.10.07 02:43:13.652,0.75067,0.75097,1.88,1.50
2013.10.07 02:43:14.276,0.75067,0.75097,1.50,1.50
2013.10.07 02:43:17.293,0.75063,0.75096,1.88,1.13
2013.10.07 02:43:17.824,0.75063,0.75094,1.50,1.13
2013.10.07 02:43:18.424,0.75063,0.75094,1.50,1.13
2013.10.07 02:43:18.924,0.75063,0.75094,1.50,1.88
2013.10.07 02:43:19.063,0.75062,0.75093,1.13,1.13
2013.10.07 02:43:19.414,0.75061,0.75094,1.13,1.13
2013.10.07 02:43:19.633,0.75063,0.75094,1.50,1.13
2013.10.07 02:43:20.133,0.75064,0.75093,1.13,1.50
2013.10.07 02:43:20.664,0.75065,0.75096,1.50,1.88
2013.10.07 02:43:23.132,0.75067,0.75097,1.88,1.50
2013.10.07 02:43:23.312,0.75068,0.75098,1.50,1.13
2013.10.07 02:43:23.861,0.75067,0.75097,1.50,1.50
2013.10.07 02:43:27.093,0.75067,0.75096,1.50,1.50
2013.10.07 02:43:30.216,0.75063,0.75094,1.13,1.13
2013.10.07 02:43:31.327,0.75062,0.75094,1.50,1.50
2013.10.07 02:43:31.573,0.75062,0.75093,1.88,1.50
2013.10.07 02:43:34.863,0.75062,0.75094,1.50,1.50
2013.10.07 02:43:36.103,0.75063,0.75093,1.13,1.50
2013.10.07 02:43:40.152,0.75066,0.75094,1.13,1.13
2013.10.07 02:43:52.273,0.75062,0.75094,1.13,1.13
2013.10.07 02:43:59.394,0.75062,0.75094,1.13,1.88
2013.10.07 02:44:01.593,0.75062,0.75094,1.13,1.13
2013.10.07 02:44:04.912,0.75063,0.75093,1.13,1.50
2013.10.07 02:44:09.553,0.75063,0.75092,1.13,1.13
2013.10.07 02:44:09.872,0.75058,0.75088,1.13,1.13
2013.10.07 02:44:10.578,0.75057,0.75088,1.13,1.13
2013.10.07 02:44:11.033,0.75059,0.75088,1.88,1.13
2013.10.07 02:44:11.594,0.7506,0.75089,1.13,1.13
2013.10.07 02:44:12.154,0.75059,0.75089,1.50,1.88
2013.10.07 02:44:12.373,0.75059,0.75089,1.50,1.13
2013.10.07 02:44:25.742,0.75058,0.75089,1.88,1.13
2013.10.07 02:44:26.352,0.75058,0.75089,1.50,1.13
2013.10.07 02:44:27.285,0.75057,0.75088,1.13,1.13
2013.10.07 02:44:27.543,0.75058,0.75088,1.50,1.13
2013.10.07 02:44:42.975,0.75061,0.75094,1.50,2.25
2013.10.07 02:44:43.334,0.75061,0.75094,1.50,1.50
2013.10.07 02:44:44.044,0.75061,0.75094,1.50,1.50
2013.10.07 02:44:44.623,0.75061,0.75094,1.50,1.50
2013.10.07 02:44:45.122,0.75061,0.75094,1.50,1.50
2013.10.07 02:44:45.572,0.75061,0.75093,1.50,1.50
2013.10.07 02:44:45.674,0.7506,0.75091,1.50,1.50
2013.10.07 02:44:49.822,0.7506,0.75091,1.50,1.50
2013.10.07 02:44:51.912,0.75061,0.75093,1.50,1.50
2013.10.07 02:44:54.414,0.7506,0.75091,1.50,1.50
2013.10.07 02:45:00.234,0.75061,0.75094,1.50,2.25
2013.10.07 02:45:01.374,0.75061,0.7509,1.50,1.13
2013.10.07 02:45:01.792,0.75061,0.75094,1.50,2.25
2013.10.07 02:45:10.313,0.75061,0.75092,1.50,1.50
2013.10.07 02:45:22.362,0.75062,0.75093,1.50,1.50
2013.10.07 02:45:24.032,0.75057,0.75088,1.50,1.88
2013.10.07 02:45:24.092,0.75057,0.75085,1.13,1.13
2013.10.07 02:45:24.272,0.75056,0.75085,1.50,1.13
2013.10.07 02:45:24.332,0.75056,0.75085,1.50,1.13
2013.10.07 02:45:24.963,0.75052,0.75083,1.50,1.13
2013.10.07 02:45:37.722,0.75056,0.75085,1.50,1.13
2013.10.07 02:45:43.772,0.75055,0.75084,1.88,1.13
2013.10.07 02:45:44.333,0.75055,0.75086,1.88,1.13
2013.10.07 02:45:45.743,0.75055,0.75084,1.50,1.88
2013.10.07 02:45:46.124,0.75055,0.75084,1.50,1.88
2013.10.07 02:45:47.703,0.75051,0.75079,1.50,1.13
2013.10.07 02:45:48.340,0.75051,0.75079,1.50,1.13
2013.10.07 02:45:48.522,0.75051,0.75079,1.50,1.13
2013.10.07 02:45:49.343,0.75052,0.75083,1.50,1.13
2013.10.07 02:46:01.653,0.75055,0.75084,1.50,1.13
2013.10.07 02:46:02.072,0.75055,0.75084,1.50,1.13
2013.10.07 02:46:02.133,0.75052,0.75083,1.50,1.13
2013.10.07 02:46:02.602,0.75055,0.75084,1.50,1.13
2013.10.07 02:46:07.423,0.75055,0.75084,1.88,1.13
2013.10.07 02:46:11.702,0.75055,0.75084,1.13,1.88
2013.10.07 02:46:11.764,0.75053,0.75084,1.13,1.88
2013.10.07 02:46:25.634,0.75055,0.75087,1.50,1.50
2013.10.07 02:46:25.802,0.75055,0.75087,1.50,1.50
2013.10.07 02:46:26.432,0.75055,0.75087,1.50,1.50
2013.10.07 02:46:34.844,0.75055,0.75087,1.88,1.50
2013.10.07 02:46:35.643,0.75055,0.75084,1.13,1.13
2013.10.07 02:46:45.293,0.75052,0.75084,1.13,1.13
2013.10.07 02:46:49.812,0.75056,0.75085,1.50,1.13
2013.10.07 02:46:53.952,0.75054,0.75084,1.13,1.13
2013.10.07 02:47:26.026,0.75052,0.75079,1.13,1.13
2013.10.07 02:47:26.714,0.75052,0.75079,1.50,1.13
2013.10.07 02:47:35.422,0.75053,0.75083,1.13,1.13
2013.10.07 02:47:35.922,0.75053,0.75083,1.13,1.13
2013.10.07 02:47:53.972,0.75051,0.75084,1.13,1.13
2013.10.07 02:47:57.907,0.7505,0.75085,1.13,1.13
2013.10.07 02:47:58.033,0.75051,0.75085,1.13,1.13
2013.10.07 02:48:01.762,0.75058,0.75087,1.13,1.13
2013.10.07 02:48:02.202,0.75054,0.7509,1.13,1.50
2013.10.07 02:48:02.322,0.75056,0.7509,1.13,1.50
2013.10.07 02:48:02.683,0.75057,0.75086,1.50,1.13
2013.10.07 02:48:08.092,0.75059,0.75087,1.13,1.13
2013.10.07 02:48:08.603,0.75061,0.75088,1.13,1.50
2013.10.07 02:48:21.134,0.75061,0.75088,1.13,1.50
2013.10.07 02:48:21.402,0.75061,0.75088,1.13,1.13
2013.10.07 02:48:28.173,0.75059,0.75088,1.13,1.13
2013.10.07 02:48:48.260,0.75058,0.75089,1.13,1.50
2013.10.07 02:49:09.225,0.75061,0.75089,1.13,1.13
2013.10.07 02:49:14.743,0.75063,0.75091,1.13,1.13
2013.10.07 02:49:15.491,0.75063,0.75092,1.13,1.13
2013.10.07 02:49:19.876,0.75063,0.75092,1.13,1.13
2013.10.07 02:49:20.148,0.75063,0.75092,1.13,1.13
2013.10.07 02:49:22.114,0.75063,0.75092,1.13,1.13
2013.10.07 02:49:23.935,0.75062,0.75092,1.13,1.13
2013.10.07 02:49:24.334,0.75061,0.7509,1.50,1.13
2013.10.07 02:49:24.954,0.75063,0.7509,1.13,1.13
2013.10.07 02:49:28.113,0.75061,0.7509,1.50,1.13
2013.10.07 02:49:30.139,0.75061,0.75089,1.88,1.13
2013.10.07 02:49:32.098,0.75061,0.75089,1.50,1.13
2013.10.07 02:49:37.634,0.7506,0.75088,1.13,1.13
2013.10.07 02:49:47.643,0.75063,0.7509,1.13,1.50
2013.10.07 02:49:49.074,0.75063,0.75094,1.13,2.25
2013.10.07 02:49:49.133,0.75064,0.75094,1.13,1.50
2013.10.07 02:49:49.542,0.75064,0.7509,1.13,1.13
2013.10.07 02:49:57.604,0.75065,0.7509,1.13,1.13
2013.10.07 02:49:58.053,0.75066,0.7509,1.13,1.13
2013.10.07 02:49:58.173,0.75064,0.7509,1.13,1.13
2013.10.07 02:49:58.233,0.75063,0.75093,1.13,1.50
2013.10.07 02:50:05.643,0.75066,0.75094,1.13,1.50
2013.10.07 02:50:19.115,0.75064,0.75094,1.13,1.13
2013.10.07 02:50:33.003,0.75066,0.75094,1.13,1.13
2013.10.07 02:50:41.644,0.75065,0.75094,1.50,1.13
2013.10.07 02:50:48.629,0.75065,0.75094,1.50,1.50
2013.10.07 02:50:49.231,0.75065,0.75094,1.50,1.50
2013.10.07 02:50:56.984,0.75063,0.75093,1.50,1.88
2013.10.07 02:50:59.394,0.75063,0.75093,1.50,2.25
2013.10.07 02:51:02.183,0.75063,0.75093,1.50,2.25
2013.10.07 02:51:02.684,0.75061,0.7509,1.13,1.13
2013.10.07 02:51:04.363,0.75057,0.75089,1.13,1.13
2013.10.07 02:51:04.723,0.75056,0.75086,1.88,1.50
2013.10.07 02:51:05.292,0.75055,0.75086,1.88,1.50
2013.10.07 02:51:06.943,0.75055,0.75082,1.13,1.13
2013.10.07 02:51:07.123,0.75055,0.75086,1.88,1.88
2013.10.07 02:51:07.303,0.75057,0.75088,1.13,1.13
2013.10.07 02:51:08.453,0.75058,0.7509,1.50,1.13
2013.10.07 02:51:08.573,0.75058,0.7509,1.50,1.13
2013.10.07 02:51:09.544,0.75058,0.7509,1.50,1.13
2013.10.07 02:51:10.023,0.75063,0.75094,1.50,1.50
2013.10.07 02:51:20.233,0.75065,0.75098,1.13,1.88
2013.10.07 02:51:21.174,0.75067,0.75098,1.50,1.88
2013.10.07 02:51:21.294,0.75067,0.75099,1.13,1.88
2013.10.07 02:51:21.353,0.75067,0.75098,1.13,1.13
2013.10.07 02:51:21.413,0.75065,0.75098,1.88,1.13
2013.10.07 02:51:23.363,0.75066,0.75099,1.88,1.88
2013.10.07 02:51:27.023,0.75066,0.75097,1.50,1.13
2013.10.07 02:51:27.612,0.75066,0.75097,1.50,1.13
2013.10.07 02:51:28.523,0.75066,0.75099,1.50,1.50
2013.10.07 02:51:28.825,0.75071,0.751,1.50,1.13
2013.10.07 02:51:32.033,0.75069,0.75099,1.88,1.50
2013.10.07 02:51:32.383,0.75065,0.75094,1.50,1.13
2013.10.07 02:51:32.693,0.75057,0.75084,1.50,1.13
2013.10.07 02:51:33.053,0.7505,0.75083,1.13,1.88
2013.10.07 02:51:33.173,0.75049,0.7508,1.50,1.50
2013.10.07 02:51:33.233,0.75047,0.75078,1.13,1.50
2013.10.07 02:51:33.294,0.75046,0.75078,1.88,1.50
2013.10.07 02:51:37.634,0.75046,0.75075,1.88,1.50
2013.10.07 02:51:40.119,0.75046,0.75078,1.88,1.50
2013.10.07 02:51:40.293,0.75046,0.75075,1.88,1.50
2013.10.07 02:51:40.806,0.75046,0.75079,1.50,1.50
2013.10.07 02:51:48.644,0.75046,0.75078,1.50,1.88
2013.10.07 02:51:52.115,0.75049,0.75078,1.50,1.50
2013.10.07 02:51:56.225,0.75052,0.75081,1.50,1.50
2013.10.07 02:51:56.864,0.75051,0.75081,1.50,1.50
2013.10.07 02:51:57.823,0.75052,0.75082,1.13,1.50
2013.10.07 02:52:04.893,0.75052,0.75085,2.25,1.13
2013.10.07 02:52:05.473,0.75051,0.75088,1.13,1.50
2013.10.07 02:52:05.713,0.75047,0.75076,1.50,1.50
2013.10.07 02:52:05.963,0.75047,0.75073,1.13,1.50
2013.10.07 02:52:06.423,0.75037,0.7507,1.50,1.50
2013.10.07 02:52:10.604,0.75031,0.7507,1.50,1.50
2013.10.07 02:52:12.513,0.75031,0.75066,1.50,1.50
2013.10.07 02:52:12.633,0.75031,0.75064,1.50,1.50
2013.10.07 02:52:12.714,0.75031,0.75064,1.50,1.50
2013.10.07 02:52:12.943,0.75031,0.75064,1.50,1.50
2013.10.07 02:52:13.963,0.75031,0.75064,1.13,1.50
2013.10.07 02:52:14.513,0.75031,0.75064,1.13,1.50
2013.10.07 02:52:36.253,0.75031,0.75059,1.13,1.50
2013.10.07 02:52:39.993,0.7503,0.75059,1.13,1.50
2013.10.07 02:52:40.473,0.75021,0.75057,1.50,1.50
2013.10.07 02:52:40.794,0.75021,0.75054,1.13,1.50
2013.10.07 02:52:41.345,0.75007,0.7505,1.50,1.50
2013.10.07 02:52:41.585,0.75016,0.75046,1.13,1.50
2013.10.07 02:52:41.644,0.75014,0.75044,1.13,1.50
2013.10.07 02:52:42.266,0.75016,0.75045,1.88,1.50
2013.10.07 02:52:42.514,0.75018,0.75047,1.13,1.50
2013.10.07 02:52:43.684,0.75014,0.75044,1.13,1.50
2013.10.07 02:52:43.970,0.75016,0.75048,1.50,1.50
2013.10.07 02:52:44.055,0.75015,0.75048,1.88,1.50
2013.10.07 02:52:47.393,0.75013,0.75048,1.88,1.88
2013.10.07 02:52:47.573,0.75014,0.75045,1.13,1.50
2013.10.07 02:52:47.923,0.75011,0.75046,1.50,1.50
2013.10.07 02:52:49.375,0.75013,0.75042,1.13,1.50
2013.10.07 02:52:49.813,0.75015,0.75046,1.13,1.50
2013.10.07 02:52:50.405,0.75015,0.75048,1.88,1.88
2013.10.07 02:52:51.105,0.75017,0.75048,1.50,1.50
2013.10.07 02:52:52.124,0.75016,0.75048,3.00,1.50
2013.10.07 02:52:54.533,0.75017,0.75048,1.13,1.50
2013.10.07 02:52:57.194,0.75017,0.75048,1.13,1.50
2013.10.07 02:52:57.384,0.75019,0.75049,1.13,1.50
2013.10.07 02:52:57.703,0.75021,0.75053,1.50,1.88
2013.10.07 02:53:11.453,0.75021,0.75052,1.13,1.50
2013.10.07 02:53:11.993,0.75016,0.7505,1.50,1.50
2013.10.07 02:53:17.714,0.75021,0.7505,1.50,1.13
2013.10.07 02:53:30.993,0.75025,0.75053,1.13,1.50
2013.10.07 02:53:45.423,0.75017,0.75052,1.50,1.50
2013.10.07 02:53:45.604,0.75025,0.75054,1.13,1.50
2013.10.07 02:53:50.843,0.75025,0.75056,1.88,1.13
2013.10.07 02:53:50.903,0.75027,0.75056,1.13,1.88
2013.10.07 02:53:51.435,0.75026,0.75056,1.13,1.50
2013.10.07 02:53:53.068,0.75026,0.75056,1.13,1.88
2013.10.07 02:53:53.674,0.75027,0.75056,1.13,1.50
2013.10.07 02:53:59.563,0.75026,0.75056,1.13,1.13
2013.10.07 02:54:00.363,0.75026,0.75054,1.13,1.50
2013.10.07 02:54:04.713,0.75026,0.75054,1.13,1.50
2013.10.07 02:54:05.254,0.75026,0.75054,1.13,1.50
2013.10.07 02:54:06.213,0.75022,0.75053,1.50,1.50
2013.10.07 02:54:12.539,0.75022,0.75055,1.50,1.50
2013.10.07 02:54:12.903,0.75022,0.75055,1.50,1.50
2013.10.07 02:54:12.963,0.75022,0.75056,1.50,1.13
2013.10.07 02:54:15.474,0.75022,0.75056,1.50,1.13
2013.10.07 02:54:40.073,0.75027,0.75058,1.50,1.88
2013.10.07 02:54:42.415,0.75021,0.75058,1.50,1.50
2013.10.07 02:54:42.773,0.75027,0.75058,1.13,1.13
2013.10.07 02:54:42.893,0.75027,0.75058,1.88,1.13
2013.10.07 02:54:43.134,0.75027,0.75058,1.50,1.13
2013.10.07 02:54:43.684,0.75027,0.75066,1.50,1.88
2013.10.07 02:54:44.335,0.75027,0.75066,1.50,1.13
2013.10.07 02:54:44.838,0.75027,0.75062,1.50,1.50
2013.10.07 02:54:45.084,0.75027,0.75066,1.50,1.88
2013.10.07 02:54:52.144,0.75031,0.75065,1.50,1.13
2013.10.07 02:54:52.203,0.75031,0.75068,1.50,1.88
2013.10.07 02:54:52.444,0.75036,0.75068,1.50,1.13
2013.10.07 02:54:52.623,0.75032,0.75068,1.50,1.50
2013.10.07 02:54:52.875,0.75037,0.75068,1.50,1.13
2013.10.07 02:54:53.553,0.75037,0.75068,1.50,1.13
2013.10.07 02:54:53.673,0.75031,0.75067,1.50,1.13
2013.10.07 02:54:55.956,0.75036,0.7507,1.50,1.88
2013.10.07 02:54:56.904,0.75036,0.75072,1.50,1.50
2013.10.07 02:54:57.203,0.75036,0.75069,1.50,1.50
2013.10.07 02:54:59.754,0.75031,0.75065,1.50,1.13
2013.10.07 02:55:01.933,0.7504,0.75073,1.50,2.25
2013.10.07 02:55:02.173,0.75036,0.7507,1.50,1.13
2013.10.07 02:55:02.353,0.75042,0.75073,1.50,1.88
2013.10.07 02:55:02.473,0.75042,0.75073,1.50,1.88
2013.10.07 02:55:02.653,0.75042,0.75073,1.50,1.88
2013.10.07 02:55:02.745,0.75042,0.75073,1.50,1.88
2013.10.07 02:55:03.351,0.75042,0.75073,1.50,2.25
2013.10.07 02:55:04.094,0.75042,0.75073,1.50,2.25
2013.10.07 02:55:04.663,0.75042,0.75073,1.50,2.25
2013.10.07 02:55:05.203,0.75042,0.75073,1.50,2.25
2013.10.07 02:55:05.634,0.75037,0.7507,1.50,1.13
2013.10.07 02:55:14.995,0.75037,0.75072,1.50,2.25
2013.10.07 02:55:17.323,0.75037,0.75074,1.50,1.13
2013.10.07 02:55:17.993,0.75044,0.75076,1.50,1.88
2013.10.07 02:55:18.615,0.7504,0.75076,1.13,1.88
2013.10.07 02:55:18.895,0.75044,0.75076,1.50,1.88
2013.10.07 02:55:19.603,0.7504,0.75076,1.13,1.88
2013.10.07 02:55:19.935,0.75044,0.75076,1.50,1.88
2013.10.07 02:55:20.633,0.7504,0.75076,1.13,1.88
2013.10.07 02:55:20.925,0.75044,0.75076,1.50,1.88
2013.10.07 02:55:21.513,0.75047,0.75076,1.50,1.13
2013.10.07 02:55:21.584,0.75044,0.75076,1.13,1.13
2013.10.07 02:55:23.904,0.75046,0.75076,1.50,1.13
2013.10.07 02:55:24.713,0.75045,0.75076,1.13,1.13
2013.10.07 02:55:24.893,0.75046,0.75076,1.50,1.13
2013.10.07 02:55:25.654,0.75041,0.75076,1.13,1.13
2013.10.07 02:55:26.013,0.75046,0.75076,1.50,1.13
2013.10.07 02:55:26.133,0.75046,0.75079,1.50,1.88
2013.10.07 02:55:26.194,0.75048,0.75081,1.13,1.88
2013.10.07 02:55:26.654,0.75048,0.75085,1.13,2.25
2013.10.07 02:55:32.294,0.75048,0.75081,1.13,1.50
2013.10.07 02:55:33.904,0.75048,0.75081,1.13,1.50
2013.10.07 02:55:34.083,0.75048,0.75081,1.13,1.50
2013.10.07 02:55:34.383,0.75043,0.75081,1.13,1.50
2013.10.07 02:55:34.723,0.75047,0.75081,1.50,1.50
2013.10.07 02:55:37.915,0.75043,0.75081,1.13,1.50
2013.10.07 02:55:40.923,0.75046,0.75081,1.50,1.50
2013.10.07 02:55:43.744,0.75046,0.75081,1.50,1.50
2013.10.07 02:55:43.983,0.75046,0.7508,1.50,1.50
2013.10.07 02:56:05.214,0.75048,0.7508,1.50,1.50
2013.10.07 02:56:05.754,0.75046,0.75078,1.50,1.50
2013.10.07 02:56:05.873,0.75046,0.75077,1.50,1.50
2013.10.07 02:56:05.994,0.75047,0.7508,1.50,1.88
2013.10.07 02:56:11.684,0.75049,0.7508,1.50,1.50
2013.10.07 02:56:12.345,0.75047,0.7508,1.50,1.50
2013.10.07 02:56:12.674,0.75049,0.7508,1.50,1.50
2013.10.07 02:56:13.164,0.75049,0.75084,1.50,1.50
2013.10.07 02:56:13.463,0.75046,0.7508,1.50,1.50
2013.10.07 02:56:13.683,0.75047,0.7508,1.50,1.88
2013.10.07 02:56:13.923,0.75049,0.7508,1.50,1.88
2013.10.07 02:56:14.453,0.75049,0.75083,1.50,1.88
2013.10.07 02:56:14.693,0.75047,0.75079,1.13,1.50
2013.10.07 02:56:15.123,0.75049,0.75079,1.50,1.50
2013.10.07 02:56:16.415,0.75046,0.75079,1.50,1.50
2013.10.07 02:56:16.593,0.75046,0.75076,1.50,1.50
2013.10.07 02:56:21.605,0.75042,0.75076,1.50,1.50
2013.10.07 02:56:21.725,0.75042,0.75072,1.50,1.13
2013.10.07 02:56:26.945,0.75037,0.75071,1.50,1.50
2013.10.07 02:56:27.364,0.75042,0.75072,1.50,1.88
2013.10.07 02:56:27.424,0.75043,0.75072,1.50,1.13
2013.10.07 02:56:27.746,0.75043,0.75077,1.50,1.13
2013.10.07 02:56:27.863,0.75042,0.75073,1.50,1.50
2013.10.07 02:56:28.873,0.75043,0.75078,1.50,1.50
2013.10.07 02:56:29.605,0.75041,0.75074,1.50,1.50
2013.10.07 02:56:29.983,0.75043,0.75073,1.50,1.50
2013.10.07 02:56:30.303,0.75043,0.75076,1.50,1.13
2013.10.07 02:56:31.144,0.75041,0.75074,1.50,1.50
2013.10.07 02:56:31.323,0.75041,0.75072,1.50,1.50
2013.10.07 02:56:31.624,0.75043,0.75072,1.50,1.13
2013.10.07 02:56:32.693,0.75042,0.75072,1.50,1.88
2013.10.07 02:56:36.334,0.75038,0.75068,1.50,1.50
2013.10.07 02:56:36.635,0.75034,0.75072,1.13,1.13
2013.10.07 02:56:36.824,0.75033,0.75069,1.13,1.50
2013.10.07 02:56:37.012,0.75026,0.75063,1.88,1.50
2013.10.07 02:56:37.194,0.75026,0.75059,1.13,1.50
2013.10.07 02:56:37.374,0.75021,0.75059,1.50,1.50
2013.10.07 02:56:38.293,0.75025,0.75059,1.50,1.50
2013.10.07 02:56:38.813,0.75026,0.75058,1.50,1.88
2013.10.07 02:56:41.493,0.75027,0.75058,1.50,1.50
2013.10.07 02:56:41.873,0.75027,0.7506,1.50,1.50
2013.10.07 02:56:48.391,0.75029,0.75064,1.50,1.50
2013.10.07 02:56:49.193,0.75029,0.75063,1.88,1.50
2013.10.07 02:56:49.314,0.75032,0.75063,1.50,1.13
2013.10.07 02:56:56.323,0.75031,0.75069,1.50,1.50
2013.10.07 02:56:59.155,0.75032,0.75068,1.50,1.50
2013.10.07 02:56:59.215,0.75036,0.75068,1.50,1.50
2013.10.07 02:56:59.745,0.75036,0.75068,1.13,1.50
2013.10.07 02:56:59.863,0.75035,0.75068,1.13,1.50
2013.10.07 02:57:00.571,0.75037,0.75067,1.13,1.13
2013.10.07 02:57:01.075,0.75031,0.75067,1.88,1.13
2013.10.07 02:57:01.718,0.75037,0.75068,1.88,1.13
2013.10.07 02:57:02.683,0.75037,0.75069,1.13,1.88
2013.10.07 02:57:03.234,0.75032,0.75068,1.88,1.13
2013.10.07 02:57:03.473,0.75036,0.75069,1.50,1.50
2013.10.07 02:57:03.984,0.75036,0.75069,1.88,1.50
2013.10.07 02:57:06.145,0.75037,0.75069,1.13,1.50
2013.10.07 02:57:06.204,0.75038,0.75071,1.50,1.13
2013.10.07 02:57:06.573,0.75041,0.75071,1.13,1.13
2013.10.07 02:57:13.914,0.75043,0.75075,1.13,1.13
2013.10.07 02:57:14.033,0.75043,0.75078,1.88,1.88
2013.10.07 02:57:15.034,0.75043,0.75077,1.13,1.13
2013.10.07 02:57:16.803,0.75047,0.75078,1.13,1.50
2013.10.07 02:57:16.923,0.75047,0.75079,1.13,1.13
2013.10.07 02:57:22.003,0.75049,0.75081,1.13,1.13
2013.10.07 02:57:25.764,0.75051,0.75081,1.88,1.13
2013.10.07 02:57:26.529,0.75051,0.75081,1.88,1.13
2013.10.07 02:57:27.105,0.75051,0.75081,1.50,1.13
2013.10.07 02:57:40.143,0.75047,0.75078,2.25,1.13
2013.10.07 02:57:40.324,0.75042,0.75072,1.88,1.13
2013.10.07 02:57:40.385,0.75042,0.75072,1.13,1.13
2013.10.07 02:57:40.715,0.75043,0.75073,1.13,1.50
2013.10.07 02:57:41.275,0.75042,0.75072,1.88,1.13
2013.10.07 02:57:41.795,0.75042,0.75073,1.13,1.88
2013.10.07 02:57:45.042,0.75042,0.75073,1.13,1.50
2013.10.07 02:57:50.191,0.75041,0.75073,1.88,1.50
2013.10.07 02:57:50.515,0.75042,0.75073,1.13,1.50
2013.10.07 02:57:50.845,0.75042,0.75073,1.13,1.88
2013.10.07 02:57:50.964,0.75035,0.75069,1.50,1.50
2013.10.07 02:57:51.023,0.75033,0.75067,1.50,1.13
2013.10.07 02:57:51.405,0.75033,0.75067,1.13,1.13
2013.10.07 02:57:51.725,0.75027,0.75066,1.50,1.13
2013.10.07 02:57:56.953,0.75028,0.75065,1.13,1.13
2013.10.07 02:57:57.564,0.75028,0.75065,1.13,1.13
2013.10.07 02:58:12.254,0.75031,0.75067,1.13,1.50
2013.10.07 02:58:17.095,0.75031,0.75067,1.13,1.50
2013.10.07 02:58:17.154,0.75031,0.75067,1.13,1.50
2013.10.07 02:58:17.394,0.75037,0.75067,1.13,1.13
2013.10.07 02:58:17.515,0.75031,0.75067,1.88,1.13
2013.10.07 02:58:17.574,0.75031,0.75067,1.13,1.13
2013.10.07 02:58:20.204,0.7503,0.75067,1.13,1.50
2013.10.07 02:58:20.323,0.7503,0.75067,1.88,1.50
2013.10.07 02:58:22.016,0.75032,0.75067,1.13,1.13
2013.10.07 02:58:22.134,0.7503,0.75066,1.13,1.13
2013.10.07 02:58:22.944,0.7503,0.75066,1.13,1.13
2013.10.07 02:58:23.065,0.75027,0.75063,1.13,1.88
2013.10.07 02:58:23.244,0.75026,0.7506,1.13,1.13
2013.10.07 02:58:23.825,0.75026,0.75058,1.13,1.13
2013.10.07 02:58:24.905,0.75026,0.75058,1.13,1.13
2013.10.07 02:58:25.483,0.75026,0.75054,1.13,1.13
2013.10.07 02:58:27.042,0.75026,0.75054,1.13,1.13
2013.10.07 02:58:28.094,0.75023,0.75054,1.50,1.13
2013.10.07 02:58:28.274,0.75027,0.75055,1.13,1.13
2013.10.07 02:58:28.453,0.75026,0.75057,1.88,1.13
2013.10.07 02:58:28.514,0.75026,0.75057,1.50,1.13
2013.10.07 02:58:29.043,0.75026,0.75057,1.50,1.13
2013.10.07 02:58:29.583,0.75026,0.75057,1.50,1.13
2013.10.07 02:58:30.223,0.75026,0.75057,1.88,1.13
2013.10.07 02:58:31.875,0.75026,0.75057,1.50,1.13
2013.10.07 02:58:32.005,0.75025,0.75055,1.13,1.13
2013.10.07 02:58:32.824,0.75026,0.75056,1.13,1.13
2013.10.07 02:58:33.565,0.75026,0.75058,1.13,1.13
2013.10.07 02:58:34.114,0.75025,0.75057,1.13,1.13
2013.10.07 02:58:34.733,0.75026,0.75059,1.13,1.13
2013.10.07 02:58:35.744,0.75026,0.75059,1.13,1.13
2013.10.07 02:58:35.803,0.75027,0.75059,1.13,1.13
2013.10.07 02:58:36.425,0.75027,0.75059,1.13,1.13
2013.10.07 02:58:38.735,0.75027,0.75059,1.13,1.13
2013.10.07 02:58:38.955,0.75027,0.75059,1.13,1.13
2013.10.07 02:58:44.125,0.75025,0.75057,1.88,1.13
2013.10.07 02:58:44.504,0.75026,0.75057,1.13,1.13
2013.10.07 02:58:44.925,0.75026,0.75057,1.13,1.13
2013.10.07 02:58:56.273,0.75029,0.75059,1.13,1.13
2013.10.07 02:58:56.574,0.75031,0.75062,1.13,1.13
2013.10.07 02:59:02.915,0.75032,0.75058,1.13,1.50
2013.10.07 02:59:03.214,0.75031,0.75061,1.13,1.13
2013.10.07 02:59:09.006,0.75032,0.75063,1.13,1.50
2013.10.07 02:59:09.455,0.75032,0.75064,1.13,1.13
2013.10.07 02:59:16.813,0.75031,0.75062,1.13,1.13
2013.10.07 02:59:22.934,0.75031,0.7506,1.13,1.50
2013.10.07 02:59:23.235,0.75029,0.75059,1.50,1.13
2013.10.07 02:59:23.764,0.75029,0.75059,1.50,1.13
2013.10.07 02:59:25.295,0.75029,0.75059,1.50,1.13
2013.10.07 02:59:25.656,0.7503,0.7506,1.13,1.13
2013.10.07 02:59:26.694,0.75035,0.75065,1.13,1.13
2013.10.07 02:59:26.818,0.75036,0.75065,1.13,1.13
2013.10.07 02:59:26.873,0.75036,0.75065,1.13,1.13
2013.10.07 02:59:27.054,0.75039,0.75068,1.50,1.13
2013.10.07 02:59:27.174,0.75036,0.75065,1.13,1.13
2013.10.07 02:59:27.294,0.7503,0.75061,1.50,1.13
2013.10.07 02:59:27.795,0.75034,0.75064,1.50,1.13
2013.10.07 02:59:30.266,0.75036,0.75069,1.50,1.50
2013.10.07 02:59:30.785,0.75036,0.75069,1.50,1.50
2013.10.07 02:59:35.395,0.75036,0.75069,1.50,1.50
2013.10.07 02:59:35.674,0.75036,0.75069,1.50,1.50
2013.10.07 02:59:37.405,0.75034,0.75064,1.13,1.13
2013.10.07 02:59:37.714,0.75034,0.75064,1.13,1.13
2013.10.07 02:59:37.833,0.75038,0.75068,1.13,1.13
2013.10.07 02:59:37.954,0.75038,0.75068,1.13,1.13
2013.10.07 02:59:38.074,0.75036,0.75065,1.50,1.13
2013.10.07 02:59:38.504,0.75036,0.75069,1.88,1.13
2013.10.07 02:59:38.564,0.75041,0.75074,1.50,1.88
2013.10.07 02:59:38.714,0.75041,0.75074,1.50,1.13
2013.10.07 02:59:39.264,0.75041,0.75079,1.50,1.88
2013.10.07 02:59:39.324,0.75041,0.75079,1.50,1.88
2013.10.07 02:59:39.674,0.75041,0.75079,1.50,1.50
2013.10.07 02:59:40.002,0.75041,0.75079,1.50,1.50
2013.10.07 02:59:40.754,0.75041,0.75076,1.50,1.13
2013.10.07 02:59:40.813,0.75041,0.75076,1.50,1.13
2013.10.07 02:59:40.874,0.75041,0.75076,1.50,1.13
2013.10.07 02:59:41.464,0.75042,0.75075,1.88,1.13
2013.10.07 02:59:42.864,0.75045,0.75078,1.88,1.13
2013.10.07 02:59:46.355,0.75045,0.75078,1.13,1.50
2013.10.07 02:59:46.666,0.75042,0.75077,1.50,1.13
2013.10.07 02:59:47.044,0.75043,0.75073,1.13,1.13
2013.10.07 02:59:47.353,0.75043,0.75073,1.88,1.13
2013.10.07 02:59:48.125,0.75043,0.75073,2.25,1.13
2013.10.07 02:59:50.794,0.75042,0.75069,1.13,1.13
2013.10.07 02:59:51.295,0.75042,0.75069,1.13,1.13
2013.10.07 02:59:55.205,0.75042,0.75078,1.13,1.13
2013.10.07 02:59:58.204,0.75038,0.75078,1.13,1.50
2013.10.07 02:59:58.404,0.75031,0.75069,1.50,1.50
2013.10.07 02:59:58.524,0.75031,0.75069,1.13,1.50
2013.10.07 02:59:58.584,0.75033,0.75069,1.50,1.50
2013.10.07 02:59:59.176,0.75027,0.75068,1.50,1.50
2013.10.07 02:59:59.504,0.75023,0.75068,1.13,1.50
