2012.06.21 19:00:00.220,0.75346,0.75402,1.50,1.13
2012.06.21 19:00:00.722,0.75346,0.75398,1.50,1.13
2012.06.21 19:00:01.527,0.75347,0.75398,1.50,1.13
2012.06.21 19:00:02.605,0.75355,0.75385,2.25,2.25
2012.06.21 19:00:02.985,0.75353,0.75384,2.63,3.00
2012.06.21 19:00:03.671,0.75353,0.75384,2.63,2.25
2012.06.21 19:00:04.528,0.75354,0.75385,2.63,2.25
2012.06.21 19:00:06.168,0.75353,0.75384,2.63,2.25
2012.06.21 19:00:06.946,0.75354,0.75385,2.63,2.25
2012.06.21 19:00:08.776,0.75354,0.75385,2.25,3.00
2012.06.21 19:00:10.391,0.75354,0.75385,2.25,3.00
2012.06.21 19:00:10.700,0.7535,0.75382,2.63,2.25
2012.06.21 19:00:10.764,0.75351,0.7538,2.63,2.25
2012.06.21 19:00:11.041,0.75341,0.7539,1.50,1.13
2012.06.21 19:00:11.775,0.75347,0.75394,1.35,1.13
2012.06.21 19:00:12.254,0.75346,0.75397,1.35,1.13
2012.06.21 19:00:12.967,0.75346,0.75397,1.35,1.13
2012.06.21 19:00:13.038,0.75342,0.75393,1.50,1.13
2012.06.21 19:00:13.104,0.75338,0.75393,1.35,1.13
2012.06.21 19:00:13.165,0.75342,0.75393,1.50,1.13
2012.06.21 19:00:13.400,0.75338,0.75393,1.35,1.13
2012.06.21 19:00:13.876,0.75344,0.75382,3.00,2.25
2012.06.21 19:00:14.134,0.75344,0.75381,2.25,2.25
2012.06.21 19:00:14.916,0.75342,0.7538,1.13,2.25
2012.06.21 19:00:15.096,0.75342,0.75382,2.63,2.25
2012.06.21 19:00:15.400,0.75342,0.75382,3.00,2.25
2012.06.21 19:00:15.815,0.75347,0.75382,3.00,2.25
2012.06.21 19:00:15.988,0.75347,0.75382,3.75,3.00
2012.06.21 19:00:16.327,0.75348,0.75385,2.63,3.00
2012.06.21 19:00:16.505,0.75346,0.75387,1.13,1.13
2012.06.21 19:00:16.676,0.75341,0.75387,1.50,1.13
2012.06.21 19:00:17.648,0.75347,0.75385,3.38,2.25
2012.06.21 19:00:18.186,0.75347,0.75385,3.00,3.00
2012.06.21 19:00:19.805,0.75346,0.75384,3.00,2.25
2012.06.21 19:00:19.907,0.75346,0.75384,3.00,3.00
2012.06.21 19:00:20.094,0.75343,0.75381,3.00,2.25
2012.06.21 19:00:20.941,0.75343,0.75381,2.25,2.25
2012.06.21 19:00:21.276,0.75343,0.75381,2.25,3.00
2012.06.21 19:00:21.337,0.75343,0.75381,2.25,2.25
2012.06.21 19:00:21.497,0.75343,0.75381,3.00,2.25
2012.06.21 19:00:22.904,0.75346,0.75381,3.00,2.25
2012.06.21 19:00:22.964,0.75349,0.75382,2.25,3.00
2012.06.21 19:00:23.287,0.75344,0.75382,3.00,2.25
2012.06.21 19:00:25.047,0.75342,0.7538,3.00,2.25
2012.06.21 19:00:25.135,0.75342,0.7538,3.00,3.00
2012.06.21 19:00:26.054,0.7534,0.7538,3.00,2.25
2012.06.21 19:00:27.011,0.7534,0.7538,3.00,3.00
2012.06.21 19:00:27.588,0.75342,0.7538,2.25,3.00
2012.06.21 19:00:27.850,0.75342,0.7538,3.00,2.25
2012.06.21 19:00:27.928,0.75343,0.75382,3.00,2.25
2012.06.21 19:00:28.595,0.75345,0.75383,3.00,3.00
2012.06.21 19:00:35.534,0.75352,0.75385,2.25,3.00
2012.06.21 19:00:36.324,0.75347,0.75385,3.00,3.00
2012.06.21 19:00:36.446,0.75353,0.75386,2.25,3.00
2012.06.21 19:00:37.185,0.75353,0.75386,2.25,3.00
2012.06.21 19:00:37.785,0.75353,0.75386,2.25,3.00
2012.06.21 19:00:38.848,0.75352,0.7539,2.25,3.00
2012.06.21 19:00:44.019,0.7535,0.7539,2.25,3.00
2012.06.21 19:00:45.425,0.75346,0.75384,3.00,3.00
2012.06.21 19:00:46.671,0.75345,0.75383,3.00,2.25
2012.06.21 19:00:49.416,0.75346,0.75384,3.00,2.25
2012.06.21 19:00:49.851,0.75348,0.75386,3.00,2.25
2012.06.21 19:00:50.521,0.75348,0.75386,2.25,3.00
2012.06.21 19:00:50.748,0.75346,0.75386,3.00,3.00
2012.06.21 19:00:51.949,0.75346,0.75386,2.25,3.00
2012.06.21 19:00:52.269,0.75341,0.75381,3.00,3.00
2012.06.21 19:00:52.623,0.75336,0.75379,1.35,3.00
2012.06.21 19:00:52.719,0.75337,0.75379,1.35,2.25
2012.06.21 19:00:53.706,0.75333,0.75379,3.00,2.25
2012.06.21 19:00:54.449,0.75333,0.75378,3.00,2.25
2012.06.21 19:00:55.151,0.75333,0.75378,2.25,2.25
2012.06.21 19:00:55.216,0.75333,0.75378,3.00,2.25
2012.06.21 19:00:55.692,0.75333,0.75378,2.25,3.00
2012.06.21 19:00:56.427,0.75331,0.7537,3.00,2.25
2012.06.21 19:00:56.875,0.75331,0.7537,3.00,2.25
2012.06.21 19:00:58.479,0.75331,0.7537,3.00,2.25
2012.06.21 19:00:58.595,0.75331,0.7537,3.00,2.25
2012.06.21 19:00:58.729,0.75332,0.75372,3.00,2.25
2012.06.21 19:00:58.968,0.75333,0.75373,2.25,3.00
2012.06.21 19:00:59.035,0.75333,0.75373,3.00,2.25
2012.06.21 19:01:00.305,0.75328,0.75368,3.00,2.25
2012.06.21 19:01:02.452,0.75328,0.75368,3.00,3.00
2012.06.21 19:01:02.718,0.7533,0.75368,3.00,2.25
2012.06.21 19:01:03.045,0.75338,0.75371,2.25,2.25
2012.06.21 19:01:03.165,0.75338,0.75371,2.25,3.00
2012.06.21 19:01:03.357,0.75338,0.75373,2.25,3.00
2012.06.21 19:01:03.416,0.7534,0.75375,2.25,3.00
2012.06.21 19:01:04.404,0.75335,0.75375,2.25,3.00
2012.06.21 19:01:04.525,0.75335,0.75375,3.00,2.25
2012.06.21 19:01:04.846,0.7534,0.75375,2.25,3.00
2012.06.21 19:01:05.708,0.7534,0.75375,2.25,3.00
2012.06.21 19:01:06.699,0.7534,0.75375,2.25,3.00
2012.06.21 19:01:06.765,0.75335,0.75375,2.25,3.00
2012.06.21 19:01:06.917,0.75335,0.75375,3.00,3.00
2012.06.21 19:01:08.582,0.75335,0.75373,2.25,2.25
2012.06.21 19:01:08.818,0.75331,0.75369,3.00,2.25
2012.06.21 19:01:09.351,0.75331,0.7537,3.00,2.25
2012.06.21 19:01:09.906,0.7533,0.75368,3.00,2.25
2012.06.21 19:01:10.655,0.75329,0.75367,3.00,2.25
2012.06.21 19:01:11.254,0.75333,0.75368,3.00,2.25
2012.06.21 19:01:12.274,0.75333,0.75368,3.00,2.25
2012.06.21 19:01:12.439,0.75333,0.75371,3.00,2.25
2012.06.21 19:01:12.974,0.75333,0.75371,2.25,2.25
2012.06.21 19:01:13.096,0.75323,0.75362,3.00,2.25
2012.06.21 19:01:13.248,0.75323,0.75362,3.00,2.25
2012.06.21 19:01:13.440,0.75328,0.75366,2.25,2.25
2012.06.21 19:01:15.069,0.75328,0.75365,2.25,2.25
2012.06.21 19:01:15.497,0.75328,0.75365,2.25,3.00
2012.06.21 19:01:15.859,0.75328,0.75368,3.00,2.25
2012.06.21 19:01:16.466,0.75327,0.75367,3.00,2.25
2012.06.21 19:01:17.819,0.75327,0.75367,3.00,3.00
2012.06.21 19:01:18.176,0.75325,0.75363,2.25,3.00
2012.06.21 19:01:18.294,0.75325,0.75363,3.00,2.25
2012.06.21 19:01:18.476,0.75325,0.75365,3.00,2.25
2012.06.21 19:01:18.689,0.75326,0.75366,3.00,2.25
2012.06.21 19:01:19.008,0.75326,0.75366,3.00,2.25
2012.06.21 19:01:19.876,0.75326,0.75366,3.00,3.00
2012.06.21 19:01:21.714,0.75328,0.75365,2.25,3.00
2012.06.21 19:01:21.954,0.75328,0.75368,2.25,2.25
2012.06.21 19:01:22.135,0.75331,0.7537,2.25,3.00
2012.06.21 19:01:22.227,0.75325,0.75365,3.00,2.25
2012.06.21 19:01:22.465,0.75331,0.75365,2.25,3.00
2012.06.21 19:01:22.874,0.75328,0.75368,2.25,2.25
2012.06.21 19:01:23.088,0.75332,0.75369,2.25,3.00
2012.06.21 19:01:23.214,0.75329,0.75367,2.25,2.25
2012.06.21 19:01:23.424,0.75331,0.7537,2.25,3.00
2012.06.21 19:01:25.173,0.75331,0.7537,2.25,3.00
2012.06.21 19:01:25.552,0.75332,0.75385,1.35,1.35
2012.06.21 19:01:27.267,0.75332,0.75385,1.35,1.35
2012.06.21 19:01:27.384,0.75326,0.75385,2.85,1.35
2012.06.21 19:01:27.713,0.75331,0.75385,1.35,1.35
2012.06.21 19:01:27.974,0.75326,0.75385,2.85,1.35
2012.06.21 19:01:28.484,0.75332,0.75385,1.35,1.35
2012.06.21 19:01:29.735,0.75331,0.75385,1.35,1.35
2012.06.21 19:01:29.953,0.75324,0.75384,1.35,1.35
2012.06.21 19:01:35.544,0.7533,0.75368,3.00,2.25
2012.06.21 19:01:35.666,0.7533,0.75368,3.00,2.25
2012.06.21 19:01:35.785,0.7533,0.75368,3.00,2.25
2012.06.21 19:01:35.966,0.75324,0.75362,3.60,2.25
2012.06.21 19:01:36.505,0.75324,0.75363,1.35,2.25
2012.06.21 19:01:37.786,0.75324,0.75363,1.35,2.25
2012.06.21 19:01:39.702,0.75324,0.75364,3.60,2.25
2012.06.21 19:01:40.656,0.75324,0.75363,1.35,2.25
2012.06.21 19:01:41.799,0.75324,0.75363,1.35,2.25
2012.06.21 19:01:41.917,0.75324,0.75363,1.35,2.25
2012.06.21 19:01:43.285,0.75324,0.75363,1.35,2.25
2012.06.21 19:01:44.497,0.75325,0.75363,3.00,2.25
2012.06.21 19:01:45.707,0.75325,0.75363,3.00,2.25
2012.06.21 19:01:49.472,0.75325,0.75363,3.00,2.25
2012.06.21 19:01:50.035,0.75325,0.75363,3.00,2.25
2012.06.21 19:01:50.237,0.75327,0.75367,3.00,2.25
2012.06.21 19:01:50.705,0.75327,0.75367,3.00,2.25
2012.06.21 19:01:51.064,0.75332,0.75367,3.00,2.25
2012.06.21 19:01:52.556,0.75334,0.75369,3.00,3.00
2012.06.21 19:01:53.650,0.75334,0.75372,3.00,2.25
2012.06.21 19:01:54.421,0.75334,0.75374,3.00,3.00
2012.06.21 19:01:54.618,0.75334,0.75374,3.00,2.25
2012.06.21 19:01:55.083,0.75337,0.75375,3.00,2.25
2012.06.21 19:01:55.146,0.75335,0.75373,3.00,2.25
2012.06.21 19:01:55.741,0.75334,0.75372,3.00,2.25
2012.06.21 19:02:02.815,0.75334,0.75372,2.25,2.25
2012.06.21 19:02:03.676,0.75334,0.75372,2.25,3.00
2012.06.21 19:02:05.050,0.75334,0.75372,3.00,2.25
2012.06.21 19:02:05.476,0.7533,0.7537,3.00,2.25
2012.06.21 19:02:05.999,0.75329,0.75366,3.00,2.25
2012.06.21 19:02:06.759,0.75327,0.75367,3.00,2.25
2012.06.21 19:02:07.098,0.75324,0.75364,3.00,2.25
2012.06.21 19:02:07.285,0.75324,0.75363,3.00,2.25
2012.06.21 19:02:07.785,0.7532,0.75358,3.00,2.25
2012.06.21 19:02:10.280,0.75321,0.75359,3.00,2.25
2012.06.21 19:02:19.027,0.75321,0.75359,3.00,2.25
2012.06.21 19:02:32.441,0.75321,0.75359,3.00,2.25
2012.06.21 19:02:33.165,0.75321,0.75359,3.00,2.25
2012.06.21 19:02:39.420,0.75321,0.75359,3.00,2.25
2012.06.21 19:02:39.968,0.75321,0.75359,3.00,2.25
2012.06.21 19:02:42.939,0.75323,0.75359,1.13,2.25
2012.06.21 19:02:43.006,0.75323,0.75361,1.13,2.25
2012.06.21 19:02:43.190,0.75327,0.75362,3.38,2.25
2012.06.21 19:02:43.419,0.75335,0.75366,1.13,2.25
2012.06.21 19:02:44.021,0.75334,0.75367,2.63,3.00
2012.06.21 19:02:44.151,0.75335,0.75367,1.13,2.25
2012.06.21 19:02:45.187,0.75335,0.75369,3.38,3.00
2012.06.21 19:02:49.038,0.75335,0.75373,2.63,3.00
2012.06.21 19:02:49.491,0.75335,0.75373,3.38,2.25
2012.06.21 19:02:50.249,0.75335,0.7537,1.13,2.25
2012.06.21 19:02:52.648,0.75335,0.75372,1.13,2.25
2012.06.21 19:02:54.288,0.75335,0.75373,1.13,2.25
2012.06.21 19:03:03.926,0.75335,0.75371,1.13,2.25
2012.06.21 19:03:04.853,0.75331,0.75368,1.13,2.25
2012.06.21 19:03:05.585,0.75331,0.75367,1.13,2.25
2012.06.21 19:03:05.852,0.75331,0.75369,3.38,2.25
2012.06.21 19:03:10.251,0.75332,0.7537,3.00,3.38
2012.06.21 19:03:11.569,0.75331,0.75369,3.38,2.25
2012.06.21 19:03:12.495,0.75336,0.75371,1.13,2.25
2012.06.21 19:03:19.268,0.75336,0.75372,1.13,2.25
2012.06.21 19:03:20.466,0.75336,0.75373,1.13,2.25
2012.06.21 19:03:26.546,0.75336,0.75371,1.13,2.25
2012.06.21 19:03:26.926,0.75333,0.75369,1.13,2.25
2012.06.21 19:03:29.820,0.75336,0.75368,1.13,2.25
2012.06.21 19:03:29.946,0.75336,0.75371,1.13,2.25
2012.06.21 19:03:30.095,0.75332,0.75371,1.13,3.00
2012.06.21 19:03:42.396,0.75332,0.75368,1.13,3.00
2012.06.21 19:03:48.428,0.75332,0.75368,1.13,2.25
2012.06.21 19:03:48.709,0.75332,0.75368,1.13,3.00
2012.06.21 19:03:48.957,0.75328,0.75368,2.63,3.00
2012.06.21 19:04:03.898,0.75328,0.75368,2.63,3.00
2012.06.21 19:04:11.178,0.7533,0.75368,1.13,2.25
2012.06.21 19:04:17.669,0.75328,0.75368,2.63,3.00
2012.06.21 19:04:17.890,0.7533,0.75368,1.13,3.00
2012.06.21 19:04:19.366,0.75327,0.75362,1.13,2.25
2012.06.21 19:04:19.685,0.75328,0.75363,3.00,3.00
2012.06.21 19:04:19.760,0.75327,0.75363,1.13,2.25
2012.06.21 19:04:20.016,0.75331,0.75367,1.13,2.25
2012.06.21 19:04:20.355,0.75327,0.75363,1.13,2.25
2012.06.21 19:04:20.535,0.7533,0.75367,1.13,2.25
2012.06.21 19:04:20.797,0.75327,0.75363,1.13,2.25
2012.06.21 19:04:21.006,0.75331,0.75367,1.13,2.25
2012.06.21 19:04:21.489,0.75327,0.75363,1.13,2.25
2012.06.21 19:04:21.558,0.7533,0.75367,1.13,2.25
2012.06.21 19:04:22.876,0.75331,0.7537,3.38,3.00
2012.06.21 19:04:22.936,0.75336,0.7537,1.13,2.25
2012.06.21 19:04:22.997,0.75336,0.7537,1.13,3.00
2012.06.21 19:04:23.316,0.75333,0.75369,1.13,2.25
2012.06.21 19:04:23.716,0.75336,0.75373,3.38,2.25
2012.06.21 19:04:23.776,0.75336,0.75373,2.63,3.00
2012.06.21 19:04:27.857,0.75337,0.7537,1.13,2.25
2012.06.21 19:04:27.919,0.75335,0.75371,1.13,2.25
2012.06.21 19:04:30.386,0.75333,0.75371,2.63,3.00
2012.06.21 19:04:30.682,0.75333,0.75371,2.25,3.00
2012.06.21 19:04:30.745,0.75333,0.75371,2.25,3.00
2012.06.21 19:04:30.926,0.75328,0.75366,2.63,3.00
2012.06.21 19:04:35.379,0.7533,0.75366,1.13,2.25
2012.06.21 19:04:36.256,0.75328,0.75366,2.63,3.00
2012.06.21 19:04:45.387,0.75328,0.75368,2.25,3.00
2012.06.21 19:04:45.818,0.75325,0.75362,1.13,2.25
2012.06.21 19:04:46.934,0.75325,0.75362,1.13,2.25
2012.06.21 19:04:47.966,0.75326,0.75365,1.13,3.00
2012.06.21 19:04:51.045,0.75327,0.75365,2.25,3.00
2012.06.21 19:04:58.641,0.75327,0.75365,3.00,2.25
2012.06.21 19:04:58.713,0.75327,0.75365,2.25,3.00
2012.06.21 19:04:59.215,0.75328,0.75368,2.25,3.00
2012.06.21 19:05:00.587,0.7533,0.75368,2.25,3.00
2012.06.21 19:05:00.694,0.75328,0.75368,2.25,3.00
2012.06.21 19:05:01.276,0.75328,0.75365,2.63,3.00
2012.06.21 19:05:15.036,0.75327,0.75365,3.75,3.00
2012.06.21 19:05:16.177,0.75329,0.75369,2.63,3.00
2012.06.21 19:05:19.577,0.75327,0.75366,3.75,3.00
2012.06.21 19:05:19.637,0.75331,0.75366,1.13,2.25
2012.06.21 19:05:19.938,0.75332,0.7537,2.63,3.00
2012.06.21 19:05:20.089,0.75332,0.7537,2.63,3.00
2012.06.21 19:05:20.616,0.75327,0.75367,3.23,3.00
2012.06.21 19:05:20.849,0.75327,0.75367,2.63,3.00
2012.06.21 19:05:22.356,0.75327,0.75367,2.63,3.00
2012.06.21 19:05:22.489,0.75322,0.7536,3.38,2.25
2012.06.21 19:05:22.917,0.75325,0.7536,3.00,3.00
2012.06.21 19:05:23.036,0.75322,0.7536,1.13,2.25
2012.06.21 19:05:24.207,0.75321,0.75359,1.13,3.00
2012.06.21 19:05:24.424,0.75324,0.75359,2.25,3.00
2012.06.21 19:05:24.546,0.75326,0.75359,1.13,3.00
2012.06.21 19:05:24.786,0.75322,0.75359,1.13,2.25
2012.06.21 19:05:25.070,0.75326,0.75359,1.13,3.00
2012.06.21 19:05:25.410,0.75326,0.75362,1.13,2.25
2012.06.21 19:05:27.406,0.75327,0.75362,1.13,2.25
2012.06.21 19:05:32.842,0.75327,0.75362,1.13,2.25
2012.06.21 19:05:32.966,0.75327,0.75362,1.13,2.25
2012.06.21 19:05:33.319,0.75327,0.75364,1.13,2.25
2012.06.21 19:05:33.440,0.75327,0.75361,1.13,2.25
2012.06.21 19:05:33.504,0.75327,0.75365,3.38,2.25
2012.06.21 19:05:35.366,0.75331,0.75365,1.13,2.25
2012.06.21 19:05:35.426,0.75331,0.75369,1.13,3.00
2012.06.21 19:05:35.488,0.75329,0.75369,2.25,3.00
2012.06.21 19:05:35.787,0.75326,0.75363,1.13,2.25
2012.06.21 19:05:38.392,0.75327,0.75363,1.13,2.25
2012.06.21 19:05:38.719,0.75329,0.75367,3.00,2.25
2012.06.21 19:05:39.016,0.7533,0.7537,2.63,3.00
2012.06.21 19:05:39.406,0.75331,0.75366,1.13,2.25
2012.06.21 19:05:40.176,0.75327,0.75365,2.63,3.00
2012.06.21 19:05:40.469,0.75327,0.75365,2.25,3.00
2012.06.21 19:05:40.536,0.75326,0.7536,1.13,2.25
2012.06.21 19:05:40.841,0.75323,0.7536,2.63,3.00
2012.06.21 19:05:42.892,0.75326,0.75362,1.13,2.25
2012.06.21 19:05:43.448,0.75326,0.75365,1.13,3.00
2012.06.21 19:05:44.337,0.75328,0.75366,2.63,3.00
2012.06.21 19:05:44.541,0.75328,0.75366,3.00,3.00
2012.06.21 19:05:45.900,0.75331,0.75364,1.13,2.25
2012.06.21 19:05:47.026,0.75327,0.75364,2.63,3.00
2012.06.21 19:05:47.120,0.75327,0.75364,2.25,3.00
2012.06.21 19:05:47.306,0.75327,0.75364,3.00,2.25
2012.06.21 19:05:47.616,0.75326,0.7536,1.13,2.25
2012.06.21 19:05:48.170,0.75326,0.75358,1.13,2.25
2012.06.21 19:05:48.482,0.75323,0.75353,1.13,2.25
2012.06.21 19:05:48.667,0.7532,0.75357,3.00,2.25
2012.06.21 19:05:48.789,0.75318,0.75352,1.13,2.25
2012.06.21 19:05:49.080,0.75322,0.75353,1.13,2.25
2012.06.21 19:05:49.596,0.75326,0.75357,1.13,2.25
2012.06.21 19:05:49.857,0.75321,0.75358,1.13,2.25
2012.06.21 19:05:52.935,0.75321,0.75358,1.13,3.00
2012.06.21 19:05:54.097,0.75317,0.75353,1.13,2.25
2012.06.21 19:05:54.215,0.75317,0.75353,1.13,2.25
2012.06.21 19:05:54.976,0.75317,0.75353,1.13,2.25
2012.06.21 19:05:55.126,0.75321,0.75353,1.13,3.00
2012.06.21 19:06:00.897,0.75318,0.75353,2.63,3.00
2012.06.21 19:06:01.227,0.75321,0.75353,1.13,3.00
2012.06.21 19:06:02.315,0.75318,0.75353,2.63,3.00
2012.06.21 19:06:09.403,0.75318,0.75353,2.25,3.00
2012.06.21 19:06:09.471,0.75318,0.75353,3.00,3.00
2012.06.21 19:06:10.010,0.75322,0.75357,1.50,2.25
2012.06.21 19:06:11.723,0.75324,0.75361,2.63,3.00
2012.06.21 19:06:11.790,0.75327,0.75361,1.13,2.25
2012.06.21 19:06:12.101,0.75327,0.75365,3.38,3.00
2012.06.21 19:06:12.636,0.75327,0.75365,3.38,3.00
2012.06.21 19:06:12.777,0.75327,0.75365,2.63,3.00
2012.06.21 19:06:13.080,0.75329,0.75369,3.00,3.00
2012.06.21 19:06:14.530,0.75324,0.75364,3.00,3.00
2012.06.21 19:06:14.591,0.75324,0.75364,2.63,3.00
2012.06.21 19:06:15.383,0.75327,0.75363,1.13,3.00
2012.06.21 19:06:17.063,0.75327,0.75362,1.13,2.25
2012.06.21 19:06:20.359,0.75323,0.75361,3.38,2.25
2012.06.21 19:06:27.301,0.75326,0.75362,1.13,2.25
2012.06.21 19:06:34.137,0.75327,0.75362,1.13,2.25
2012.06.21 19:06:34.261,0.75328,0.75362,1.13,2.25
2012.06.21 19:06:34.322,0.75328,0.75365,1.13,2.25
2012.06.21 19:06:35.297,0.75328,0.75364,1.13,2.25
2012.06.21 19:06:49.206,0.75327,0.75364,1.13,3.00
2012.06.21 19:06:49.750,0.75323,0.75358,1.13,2.25
2012.06.21 19:06:51.035,0.75323,0.75359,1.13,2.25
2012.06.21 19:06:54.328,0.75323,0.75358,1.13,2.25
2012.06.21 19:06:55.112,0.75325,0.75358,3.00,3.00
2012.06.21 19:07:06.321,0.75325,0.7536,2.63,3.00
2012.06.21 19:07:06.671,0.75325,0.7536,2.25,2.25
2012.06.21 19:07:06.871,0.75318,0.75355,1.13,2.25
2012.06.21 19:07:07.032,0.75317,0.75353,1.13,3.00
2012.06.21 19:07:08.136,0.75318,0.75353,1.13,2.25
2012.06.21 19:07:08.962,0.75318,0.7535,1.13,2.25
2012.06.21 19:07:09.392,0.75321,0.75356,3.75,3.00
2012.06.21 19:07:09.520,0.75321,0.75356,3.00,3.00
2012.06.21 19:07:09.581,0.7532,0.75356,1.13,2.25
2012.06.21 19:07:14.610,0.7532,0.75357,3.38,2.25
2012.06.21 19:07:18.134,0.7532,0.75358,1.13,2.25
2012.06.21 19:07:19.580,0.7532,0.75357,1.13,2.25
2012.06.21 19:07:23.255,0.7532,0.75357,1.13,2.25
2012.06.21 19:07:23.731,0.75326,0.75357,1.13,2.25
2012.06.21 19:07:29.243,0.75326,0.75361,1.13,2.25
2012.06.21 19:07:30.455,0.75326,0.75362,1.13,2.25
2012.06.21 19:07:32.131,0.75322,0.75359,1.13,2.25
2012.06.21 19:07:32.466,0.75319,0.75355,1.13,2.25
2012.06.21 19:07:33.284,0.75319,0.75355,1.13,2.25
2012.06.21 19:07:33.686,0.75319,0.75355,1.13,2.25
2012.06.21 19:07:33.995,0.75316,0.75351,1.13,2.25
2012.06.21 19:07:34.302,0.75319,0.75349,1.13,2.25
2012.06.21 19:07:34.362,0.75319,0.75349,1.13,2.25
2012.06.21 19:07:34.421,0.75319,0.75349,1.13,2.25
2012.06.21 19:07:36.874,0.75317,0.75349,1.13,2.25
2012.06.21 19:07:38.012,0.75317,0.75349,1.13,2.25
2012.06.21 19:07:38.362,0.75317,0.75349,1.13,2.25
2012.06.21 19:07:38.481,0.75317,0.75349,1.13,2.25
2012.06.21 19:07:38.935,0.75317,0.75352,1.13,2.25
2012.06.21 19:07:45.761,0.75317,0.75351,1.13,2.25
2012.06.21 19:07:45.864,0.75317,0.75353,1.13,2.25
2012.06.21 19:07:46.709,0.75317,0.75352,1.13,2.25
2012.06.21 19:07:47.234,0.75317,0.75353,1.13,2.25
2012.06.21 19:07:47.929,0.75317,0.75353,1.13,2.25
2012.06.21 19:07:48.421,0.75316,0.75353,1.13,2.25
2012.06.21 19:07:48.541,0.75313,0.75349,1.13,2.25
2012.06.21 19:07:48.781,0.75316,0.75353,1.13,2.25
2012.06.21 19:07:49.141,0.75317,0.75354,3.00,3.00
2012.06.21 19:07:49.202,0.7532,0.75358,2.25,3.00
2012.06.21 19:07:49.632,0.75315,0.75355,3.38,3.00
2012.06.21 19:07:49.951,0.75311,0.75349,3.00,2.25
2012.06.21 19:07:50.273,0.75309,0.75344,1.13,2.25
2012.06.21 19:07:50.400,0.75309,0.75346,1.13,2.25
2012.06.21 19:07:50.993,0.75309,0.75346,1.13,2.25
2012.06.21 19:07:54.945,0.75309,0.75346,1.13,2.25
2012.06.21 19:07:55.010,0.75309,0.75346,1.13,2.25
2012.06.21 19:07:55.232,0.75309,0.75342,1.13,2.25
2012.06.21 19:07:55.351,0.75309,0.75346,1.13,2.25
2012.06.21 19:07:55.557,0.75309,0.75346,1.13,2.25
2012.06.21 19:07:56.124,0.75309,0.75347,3.38,2.25
2012.06.21 19:07:58.893,0.75309,0.75347,3.38,2.25
2012.06.21 19:07:58.967,0.75309,0.75347,3.38,2.25
2012.06.21 19:07:59.371,0.75309,0.75345,1.13,2.25
2012.06.21 19:07:59.551,0.75313,0.75349,1.13,2.25
2012.06.21 19:07:59.692,0.75313,0.75344,1.13,2.25
2012.06.21 19:08:00.054,0.75314,0.75345,1.13,2.25
2012.06.21 19:08:07.332,0.75317,0.75345,1.13,2.25
2012.06.21 19:08:07.451,0.75317,0.75347,1.13,2.25
2012.06.21 19:08:07.994,0.75317,0.75348,1.13,3.00
2012.06.21 19:08:08.901,0.75317,0.75348,1.13,3.00
2012.06.21 19:08:10.661,0.75317,0.7535,3.00,3.00
2012.06.21 19:08:10.861,0.75316,0.75353,1.13,2.25
2012.06.21 19:08:10.981,0.75316,0.75353,1.13,2.25
2012.06.21 19:08:11.071,0.75316,0.75351,1.13,2.25
2012.06.21 19:08:11.897,0.75316,0.75351,1.13,2.25
2012.06.21 19:08:12.211,0.7532,0.75353,1.13,2.25
2012.06.21 19:08:12.270,0.7532,0.75355,1.13,2.25
2012.06.21 19:08:19.412,0.75315,0.75349,1.13,2.25
2012.06.21 19:08:19.471,0.75311,0.75349,3.00,2.25
2012.06.21 19:08:20.073,0.75304,0.75348,1.13,2.25
2012.06.21 19:08:21.213,0.75304,0.75348,1.13,2.25
2012.06.21 19:08:21.870,0.75304,0.75348,1.13,2.25
2012.06.21 19:08:23.378,0.75295,0.75348,1.13,2.25
2012.06.21 19:08:23.530,0.75296,0.75348,1.13,3.00
2012.06.21 19:08:23.607,0.75296,0.75348,1.13,3.00
2012.06.21 19:08:23.998,0.75296,0.75334,1.13,2.25
2012.06.21 19:08:24.190,0.75302,0.75338,1.13,2.25
2012.06.21 19:08:25.135,0.75302,0.75338,1.13,2.25
2012.06.21 19:08:29.006,0.75302,0.75336,1.13,2.25
2012.06.21 19:08:30.903,0.75302,0.75336,1.13,2.25
2012.06.21 19:08:35.222,0.75302,0.75336,1.13,2.25
2012.06.21 19:08:35.280,0.75302,0.75337,3.38,3.00
2012.06.21 19:08:35.368,0.75306,0.75337,1.13,2.25
2012.06.21 19:08:35.609,0.75306,0.75336,1.13,2.25
2012.06.21 19:08:38.685,0.75295,0.75332,1.13,2.25
2012.06.21 19:08:38.793,0.75295,0.75332,1.13,2.25
2012.06.21 19:08:42.411,0.75295,0.7533,1.13,2.25
2012.06.21 19:08:42.582,0.75295,0.75332,1.13,2.25
2012.06.21 19:08:42.752,0.75295,0.7533,1.13,2.25
2012.06.21 19:08:43.674,0.75295,0.75329,1.13,2.25
2012.06.21 19:08:44.934,0.75295,0.75329,1.13,2.25
2012.06.21 19:08:45.121,0.7529,0.75326,1.13,2.25
2012.06.21 19:08:45.715,0.7529,0.75325,1.13,2.25
2012.06.21 19:08:47.810,0.7529,0.75326,1.13,2.25
2012.06.21 19:08:50.064,0.7529,0.75326,1.13,2.25
2012.06.21 19:08:50.271,0.75295,0.75328,1.13,2.25
2012.06.21 19:08:50.470,0.75298,0.75329,1.13,2.25
2012.06.21 19:08:50.609,0.75298,0.7533,1.13,2.25
2012.06.21 19:08:52.250,0.75298,0.75334,1.13,2.25
2012.06.21 19:08:59.082,0.75298,0.75335,1.13,2.25
2012.06.21 19:08:59.141,0.75301,0.75335,1.50,2.25
2012.06.21 19:08:59.262,0.75303,0.75336,2.63,3.00
2012.06.21 19:08:59.323,0.75307,0.75336,1.13,2.25
2012.06.21 19:08:59.381,0.75303,0.75336,2.63,3.00
2012.06.21 19:08:59.501,0.75303,0.75336,2.25,3.00
2012.06.21 19:08:59.574,0.75301,0.75336,1.13,2.25
2012.06.21 19:09:00.953,0.75301,0.75336,1.13,2.25
2012.06.21 19:09:01.400,0.75303,0.7534,1.13,2.25
2012.06.21 19:09:03.021,0.75303,0.75337,1.13,2.25
2012.06.21 19:09:03.081,0.75301,0.75337,1.13,2.25
2012.06.21 19:09:03.244,0.75303,0.75337,1.13,2.25
2012.06.21 19:09:03.523,0.75301,0.75337,1.13,2.25
2012.06.21 19:09:03.904,0.75303,0.75337,1.13,2.25
2012.06.21 19:09:04.571,0.75301,0.75337,1.13,2.25
2012.06.21 19:09:04.785,0.75303,0.75337,1.13,2.25
2012.06.21 19:09:05.003,0.75301,0.75337,1.13,2.25
2012.06.21 19:09:05.122,0.75303,0.75337,1.13,2.25
2012.06.21 19:09:05.184,0.75301,0.75337,1.13,2.25
2012.06.21 19:09:07.399,0.75301,0.75338,1.13,2.25
2012.06.21 19:09:08.322,0.75301,0.75338,1.50,2.25
2012.06.21 19:09:08.502,0.75306,0.75341,3.38,3.00
2012.06.21 19:09:08.701,0.75308,0.75341,1.13,2.25
2012.06.21 19:09:09.038,0.75309,0.75342,2.25,3.00
2012.06.21 19:09:09.683,0.7531,0.75345,2.63,3.00
2012.06.21 19:09:12.046,0.75307,0.75345,2.63,3.00
2012.06.21 19:09:12.101,0.75302,0.75341,3.38,2.25
2012.06.21 19:09:14.251,0.75302,0.7534,3.38,2.25
2012.06.21 19:09:14.377,0.75302,0.7534,3.38,3.00
2012.06.21 19:09:14.442,0.75302,0.75334,1.13,2.25
2012.06.21 19:09:14.965,0.75299,0.75335,1.13,2.25
2012.06.21 19:09:15.472,0.75305,0.75338,1.13,2.25
2012.06.21 19:09:17.041,0.753,0.75335,1.13,2.25
2012.06.21 19:09:17.330,0.75305,0.75335,1.13,2.25
2012.06.21 19:09:17.532,0.75299,0.75332,1.13,2.25
2012.06.21 19:09:17.651,0.753,0.75332,1.13,2.25
2012.06.21 19:09:17.712,0.753,0.75332,1.13,2.25
2012.06.21 19:09:17.883,0.753,0.75335,1.13,2.25
2012.06.21 19:09:17.950,0.753,0.75335,1.13,2.25
2012.06.21 19:09:18.072,0.75293,0.75337,1.13,2.25
2012.06.21 19:09:18.591,0.75302,0.75337,1.13,2.25
2012.06.21 19:09:18.650,0.75302,0.75337,1.13,2.25
2012.06.21 19:09:22.371,0.75302,0.75337,1.13,2.25
2012.06.21 19:09:23.971,0.75303,0.75337,1.13,2.25
2012.06.21 19:09:27.423,0.753,0.75337,2.63,2.25
2012.06.21 19:09:27.489,0.753,0.75337,2.25,2.25
2012.06.21 19:09:27.550,0.75292,0.75337,1.13,2.25
2012.06.21 19:09:29.185,0.75292,0.75337,1.13,2.25
2012.06.21 19:09:29.517,0.75294,0.7534,3.00,2.25
2012.06.21 19:09:30.122,0.75296,0.75341,3.00,2.25
2012.06.21 19:09:30.262,0.75296,0.75343,3.00,2.25
2012.06.21 19:09:31.384,0.75296,0.75343,3.00,2.25
2012.06.21 19:09:31.721,0.75305,0.75343,1.13,2.25
2012.06.21 19:09:33.144,0.75305,0.75343,3.38,2.25
2012.06.21 19:09:33.346,0.75305,0.75341,1.13,2.25
2012.06.21 19:09:37.194,0.75305,0.75342,1.13,2.25
2012.06.21 19:09:39.421,0.75305,0.75339,1.13,2.25
2012.06.21 19:09:40.682,0.75305,0.75339,1.13,2.25
2012.06.21 19:09:40.746,0.75305,0.75339,1.13,2.25
2012.06.21 19:09:41.450,0.75305,0.7534,1.13,2.25
2012.06.21 19:09:43.423,0.75305,0.7534,1.13,2.25
2012.06.21 19:09:49.912,0.75305,0.7534,1.13,2.25
2012.06.21 19:09:50.260,0.75305,0.75337,1.13,2.25
2012.06.21 19:09:52.154,0.75306,0.75338,1.13,3.00
2012.06.21 19:09:53.227,0.75306,0.75338,1.13,2.25
2012.06.21 19:09:53.521,0.75311,0.75342,1.13,2.25
2012.06.21 19:09:53.655,0.75311,0.75342,1.13,2.25
2012.06.21 19:09:54.172,0.75319,0.75352,2.25,3.00
2012.06.21 19:09:54.233,0.75319,0.75352,2.63,3.00
2012.06.21 19:09:54.441,0.75319,0.75352,2.25,3.38
2012.06.21 19:09:54.501,0.75311,0.75347,1.13,2.25
2012.06.21 19:09:55.383,0.75306,0.75342,1.13,2.25
2012.06.21 19:09:55.917,0.75308,0.75342,1.13,2.25
2012.06.21 19:09:56.022,0.75308,0.75342,1.13,2.25
2012.06.21 19:09:56.690,0.75304,0.75342,1.13,2.25
2012.06.21 19:09:56.750,0.75304,0.75342,1.13,2.25
2012.06.21 19:09:56.917,0.75304,0.75342,1.13,2.25
2012.06.21 19:09:58.346,0.75304,0.75342,1.13,2.25
2012.06.21 19:09:58.415,0.75307,0.75342,1.13,2.25
2012.06.21 19:09:58.771,0.75309,0.75346,1.13,2.25
2012.06.21 19:09:59.140,0.7531,0.75348,3.00,3.38
2012.06.21 19:10:00.682,0.7531,0.75348,3.00,3.38
2012.06.21 19:10:01.451,0.75305,0.75345,3.00,3.38
2012.06.21 19:10:01.512,0.7531,0.75345,3.00,3.00
2012.06.21 19:10:01.630,0.7531,0.75345,3.00,2.25
2012.06.21 19:10:04.973,0.7531,0.75345,3.00,3.00
2012.06.21 19:10:05.393,0.75306,0.75344,3.00,2.25
2012.06.21 19:10:07.603,0.75304,0.7534,1.13,2.25
2012.06.21 19:10:09.023,0.75304,0.75338,1.13,2.25
2012.06.21 19:10:11.442,0.75304,0.75339,1.13,2.25
2012.06.21 19:10:12.452,0.75304,0.75339,1.13,2.25
2012.06.21 19:10:12.710,0.75301,0.75339,3.00,2.25
2012.06.21 19:10:13.003,0.75296,0.75338,1.35,2.25
2012.06.21 19:10:15.221,0.75296,0.75323,1.13,2.25
2012.06.21 19:10:16.291,0.75296,0.75316,1.13,2.25
2012.06.21 19:10:16.833,0.75296,0.7533,1.13,2.25
2012.06.21 19:10:17.099,0.753,0.75335,3.38,2.25
2012.06.21 19:10:17.391,0.75306,0.75339,3.00,3.00
2012.06.21 19:10:17.865,0.75297,0.75343,3.00,3.00
2012.06.21 19:10:18.703,0.75297,0.75342,3.00,2.25
2012.06.21 19:10:18.873,0.75302,0.75342,1.13,2.25
2012.06.21 19:10:19.185,0.75305,0.75343,3.38,3.00
2012.06.21 19:10:21.987,0.75305,0.75343,2.25,2.25
2012.06.21 19:10:22.134,0.75306,0.75344,3.00,2.25
2012.06.21 19:10:22.682,0.75297,0.75345,3.00,3.00
2012.06.21 19:10:23.011,0.75297,0.75345,3.00,3.38
2012.06.21 19:10:24.481,0.75299,0.75345,3.00,1.13
2012.06.21 19:10:26.471,0.753,0.75345,3.00,1.13
2012.06.21 19:10:28.663,0.753,0.75347,3.00,2.25
2012.06.21 19:10:28.730,0.753,0.75345,3.00,1.13
2012.06.21 19:10:29.103,0.753,0.75347,3.00,2.25
2012.06.21 19:10:32.734,0.753,0.75345,3.00,1.13
2012.06.21 19:10:33.178,0.753,0.75347,3.00,2.25
2012.06.21 19:10:35.881,0.75299,0.75328,1.13,2.25
2012.06.21 19:10:35.941,0.75299,0.75328,1.13,2.25
2012.06.21 19:10:36.000,0.75299,0.75318,1.13,2.25
2012.06.21 19:10:37.526,0.75298,0.75331,3.00,2.25
2012.06.21 19:10:37.692,0.75297,0.75335,1.13,2.25
2012.06.21 19:10:49.114,0.75301,0.75335,1.13,2.25
2012.06.21 19:10:49.300,0.75301,0.75338,1.13,2.25
2012.06.21 19:10:53.755,0.75302,0.75338,1.13,2.25
2012.06.21 19:10:55.798,0.75301,0.75338,1.13,2.25
2012.06.21 19:10:56.061,0.75302,0.75342,2.63,3.00
2012.06.21 19:10:56.461,0.75306,0.75338,1.13,2.25
2012.06.21 19:10:56.580,0.75306,0.75338,1.13,2.25
2012.06.21 19:10:57.159,0.75303,0.75338,3.38,2.25
2012.06.21 19:10:57.227,0.75303,0.75341,2.25,3.00
2012.06.21 19:10:57.767,0.75301,0.75337,1.13,2.25
2012.06.21 19:10:58.126,0.75301,0.75337,1.13,2.25
2012.06.21 19:10:58.456,0.75297,0.75332,1.35,2.25
2012.06.21 19:10:58.894,0.75297,0.75332,1.35,2.25
2012.06.21 19:10:59.173,0.75297,0.75332,1.35,2.25
2012.06.21 19:10:59.313,0.75302,0.75332,1.13,2.25
2012.06.21 19:10:59.441,0.75302,0.75332,1.50,2.25
2012.06.21 19:10:59.561,0.75306,0.75337,1.13,2.25
2012.06.21 19:11:00.220,0.75306,0.75337,1.13,2.25
2012.06.21 19:11:00.304,0.75307,0.75342,2.63,3.00
2012.06.21 19:11:02.903,0.75307,0.75342,2.63,3.00
2012.06.21 19:11:03.055,0.75306,0.75342,1.13,2.25
2012.06.21 19:11:04.344,0.75302,0.75342,3.75,3.00
2012.06.21 19:11:04.561,0.75307,0.75343,1.13,2.25
2012.06.21 19:11:06.890,0.75307,0.75342,1.13,2.25
2012.06.21 19:11:07.436,0.75307,0.75344,1.13,2.25
2012.06.21 19:11:07.754,0.75307,0.75344,1.13,3.00
2012.06.21 19:11:08.244,0.75307,0.75344,1.13,2.25
2012.06.21 19:11:08.402,0.75306,0.75344,1.13,3.00
2012.06.21 19:11:08.775,0.75306,0.75341,1.13,2.25
2012.06.21 19:11:10.345,0.75307,0.75341,1.13,2.25
2012.06.21 19:11:11.030,0.75311,0.75345,1.13,2.25
2012.06.21 19:11:12.153,0.75308,0.75345,1.13,2.25
2012.06.21 19:11:12.212,0.75308,0.75343,1.13,2.25
2012.06.21 19:11:12.581,0.75304,0.75341,3.00,2.25
2012.06.21 19:11:15.446,0.75304,0.75341,3.00,2.25
2012.06.21 19:11:18.453,0.75304,0.75342,3.00,3.38
2012.06.21 19:11:19.298,0.75304,0.75341,3.00,2.25
2012.06.21 19:11:19.913,0.75303,0.75342,1.13,3.38
2012.06.21 19:11:25.168,0.75303,0.75339,1.13,2.25
2012.06.21 19:11:25.233,0.75301,0.75339,3.38,3.00
2012.06.21 19:11:25.303,0.75303,0.75337,1.13,2.25
2012.06.21 19:11:25.833,0.75303,0.75341,3.38,2.25
2012.06.21 19:11:27.144,0.75302,0.75342,3.00,3.38
2012.06.21 19:11:29.891,0.75302,0.7534,3.00,2.25
2012.06.21 19:11:30.553,0.75303,0.75341,3.00,2.25
2012.06.21 19:11:31.674,0.75301,0.75339,3.38,2.25
2012.06.21 19:11:32.686,0.75301,0.7534,1.13,2.25
2012.06.21 19:11:33.214,0.75303,0.75341,3.00,2.25
2012.06.21 19:11:35.293,0.75303,0.75343,3.00,3.00
2012.06.21 19:11:36.279,0.75301,0.75338,1.13,2.25
2012.06.21 19:11:36.341,0.75303,0.75341,3.00,2.25
2012.06.21 19:11:41.366,0.75304,0.7534,1.13,2.25
2012.06.21 19:11:51.393,0.75307,0.7534,1.13,2.25
2012.06.21 19:11:51.652,0.75307,0.75342,1.13,2.25
2012.06.21 19:11:52.160,0.75304,0.75341,1.13,2.25
2012.06.21 19:11:52.809,0.75304,0.7534,1.13,2.25
2012.06.21 19:11:54.787,0.75304,0.75341,1.13,2.25
2012.06.21 19:11:57.867,0.75304,0.75339,1.13,2.25
2012.06.21 19:11:58.093,0.75304,0.75341,1.13,2.25
2012.06.21 19:11:58.316,0.75304,0.75338,1.13,2.25
2012.06.21 19:11:58.973,0.75304,0.75341,1.13,2.25
2012.06.21 19:12:02.693,0.75304,0.75341,1.13,2.25
2012.06.21 19:12:05.237,0.75304,0.75341,1.13,2.25
2012.06.21 19:12:07.890,0.75304,0.75342,1.13,2.25
2012.06.21 19:12:08.473,0.75304,0.75341,3.38,2.25
2012.06.21 19:12:13.362,0.75304,0.75341,1.13,2.25
2012.06.21 19:12:15.729,0.75303,0.75341,2.25,3.00
2012.06.21 19:12:16.050,0.753,0.75338,1.13,2.25
2012.06.21 19:12:16.351,0.75304,0.75342,3.38,2.25
2012.06.21 19:12:16.409,0.75304,0.75342,3.38,2.25
2012.06.21 19:12:18.652,0.75304,0.75342,3.38,2.25
2012.06.21 19:12:25.192,0.75304,0.75342,2.63,3.00
2012.06.21 19:12:26.511,0.75304,0.75342,3.38,2.25
2012.06.21 19:12:27.443,0.75305,0.75343,3.00,3.00
2012.06.21 19:12:30.583,0.75305,0.75343,2.25,3.00
2012.06.21 19:12:31.075,0.75301,0.75338,1.13,3.00
2012.06.21 19:12:31.174,0.75302,0.75338,1.13,3.00
2012.06.21 19:12:32.761,0.75301,0.75338,1.13,3.00
2012.06.21 19:12:32.902,0.75302,0.75338,1.13,3.00
2012.06.21 19:12:33.163,0.75306,0.75339,1.13,3.00
2012.06.21 19:12:40.450,0.75306,0.75339,2.25,3.00
2012.06.21 19:12:40.644,0.75301,0.75339,3.00,3.00
2012.06.21 19:12:40.947,0.75302,0.75341,1.13,3.00
2012.06.21 19:12:41.220,0.75307,0.75342,2.25,0.38
2012.06.21 19:12:41.340,0.75296,0.75336,3.38,2.25
2012.06.21 19:12:42.900,0.75299,0.75337,3.00,2.25
2012.06.21 19:12:42.961,0.75299,0.75337,3.00,3.38
2012.06.21 19:12:44.859,0.75299,0.75336,3.00,2.25
2012.06.21 19:12:45.940,0.75298,0.75337,3.38,2.25
2012.06.21 19:12:46.062,0.75298,0.75335,1.13,2.25
2012.06.21 19:12:47.475,0.75298,0.75333,1.13,2.25
2012.06.21 19:12:47.541,0.75297,0.75333,1.13,3.00
2012.06.21 19:12:47.752,0.75301,0.75332,1.13,2.25
2012.06.21 19:12:48.162,0.75297,0.75336,1.13,3.38
2012.06.21 19:12:48.229,0.75298,0.75336,1.13,2.25
2012.06.21 19:12:48.621,0.75298,0.75335,1.13,2.25
2012.06.21 19:12:49.038,0.75298,0.75333,1.13,2.25
2012.06.21 19:12:49.109,0.75293,0.75331,3.00,2.25
2012.06.21 19:12:49.894,0.75292,0.75331,1.13,2.25
2012.06.21 19:12:50.491,0.75292,0.7533,3.38,2.25
2012.06.21 19:12:50.813,0.75296,0.75334,1.13,2.25
2012.06.21 19:12:50.882,0.75296,0.75334,1.13,2.25
2012.06.21 19:12:51.131,0.75297,0.75335,3.00,2.25
2012.06.21 19:12:51.192,0.75297,0.75335,3.00,2.25
2012.06.21 19:12:52.425,0.75298,0.75337,1.13,2.25
2012.06.21 19:12:53.204,0.753,0.75338,3.00,3.00
2012.06.21 19:12:53.393,0.753,0.75338,2.25,3.00
2012.06.21 19:12:54.131,0.75296,0.75333,3.00,2.25
2012.06.21 19:12:55.955,0.75294,0.75334,3.38,3.00
2012.06.21 19:12:56.823,0.75294,0.75328,1.13,2.25
2012.06.21 19:12:59.242,0.75294,0.75329,1.13,2.25
2012.06.21 19:12:59.606,0.75295,0.75329,1.13,2.25
2012.06.21 19:13:00.027,0.75295,0.75329,1.13,2.25
2012.06.21 19:13:00.611,0.75295,0.75327,1.13,2.25
2012.06.21 19:13:00.906,0.75301,0.75331,1.13,2.25
2012.06.21 19:13:01.483,0.75295,0.75331,1.13,2.25
2012.06.21 19:13:01.722,0.75295,0.75328,1.13,2.25
2012.06.21 19:13:02.146,0.75295,0.75327,1.13,2.25
2012.06.21 19:13:03.451,0.75295,0.75327,1.13,2.25
2012.06.21 19:13:03.655,0.75295,0.7533,1.13,2.25
2012.06.21 19:13:07.271,0.75295,0.7533,1.13,2.25
2012.06.21 19:13:07.450,0.75299,0.75334,1.13,2.25
2012.06.21 19:13:07.851,0.75295,0.75326,1.13,2.25
2012.06.21 19:13:07.911,0.75295,0.75326,1.13,2.25
2012.06.21 19:13:07.971,0.753,0.75327,1.13,2.25
2012.06.21 19:13:08.202,0.75294,0.75328,1.13,2.25
2012.06.21 19:13:08.912,0.75294,0.75328,1.13,2.25
2012.06.21 19:13:09.403,0.75298,0.75326,1.13,2.25
2012.06.21 19:13:09.878,0.75298,0.7533,1.13,2.25
2012.06.21 19:13:13.021,0.75298,0.75329,1.13,2.25
2012.06.21 19:13:15.425,0.75298,0.75332,1.13,2.25
2012.06.21 19:13:17.396,0.75298,0.75331,1.13,2.25
2012.06.21 19:13:23.149,0.75298,0.75329,1.13,2.25
2012.06.21 19:13:27.201,0.75291,0.75329,1.13,2.25
2012.06.21 19:13:27.421,0.75296,0.75324,1.13,2.25
2012.06.21 19:13:27.551,0.75296,0.75328,1.13,2.25
2012.06.21 19:13:27.703,0.75296,0.75328,1.13,2.25
2012.06.21 19:13:41.574,0.75296,0.75328,1.13,2.25
2012.06.21 19:13:42.035,0.75292,0.75324,1.13,2.25
2012.06.21 19:13:42.157,0.75292,0.75326,1.13,2.25
2012.06.21 19:13:43.645,0.75297,0.75326,1.13,2.25
2012.06.21 19:13:44.068,0.75295,0.75325,1.13,2.25
2012.06.21 19:13:44.643,0.75295,0.75329,1.13,2.25
2012.06.21 19:13:44.713,0.75295,0.75327,1.13,2.25
2012.06.21 19:13:44.894,0.75295,0.75327,1.13,2.25
2012.06.21 19:13:45.021,0.75295,0.75325,1.13,2.25
2012.06.21 19:13:45.801,0.75293,0.75323,1.13,2.25
2012.06.21 19:13:46.763,0.75293,0.75326,1.13,2.25
2012.06.21 19:13:47.701,0.75293,0.75324,1.13,2.25
2012.06.21 19:13:49.661,0.75293,0.75326,1.13,2.25
2012.06.21 19:13:49.744,0.75293,0.75326,1.13,2.25
2012.06.21 19:13:51.411,0.75293,0.75326,1.13,2.25
2012.06.21 19:13:51.725,0.75293,0.75324,1.13,2.25
2012.06.21 19:13:52.173,0.75293,0.75323,1.13,2.25
2012.06.21 19:13:53.253,0.75295,0.75323,1.13,2.25
2012.06.21 19:13:53.786,0.75302,0.75327,1.13,2.25
2012.06.21 19:13:53.971,0.75302,0.75328,1.13,2.25
2012.06.21 19:13:54.925,0.75299,0.75332,1.13,2.25
2012.06.21 19:13:55.406,0.75296,0.75331,1.13,2.25
2012.06.21 19:13:55.470,0.75292,0.75331,3.00,2.25
2012.06.21 19:13:55.744,0.75297,0.7533,1.13,2.25
2012.06.21 19:13:56.380,0.75297,0.75332,1.13,2.25
2012.06.21 19:13:56.663,0.753,0.75335,1.13,2.25
2012.06.21 19:13:56.731,0.75302,0.75335,1.13,2.25
2012.06.21 19:13:56.910,0.75296,0.75335,3.00,3.00
2012.06.21 19:13:57.030,0.75291,0.75334,1.13,3.00
2012.06.21 19:13:57.512,0.75289,0.75334,1.13,3.00
2012.06.21 19:13:57.572,0.75289,0.75333,1.13,2.25
2012.06.21 19:14:03.370,0.75291,0.75334,1.13,2.25
2012.06.21 19:14:03.662,0.75288,0.75331,1.13,2.25
2012.06.21 19:14:04.474,0.75292,0.75332,1.13,2.25
2012.06.21 19:14:05.132,0.75292,0.75332,1.13,2.25
2012.06.21 19:14:06.366,0.75293,0.75334,3.00,3.00
2012.06.21 19:14:11.845,0.75289,0.75336,3.38,2.25
2012.06.21 19:14:12.505,0.7529,0.75335,3.00,2.25
2012.06.21 19:14:23.728,0.75289,0.75335,1.13,2.25
2012.06.21 19:14:24.631,0.7529,0.75336,3.00,2.25
2012.06.21 19:14:26.115,0.7529,0.75336,3.00,2.25
2012.06.21 19:14:26.476,0.75289,0.75333,1.13,2.25
2012.06.21 19:14:29.741,0.75289,0.75333,1.13,3.00
2012.06.21 19:14:34.966,0.75289,0.75334,1.13,2.25
2012.06.21 19:14:35.285,0.75289,0.75332,1.13,2.25
2012.06.21 19:14:35.737,0.75289,0.75332,1.13,2.25
2012.06.21 19:14:37.062,0.75289,0.75334,1.13,3.00
2012.06.21 19:14:44.541,0.75293,0.75338,2.25,3.00
2012.06.21 19:14:44.661,0.75293,0.75338,3.00,2.25
2012.06.21 19:14:44.721,0.75293,0.75338,2.25,3.00
2012.06.21 19:14:44.964,0.75293,0.75338,2.25,3.00
2012.06.21 19:14:45.233,0.75285,0.75338,1.13,3.00
2012.06.21 19:14:45.670,0.75292,0.7533,2.25,2.25
2012.06.21 19:14:47.843,0.75294,0.7533,1.13,2.25
2012.06.21 19:14:55.491,0.75289,0.75322,1.13,2.25
2012.06.21 19:14:55.551,0.75289,0.75322,1.13,2.25
2012.06.21 19:14:56.873,0.75289,0.75322,1.13,2.25
2012.06.21 19:15:06.023,0.75289,0.75325,1.13,2.25
2012.06.21 19:15:06.791,0.75288,0.75327,3.00,2.25
2012.06.21 19:15:08.271,0.75291,0.75329,3.38,2.25
2012.06.21 19:15:08.331,0.75291,0.75329,3.38,3.00
2012.06.21 19:15:08.874,0.7529,0.75328,3.00,3.38
2012.06.21 19:15:09.004,0.75287,0.75325,1.13,2.25
2012.06.21 19:15:09.133,0.75287,0.75325,1.13,3.00
2012.06.21 19:15:10.409,0.75287,0.75325,1.13,2.25
2012.06.21 19:15:10.943,0.75291,0.75329,2.25,3.38
2012.06.21 19:15:11.012,0.75288,0.75327,2.25,3.00
2012.06.21 19:15:11.554,0.75284,0.75322,3.00,2.25
2012.06.21 19:15:11.723,0.75287,0.75322,1.13,2.25
2012.06.21 19:15:11.856,0.75288,0.75322,3.00,2.25
2012.06.21 19:15:11.981,0.75283,0.75323,3.38,2.25
2012.06.21 19:15:12.954,0.75288,0.75324,3.00,1.13
2012.06.21 19:15:13.423,0.75288,0.75327,1.13,2.25
2012.06.21 19:15:15.552,0.75291,0.75327,1.13,2.25
2012.06.21 19:15:15.962,0.75292,0.7533,2.25,3.00
2012.06.21 19:15:16.082,0.75294,0.75332,2.25,3.00
2012.06.21 19:15:16.658,0.75294,0.75334,2.63,3.00
2012.06.21 19:15:16.725,0.75295,0.75334,1.13,3.00
2012.06.21 19:15:17.575,0.75295,0.75331,1.13,2.25
2012.06.21 19:15:17.915,0.75295,0.75333,1.13,3.00
2012.06.21 19:15:18.921,0.75293,0.75333,2.63,3.00
2012.06.21 19:15:19.139,0.75295,0.75333,1.13,3.00
2012.06.21 19:15:19.381,0.7529,0.7533,3.00,3.38
2012.06.21 19:15:19.910,0.7529,0.7533,3.00,3.00
2012.06.21 19:15:20.130,0.7529,0.7533,3.00,3.38
2012.06.21 19:15:20.396,0.7529,0.7533,3.00,3.00
2012.06.21 19:15:20.460,0.75289,0.75327,3.38,2.25
2012.06.21 19:15:20.932,0.75288,0.75325,3.00,3.38
2012.06.21 19:15:21.647,0.75286,0.75323,1.13,2.25
2012.06.21 19:15:21.999,0.75289,0.75327,3.38,2.25
2012.06.21 19:15:22.061,0.75289,0.75327,3.38,2.25
2012.06.21 19:15:22.163,0.75289,0.75327,3.38,2.25
2012.06.21 19:15:22.360,0.75289,0.75329,3.38,2.25
2012.06.21 19:15:22.636,0.75294,0.75329,3.38,3.00
2012.06.21 19:15:22.853,0.7529,0.75327,1.13,2.25
2012.06.21 19:15:23.043,0.75295,0.75328,3.00,3.00
2012.06.21 19:15:23.144,0.75295,0.75328,2.25,3.00
2012.06.21 19:15:23.282,0.75291,0.75329,1.13,3.00
2012.06.21 19:15:23.633,0.75291,0.75329,1.13,2.25
2012.06.21 19:15:23.751,0.75295,0.75333,3.38,2.25
2012.06.21 19:15:25.016,0.75295,0.75333,3.38,2.25
2012.06.21 19:15:25.332,0.75296,0.75335,1.73,3.38
2012.06.21 19:15:26.562,0.75296,0.75334,1.73,2.25
2012.06.21 19:15:28.672,0.75297,0.75334,1.50,3.00
2012.06.21 19:15:28.732,0.75296,0.75332,1.73,2.25
2012.06.21 19:15:28.944,0.75292,0.75332,3.23,3.00
2012.06.21 19:15:29.061,0.75292,0.75332,2.25,3.00
2012.06.21 19:15:29.127,0.75291,0.75326,1.13,2.25
2012.06.21 19:15:37.386,0.75291,0.75327,1.13,2.25
2012.06.21 19:15:37.512,0.75291,0.75331,3.38,3.00
2012.06.21 19:15:37.992,0.75292,0.7533,3.38,3.00
2012.06.21 19:15:38.272,0.75296,0.75334,1.13,3.00
2012.06.21 19:15:38.657,0.75295,0.75335,2.63,3.00
2012.06.21 19:15:40.685,0.75296,0.75335,1.13,3.00
2012.06.21 19:15:41.785,0.75297,0.75335,2.25,3.00
2012.06.21 19:15:43.279,0.75297,0.75335,3.00,3.38
2012.06.21 19:15:43.342,0.75299,0.75335,1.35,1.13
2012.06.21 19:15:43.403,0.75299,0.75338,1.35,3.00
2012.06.21 19:15:43.522,0.75302,0.7534,2.25,3.00
2012.06.21 19:15:43.659,0.75297,0.75335,3.23,3.00
2012.06.21 19:15:43.783,0.75301,0.75336,2.63,3.00
2012.06.21 19:15:44.037,0.75301,0.75336,3.38,3.00
2012.06.21 19:15:46.962,0.75301,0.75338,1.13,2.25
2012.06.21 19:15:47.021,0.753,0.75337,3.00,1.13
2012.06.21 19:15:47.505,0.75297,0.75335,3.00,2.25
2012.06.21 19:15:48.934,0.75299,0.75336,3.00,2.25
2012.06.21 19:15:50.919,0.75297,0.75335,3.00,2.25
2012.06.21 19:15:52.055,0.75297,0.75335,3.00,2.25
2012.06.21 19:15:53.362,0.753,0.75335,3.38,3.00
2012.06.21 19:15:53.581,0.75296,0.75334,3.00,2.25
2012.06.21 19:15:57.742,0.75295,0.75333,3.38,2.25
2012.06.21 19:15:58.744,0.75295,0.75332,1.13,2.25
2012.06.21 19:15:58.813,0.75294,0.7533,3.00,1.13
2012.06.21 19:15:58.882,0.75294,0.75332,3.00,2.25
2012.06.21 19:15:59.132,0.753,0.75332,2.25,3.00
2012.06.21 19:15:59.252,0.753,0.75332,3.00,2.25
2012.06.21 19:15:59.311,0.75295,0.75333,3.38,2.25
2012.06.21 19:15:59.492,0.75295,0.75333,3.38,2.25
2012.06.21 19:16:00.044,0.75292,0.75328,1.35,2.25
2012.06.21 19:16:00.282,0.75295,0.75329,1.13,3.00
2012.06.21 19:16:04.405,0.75295,0.75329,1.13,2.25
2012.06.21 19:16:04.761,0.75295,0.75329,1.13,3.00
2012.06.21 19:16:04.822,0.75292,0.7533,1.35,2.25
2012.06.21 19:16:05.121,0.75295,0.75333,1.13,2.25
2012.06.21 19:16:05.455,0.75295,0.75333,1.13,2.25
2012.06.21 19:16:05.725,0.75293,0.75333,3.00,3.00
2012.06.21 19:16:06.900,0.75292,0.75331,3.00,1.13
2012.06.21 19:16:07.333,0.75292,0.75332,2.25,3.00
2012.06.21 19:16:07.861,0.75288,0.75327,3.00,1.13
2012.06.21 19:16:08.386,0.75293,0.75327,1.13,2.25
2012.06.21 19:16:09.882,0.75293,0.75328,2.63,3.00
2012.06.21 19:16:10.900,0.75293,0.75328,3.38,3.00
2012.06.21 19:16:13.602,0.75293,0.75327,1.13,2.25
2012.06.21 19:16:15.161,0.75292,0.75327,1.13,2.25
2012.06.21 19:16:15.660,0.75298,0.75326,1.13,2.25
2012.06.21 19:16:19.033,0.75291,0.75326,1.13,2.25
2012.06.21 19:16:20.623,0.75291,0.75326,1.13,2.25
2012.06.21 19:16:20.957,0.75291,0.75326,1.13,2.25
2012.06.21 19:16:21.946,0.75291,0.75326,1.13,2.25
2012.06.21 19:16:24.204,0.75298,0.75326,1.13,2.25
2012.06.21 19:16:24.271,0.75298,0.75326,1.13,2.25
2012.06.21 19:16:24.913,0.75298,0.75327,1.13,2.25
2012.06.21 19:16:27.836,0.75297,0.75327,1.13,2.25
2012.06.21 19:16:28.435,0.7529,0.75323,1.35,2.25
2012.06.21 19:16:28.502,0.75294,0.75324,1.13,2.25
2012.06.21 19:16:29.293,0.7529,0.75323,1.35,2.25
2012.06.21 19:16:29.512,0.75295,0.75324,1.13,2.25
2012.06.21 19:16:29.733,0.7529,0.75323,1.73,2.25
2012.06.21 19:16:30.285,0.75294,0.75324,1.13,2.25
2012.06.21 19:16:36.295,0.75294,0.75324,1.13,2.25
2012.06.21 19:16:36.425,0.75294,0.75326,1.13,2.25
2012.06.21 19:16:36.993,0.75295,0.75324,1.13,2.25
2012.06.21 19:16:37.062,0.75295,0.75328,1.13,2.25
2012.06.21 19:16:39.329,0.75293,0.75326,1.13,2.25
2012.06.21 19:16:41.945,0.75293,0.75328,1.13,2.25
2012.06.21 19:16:44.270,0.75293,0.75326,1.13,2.25
2012.06.21 19:16:45.045,0.75295,0.75326,1.13,2.25
2012.06.21 19:16:45.170,0.75295,0.75326,1.13,2.25
2012.06.21 19:16:45.493,0.75291,0.75325,1.13,2.25
2012.06.21 19:16:45.696,0.75291,0.75327,1.13,2.25
2012.06.21 19:16:46.845,0.75291,0.75327,1.13,2.25
2012.06.21 19:16:47.113,0.75295,0.75331,1.13,2.25
2012.06.21 19:16:47.620,0.75295,0.75331,1.13,2.25
2012.06.21 19:16:49.203,0.75303,0.75336,2.25,3.38
2012.06.21 19:16:49.271,0.75303,0.75336,2.63,3.00
2012.06.21 19:16:49.445,0.75303,0.75336,2.25,3.00
2012.06.21 19:16:49.573,0.753,0.75336,1.13,2.25
2012.06.21 19:16:49.958,0.753,0.75336,1.13,2.25
2012.06.21 19:16:50.993,0.75302,0.75336,1.13,2.25
2012.06.21 19:16:51.062,0.75303,0.75336,1.13,2.25
2012.06.21 19:16:51.123,0.75304,0.75336,3.00,2.25
2012.06.21 19:16:51.712,0.75303,0.75338,1.13,2.25
2012.06.21 19:16:53.717,0.75302,0.75338,1.13,2.25
2012.06.21 19:16:56.466,0.75302,0.75336,1.13,2.25
2012.06.21 19:16:57.362,0.75302,0.7534,1.13,2.25
2012.06.21 19:16:58.020,0.75302,0.75339,1.13,2.25
2012.06.21 19:16:58.687,0.75302,0.75337,1.13,2.25
2012.06.21 19:16:59.193,0.75302,0.75337,1.13,2.25
2012.06.21 19:16:59.252,0.75302,0.75337,3.38,2.25
2012.06.21 19:16:59.313,0.75302,0.75337,3.75,3.00
2012.06.21 19:16:59.491,0.75306,0.75349,1.73,1.13
2012.06.21 19:17:01.022,0.75308,0.75348,3.23,3.00
2012.06.21 19:17:01.086,0.75312,0.75348,1.13,3.00
2012.06.21 19:17:01.572,0.75317,0.75363,2.10,1.13
2012.06.21 19:17:01.902,0.75316,0.75354,3.60,3.00
2012.06.21 19:17:01.963,0.75316,0.75354,2.85,3.00
2012.06.21 19:17:02.025,0.75309,0.75345,2.48,3.00
2012.06.21 19:17:02.093,0.75307,0.75345,1.13,3.00
2012.06.21 19:17:02.308,0.75312,0.75344,1.13,2.25
2012.06.21 19:17:02.372,0.75312,0.75346,1.13,3.00
2012.06.21 19:17:02.554,0.75313,0.75348,3.00,3.00
2012.06.21 19:17:02.621,0.75317,0.75348,1.13,3.00
2012.06.21 19:17:03.182,0.75313,0.75348,3.00,3.00
2012.06.21 19:17:03.622,0.75313,0.75348,3.00,3.00
2012.06.21 19:17:03.742,0.75313,0.75348,2.63,3.00
2012.06.21 19:17:03.949,0.75316,0.75348,1.13,3.00
2012.06.21 19:17:04.273,0.75316,0.75349,1.13,2.25
2012.06.21 19:17:04.442,0.75316,0.75351,1.13,2.25
2012.06.21 19:17:04.504,0.75316,0.75351,1.50,2.25
2012.06.21 19:17:04.914,0.75323,0.75369,1.35,1.13
2012.06.21 19:17:04.981,0.75323,0.75363,3.60,3.00
2012.06.21 19:17:05.894,0.75328,0.75367,2.63,3.00
2012.06.21 19:17:05.965,0.75324,0.75362,2.63,3.00
2012.06.21 19:17:06.121,0.75324,0.75363,2.63,3.00
2012.06.21 19:17:06.185,0.75321,0.75359,1.73,3.00
2012.06.21 19:17:06.251,0.75319,0.75359,3.60,3.00
2012.06.21 19:17:06.419,0.75322,0.75359,1.73,3.00
2012.06.21 19:17:06.482,0.75323,0.75359,1.35,3.00
2012.06.21 19:17:06.920,0.75328,0.75361,2.63,3.00
2012.06.21 19:17:07.361,0.75324,0.75364,2.63,3.00
2012.06.21 19:17:08.973,0.75327,0.75366,3.75,3.00
2012.06.21 19:17:09.699,0.7533,0.7537,2.63,3.00
2012.06.21 19:17:09.767,0.75327,0.75366,2.63,3.00
2012.06.21 19:17:13.038,0.75327,0.75365,2.63,3.00
2012.06.21 19:17:13.574,0.75327,0.75365,2.63,3.00
2012.06.21 19:17:13.931,0.75323,0.75371,1.35,1.13
2012.06.21 19:17:14.202,0.75323,0.75371,1.35,1.13
2012.06.21 19:17:14.353,0.75327,0.75371,2.10,1.13
2012.06.21 19:17:14.752,0.75332,0.75376,2.10,1.13
2012.06.21 19:17:15.081,0.75332,0.7537,1.35,3.00
2012.06.21 19:17:15.142,0.75332,0.7537,2.10,3.00
2012.06.21 19:17:15.412,0.75336,0.7538,1.50,1.13
2012.06.21 19:17:15.885,0.75341,0.7538,1.13,1.13
2012.06.21 19:17:15.952,0.75341,0.75384,1.13,1.13
2012.06.21 19:17:16.302,0.75347,0.75382,1.13,2.25
2012.06.21 19:17:16.432,0.75347,0.75394,1.50,1.13
2012.06.21 19:17:16.494,0.75346,0.75394,1.35,1.13
2012.06.21 19:17:16.564,0.75342,0.75395,1.73,1.13
2012.06.21 19:17:16.635,0.75341,0.75395,1.73,1.13
2012.06.21 19:17:16.764,0.75329,0.75389,1.35,2.85
2012.06.21 19:17:16.893,0.75337,0.75389,1.35,1.35
2012.06.21 19:17:17.498,0.75334,0.75402,1.13,1.13
2012.06.21 19:17:18.335,0.7533,0.75373,1.13,2.25
2012.06.21 19:17:18.671,0.75331,0.75373,1.13,2.25
2012.06.21 19:17:18.984,0.75336,0.75368,1.13,2.25
2012.06.21 19:17:19.379,0.75335,0.75372,1.13,2.25
2012.06.21 19:17:19.449,0.75334,0.75374,1.13,2.25
2012.06.21 19:17:19.726,0.75336,0.75369,1.13,2.25
2012.06.21 19:17:20.233,0.75331,0.75369,3.00,2.25
2012.06.21 19:17:20.304,0.75331,0.75369,3.00,2.25
2012.06.21 19:17:20.380,0.75331,0.75369,3.00,2.25
2012.06.21 19:17:20.442,0.75332,0.75371,3.00,2.25
2012.06.21 19:17:20.774,0.75332,0.75363,1.13,2.25
2012.06.21 19:17:20.844,0.75332,0.75367,1.13,2.25
2012.06.21 19:17:20.928,0.75332,0.75364,1.13,2.25
2012.06.21 19:17:20.992,0.75332,0.75362,1.13,2.25
2012.06.21 19:17:21.172,0.75324,0.75361,1.13,2.25
2012.06.21 19:17:21.335,0.75324,0.75361,1.13,2.25
2012.06.21 19:17:21.402,0.75324,0.75361,1.13,2.25
2012.06.21 19:17:21.581,0.75325,0.75365,3.00,2.25
2012.06.21 19:17:21.665,0.75325,0.75365,3.00,2.25
2012.06.21 19:17:21.733,0.7533,0.7537,3.00,2.85
2012.06.21 19:17:21.794,0.75331,0.7537,1.13,2.85
2012.06.21 19:17:22.043,0.75331,0.75367,1.13,2.25
2012.06.21 19:17:22.392,0.75331,0.75364,1.13,2.25
2012.06.21 19:17:22.573,0.75324,0.75368,1.13,1.35
2012.06.21 19:17:23.089,0.75319,0.75355,1.13,2.25
2012.06.21 19:17:23.362,0.75321,0.75358,1.13,2.25
2012.06.21 19:17:23.421,0.75321,0.75358,1.13,2.25
2012.06.21 19:17:23.481,0.75321,0.7536,1.13,2.25
2012.06.21 19:17:23.875,0.75318,0.75361,1.13,2.25
2012.06.21 19:17:23.943,0.75324,0.75365,1.13,2.25
2012.06.21 19:17:24.143,0.75324,0.75365,1.13,2.63
2012.06.21 19:17:24.494,0.75323,0.75361,3.00,2.25
2012.06.21 19:17:24.624,0.75328,0.75361,1.35,2.25
2012.06.21 19:17:24.843,0.75328,0.75385,1.35,1.13
2012.06.21 19:17:24.985,0.75328,0.75385,1.35,1.13
2012.06.21 19:17:25.344,0.75337,0.75388,1.50,1.13
2012.06.21 19:17:26.119,0.75342,0.75388,1.13,1.13
2012.06.21 19:17:26.194,0.75342,0.75388,1.13,1.13
2012.06.21 19:17:26.322,0.75334,0.75372,1.13,2.25
2012.06.21 19:17:26.625,0.75334,0.7537,1.13,2.25
2012.06.21 19:17:26.872,0.7534,0.75372,1.13,2.25
2012.06.21 19:17:26.965,0.75337,0.75372,1.13,2.25
2012.06.21 19:17:27.122,0.75331,0.75374,1.50,2.25
2012.06.21 19:17:27.785,0.75333,0.75373,1.13,2.25
2012.06.21 19:17:28.004,0.75338,0.75379,2.25,2.10
2012.06.21 19:17:28.139,0.75338,0.75381,3.00,3.00
2012.06.21 19:17:28.975,0.75336,0.75382,1.50,2.25
2012.06.21 19:17:29.505,0.75342,0.75382,1.50,3.00
2012.06.21 19:17:29.963,0.75342,0.75382,1.13,3.00
2012.06.21 19:17:30.922,0.75334,0.75375,3.00,2.25
2012.06.21 19:17:31.212,0.7534,0.75384,1.13,1.73
2012.06.21 19:17:31.270,0.7534,0.75385,1.13,1.35
2012.06.21 19:17:31.544,0.7534,0.75386,1.13,1.13
2012.06.21 19:17:32.316,0.75342,0.7538,1.13,2.25
2012.06.21 19:17:32.441,0.75341,0.7538,1.13,2.25
2012.06.21 19:17:33.137,0.75337,0.7538,1.13,2.25
2012.06.21 19:17:33.357,0.75341,0.7538,1.13,3.00
2012.06.21 19:17:33.936,0.75337,0.75376,1.13,1.13
2012.06.21 19:17:34.017,0.75336,0.75377,1.13,3.00
2012.06.21 19:17:34.604,0.75337,0.75376,1.13,1.13
2012.06.21 19:17:35.172,0.75337,0.75377,1.13,3.00
2012.06.21 19:17:36.078,0.75337,0.75372,1.13,2.25
2012.06.21 19:17:36.264,0.75327,0.75369,1.35,3.38
2012.06.21 19:17:36.691,0.75324,0.7537,1.35,3.00
2012.06.21 19:17:36.943,0.75329,0.75374,3.00,3.75
2012.06.21 19:17:37.004,0.75333,0.75375,1.13,3.00
2012.06.21 19:17:37.384,0.75333,0.7537,1.13,2.25
2012.06.21 19:17:37.454,0.75331,0.7537,1.13,3.00
2012.06.21 19:17:37.674,0.75333,0.75371,1.13,2.25
2012.06.21 19:17:37.742,0.75332,0.75371,1.13,3.00
2012.06.21 19:17:37.875,0.75333,0.75371,1.13,2.25
2012.06.21 19:17:38.896,0.75333,0.75373,1.13,3.00
2012.06.21 19:17:39.362,0.75332,0.75374,1.13,3.00
2012.06.21 19:17:39.702,0.75337,0.75374,1.13,3.00
2012.06.21 19:17:40.414,0.75332,0.75376,1.13,3.00
2012.06.21 19:17:40.630,0.75331,0.75379,1.13,1.73
2012.06.21 19:17:40.922,0.75331,0.75379,1.50,1.35
2012.06.21 19:17:41.232,0.75327,0.75379,1.50,1.35
2012.06.21 19:17:41.627,0.75338,0.75379,3.00,3.00
2012.06.21 19:17:42.882,0.75345,0.75379,1.13,3.00
2012.06.21 19:17:44.344,0.75345,0.75382,1.13,2.25
2012.06.21 19:17:44.721,0.7535,0.75386,1.13,2.25
2012.06.21 19:17:45.066,0.75347,0.75386,1.13,3.00
2012.06.21 19:17:47.618,0.75342,0.7539,1.50,3.00
2012.06.21 19:17:47.742,0.75346,0.7539,1.13,3.00
2012.06.21 19:17:48.569,0.75342,0.7539,1.50,3.00
2012.06.21 19:17:48.687,0.75347,0.7539,1.13,3.00
2012.06.21 19:17:48.880,0.7535,0.7539,1.13,3.00
2012.06.21 19:17:49.375,0.75341,0.7539,1.50,3.00
2012.06.21 19:17:49.441,0.7534,0.75385,1.13,2.25
2012.06.21 19:17:50.072,0.75337,0.75386,1.13,3.00
2012.06.21 19:17:51.307,0.7534,0.75386,1.13,3.00
2012.06.21 19:17:51.948,0.75337,0.75385,1.50,2.25
2012.06.21 19:17:52.072,0.75342,0.75391,3.60,3.00
2012.06.21 19:17:52.269,0.75347,0.75394,1.50,3.00
2012.06.21 19:17:52.942,0.75347,0.75395,1.50,3.00
2012.06.21 19:17:53.181,0.75347,0.75394,3.75,2.25
2012.06.21 19:17:53.470,0.75347,0.75395,1.50,3.00
2012.06.21 19:17:53.687,0.75347,0.75394,3.38,2.25
2012.06.21 19:17:58.875,0.75347,0.75393,1.50,3.00
2012.06.21 19:17:58.942,0.75352,0.75393,1.50,3.00
2012.06.21 19:17:59.002,0.75346,0.75393,1.50,3.00
2012.06.21 19:17:59.182,0.75349,0.75396,3.00,1.13
2012.06.21 19:17:59.976,0.75347,0.75396,1.50,3.00
2012.06.21 19:18:00.103,0.75347,0.75391,1.13,3.00
2012.06.21 19:18:00.426,0.75341,0.75391,1.50,3.00
2012.06.21 19:18:02.371,0.75347,0.75392,1.13,3.00
2012.06.21 19:18:05.505,0.75342,0.75389,1.50,3.00
2012.06.21 19:18:07.254,0.75342,0.75386,1.13,3.00
2012.06.21 19:18:07.524,0.75342,0.75386,1.13,3.38
2012.06.21 19:18:07.653,0.75337,0.75386,1.35,3.38
2012.06.21 19:18:08.064,0.75327,0.75372,1.13,2.25
2012.06.21 19:18:08.132,0.75327,0.75372,1.13,3.00
2012.06.21 19:18:08.312,0.75327,0.75375,3.38,3.00
2012.06.21 19:18:08.431,0.75327,0.75375,3.00,2.25
2012.06.21 19:18:09.246,0.75326,0.7538,1.13,3.00
2012.06.21 19:18:10.370,0.75326,0.7538,1.13,3.00
2012.06.21 19:18:11.799,0.75326,0.7538,1.13,3.00
2012.06.21 19:18:12.514,0.75326,0.7538,1.13,3.00
2012.06.21 19:18:13.261,0.75326,0.75384,1.13,3.00
2012.06.21 19:18:13.663,0.75326,0.75385,1.13,3.00
2012.06.21 19:18:14.764,0.75326,0.75385,1.13,3.00
2012.06.21 19:18:15.125,0.75326,0.75376,1.13,3.00
2012.06.21 19:18:15.492,0.75317,0.75367,1.13,2.25
2012.06.21 19:18:18.106,0.75317,0.75365,1.13,2.25
2012.06.21 19:18:18.360,0.75311,0.75366,1.13,2.25
2012.06.21 19:18:19.081,0.75311,0.75366,1.13,2.25
2012.06.21 19:18:19.141,0.75311,0.75366,1.13,2.25
2012.06.21 19:18:19.263,0.75316,0.75366,1.13,2.25
2012.06.21 19:18:19.352,0.75316,0.75369,1.13,2.25
2012.06.21 19:18:19.412,0.75316,0.75369,1.13,3.00
2012.06.21 19:18:19.531,0.75316,0.75369,1.13,2.25
2012.06.21 19:18:19.592,0.75316,0.75369,1.13,3.00
2012.06.21 19:18:19.884,0.75316,0.7537,3.38,2.25
2012.06.21 19:18:20.390,0.75321,0.75372,1.13,2.25
2012.06.21 19:18:20.892,0.75321,0.75375,1.13,3.00
2012.06.21 19:18:20.986,0.75321,0.75375,1.13,2.25
2012.06.21 19:18:21.105,0.75321,0.75375,1.13,3.00
2012.06.21 19:18:22.368,0.75321,0.75375,1.13,2.25
2012.06.21 19:18:22.624,0.75321,0.75375,1.13,3.00
2012.06.21 19:18:27.913,0.75324,0.75376,1.13,3.00
2012.06.21 19:18:28.312,0.7533,0.7538,1.13,1.13
2012.06.21 19:18:29.627,0.7533,0.75378,1.13,3.00
2012.06.21 19:18:29.952,0.75326,0.75378,3.38,3.00
2012.06.21 19:18:30.081,0.75327,0.75377,1.13,3.00
2012.06.21 19:18:31.192,0.7533,0.75378,1.13,2.25
2012.06.21 19:18:31.507,0.7533,0.75375,1.13,3.00
2012.06.21 19:18:32.183,0.75326,0.75374,1.13,3.00
2012.06.21 19:18:32.524,0.75327,0.75375,1.13,3.00
2012.06.21 19:18:33.108,0.75327,0.75372,1.13,2.25
2012.06.21 19:18:33.502,0.75324,0.7537,1.13,2.25
2012.06.21 19:18:33.837,0.75324,0.7537,1.13,3.00
2012.06.21 19:18:34.769,0.75318,0.75365,1.13,2.25
2012.06.21 19:18:34.831,0.75318,0.75365,1.13,2.25
2012.06.21 19:18:35.002,0.75315,0.75365,1.73,2.25
2012.06.21 19:18:35.062,0.75315,0.75365,1.73,2.25
2012.06.21 19:18:35.181,0.75315,0.75363,1.73,2.25
2012.06.21 19:18:35.994,0.75318,0.75364,1.13,2.25
2012.06.21 19:18:36.366,0.75322,0.75368,1.13,3.00
2012.06.21 19:18:36.723,0.75322,0.75371,1.13,1.13
2012.06.21 19:18:36.782,0.75322,0.75372,1.13,3.00
2012.06.21 19:18:36.930,0.75327,0.75372,1.50,3.00
2012.06.21 19:18:36.993,0.75336,0.75372,1.50,2.25
2012.06.21 19:18:37.052,0.75336,0.75381,1.50,3.00
2012.06.21 19:18:38.124,0.75342,0.75381,1.13,3.00
2012.06.21 19:18:38.633,0.75337,0.75383,1.13,3.00
2012.06.21 19:18:39.460,0.75337,0.75383,1.50,3.00
2012.06.21 19:18:44.329,0.75337,0.75382,1.13,3.00
2012.06.21 19:18:44.514,0.75331,0.75382,2.10,3.00
2012.06.21 19:18:44.710,0.75336,0.75381,1.13,3.00
2012.06.21 19:18:44.796,0.75332,0.75381,1.50,3.00
2012.06.21 19:18:44.922,0.75332,0.75377,1.13,2.25
2012.06.21 19:18:46.176,0.75334,0.75379,1.13,3.00
2012.06.21 19:18:46.632,0.75338,0.75379,1.13,3.38
2012.06.21 19:18:47.065,0.75337,0.75379,1.13,3.38
2012.06.21 19:18:48.393,0.75337,0.75383,1.13,3.00
2012.06.21 19:18:49.324,0.75337,0.75383,1.13,3.00
2012.06.21 19:18:50.556,0.75338,0.7538,1.13,3.00
2012.06.21 19:18:51.546,0.75336,0.7538,1.13,3.00
2012.06.21 19:18:53.092,0.75336,0.75382,1.50,3.00
2012.06.21 19:18:53.152,0.75336,0.75382,1.13,3.38
2012.06.21 19:18:53.255,0.75336,0.75382,1.13,3.00
2012.06.21 19:18:54.433,0.75336,0.75379,1.13,3.00
2012.06.21 19:18:54.684,0.75336,0.75376,1.13,3.00
2012.06.21 19:18:54.751,0.7534,0.75376,1.13,2.25
2012.06.21 19:18:54.815,0.7534,0.75376,1.13,3.00
2012.06.21 19:18:54.905,0.75337,0.75376,1.13,3.00
2012.06.21 19:18:58.045,0.75331,0.7538,1.50,3.00
2012.06.21 19:18:58.162,0.75331,0.7538,1.50,3.00
2012.06.21 19:18:58.624,0.75328,0.7538,3.00,3.00
2012.06.21 19:18:58.705,0.75328,0.7538,2.25,3.00
2012.06.21 19:18:58.770,0.75326,0.75375,1.35,2.25
2012.06.21 19:18:59.423,0.75329,0.75375,1.13,3.00
2012.06.21 19:18:59.654,0.75329,0.75377,1.13,2.25
2012.06.21 19:18:59.914,0.75327,0.75377,1.13,2.25
2012.06.21 19:19:00.704,0.75329,0.75377,1.13,2.25
2012.06.21 19:19:01.504,0.7533,0.75377,1.13,2.25
2012.06.21 19:19:01.632,0.7533,0.75382,1.13,3.00
2012.06.21 19:19:01.931,0.75329,0.75382,1.13,2.25
2012.06.21 19:19:02.412,0.75329,0.75378,1.13,3.00
2012.06.21 19:19:02.742,0.75329,0.75382,1.13,3.00
2012.06.21 19:19:04.767,0.75329,0.75386,1.13,3.00
2012.06.21 19:19:05.113,0.75334,0.75378,1.13,2.25
2012.06.21 19:19:05.545,0.75329,0.75377,1.13,3.00
2012.06.21 19:19:07.946,0.75329,0.75376,1.13,2.25
2012.06.21 19:19:08.876,0.75329,0.75379,1.13,3.00
2012.06.21 19:19:09.002,0.75329,0.75375,1.13,2.25
2012.06.21 19:19:09.122,0.75329,0.75379,1.13,3.00
2012.06.21 19:19:09.328,0.75329,0.75376,1.13,2.25
2012.06.21 19:19:09.543,0.75329,0.75378,1.13,3.00
2012.06.21 19:19:10.013,0.75329,0.75381,1.13,3.00
2012.06.21 19:19:10.131,0.75329,0.75381,1.13,3.00
2012.06.21 19:19:11.403,0.75329,0.75383,1.13,2.25
2012.06.21 19:19:12.591,0.75329,0.75383,1.13,3.00
2012.06.21 19:19:15.582,0.75329,0.75383,1.13,3.00
2012.06.21 19:19:16.992,0.75331,0.75384,1.13,3.00
2012.06.21 19:19:17.630,0.75331,0.75388,1.13,3.38
2012.06.21 19:19:18.118,0.75334,0.75379,1.13,3.00
2012.06.21 19:19:20.984,0.7533,0.75379,1.13,3.00
2012.06.21 19:19:21.906,0.75332,0.75375,1.13,2.25
2012.06.21 19:19:22.243,0.75335,0.75376,1.13,3.00
2012.06.21 19:19:23.059,0.75336,0.75376,1.50,3.00
2012.06.21 19:19:23.832,0.75336,0.75376,1.50,3.00
2012.06.21 19:19:24.219,0.75342,0.75376,1.13,3.00
2012.06.21 19:19:24.609,0.75342,0.75383,1.13,3.38
2012.06.21 19:19:25.004,0.75341,0.75383,1.13,1.13
2012.06.21 19:19:25.163,0.75336,0.75383,3.00,1.13
2012.06.21 19:19:25.221,0.75336,0.75383,1.13,1.13
2012.06.21 19:19:25.807,0.75332,0.75375,1.13,1.13
2012.06.21 19:19:26.917,0.75336,0.75377,1.13,3.00
2012.06.21 19:19:28.263,0.75336,0.75373,1.13,2.25
2012.06.21 19:19:29.029,0.75336,0.75374,1.13,3.00
2012.06.21 19:19:31.110,0.75332,0.75375,1.13,3.38
2012.06.21 19:19:31.283,0.75328,0.75375,3.00,3.38
2012.06.21 19:19:31.403,0.75328,0.75377,3.00,3.00
2012.06.21 19:19:31.464,0.75332,0.7538,2.10,3.00
2012.06.21 19:19:31.682,0.75334,0.75381,3.00,3.00
2012.06.21 19:19:31.986,0.75335,0.75384,3.00,3.00
2012.06.21 19:19:33.272,0.75336,0.75384,1.50,3.00
2012.06.21 19:19:34.403,0.75336,0.75388,1.50,3.00
2012.06.21 19:19:34.461,0.75334,0.75388,3.00,3.00
2012.06.21 19:19:35.026,0.75337,0.75386,1.50,3.00
2012.06.21 19:19:35.092,0.75332,0.75383,1.35,3.38
2012.06.21 19:19:36.005,0.75337,0.7538,1.13,3.00
2012.06.21 19:19:46.175,0.75337,0.75379,1.13,3.00
2012.06.21 19:19:48.766,0.75337,0.75379,1.13,3.00
2012.06.21 19:19:49.263,0.75337,0.75379,1.13,3.00
2012.06.21 19:19:59.831,0.75342,0.75382,1.13,3.00
2012.06.21 19:19:59.951,0.75336,0.75386,3.00,3.00
2012.06.21 19:20:00.044,0.75336,0.75386,2.25,3.00
2012.06.21 19:20:00.102,0.75327,0.7538,1.13,3.00
2012.06.21 19:20:00.161,0.75327,0.7538,1.13,2.25
2012.06.21 19:20:00.492,0.75327,0.75376,1.13,2.25
2012.06.21 19:20:00.846,0.75327,0.75368,1.13,2.25
2012.06.21 19:20:01.805,0.75327,0.75368,1.13,3.38
2012.06.21 19:20:04.261,0.75325,0.75366,1.13,2.25
2012.06.21 19:20:04.817,0.75318,0.75358,1.13,2.25
2012.06.21 19:20:05.714,0.75318,0.75358,1.13,2.25
2012.06.21 19:20:05.991,0.75335,0.75372,1.13,2.25
2012.06.21 19:20:06.093,0.75335,0.75372,1.13,3.00
2012.06.21 19:20:06.151,0.75335,0.75363,1.13,2.25
2012.06.21 19:20:06.212,0.7532,0.75363,1.35,2.25
2012.06.21 19:20:06.462,0.75316,0.75363,1.13,2.25
2012.06.21 19:20:07.412,0.75316,0.75363,1.13,2.25
2012.06.21 19:20:08.347,0.75316,0.75363,1.13,2.25
2012.06.21 19:20:08.570,0.75332,0.75367,1.13,2.25
2012.06.21 19:20:08.848,0.75331,0.75367,1.13,3.00
2012.06.21 19:20:08.969,0.75332,0.75367,1.13,2.25
2012.06.21 19:20:09.307,0.75334,0.75369,1.13,2.25
2012.06.21 19:20:09.371,0.75334,0.75369,1.13,3.00
2012.06.21 19:20:09.952,0.75331,0.75373,1.13,3.00
2012.06.21 19:20:11.503,0.75331,0.75376,1.50,3.00
2012.06.21 19:20:12.363,0.75337,0.75377,1.13,3.00
2012.06.21 19:20:13.043,0.75331,0.75377,1.50,3.00
2012.06.21 19:20:15.774,0.75336,0.75377,1.13,3.00
2012.06.21 19:20:17.534,0.75331,0.75377,1.50,3.00
2012.06.21 19:20:17.652,0.75336,0.75378,1.13,3.00
2012.06.21 19:20:18.194,0.75334,0.75378,1.13,3.00
2012.06.21 19:20:18.463,0.75334,0.75373,1.13,2.25
2012.06.21 19:20:18.581,0.7534,0.75375,1.13,2.25
2012.06.21 19:20:18.674,0.75342,0.75375,1.13,2.25
2012.06.21 19:20:18.776,0.75342,0.75379,1.13,3.00
2012.06.21 19:20:21.276,0.75341,0.75379,1.13,3.00
2012.06.21 19:20:21.463,0.75339,0.75376,1.13,2.25
2012.06.21 19:20:22.003,0.75339,0.75376,1.13,2.25
2012.06.21 19:20:22.185,0.75339,0.75378,1.13,2.25
2012.06.21 19:20:22.846,0.75339,0.7538,1.13,3.38
2012.06.21 19:20:24.193,0.75339,0.7538,1.13,3.00
2012.06.21 19:20:24.504,0.75339,0.75379,1.13,2.25
2012.06.21 19:20:25.175,0.75339,0.75378,1.13,2.25
2012.06.21 19:20:27.146,0.75339,0.75378,1.13,2.25
2012.06.21 19:20:28.454,0.75345,0.75379,1.13,3.00
2012.06.21 19:20:29.562,0.75345,0.75383,1.13,2.25
2012.06.21 19:20:30.017,0.75341,0.75384,1.13,3.00
2012.06.21 19:20:30.082,0.75345,0.75384,1.13,3.00
2012.06.21 19:20:32.471,0.75341,0.75386,1.13,3.00
2012.06.21 19:20:33.736,0.75345,0.75386,1.13,3.00
2012.06.21 19:20:43.107,0.7534,0.75386,1.13,3.38
2012.06.21 19:20:43.438,0.75347,0.75388,1.13,3.00
2012.06.21 19:20:44.035,0.75342,0.75388,1.50,3.00
2012.06.21 19:20:44.165,0.75346,0.75389,1.13,3.00
2012.06.21 19:20:44.693,0.75351,0.7539,1.13,3.00
2012.06.21 19:20:45.197,0.75346,0.75394,4.35,3.00
2012.06.21 19:20:45.308,0.75352,0.75394,1.13,3.00
2012.06.21 19:20:45.436,0.75352,0.75394,1.50,3.00
2012.06.21 19:20:46.402,0.75352,0.75395,1.50,3.00
2012.06.21 19:20:47.898,0.75346,0.75395,4.35,3.00
2012.06.21 19:20:48.015,0.75352,0.75395,1.13,3.00
2012.06.21 19:20:48.718,0.75347,0.75395,1.50,3.00
2012.06.21 19:20:48.780,0.75352,0.75395,1.13,3.00
2012.06.21 19:20:49.655,0.75352,0.75397,1.50,3.00
2012.06.21 19:20:50.146,0.75348,0.75398,3.00,3.00
2012.06.21 19:20:50.212,0.75348,0.75398,3.00,3.00
2012.06.21 19:20:50.844,0.75347,0.75393,1.50,3.00
2012.06.21 19:20:51.392,0.75352,0.75393,1.50,3.00
2012.06.21 19:20:52.153,0.75347,0.75395,1.50,3.00
2012.06.21 19:20:53.147,0.75346,0.7539,1.35,3.00
2012.06.21 19:20:53.408,0.75347,0.7539,1.50,3.00
2012.06.21 19:20:53.958,0.75346,0.75394,2.10,3.00
2012.06.21 19:20:54.024,0.75346,0.75379,2.10,2.25
2012.06.21 19:20:54.153,0.75346,0.75391,4.35,3.00
2012.06.21 19:20:54.433,0.75346,0.75395,1.35,3.00
2012.06.21 19:20:55.403,0.75346,0.75395,1.35,3.00
2012.06.21 19:20:59.012,0.75346,0.75393,2.10,3.00
2012.06.21 19:21:07.203,0.75344,0.75391,1.35,3.00
2012.06.21 19:21:07.751,0.75343,0.75386,2.85,2.25
2012.06.21 19:21:07.872,0.75333,0.75378,1.13,3.00
2012.06.21 19:21:08.102,0.75333,0.7538,1.13,2.25
2012.06.21 19:21:08.616,0.75336,0.75375,1.13,1.13
2012.06.21 19:21:08.682,0.75336,0.75376,1.13,3.00
2012.06.21 19:21:08.993,0.75336,0.75375,1.13,1.13
2012.06.21 19:21:09.303,0.75338,0.75378,1.13,2.25
2012.06.21 19:21:10.448,0.75338,0.75378,1.13,2.25
2012.06.21 19:21:11.241,0.75342,0.75378,1.13,3.00
2012.06.21 19:21:11.322,0.75346,0.75382,1.13,3.00
2012.06.21 19:21:11.752,0.75342,0.75382,1.50,3.00
2012.06.21 19:21:11.847,0.75347,0.75382,1.13,3.00
2012.06.21 19:21:12.457,0.75347,0.75384,1.13,3.00
2012.06.21 19:21:12.772,0.75347,0.75387,1.13,3.00
2012.06.21 19:21:13.352,0.75341,0.75389,3.75,3.00
2012.06.21 19:21:13.413,0.75347,0.75389,1.13,3.00
2012.06.21 19:21:13.533,0.75346,0.75391,1.13,3.00
2012.06.21 19:21:13.652,0.7535,0.75391,1.13,1.13
2012.06.21 19:21:13.713,0.75352,0.75392,1.13,3.00
2012.06.21 19:21:14.295,0.75346,0.75395,1.50,3.00
2012.06.21 19:21:14.364,0.75352,0.75394,1.13,3.00
2012.06.21 19:21:15.654,0.75352,0.75392,1.50,3.00
2012.06.21 19:21:15.781,0.75362,0.75406,4.35,3.00
2012.06.21 19:21:15.963,0.75365,0.75408,2.25,3.00
2012.06.21 19:21:16.095,0.75365,0.75408,2.25,3.00
2012.06.21 19:21:16.162,0.75354,0.75407,1.13,3.00
2012.06.21 19:21:16.221,0.75352,0.75407,1.73,3.00
2012.06.21 19:21:19.373,0.75352,0.7541,3.75,3.00
2012.06.21 19:21:20.509,0.75367,0.75411,1.50,3.00
2012.06.21 19:21:20.615,0.75365,0.75411,3.00,3.00
2012.06.21 19:21:20.934,0.75367,0.75412,1.50,3.00
2012.06.21 19:21:21.331,0.75367,0.75419,1.50,1.13
2012.06.21 19:21:21.563,0.75372,0.7542,3.75,3.00
2012.06.21 19:21:24.232,0.75372,0.7542,3.00,3.00
2012.06.21 19:21:24.567,0.75372,0.7542,3.00,3.00
2012.06.21 19:21:24.972,0.75374,0.7542,1.35,3.00
2012.06.21 19:21:25.615,0.75379,0.75424,3.00,3.00
2012.06.21 19:21:25.687,0.75377,0.75428,3.00,3.00
2012.06.21 19:21:26.154,0.75375,0.75426,3.00,3.00
2012.06.21 19:21:26.910,0.75376,0.75425,3.00,3.00
2012.06.21 19:21:26.974,0.75374,0.75421,1.35,3.00
2012.06.21 19:21:27.775,0.75374,0.75421,1.35,3.00
2012.06.21 19:21:27.913,0.75374,0.75417,1.35,3.00
2012.06.21 19:21:28.032,0.75363,0.75414,3.60,3.00
2012.06.21 19:21:28.093,0.75363,0.75414,3.60,3.00
2012.06.21 19:21:28.275,0.75363,0.75409,1.35,3.00
2012.06.21 19:21:28.463,0.75357,0.75404,1.13,3.00
2012.06.21 19:21:28.583,0.75356,0.75399,1.13,3.00
2012.06.21 19:21:28.645,0.75351,0.75399,1.50,3.00
2012.06.21 19:21:28.984,0.75351,0.75402,3.75,3.00
2012.06.21 19:21:29.183,0.75351,0.75402,3.75,3.00
2012.06.21 19:21:29.244,0.75357,0.75402,1.35,3.00
2012.06.21 19:21:29.599,0.75363,0.75409,1.35,1.13
2012.06.21 19:21:29.674,0.75359,0.7541,1.35,1.13
2012.06.21 19:21:30.118,0.75356,0.75414,1.50,1.73
2012.06.21 19:21:30.242,0.75357,0.75405,3.75,3.00
2012.06.21 19:21:30.302,0.75357,0.75405,3.75,3.00
2012.06.21 19:21:31.425,0.75363,0.75405,1.35,3.00
2012.06.21 19:21:31.693,0.75363,0.75406,1.35,3.00
2012.06.21 19:21:34.203,0.75357,0.75407,2.25,3.00
2012.06.21 19:21:34.746,0.75353,0.75395,1.35,3.00
2012.06.21 19:21:35.272,0.75356,0.75395,1.50,3.00
2012.06.21 19:21:35.933,0.75356,0.75396,1.13,3.00
2012.06.21 19:21:36.453,0.75356,0.75398,1.50,3.00
2012.06.21 19:21:38.585,0.75352,0.754,1.50,3.00
2012.06.21 19:21:39.096,0.75352,0.75399,1.50,3.00
2012.06.21 19:21:39.283,0.75346,0.75395,1.50,3.00
2012.06.21 19:21:39.423,0.75347,0.75395,1.50,3.00
2012.06.21 19:21:39.554,0.75347,0.7539,1.50,3.00
2012.06.21 19:21:40.136,0.75351,0.75389,1.13,3.00
2012.06.21 19:21:40.366,0.75346,0.75389,1.50,3.00
2012.06.21 19:21:41.305,0.75351,0.75389,1.13,3.00
2012.06.21 19:21:41.564,0.75347,0.7539,1.13,3.00
2012.06.21 19:21:42.332,0.75351,0.7539,1.13,3.00
2012.06.21 19:21:43.232,0.75347,0.7539,1.13,3.00
2012.06.21 19:21:43.582,0.75347,0.75386,1.50,3.00
2012.06.21 19:21:43.701,0.75347,0.75386,1.13,3.00
2012.06.21 19:21:43.862,0.75347,0.75386,1.13,2.25
2012.06.21 19:21:44.081,0.75352,0.75386,1.13,3.00
2012.06.21 19:21:44.352,0.75352,0.75386,1.13,3.00
2012.06.21 19:21:44.411,0.75352,0.75386,1.13,2.25
2012.06.21 19:21:44.642,0.75352,0.7539,1.13,3.00
2012.06.21 19:21:45.693,0.75352,0.7539,1.13,3.00
2012.06.21 19:21:50.960,0.75352,0.7539,1.13,3.00
2012.06.21 19:21:51.262,0.75351,0.75391,1.13,1.13
2012.06.21 19:21:51.693,0.75351,0.75391,1.13,3.00
2012.06.21 19:21:51.994,0.75351,0.75391,1.13,3.00
2012.06.21 19:21:52.425,0.75348,0.75393,3.00,3.00
2012.06.21 19:21:52.646,0.75352,0.75393,1.13,3.00
2012.06.21 19:21:52.928,0.75348,0.75393,3.00,3.00
2012.06.21 19:21:53.145,0.75352,0.75393,1.13,3.00
2012.06.21 19:21:54.655,0.75352,0.75393,1.50,3.00
2012.06.21 19:21:56.615,0.75346,0.75397,3.75,3.00
2012.06.21 19:21:56.682,0.75351,0.75394,1.13,3.38
2012.06.21 19:21:56.742,0.75351,0.75389,1.13,2.25
2012.06.21 19:21:56.802,0.75355,0.7539,1.13,3.00
2012.06.21 19:21:56.862,0.75355,0.75391,1.13,2.25
2012.06.21 19:21:56.982,0.7535,0.75391,1.13,3.00
2012.06.21 19:21:57.043,0.7535,0.75391,1.13,3.38
2012.06.21 19:21:57.165,0.7535,0.75391,1.13,2.25
2012.06.21 19:21:57.463,0.7535,0.75391,1.13,3.38
2012.06.21 19:21:58.145,0.7535,0.75391,1.13,3.00
2012.06.21 19:21:58.491,0.7535,0.7539,1.13,2.25
2012.06.21 19:21:58.822,0.75356,0.7539,1.13,3.00
2012.06.21 19:21:58.973,0.75352,0.7539,1.13,3.00
2012.06.21 19:21:59.032,0.75354,0.7539,1.13,2.25
2012.06.21 19:21:59.094,0.75354,0.75393,1.13,2.25
2012.06.21 19:21:59.162,0.75354,0.75396,1.13,2.25
2012.06.21 19:21:59.489,0.75352,0.7539,1.13,3.00
2012.06.21 19:21:59.993,0.75349,0.75389,1.13,2.25
2012.06.21 19:22:00.053,0.75349,0.7539,1.13,2.25
2012.06.21 19:22:00.631,0.75349,0.7539,1.13,2.25
2012.06.21 19:22:00.952,0.75356,0.7539,1.13,2.25
2012.06.21 19:22:01.841,0.75356,0.75394,1.13,3.00
2012.06.21 19:22:02.054,0.75358,0.75394,1.13,3.00
2012.06.21 19:22:02.236,0.75356,0.75394,1.13,3.00
2012.06.21 19:22:02.396,0.75356,0.75394,1.13,3.00
2012.06.21 19:22:02.622,0.75357,0.75394,1.13,3.00
2012.06.21 19:22:02.824,0.75351,0.75394,1.50,3.00
2012.06.21 19:22:02.892,0.75357,0.75394,1.13,3.00
2012.06.21 19:22:03.714,0.75356,0.75394,1.50,3.00
2012.06.21 19:22:03.923,0.75361,0.75394,1.13,3.00
2012.06.21 19:22:04.147,0.75357,0.75398,1.13,3.00
2012.06.21 19:22:04.597,0.75361,0.75402,1.13,3.00
2012.06.21 19:22:05.353,0.75357,0.75397,1.13,2.25
2012.06.21 19:22:05.477,0.75357,0.75397,1.13,3.00
2012.06.21 19:22:06.046,0.75357,0.75396,1.13,2.25
2012.06.21 19:22:06.366,0.75356,0.75399,1.50,3.00
2012.06.21 19:22:06.434,0.75361,0.75399,1.13,3.00
2012.06.21 19:22:07.114,0.75362,0.75402,1.13,3.00
2012.06.21 19:22:07.995,0.75356,0.75402,3.75,3.00
2012.06.21 19:22:08.091,0.75356,0.75402,3.75,3.00
2012.06.21 19:22:09.145,0.75361,0.75402,1.13,3.00
2012.06.21 19:22:09.780,0.75361,0.75402,1.13,3.00
2012.06.21 19:22:10.655,0.75361,0.75402,1.13,3.00
2012.06.21 19:22:10.722,0.75361,0.754,1.13,1.13
2012.06.21 19:22:10.842,0.75361,0.754,1.13,3.38
2012.06.21 19:22:11.783,0.75361,0.75401,1.13,3.00
2012.06.21 19:22:12.675,0.75356,0.754,1.13,3.00
2012.06.21 19:22:12.743,0.75352,0.754,2.10,3.00
2012.06.21 19:22:13.114,0.75354,0.75399,1.35,3.00
2012.06.21 19:22:13.224,0.75362,0.75399,1.50,3.00
2012.06.21 19:22:13.482,0.75362,0.75404,1.50,3.00
2012.06.21 19:22:14.753,0.75362,0.75404,1.50,3.00
2012.06.21 19:22:16.861,0.75361,0.75408,1.50,3.00
2012.06.21 19:22:17.085,0.75367,0.75408,1.50,3.00
2012.06.21 19:22:17.475,0.75362,0.75408,1.50,3.00
2012.06.21 19:22:20.995,0.75362,0.75408,1.50,3.00
2012.06.21 19:22:33.684,0.75362,0.75408,1.50,3.00
2012.06.21 19:22:33.752,0.75362,0.75408,1.50,3.00
2012.06.21 19:22:33.872,0.75366,0.75411,1.13,1.13
2012.06.21 19:22:33.933,0.75364,0.75411,1.35,1.13
2012.06.21 19:22:34.008,0.75357,0.75413,1.35,1.13
2012.06.21 19:22:34.073,0.75357,0.75413,1.35,1.35
2012.06.21 19:22:34.196,0.75357,0.75413,1.35,1.35
2012.06.21 19:22:34.322,0.75345,0.75401,1.35,1.35
2012.06.21 19:22:34.765,0.75345,0.75401,1.35,1.35
2012.06.21 19:22:34.892,0.75341,0.75396,1.13,2.25
2012.06.21 19:22:35.202,0.75341,0.75396,1.13,3.00
2012.06.21 19:22:35.504,0.75342,0.75387,1.13,2.25
2012.06.21 19:22:38.169,0.75342,0.75388,1.13,2.25
2012.06.21 19:22:41.366,0.75342,0.75385,1.13,2.25
2012.06.21 19:22:42.459,0.75342,0.75387,1.13,2.25
2012.06.21 19:22:43.934,0.75342,0.75388,1.13,2.25
2012.06.21 19:22:45.561,0.75342,0.75387,1.13,2.25
2012.06.21 19:22:47.187,0.75342,0.75388,1.13,2.25
2012.06.21 19:22:47.462,0.75342,0.75387,1.13,3.00
2012.06.21 19:22:47.968,0.75342,0.75387,1.13,2.25
2012.06.21 19:22:48.361,0.75347,0.75388,1.13,3.00
2012.06.21 19:22:48.686,0.75349,0.75388,1.13,3.38
2012.06.21 19:22:49.134,0.75346,0.75388,1.13,3.00
2012.06.21 19:22:50.564,0.75347,0.7539,1.13,3.00
2012.06.21 19:22:51.163,0.75349,0.75388,1.13,1.13
2012.06.21 19:22:51.493,0.75343,0.75378,1.13,2.25
2012.06.21 19:22:51.552,0.75341,0.75378,1.13,2.25
2012.06.21 19:22:51.672,0.75338,0.75378,1.13,2.25
2012.06.21 19:22:51.733,0.75338,0.75374,1.13,2.25
2012.06.21 19:22:51.821,0.75338,0.75376,1.13,2.25
2012.06.21 19:22:51.943,0.75341,0.75376,1.13,2.25
2012.06.21 19:22:52.148,0.75343,0.7538,1.13,2.25
2012.06.21 19:22:53.314,0.75343,0.7538,1.13,3.00
2012.06.21 19:22:55.144,0.75343,0.75382,1.13,3.38
2012.06.21 19:22:57.603,0.7534,0.75379,1.13,1.13
2012.06.21 19:22:57.722,0.7534,0.75379,1.13,3.38
2012.06.21 19:22:58.062,0.7534,0.7538,1.13,2.25
2012.06.21 19:22:58.424,0.7534,0.75378,1.13,2.25
2012.06.21 19:22:59.642,0.75339,0.75379,1.13,2.25
2012.06.21 19:22:59.932,0.75339,0.75379,1.13,2.25
2012.06.21 19:23:00.112,0.75339,0.75394,1.13,2.10
2012.06.21 19:23:00.171,0.75343,0.75394,1.13,1.73
2012.06.21 19:23:00.512,0.75346,0.75397,1.13,1.35
2012.06.21 19:23:00.634,0.75347,0.75399,1.13,1.13
2012.06.21 19:23:00.877,0.75347,0.75394,3.38,2.25
2012.06.21 19:23:01.212,0.75347,0.75386,1.13,2.25
2012.06.21 19:23:01.331,0.75347,0.75389,3.38,3.00
2012.06.21 19:23:02.372,0.75347,0.75389,2.63,3.00
2012.06.21 19:23:03.173,0.75347,0.75389,2.63,3.00
2012.06.21 19:23:03.495,0.75346,0.75386,3.38,3.00
2012.06.21 19:23:04.182,0.75349,0.75386,1.13,2.25
2012.06.21 19:23:04.789,0.75349,0.75383,1.13,2.25
2012.06.21 19:23:05.797,0.75346,0.75383,1.13,2.25
2012.06.21 19:23:05.924,0.75346,0.75383,1.13,2.25
2012.06.21 19:23:06.173,0.75347,0.75381,1.13,2.25
2012.06.21 19:23:08.549,0.75343,0.75381,2.63,2.25
2012.06.21 19:23:08.995,0.75341,0.75378,3.38,2.25
2012.06.21 19:23:09.884,0.75341,0.75379,3.38,2.25
2012.06.21 19:23:10.141,0.75343,0.75383,2.63,2.25
2012.06.21 19:23:10.328,0.75343,0.75383,2.63,2.25
2012.06.21 19:23:10.391,0.75344,0.75383,1.13,2.25
2012.06.21 19:23:10.513,0.75343,0.75381,2.63,2.25
2012.06.21 19:23:10.671,0.75344,0.75379,1.13,2.25
2012.06.21 19:23:10.743,0.75341,0.75379,3.38,2.25
2012.06.21 19:23:11.723,0.75344,0.75379,1.13,2.25
2012.06.21 19:23:12.430,0.75344,0.75379,1.13,2.25
2012.06.21 19:23:12.898,0.75342,0.75379,1.13,2.25
2012.06.21 19:23:12.957,0.75342,0.75382,1.13,2.25
2012.06.21 19:23:13.077,0.75342,0.75382,1.13,2.25
2012.06.21 19:23:14.088,0.75342,0.75382,1.13,2.25
2012.06.21 19:23:14.568,0.75342,0.75382,1.13,2.25
2012.06.21 19:23:15.689,0.75342,0.75382,1.13,2.25
2012.06.21 19:23:16.008,0.7534,0.75382,3.38,2.25
2012.06.21 19:23:16.141,0.7534,0.75384,1.13,2.25
2012.06.21 19:23:16.959,0.7534,0.75387,3.38,2.25
2012.06.21 19:23:17.027,0.7534,0.75387,3.38,2.25
2012.06.21 19:23:17.134,0.7534,0.75385,3.38,2.25
2012.06.21 19:23:17.197,0.7534,0.75385,2.63,2.25
2012.06.21 19:23:18.489,0.7534,0.75385,3.38,3.00
2012.06.21 19:23:19.537,0.75342,0.75385,1.13,2.25
2012.06.21 19:23:20.640,0.75347,0.75389,2.25,3.00
2012.06.21 19:23:21.192,0.75348,0.75389,2.25,3.00
2012.06.21 19:23:22.383,0.75349,0.7539,2.25,3.00
2012.06.21 19:23:22.897,0.75349,0.7539,2.25,3.00
2012.06.21 19:23:23.281,0.75348,0.75386,2.25,3.00
2012.06.21 19:23:27.120,0.75348,0.75386,2.25,3.00
2012.06.21 19:23:27.462,0.75348,0.75384,2.25,1.13
2012.06.21 19:23:27.527,0.75343,0.75383,2.63,3.00
2012.06.21 19:23:27.649,0.75341,0.75381,2.25,3.00
2012.06.21 19:23:29.846,0.75341,0.75379,2.25,3.00
2012.06.21 19:23:31.408,0.75341,0.75379,3.00,3.00
2012.06.21 19:23:31.586,0.75341,0.75379,3.00,1.13
2012.06.21 19:23:32.565,0.7534,0.75379,2.25,1.13
2012.06.21 19:23:33.169,0.7534,0.7538,2.25,3.00
2012.06.21 19:23:33.390,0.7534,0.75378,2.25,1.13
2012.06.21 19:23:33.669,0.7534,0.7538,3.00,3.00
2012.06.21 19:23:33.830,0.7534,0.75378,3.00,1.13
2012.06.21 19:23:34.162,0.75341,0.75381,3.00,2.25
2012.06.21 19:23:34.381,0.75341,0.75378,3.00,1.13
2012.06.21 19:23:35.369,0.75341,0.75381,3.00,3.00
2012.06.21 19:23:36.526,0.75342,0.7538,2.25,3.00
2012.06.21 19:23:37.138,0.75342,0.75379,2.25,1.13
2012.06.21 19:23:37.467,0.75348,0.75381,2.25,3.00
2012.06.21 19:23:37.526,0.75348,0.75381,2.25,3.00
2012.06.21 19:23:38.236,0.75348,0.75381,2.25,3.00
2012.06.21 19:23:38.619,0.75348,0.75381,2.25,3.00
2012.06.21 19:23:40.932,0.75348,0.75381,2.25,3.00
2012.06.21 19:23:41.294,0.75348,0.75381,2.25,3.00
2012.06.21 19:23:41.591,0.75348,0.75381,2.25,3.00
2012.06.21 19:23:42.202,0.75348,0.75381,2.25,3.00
2012.06.21 19:23:43.247,0.75348,0.75381,2.25,2.25
2012.06.21 19:23:44.526,0.75348,0.75383,2.25,3.38
2012.06.21 19:23:44.778,0.75348,0.75383,2.25,2.25
2012.06.21 19:23:44.999,0.75348,0.75383,3.00,2.63
2012.06.21 19:23:45.839,0.75348,0.75383,2.25,3.00
2012.06.21 19:23:45.940,0.75346,0.75386,3.00,3.00
2012.06.21 19:23:46.222,0.75346,0.75386,2.25,3.00
2012.06.21 19:23:46.433,0.75346,0.75386,3.00,3.00
2012.06.21 19:23:51.586,0.75349,0.75387,2.25,3.38
2012.06.21 19:23:51.980,0.75346,0.75386,3.00,3.00
2012.06.21 19:23:58.968,0.75345,0.75384,3.00,1.13
2012.06.21 19:23:59.207,0.75341,0.75381,3.00,2.63
2012.06.21 19:23:59.350,0.75343,0.75383,3.00,2.25
2012.06.21 19:23:59.898,0.75342,0.75384,3.00,3.00
2012.06.21 19:24:04.759,0.75347,0.75387,2.25,3.00
2012.06.21 19:24:05.269,0.75346,0.75388,3.00,3.00
2012.06.21 19:24:05.941,0.75346,0.75388,2.25,3.00
2012.06.21 19:24:06.218,0.75347,0.75389,2.25,3.00
2012.06.21 19:24:08.408,0.75347,0.7539,2.25,3.00
2012.06.21 19:24:09.626,0.75347,0.7539,2.25,3.00
2012.06.21 19:24:14.217,0.75344,0.75392,2.25,3.00
2012.06.21 19:24:14.731,0.75343,0.75391,3.00,3.00
2012.06.21 19:24:14.799,0.75343,0.7539,2.25,3.00
2012.06.21 19:24:15.050,0.75343,0.7539,3.00,3.00
2012.06.21 19:24:15.735,0.75348,0.75393,2.25,3.00
2012.06.21 19:24:24.400,0.75348,0.75394,3.00,3.00
2012.06.21 19:24:24.949,0.75357,0.75395,2.25,3.00
2012.06.21 19:24:27.117,0.75359,0.75396,2.25,3.00
2012.06.21 19:24:27.587,0.75358,0.75396,2.25,3.00
2012.06.21 19:24:28.141,0.75358,0.75396,2.25,3.00
2012.06.21 19:24:28.208,0.75358,0.75396,2.63,3.00
2012.06.21 19:24:28.673,0.75365,0.75398,2.25,3.00
2012.06.21 19:24:29.298,0.75365,0.75398,2.25,3.00
2012.06.21 19:24:29.485,0.75363,0.75398,2.25,3.00
2012.06.21 19:24:29.749,0.75363,0.75398,2.25,3.00
2012.06.21 19:24:30.042,0.75363,0.75401,2.25,3.00
2012.06.21 19:24:31.857,0.75361,0.75399,2.25,3.00
2012.06.21 19:24:31.918,0.75359,0.75399,2.25,3.00
2012.06.21 19:24:32.050,0.75359,0.75399,2.25,3.00
2012.06.21 19:24:32.742,0.75358,0.75398,2.63,3.00
2012.06.21 19:24:33.550,0.75358,0.75398,2.63,3.00
2012.06.21 19:24:33.678,0.75361,0.75401,2.25,3.00
2012.06.21 19:24:34.269,0.75361,0.75401,2.25,3.00
2012.06.21 19:24:34.552,0.75358,0.75397,2.25,3.00
2012.06.21 19:24:35.174,0.75358,0.75397,2.63,3.00
2012.06.21 19:24:35.373,0.75358,0.75397,2.63,3.00
2012.06.21 19:24:35.439,0.75363,0.754,2.25,3.00
2012.06.21 19:24:35.958,0.75362,0.75402,2.25,3.00
2012.06.21 19:24:37.047,0.75363,0.75403,2.25,3.00
2012.06.21 19:24:39.169,0.75357,0.7539,2.25,2.25
2012.06.21 19:24:39.229,0.75352,0.75392,2.25,3.00
2012.06.21 19:24:39.607,0.75351,0.7539,3.00,3.00
2012.06.21 19:24:40.150,0.75351,0.75391,3.38,3.00
2012.06.21 19:24:40.526,0.75352,0.7539,2.25,3.00
2012.06.21 19:24:47.655,0.75351,0.75391,3.00,3.00
2012.06.21 19:24:52.370,0.75351,0.75391,3.38,3.00
2012.06.21 19:24:52.697,0.75357,0.75395,2.25,3.38
2012.06.21 19:24:52.802,0.75352,0.7539,2.25,3.00
2012.06.21 19:24:52.941,0.75352,0.7539,2.63,3.00
2012.06.21 19:24:53.068,0.75357,0.7539,3.00,3.00
2012.06.21 19:24:53.217,0.75357,0.7539,2.25,2.25
2012.06.21 19:24:53.396,0.75352,0.75389,3.38,3.00
2012.06.21 19:24:53.458,0.75353,0.75389,1.13,2.25
2012.06.21 19:24:53.517,0.75355,0.7539,3.00,3.00
2012.06.21 19:24:54.018,0.75357,0.7539,2.25,3.38
2012.06.21 19:24:54.077,0.75357,0.7539,2.25,3.38
2012.06.21 19:24:54.138,0.75353,0.75393,2.25,3.00
2012.06.21 19:24:54.234,0.75353,0.75393,3.00,3.00
2012.06.21 19:24:54.667,0.75356,0.75393,2.25,3.00
2012.06.21 19:24:54.728,0.75356,0.7539,3.00,1.13
2012.06.21 19:24:55.440,0.75356,0.75393,2.25,3.00
2012.06.21 19:24:55.799,0.75356,0.7539,3.00,1.13
2012.06.21 19:24:56.559,0.75354,0.75394,3.00,3.00
2012.06.21 19:24:57.801,0.75354,0.75394,2.25,3.00
2012.06.21 19:24:58.027,0.75352,0.7539,2.25,3.00
2012.06.21 19:24:58.590,0.75353,0.75391,2.25,3.00
2012.06.21 19:24:58.717,0.75353,0.75388,3.00,1.13
2012.06.21 19:24:59.034,0.75348,0.75386,3.38,2.25
2012.06.21 19:24:59.239,0.75354,0.75395,3.00,3.00
2012.06.21 19:24:59.400,0.75354,0.75395,2.25,3.00
2012.06.21 19:24:59.689,0.75355,0.75403,3.00,3.60
2012.06.21 19:24:59.887,0.75355,0.75403,2.25,3.00
2012.06.21 19:25:02.713,0.75354,0.75403,2.25,3.00
2012.06.21 19:25:06.013,0.75355,0.75403,2.25,3.38
2012.06.21 19:25:06.556,0.75356,0.75394,2.25,3.00
2012.06.21 19:25:06.989,0.75356,0.75394,2.25,3.00
2012.06.21 19:25:07.237,0.75351,0.7539,3.00,3.00
2012.06.21 19:25:07.940,0.75352,0.7539,1.13,3.00
2012.06.21 19:25:08.592,0.75355,0.7539,2.25,3.00
2012.06.21 19:25:08.980,0.75355,0.7539,3.00,3.00
2012.06.21 19:25:09.157,0.75353,0.75391,3.00,1.13
2012.06.21 19:25:09.217,0.75353,0.75388,2.25,2.25
2012.06.21 19:25:09.337,0.75348,0.75386,3.00,1.13
2012.06.21 19:25:10.035,0.75351,0.7539,3.00,3.00
2012.06.21 19:25:11.281,0.75351,0.75389,3.00,1.13
2012.06.21 19:25:11.417,0.75351,0.7539,3.00,3.00
2012.06.21 19:25:11.478,0.75351,0.7539,2.25,3.00
2012.06.21 19:25:11.656,0.75343,0.75379,3.00,1.13
2012.06.21 19:25:11.716,0.75344,0.75381,1.13,2.25
2012.06.21 19:25:11.777,0.75345,0.75383,3.00,2.25
2012.06.21 19:25:11.856,0.75345,0.75384,3.00,1.13
2012.06.21 19:25:11.925,0.75345,0.75385,3.00,3.00
2012.06.21 19:25:12.152,0.75344,0.75384,2.63,3.00
2012.06.21 19:25:12.218,0.75344,0.75384,3.38,3.00
2012.06.21 19:25:13.376,0.75345,0.75385,2.25,3.00
2012.06.21 19:25:13.642,0.75345,0.75385,3.00,3.00
2012.06.21 19:25:14.351,0.75345,0.75384,3.00,1.13
2012.06.21 19:25:14.776,0.75345,0.75385,3.00,3.00
2012.06.21 19:25:17.131,0.75345,0.75382,3.00,2.25
2012.06.21 19:25:18.008,0.75344,0.75384,3.38,3.00
2012.06.21 19:25:18.558,0.75344,0.75383,3.38,1.13
2012.06.21 19:25:18.678,0.75344,0.75383,3.38,1.13
2012.06.21 19:25:18.798,0.75346,0.75387,3.00,3.00
2012.06.21 19:25:20.396,0.75346,0.75387,3.00,2.25
2012.06.21 19:25:20.731,0.75346,0.75387,3.00,2.25
2012.06.21 19:25:21.131,0.75352,0.75391,1.13,3.00
2012.06.21 19:25:23.867,0.75356,0.75394,2.25,3.00
2012.06.21 19:25:25.939,0.75356,0.75394,3.00,3.00
2012.06.21 19:25:26.006,0.75356,0.75394,2.25,3.00
2012.06.21 19:25:26.186,0.75356,0.75394,3.38,3.00
2012.06.21 19:25:26.358,0.75361,0.75398,2.25,3.00
2012.06.21 19:25:31.330,0.75357,0.75395,2.63,3.00
2012.06.21 19:25:31.396,0.75357,0.75395,2.25,3.00
2012.06.21 19:25:31.676,0.75354,0.75393,1.13,2.25
2012.06.21 19:25:31.751,0.75355,0.75394,3.00,1.13
2012.06.21 19:25:32.117,0.75361,0.75396,3.38,3.00
2012.06.21 19:25:34.387,0.75361,0.75396,3.75,3.00
2012.06.21 19:25:34.707,0.75368,0.75401,2.25,3.00
2012.06.21 19:25:34.857,0.75364,0.75402,2.25,3.00
2012.06.21 19:25:35.056,0.75358,0.75398,2.25,3.00
2012.06.21 19:25:35.296,0.75363,0.75398,2.25,3.00
2012.06.21 19:25:35.601,0.75358,0.75398,2.25,3.00
2012.06.21 19:25:35.728,0.75359,0.75398,1.13,2.25
2012.06.21 19:25:35.878,0.75364,0.75402,2.25,3.00
2012.06.21 19:25:36.929,0.75364,0.75402,2.25,3.00
2012.06.21 19:25:37.058,0.75364,0.75402,2.25,3.00
2012.06.21 19:25:37.158,0.7536,0.75399,3.00,3.00
2012.06.21 19:25:39.755,0.7536,0.75398,3.00,2.25
2012.06.21 19:25:40.349,0.7536,0.75398,2.25,3.00
2012.06.21 19:25:44.912,0.7536,0.75398,3.00,2.25
2012.06.21 19:25:46.229,0.75367,0.75402,1.13,2.25
2012.06.21 19:25:47.790,0.75368,0.75403,2.25,3.00
2012.06.21 19:25:48.166,0.75368,0.75407,2.25,3.00
2012.06.21 19:25:48.649,0.75368,0.75407,2.25,3.00
2012.06.21 19:25:54.374,0.75368,0.75407,2.25,3.00
2012.06.21 19:26:02.125,0.75367,0.75405,2.25,3.00
2012.06.21 19:26:02.188,0.75367,0.75405,3.00,3.00
2012.06.21 19:26:03.946,0.75361,0.75406,1.73,1.13
2012.06.21 19:26:04.102,0.75362,0.75396,1.13,2.25
2012.06.21 19:26:04.737,0.75362,0.75396,1.13,2.25
2012.06.21 19:26:04.803,0.75362,0.75397,3.38,3.00
2012.06.21 19:26:04.877,0.75362,0.75397,2.63,3.00
2012.06.21 19:26:06.181,0.75359,0.75399,2.25,3.00
2012.06.21 19:26:07.407,0.75359,0.75399,3.00,3.00
2012.06.21 19:26:07.878,0.75359,0.75399,2.25,3.00
2012.06.21 19:26:08.716,0.75357,0.75396,1.13,3.00
2012.06.21 19:26:09.214,0.75358,0.75396,1.13,2.25
2012.06.21 19:26:09.277,0.75357,0.75396,1.13,3.00
2012.06.21 19:26:09.379,0.75357,0.75396,1.13,3.00
2012.06.21 19:26:09.719,0.75356,0.75396,3.38,3.00
2012.06.21 19:26:09.778,0.75356,0.75395,3.38,1.13
2012.06.21 19:26:10.229,0.75361,0.75395,3.00,3.00
2012.06.21 19:26:11.221,0.75361,0.75395,2.25,3.00
2012.06.21 19:26:11.607,0.75363,0.75398,2.25,3.00
2012.06.21 19:26:11.857,0.75361,0.75401,2.25,3.00
2012.06.21 19:26:11.999,0.75361,0.75401,3.00,3.00
2012.06.21 19:26:12.058,0.75363,0.75401,2.25,3.00
2012.06.21 19:26:13.067,0.75364,0.75402,2.25,3.00
2012.06.21 19:26:14.209,0.75364,0.75399,2.25,2.25
2012.06.21 19:26:14.578,0.7536,0.75398,3.00,3.00
2012.06.21 19:26:18.273,0.75361,0.754,1.13,3.00
2012.06.21 19:26:18.821,0.75364,0.75402,2.25,3.00
2012.06.21 19:26:21.232,0.75364,0.75402,2.25,3.00
2012.06.21 19:26:21.541,0.75369,0.75406,2.25,3.00
2012.06.21 19:26:22.340,0.7537,0.7541,2.25,3.00
2012.06.21 19:26:22.959,0.7537,0.7541,2.25,3.00
2012.06.21 19:26:24.742,0.75369,0.75409,2.25,3.00
2012.06.21 19:26:26.669,0.75369,0.75409,2.63,3.00
2012.06.21 19:26:26.820,0.75369,0.75409,2.63,3.00
2012.06.21 19:26:26.960,0.75372,0.75407,2.25,2.25
2012.06.21 19:26:27.118,0.75365,0.75403,3.00,3.38
2012.06.21 19:26:27.425,0.75365,0.75403,2.25,3.00
2012.06.21 19:26:28.460,0.75365,0.75403,3.00,3.00
2012.06.21 19:26:28.822,0.75369,0.75404,2.25,3.00
2012.06.21 19:26:29.977,0.75369,0.75404,2.25,3.00
2012.06.21 19:26:30.098,0.75372,0.75407,2.25,3.00
2012.06.21 19:26:30.218,0.7537,0.7541,2.25,3.00
2012.06.21 19:26:30.667,0.75365,0.75405,2.63,3.00
2012.06.21 19:26:31.158,0.75367,0.75405,2.25,3.00
2012.06.21 19:26:31.384,0.75367,0.75405,3.00,3.00
2012.06.21 19:26:31.447,0.75367,0.75405,3.38,3.00
2012.06.21 19:26:31.984,0.75372,0.75405,2.25,3.00
2012.06.21 19:26:32.870,0.75372,0.75407,2.63,3.00
2012.06.21 19:26:35.470,0.75371,0.75411,2.63,3.00
2012.06.21 19:26:36.029,0.75371,0.75411,2.25,3.38
2012.06.21 19:26:36.100,0.75366,0.75406,2.63,3.00
2012.06.21 19:26:36.862,0.75368,0.75406,2.25,3.00
2012.06.21 19:26:37.412,0.75366,0.75404,2.63,3.00
2012.06.21 19:26:40.159,0.75366,0.75406,2.63,3.00
2012.06.21 19:26:46.340,0.75369,0.75406,2.25,3.00
2012.06.21 19:26:46.735,0.75371,0.75406,2.25,3.00
2012.06.21 19:26:56.116,0.75372,0.75407,2.25,3.00
2012.06.21 19:27:11.036,0.75372,0.75407,2.25,3.00
2012.06.21 19:27:11.103,0.75368,0.75408,2.63,3.00
2012.06.21 19:27:12.530,0.75369,0.75406,2.25,3.00
2012.06.21 19:27:19.028,0.75369,0.75406,2.25,3.38
2012.06.21 19:27:19.088,0.75367,0.75405,2.25,3.00
2012.06.21 19:27:19.166,0.75367,0.75405,2.25,3.00
2012.06.21 19:27:19.228,0.75362,0.75402,2.25,3.00
2012.06.21 19:27:19.420,0.75361,0.75399,3.00,3.00
2012.06.21 19:27:19.490,0.75362,0.75399,1.13,3.00
2012.06.21 19:27:19.797,0.75362,0.75402,3.00,3.00
2012.06.21 19:27:20.423,0.75363,0.75401,2.25,3.00
2012.06.21 19:27:24.487,0.75358,0.75396,2.25,3.00
2012.06.21 19:27:25.219,0.75358,0.75396,2.25,3.38
2012.06.21 19:27:25.461,0.75354,0.75391,2.25,3.00
2012.06.21 19:27:27.685,0.75354,0.75391,3.00,3.38
2012.06.21 19:27:28.355,0.75353,0.75391,2.25,3.00
2012.06.21 19:27:28.962,0.75352,0.75392,2.63,3.00
2012.06.21 19:27:29.920,0.75352,0.75391,3.38,1.13
2012.06.21 19:27:30.427,0.75355,0.75393,3.00,3.00
2012.06.21 19:27:31.587,0.75355,0.75395,2.63,3.00
2012.06.21 19:27:31.647,0.75357,0.75397,2.63,3.00
2012.06.21 19:27:31.981,0.75358,0.75398,2.25,3.00
2012.06.21 19:27:32.199,0.7536,0.75398,2.25,3.00
2012.06.21 19:27:32.380,0.75358,0.75398,2.25,3.00
2012.06.21 19:27:33.580,0.75357,0.75397,2.25,3.00
2012.06.21 19:27:37.095,0.75357,0.75397,2.25,3.00
2012.06.21 19:27:37.388,0.75353,0.75393,2.63,3.00
2012.06.21 19:27:37.699,0.75355,0.75393,1.13,2.25
2012.06.21 19:27:38.341,0.75359,0.75397,2.25,3.00
2012.06.21 19:27:40.230,0.75359,0.75396,3.00,1.13
2012.06.21 19:27:40.623,0.75359,0.75397,2.63,3.00
2012.06.21 19:27:40.929,0.75361,0.75399,2.25,3.00
2012.06.21 19:27:41.289,0.75356,0.75396,3.38,3.00
2012.06.21 19:27:41.439,0.75356,0.75396,3.38,3.00
2012.06.21 19:27:43.868,0.7536,0.75399,2.25,3.00
2012.06.21 19:27:44.711,0.75365,0.75403,2.25,3.00
2012.06.21 19:27:44.790,0.75365,0.75403,2.25,3.00
2012.06.21 19:27:45.341,0.75366,0.75406,2.25,3.00
2012.06.21 19:27:46.231,0.75365,0.75403,2.63,3.00
2012.06.21 19:27:46.503,0.75365,0.75403,2.63,3.00
2012.06.21 19:27:46.807,0.75363,0.75401,2.25,3.00
2012.06.21 19:27:47.136,0.7536,0.754,2.63,3.00
2012.06.21 19:27:48.322,0.75361,0.75398,2.25,3.00
2012.06.21 19:27:48.388,0.75361,0.75398,3.00,3.38
2012.06.21 19:27:49.882,0.75362,0.754,2.25,3.00
2012.06.21 19:27:50.432,0.75363,0.75401,2.25,3.00
2012.06.21 19:27:50.641,0.75361,0.75401,3.00,3.00
2012.06.21 19:27:52.929,0.75361,0.75401,2.25,3.00
2012.06.21 19:27:55.417,0.75361,0.75399,3.00,3.00
2012.06.21 19:27:57.650,0.75361,0.75399,3.00,3.38
2012.06.21 19:27:57.897,0.75365,0.754,3.00,3.00
2012.06.21 19:27:58.993,0.75365,0.754,2.25,3.00
2012.06.21 19:27:59.058,0.75363,0.75401,2.25,3.00
2012.06.21 19:27:59.223,0.75361,0.75399,3.00,3.00
2012.06.21 19:27:59.361,0.75361,0.75399,2.25,3.00
2012.06.21 19:27:59.970,0.75364,0.75399,2.25,3.00
2012.06.21 19:28:00.428,0.75364,0.75399,2.25,3.00
2012.06.21 19:28:00.608,0.75362,0.75399,2.63,3.00
2012.06.21 19:28:02.550,0.75362,0.75399,2.25,3.00
2012.06.21 19:28:02.618,0.75362,0.75399,3.00,3.00
2012.06.21 19:28:03.078,0.75364,0.75402,2.25,3.00
2012.06.21 19:28:05.048,0.75365,0.75403,2.25,3.00
2012.06.21 19:28:05.381,0.75363,0.75403,2.63,3.00
2012.06.21 19:28:07.609,0.75363,0.75403,2.63,3.00
2012.06.21 19:28:10.359,0.75363,0.75403,2.63,3.00
2012.06.21 19:28:13.858,0.75363,0.75398,2.25,2.25
2012.06.21 19:28:14.049,0.75363,0.75398,2.25,5.86
2012.06.21 19:28:14.109,0.75345,0.75395,1.13,1.35
2012.06.21 19:28:14.179,0.75348,0.75394,1.13,1.13
2012.06.21 19:28:14.697,0.75347,0.75397,1.13,1.13
2012.06.21 19:28:14.912,0.75351,0.75397,1.13,1.13
2012.06.21 19:28:15.488,0.75349,0.75389,3.00,3.38
2012.06.21 19:28:15.738,0.75349,0.75389,2.25,3.00
2012.06.21 19:28:15.800,0.75346,0.75385,3.00,1.13
2012.06.21 19:28:16.498,0.75345,0.75385,3.00,2.25
2012.06.21 19:28:17.054,0.75348,0.75385,1.13,2.25
2012.06.21 19:28:17.156,0.7535,0.75389,3.00,2.25
2012.06.21 19:28:17.547,0.75353,0.75393,3.38,3.38
2012.06.21 19:28:17.607,0.75353,0.75393,2.63,3.00
2012.06.21 19:28:17.669,0.75353,0.75393,3.38,3.38
2012.06.21 19:28:17.908,0.75355,0.75393,2.25,3.00
2012.06.21 19:28:18.790,0.75354,0.75393,2.25,3.00
2012.06.21 19:28:19.392,0.75355,0.75395,2.25,3.00
2012.06.21 19:28:19.899,0.75356,0.75396,2.25,3.00
2012.06.21 19:28:19.958,0.75356,0.75396,3.00,3.38
2012.06.21 19:28:20.266,0.75358,0.75396,2.25,3.38
2012.06.21 19:28:22.107,0.75359,0.75399,2.25,3.00
2012.06.21 19:28:22.200,0.75359,0.75399,2.25,3.00
2012.06.21 19:28:22.429,0.75359,0.75399,2.63,3.00
2012.06.21 19:28:22.878,0.75358,0.75398,2.25,3.38
2012.06.21 19:28:24.787,0.75356,0.75394,3.00,3.38
2012.06.21 19:28:24.847,0.75356,0.75394,3.00,1.13
2012.06.21 19:28:24.914,0.75356,0.75396,2.25,3.00
2012.06.21 19:28:25.311,0.75358,0.75395,2.25,3.00
2012.06.21 19:28:25.910,0.75356,0.75394,2.25,3.00
2012.06.21 19:28:26.464,0.75355,0.75393,2.63,2.25
2012.06.21 19:28:26.587,0.75357,0.75395,2.25,3.00
2012.06.21 19:28:27.341,0.75356,0.75396,2.25,3.00
2012.06.21 19:28:28.218,0.75355,0.75395,2.63,3.00
2012.06.21 19:28:28.797,0.75355,0.75393,2.63,2.25
2012.06.21 19:28:29.753,0.75355,0.75393,2.63,3.00
2012.06.21 19:28:30.906,0.75355,0.75393,3.00,2.25
2012.06.21 19:28:31.028,0.75353,0.7539,1.13,2.25
2012.06.21 19:28:31.089,0.75352,0.7539,2.63,2.25
2012.06.21 19:28:31.269,0.75353,0.7539,1.13,2.25
2012.06.21 19:28:31.351,0.75352,0.7539,3.38,2.25
2012.06.21 19:28:31.898,0.75356,0.75394,2.25,3.00
2012.06.21 19:28:33.224,0.75356,0.75394,2.25,3.00
2012.06.21 19:28:33.748,0.75357,0.75397,2.25,3.00
2012.06.21 19:28:33.955,0.75359,0.75397,2.25,3.00
2012.06.21 19:28:34.833,0.75353,0.75393,2.63,3.00
2012.06.21 19:28:35.177,0.75356,0.75396,2.25,3.00
2012.06.21 19:28:35.284,0.75358,0.75395,2.25,3.00
2012.06.21 19:28:35.618,0.75356,0.75396,2.25,3.00
2012.06.21 19:28:36.054,0.75354,0.75394,2.63,3.00
2012.06.21 19:28:40.641,0.75354,0.75392,2.63,3.00
2012.06.21 19:28:42.518,0.75354,0.75392,2.63,2.25
2012.06.21 19:28:44.708,0.75354,0.75392,2.63,3.00
2012.06.21 19:28:45.883,0.75354,0.75392,2.63,2.25
2012.06.21 19:28:46.144,0.75354,0.75392,2.63,3.00
2012.06.21 19:28:46.681,0.75351,0.75389,2.25,3.00
2012.06.21 19:28:47.149,0.75349,0.75389,2.63,3.00
2012.06.21 19:28:48.790,0.75349,0.75389,2.63,3.00
2012.06.21 19:28:49.658,0.75349,0.75389,2.63,3.00
2012.06.21 19:28:49.892,0.75351,0.75388,2.25,2.25
2012.06.21 19:28:50.233,0.75353,0.75388,2.25,3.00
2012.06.21 19:28:52.533,0.75353,0.75388,2.25,3.00
2012.06.21 19:28:52.871,0.75356,0.75389,2.63,3.00
2012.06.21 19:28:53.283,0.75358,0.75391,2.25,3.00
2012.06.21 19:28:53.509,0.7535,0.75388,2.25,3.00
2012.06.21 19:28:53.688,0.75354,0.75392,2.25,3.00
2012.06.21 19:28:56.932,0.75354,0.75392,2.63,3.00
2012.06.21 19:28:57.191,0.75354,0.75392,2.63,3.00
2012.06.21 19:29:02.471,0.75354,0.75392,2.63,3.00
2012.06.21 19:29:08.957,0.75351,0.75391,2.63,3.00
2012.06.21 19:29:15.652,0.75351,0.75391,3.38,3.00
2012.06.21 19:29:15.717,0.75351,0.75391,3.38,3.00
2012.06.21 19:29:16.564,0.75357,0.75395,2.25,3.00
2012.06.21 19:29:17.300,0.75362,0.75395,2.25,3.00
2012.06.21 19:29:17.650,0.75365,0.754,2.25,3.00
2012.06.21 19:29:17.836,0.75362,0.754,2.25,3.00
2012.06.21 19:29:17.896,0.75362,0.754,2.63,3.00
2012.06.21 19:29:18.259,0.75361,0.75401,2.63,3.00
2012.06.21 19:29:19.550,0.75357,0.75395,2.25,3.00
2012.06.21 19:29:19.942,0.75357,0.75395,2.63,3.00
2012.06.21 19:29:20.481,0.75362,0.75395,2.25,3.00
2012.06.21 19:29:20.548,0.75357,0.75395,2.25,3.00
2012.06.21 19:29:28.245,0.75357,0.75395,2.25,3.00
2012.06.21 19:29:28.310,0.75357,0.75395,2.25,3.00
2012.06.21 19:29:28.648,0.75358,0.75398,2.25,3.00
2012.06.21 19:29:28.939,0.75362,0.75399,2.25,3.00
2012.06.21 19:29:30.880,0.75361,0.75399,2.25,3.00
2012.06.21 19:29:31.353,0.75361,0.75399,2.25,3.00
2012.06.21 19:29:31.759,0.75361,0.75399,2.25,3.00
2012.06.21 19:29:31.939,0.75359,0.75399,2.25,3.00
2012.06.21 19:29:31.998,0.75356,0.75396,2.25,3.00
2012.06.21 19:29:39.069,0.75357,0.75397,2.63,3.00
2012.06.21 19:29:40.801,0.7536,0.75398,2.25,3.00
2012.06.21 19:29:41.832,0.7536,0.75398,2.25,3.00
2012.06.21 19:29:42.759,0.75361,0.754,2.25,3.00
2012.06.21 19:29:49.439,0.75361,0.754,2.63,3.00
2012.06.21 19:29:49.532,0.75361,0.754,2.63,3.00
2012.06.21 19:30:00.999,0.7536,0.75398,2.63,3.00
2012.06.21 19:30:09.306,0.75359,0.75399,2.63,3.00
2012.06.21 19:30:11.118,0.75359,0.75399,2.63,3.00
2012.06.21 19:30:12.138,0.75363,0.75403,2.63,3.00
2012.06.21 19:30:12.214,0.75363,0.75403,2.63,3.00
2012.06.21 19:30:12.568,0.75366,0.75406,2.63,3.00
2012.06.21 19:30:13.049,0.75371,0.75406,2.25,3.00
2012.06.21 19:30:13.595,0.75373,0.7541,2.25,3.00
2012.06.21 19:30:14.104,0.75373,0.7541,2.25,3.00
2012.06.21 19:30:14.288,0.75371,0.75409,2.25,3.00
2012.06.21 19:30:14.673,0.75366,0.75404,2.25,3.00
2012.06.21 19:30:14.739,0.7536,0.75399,2.63,3.00
2012.06.21 19:30:14.797,0.7536,0.75399,2.63,3.00
2012.06.21 19:30:15.307,0.75361,0.75399,2.25,3.00
2012.06.21 19:30:15.863,0.75361,0.75399,2.25,3.00
2012.06.21 19:30:16.220,0.75358,0.75396,2.25,3.00
2012.06.21 19:30:16.290,0.75354,0.75394,2.25,3.00
2012.06.21 19:30:16.550,0.75349,0.75389,3.38,3.00
2012.06.21 19:30:17.095,0.75352,0.75392,2.63,3.00
2012.06.21 19:30:17.431,0.75355,0.75393,2.25,3.00
2012.06.21 19:30:17.497,0.75355,0.75393,3.00,3.00
2012.06.21 19:30:17.911,0.75357,0.75394,2.25,3.00
2012.06.21 19:30:18.507,0.75356,0.75396,2.25,3.38
2012.06.21 19:30:19.633,0.75361,0.75394,2.25,2.25
2012.06.21 19:30:19.759,0.75362,0.75395,2.25,3.00
2012.06.21 19:30:20.163,0.7536,0.75395,2.63,3.00
2012.06.21 19:30:22.298,0.75359,0.75399,2.25,3.00
2012.06.21 19:30:22.358,0.75356,0.75394,3.38,3.00
2012.06.21 19:30:22.886,0.75356,0.75394,2.63,3.00
2012.06.21 19:30:23.232,0.75356,0.75394,3.38,3.00
2012.06.21 19:30:23.411,0.75356,0.75394,2.63,3.00
2012.06.21 19:30:25.657,0.75356,0.75394,3.38,3.00
2012.06.21 19:30:26.949,0.75356,0.75396,2.63,3.00
2012.06.21 19:30:27.555,0.75362,0.754,2.25,3.00
2012.06.21 19:30:28.655,0.75362,0.75402,2.63,3.00
2012.06.21 19:30:29.580,0.75364,0.75403,2.25,3.00
2012.06.21 19:30:29.650,0.75364,0.75403,2.25,3.00
2012.06.21 19:30:29.718,0.75366,0.75404,2.25,3.00
2012.06.21 19:30:30.333,0.75366,0.75404,2.63,3.00
2012.06.21 19:30:31.590,0.75366,0.75406,2.63,3.00
2012.06.21 19:30:33.878,0.75369,0.75406,2.25,3.00
2012.06.21 19:30:35.541,0.75369,0.75406,2.63,3.00
2012.06.21 19:30:38.338,0.75368,0.75408,2.63,3.00
2012.06.21 19:30:38.566,0.75364,0.75403,2.63,3.00
2012.06.21 19:30:38.796,0.75355,0.75402,2.25,3.00
2012.06.21 19:30:38.917,0.75355,0.75396,2.25,1.13
2012.06.21 19:30:39.091,0.75349,0.75389,2.63,3.00
2012.06.21 19:30:40.879,0.75349,0.75389,2.63,3.00
2012.06.21 19:30:40.937,0.75349,0.75389,3.00,3.00
2012.06.21 19:30:41.239,0.75349,0.75389,3.00,3.00
2012.06.21 19:30:41.480,0.75354,0.75392,2.25,3.00
2012.06.21 19:30:41.548,0.75354,0.75392,2.25,3.00
2012.06.21 19:30:41.631,0.75349,0.75389,2.63,3.00
2012.06.21 19:30:41.821,0.75349,0.75389,2.63,3.00
2012.06.21 19:30:42.408,0.75349,0.75386,2.25,3.00
2012.06.21 19:30:44.459,0.75349,0.75386,2.25,3.00
2012.06.21 19:30:45.150,0.75349,0.75386,2.63,3.00
2012.06.21 19:30:45.218,0.75351,0.75386,1.13,2.25
2012.06.21 19:30:45.338,0.75347,0.75387,3.00,3.00
2012.06.21 19:30:45.457,0.7535,0.7539,2.25,3.00
2012.06.21 19:30:45.519,0.7535,0.7539,2.25,3.00
2012.06.21 19:30:45.592,0.75346,0.75384,2.63,3.00
2012.06.21 19:30:45.659,0.75346,0.75384,3.38,3.00
2012.06.21 19:30:45.718,0.75347,0.75385,3.75,3.00
2012.06.21 19:30:47.170,0.75352,0.75388,1.13,3.00
2012.06.21 19:30:47.442,0.7535,0.75388,2.63,3.00
2012.06.21 19:30:47.984,0.75355,0.75388,2.25,3.00
2012.06.21 19:30:49.195,0.75355,0.75388,2.63,3.00
2012.06.21 19:30:50.208,0.75355,0.75388,2.63,3.00
2012.06.21 19:30:50.327,0.75344,0.75384,2.63,3.00
2012.06.21 19:30:50.399,0.75346,0.75384,1.13,3.00
2012.06.21 19:30:50.457,0.75346,0.75384,1.50,3.00
2012.06.21 19:30:50.768,0.75354,0.75389,2.63,3.00
2012.06.21 19:30:50.951,0.75354,0.75389,2.63,3.00
2012.06.21 19:30:51.733,0.75354,0.75389,2.63,3.00
2012.06.21 19:30:51.885,0.75354,0.75389,2.63,3.00
2012.06.21 19:30:57.340,0.75356,0.7539,2.63,3.00
2012.06.21 19:30:57.530,0.75356,0.7539,2.63,3.00
2012.06.21 19:30:57.914,0.7536,0.75393,2.25,3.00
2012.06.21 19:30:58.110,0.7536,0.75393,2.25,3.00
2012.06.21 19:30:58.458,0.75361,0.75394,2.25,3.00
2012.06.21 19:30:58.518,0.75364,0.75397,2.25,3.00
2012.06.21 19:30:58.830,0.75362,0.75397,2.25,3.00
2012.06.21 19:30:59.278,0.75354,0.75397,2.25,3.00
2012.06.21 19:31:01.639,0.75354,0.75397,2.25,3.00
2012.06.21 19:31:03.177,0.75354,0.75397,2.25,3.00
2012.06.21 19:31:03.319,0.7535,0.75395,2.25,3.00
2012.06.21 19:31:03.464,0.7535,0.75395,2.25,3.00
2012.06.21 19:31:03.724,0.7535,0.7539,2.25,2.25
2012.06.21 19:31:04.402,0.75349,0.75386,2.25,3.00
2012.06.21 19:31:05.381,0.7535,0.75388,2.25,3.00
2012.06.21 19:31:05.737,0.75353,0.7539,2.25,3.00
2012.06.21 19:31:06.200,0.75354,0.75392,2.25,3.00
2012.06.21 19:31:06.362,0.75354,0.75392,2.25,3.00
2012.06.21 19:31:06.837,0.75352,0.7539,2.25,3.00
2012.06.21 19:31:06.982,0.75352,0.7539,2.25,3.00
2012.06.21 19:31:07.047,0.75352,0.7539,2.25,3.00
2012.06.21 19:31:09.360,0.75353,0.75391,2.25,3.00
2012.06.21 19:31:09.571,0.75349,0.75386,2.25,3.00
2012.06.21 19:31:09.638,0.75349,0.75386,2.25,3.00
2012.06.21 19:31:10.252,0.75348,0.75388,2.25,3.00
2012.06.21 19:31:10.317,0.75348,0.75388,2.25,3.00
2012.06.21 19:31:10.600,0.75348,0.75387,2.25,3.00
2012.06.21 19:31:14.393,0.75348,0.75387,2.25,3.00
2012.06.21 19:31:15.492,0.75348,0.75387,2.25,3.00
2012.06.21 19:31:18.078,0.75348,0.75387,2.25,3.00
2012.06.21 19:31:20.073,0.75348,0.75382,2.25,2.25
2012.06.21 19:31:20.139,0.75343,0.75383,2.25,3.00
2012.06.21 19:31:20.458,0.75348,0.75387,2.25,3.00
2012.06.21 19:31:23.432,0.75348,0.75387,2.25,3.00
2012.06.21 19:31:23.558,0.7535,0.75388,2.25,3.00
2012.06.21 19:31:24.211,0.75352,0.75387,2.25,2.25
2012.06.21 19:31:25.068,0.75352,0.75387,2.25,2.25
2012.06.21 19:31:25.331,0.75351,0.75389,2.25,3.00
2012.06.21 19:31:25.752,0.75348,0.75388,2.63,3.00
2012.06.21 19:31:25.985,0.75345,0.75385,2.63,3.00
2012.06.21 19:31:26.168,0.75346,0.75385,1.13,3.00
2012.06.21 19:31:26.379,0.75345,0.75385,2.63,3.00
2012.06.21 19:31:26.629,0.75346,0.75384,3.38,3.00
2012.06.21 19:31:28.578,0.75346,0.75384,2.25,3.00
2012.06.21 19:31:29.739,0.75346,0.75384,3.00,3.00
2012.06.21 19:31:31.550,0.75346,0.75384,2.25,3.00
2012.06.21 19:31:32.215,0.75346,0.75384,2.25,3.00
2012.06.21 19:31:32.279,0.75346,0.75384,2.25,3.00
2012.06.21 19:31:34.141,0.75347,0.75385,2.25,3.00
2012.06.21 19:31:34.385,0.75347,0.75385,2.25,3.00
2012.06.21 19:31:34.510,0.75347,0.75385,2.25,3.00
2012.06.21 19:31:34.579,0.75344,0.75383,2.25,3.00
2012.06.21 19:31:35.154,0.75344,0.75384,2.25,3.00
2012.06.21 19:31:35.499,0.75345,0.75383,2.25,3.00
2012.06.21 19:31:36.151,0.75345,0.75383,2.25,3.00
2012.06.21 19:31:36.423,0.75345,0.75383,2.25,3.00
2012.06.21 19:31:37.531,0.75348,0.75383,2.25,2.25
2012.06.21 19:31:37.602,0.75342,0.7538,3.00,3.00
2012.06.21 19:31:37.669,0.75347,0.7538,2.25,2.25
2012.06.21 19:31:38.051,0.75341,0.75379,3.00,3.00
2012.06.21 19:31:38.180,0.75346,0.75381,2.25,3.00
2012.06.21 19:31:38.493,0.75342,0.7538,3.00,3.00
2012.06.21 19:31:38.558,0.75342,0.75379,3.00,1.13
2012.06.21 19:31:38.678,0.75342,0.7538,3.00,3.00
2012.06.21 19:31:38.737,0.75345,0.7538,2.25,3.00
2012.06.21 19:31:39.662,0.75345,0.7538,3.00,3.00
2012.06.21 19:31:39.788,0.75345,0.7538,2.25,3.00
2012.06.21 19:31:39.978,0.75341,0.75381,3.38,3.00
2012.06.21 19:31:42.882,0.75344,0.75384,2.25,3.00
2012.06.21 19:31:43.003,0.75342,0.7538,2.25,3.00
2012.06.21 19:31:43.068,0.75344,0.75382,2.25,3.00
2012.06.21 19:31:49.269,0.75344,0.75383,3.00,3.00
2012.06.21 19:31:52.471,0.75344,0.75384,2.25,3.00
2012.06.21 19:31:52.802,0.75345,0.75385,3.00,3.00
2012.06.21 19:31:52.868,0.75345,0.75385,2.25,3.00
2012.06.21 19:31:54.442,0.75346,0.75386,3.00,3.00
2012.06.21 19:31:58.900,0.75346,0.75386,2.25,3.00
2012.06.21 19:31:59.390,0.75344,0.75383,2.25,3.00
2012.06.21 19:32:00.014,0.75343,0.75381,2.63,3.00
2012.06.21 19:32:00.191,0.75343,0.75379,1.13,2.25
2012.06.21 19:32:02.379,0.75341,0.75379,3.00,3.00
2012.06.21 19:32:02.900,0.75341,0.75378,3.00,2.25
2012.06.21 19:32:03.990,0.75341,0.75378,3.00,2.25
2012.06.21 19:32:08.528,0.75341,0.75379,3.00,3.38
2012.06.21 19:32:08.649,0.75344,0.75379,3.00,3.38
2012.06.21 19:32:08.867,0.75341,0.75379,3.00,3.38
2012.06.21 19:32:09.180,0.75343,0.75381,3.00,2.25
2012.06.21 19:32:10.207,0.75341,0.75379,3.38,3.00
2012.06.21 19:32:10.268,0.75342,0.75379,1.13,2.25
2012.06.21 19:32:10.328,0.75344,0.75383,3.00,3.00
2012.06.21 19:32:10.630,0.75344,0.75383,2.25,3.00
2012.06.21 19:32:11.009,0.75342,0.7538,1.13,3.00
2012.06.21 19:32:11.518,0.7534,0.7538,2.63,3.00
2012.06.21 19:32:12.644,0.7534,0.7538,2.25,3.00
2012.06.21 19:32:12.799,0.75342,0.75382,2.25,3.00
2012.06.21 19:32:13.587,0.75337,0.75375,2.63,3.00
2012.06.21 19:32:20.947,0.75338,0.75375,1.13,2.25
2012.06.21 19:32:40.393,0.75338,0.75376,3.38,2.25
2012.06.21 19:32:40.926,0.75338,0.75375,1.13,2.25
2012.06.21 19:32:42.273,0.75337,0.75375,3.38,3.00
2012.06.21 19:32:42.550,0.75338,0.75374,1.13,2.25
2012.06.21 19:32:43.238,0.75337,0.75374,2.63,3.00
2012.06.21 19:32:44.798,0.75338,0.75374,1.13,2.25
2012.06.21 19:32:45.457,0.75337,0.75374,3.38,3.00
2012.06.21 19:32:45.863,0.75338,0.75372,1.13,2.25
2012.06.21 19:32:46.260,0.75334,0.7537,1.13,2.25
2012.06.21 19:32:46.388,0.75338,0.75371,1.13,2.25
2012.06.21 19:32:47.771,0.75338,0.75373,3.38,3.00
2012.06.21 19:32:47.890,0.75338,0.75376,1.13,2.25
2012.06.21 19:32:50.005,0.75337,0.75376,1.13,3.00
2012.06.21 19:32:51.861,0.75335,0.75373,3.00,3.00
2012.06.21 19:32:51.984,0.75335,0.75373,3.00,2.25
2012.06.21 19:32:52.128,0.75335,0.75373,3.00,2.25
2012.06.21 19:32:52.573,0.75334,0.75373,1.13,2.25
2012.06.21 19:32:53.500,0.75334,0.75372,1.13,2.25
2012.06.21 19:32:58.112,0.75339,0.75372,1.13,2.25
2012.06.21 19:33:00.219,0.75337,0.75372,3.38,3.00
2012.06.21 19:33:02.909,0.75339,0.75372,1.13,2.25
2012.06.21 19:33:07.922,0.75337,0.75372,2.63,3.00
2012.06.21 19:33:08.453,0.75335,0.75375,3.00,3.00
2012.06.21 19:33:08.793,0.7533,0.75367,3.00,2.25
2012.06.21 19:33:09.168,0.75334,0.75369,3.00,1.13
2012.06.21 19:33:09.229,0.75334,0.75371,3.00,2.25
2012.06.21 19:33:09.598,0.75337,0.75372,3.38,2.25
2012.06.21 19:33:11.600,0.75338,0.75375,3.00,2.25
2012.06.21 19:33:11.928,0.75332,0.75371,1.13,2.25
2012.06.21 19:33:11.987,0.75332,0.75374,3.00,3.00
2012.06.21 19:33:12.750,0.75331,0.75377,3.38,2.25
2012.06.21 19:33:13.264,0.75331,0.75379,3.00,3.00
2012.06.21 19:33:13.632,0.75331,0.75376,3.00,2.25
2012.06.21 19:33:14.653,0.7533,0.75376,1.13,2.25
2012.06.21 19:33:15.716,0.7533,0.75376,1.13,2.25
2012.06.21 19:33:16.387,0.7533,0.75376,1.13,2.25
2012.06.21 19:33:18.941,0.75336,0.75376,1.13,2.25
2012.06.21 19:33:19.340,0.75339,0.75376,1.13,2.25
2012.06.21 19:33:20.656,0.75342,0.75376,1.13,2.25
2012.06.21 19:33:20.891,0.75342,0.75379,1.13,3.00
2012.06.21 19:33:20.994,0.75341,0.75379,3.00,3.00
2012.06.21 19:33:21.059,0.75344,0.75382,2.25,3.00
2012.06.21 19:33:21.178,0.75339,0.75384,3.00,3.00
2012.06.21 19:33:21.238,0.75339,0.75384,2.25,3.00
2012.06.21 19:33:22.452,0.75337,0.75383,3.38,3.00
2012.06.21 19:33:24.918,0.75332,0.75378,3.00,2.25
2012.06.21 19:33:25.258,0.7534,0.75378,1.13,2.25
2012.06.21 19:33:25.318,0.75341,0.75379,2.25,3.00
2012.06.21 19:33:25.477,0.75341,0.75379,3.00,2.25
2012.06.21 19:33:26.419,0.75331,0.75379,3.38,3.00
2012.06.21 19:33:26.679,0.75333,0.75379,3.00,2.25
2012.06.21 19:33:26.739,0.75333,0.75379,3.00,3.00
2012.06.21 19:33:27.260,0.75338,0.75375,2.25,3.00
2012.06.21 19:33:27.950,0.75337,0.75375,3.00,3.00
2012.06.21 19:33:28.270,0.75336,0.75375,1.13,3.38
2012.06.21 19:33:28.939,0.75336,0.75375,1.13,3.00
2012.06.21 19:33:29.260,0.75337,0.75375,1.50,3.00
2012.06.21 19:33:29.889,0.75344,0.75379,2.25,3.00
2012.06.21 19:33:30.227,0.75337,0.75391,1.50,1.73
2012.06.21 19:33:30.649,0.75331,0.75391,1.50,1.73
2012.06.21 19:33:30.819,0.75337,0.75391,1.50,1.73
2012.06.21 19:33:31.453,0.75341,0.75391,1.35,1.13
2012.06.21 19:33:31.520,0.75336,0.75384,1.13,1.13
2012.06.21 19:33:31.650,0.75331,0.75384,2.10,1.13
2012.06.21 19:33:31.963,0.75336,0.75386,1.50,1.13
2012.06.21 19:33:32.139,0.75331,0.75386,2.10,1.13
2012.06.21 19:33:32.413,0.75337,0.75386,1.50,1.13
2012.06.21 19:33:32.477,0.75336,0.75381,1.13,1.35
2012.06.21 19:33:32.537,0.75331,0.75381,1.50,1.35
2012.06.21 19:33:32.661,0.75331,0.75377,1.13,1.13
2012.06.21 19:33:32.959,0.75331,0.75366,1.13,2.25
2012.06.21 19:33:33.138,0.75332,0.75367,2.63,2.25
2012.06.21 19:33:33.338,0.75331,0.75367,1.13,2.25
2012.06.21 19:33:33.660,0.75331,0.75365,1.50,2.25
2012.06.21 19:33:33.729,0.75336,0.75369,2.63,3.00
2012.06.21 19:33:33.902,0.75334,0.75372,3.00,2.25
2012.06.21 19:33:34.429,0.75336,0.75374,1.13,2.25
2012.06.21 19:33:34.489,0.75331,0.75367,1.13,2.25
2012.06.21 19:33:34.547,0.75331,0.75367,1.13,2.25
2012.06.21 19:33:36.090,0.75331,0.75367,1.13,2.25
2012.06.21 19:33:41.704,0.75331,0.75367,1.13,2.25
2012.06.21 19:33:42.200,0.75333,0.75367,3.00,2.25
2012.06.21 19:33:44.124,0.75333,0.75367,2.63,3.00
2012.06.21 19:33:44.934,0.75332,0.75367,1.13,2.25
2012.06.21 19:33:45.998,0.75332,0.75368,1.13,3.00
2012.06.21 19:33:49.191,0.75328,0.75368,3.00,3.00
2012.06.21 19:33:49.258,0.75328,0.75368,2.25,3.00
2012.06.21 19:33:50.739,0.75326,0.75362,1.13,2.25
2012.06.21 19:33:51.288,0.75326,0.75364,1.13,3.00
2012.06.21 19:33:58.149,0.75326,0.75364,1.13,2.25
2012.06.21 19:33:58.984,0.7533,0.75367,3.00,3.38
2012.06.21 19:34:00.403,0.7533,0.75367,2.63,3.00
2012.06.21 19:34:01.184,0.75329,0.75367,2.25,3.00
2012.06.21 19:34:01.385,0.75326,0.75363,1.13,3.00
2012.06.21 19:34:05.179,0.75326,0.75363,1.13,2.25
2012.06.21 19:34:08.704,0.75326,0.75363,1.13,3.00
2012.06.21 19:34:08.922,0.75326,0.75363,1.13,2.25
2012.06.21 19:34:09.649,0.75326,0.75364,1.13,3.00
2012.06.21 19:34:09.711,0.75326,0.75364,1.13,2.25
2012.06.21 19:34:10.630,0.75327,0.75365,3.00,2.25
2012.06.21 19:34:12.063,0.75327,0.75365,2.25,3.00
2012.06.21 19:34:12.128,0.75326,0.75366,3.38,3.00
2012.06.21 19:34:12.468,0.75326,0.75366,3.75,3.00
2012.06.21 19:34:12.649,0.75332,0.75367,2.25,3.00
2012.06.21 19:34:13.173,0.7533,0.75368,2.63,3.00
2012.06.21 19:34:13.240,0.7533,0.75368,2.63,3.00
2012.06.21 19:34:13.508,0.75332,0.75371,2.25,3.00
2012.06.21 19:34:13.823,0.75337,0.75374,2.25,3.00
2012.06.21 19:34:14.009,0.75337,0.75374,2.25,3.00
2012.06.21 19:34:14.070,0.75333,0.75373,2.63,3.00
2012.06.21 19:34:14.163,0.75333,0.75373,2.63,3.00
2012.06.21 19:34:14.383,0.75333,0.75373,2.63,3.00
2012.06.21 19:34:16.463,0.75333,0.75371,2.25,3.00
2012.06.21 19:34:16.530,0.75329,0.75366,2.63,3.00
2012.06.21 19:34:16.588,0.75328,0.75368,2.63,3.00
2012.06.21 19:34:17.550,0.7533,0.75368,2.25,3.00
2012.06.21 19:34:17.681,0.7533,0.7537,2.25,3.00
2012.06.21 19:34:18.235,0.7533,0.7537,2.25,3.00
2012.06.21 19:34:18.974,0.75328,0.75368,2.63,3.00
2012.06.21 19:34:21.481,0.75328,0.75368,2.63,3.00
2012.06.21 19:34:23.076,0.75329,0.75366,2.63,3.00
2012.06.21 19:34:23.227,0.75326,0.75364,2.63,3.00
2012.06.21 19:34:23.718,0.75326,0.75363,1.13,3.00
2012.06.21 19:34:23.923,0.75326,0.75361,1.13,2.25
2012.06.21 19:34:24.578,0.75326,0.75361,3.38,2.25
2012.06.21 19:34:24.638,0.75327,0.75365,1.13,3.00
2012.06.21 19:34:26.782,0.7533,0.75365,1.13,2.25
2012.06.21 19:34:26.847,0.7533,0.75367,1.13,2.25
2012.06.21 19:34:26.998,0.7533,0.75367,1.13,2.25
2012.06.21 19:34:29.154,0.7533,0.75367,1.13,2.25
2012.06.21 19:34:30.961,0.7533,0.75367,1.13,2.25
2012.06.21 19:34:31.209,0.75334,0.75367,1.13,2.25
2012.06.21 19:34:31.620,0.75332,0.75367,2.63,3.00
2012.06.21 19:34:32.052,0.75332,0.75367,3.00,3.00
2012.06.21 19:34:32.182,0.75335,0.75368,2.25,3.00
2012.06.21 19:34:32.397,0.75331,0.75369,1.13,3.00
2012.06.21 19:34:34.447,0.75333,0.75373,2.25,3.00
2012.06.21 19:34:34.856,0.75333,0.75373,2.25,3.00
2012.06.21 19:34:34.918,0.75333,0.75373,2.25,3.00
2012.06.21 19:34:36.368,0.75333,0.75371,2.63,3.00
2012.06.21 19:34:37.952,0.75332,0.75372,2.63,3.00
2012.06.21 19:34:38.350,0.75335,0.75373,2.63,3.00
2012.06.21 19:34:38.452,0.75335,0.75373,2.63,3.00
2012.06.21 19:34:38.519,0.75335,0.75373,2.63,2.25
2012.06.21 19:34:38.580,0.75335,0.75373,2.63,3.00
2012.06.21 19:34:39.089,0.75339,0.75374,2.63,3.00
2012.06.21 19:34:40.749,0.75338,0.75378,2.63,3.00
2012.06.21 19:34:41.467,0.75339,0.75379,2.63,3.00
2012.06.21 19:34:41.684,0.75341,0.75381,2.63,3.00
2012.06.21 19:34:41.802,0.75341,0.75381,2.63,3.00
2012.06.21 19:34:41.954,0.75345,0.75383,2.25,3.00
2012.06.21 19:34:43.199,0.75345,0.75383,2.63,3.00
2012.06.21 19:34:43.558,0.75344,0.75382,2.63,3.00
2012.06.21 19:34:43.679,0.75342,0.7538,2.63,3.00
2012.06.21 19:34:43.739,0.75342,0.7538,2.63,3.00
2012.06.21 19:34:43.869,0.75341,0.75379,2.63,3.00
2012.06.21 19:34:45.681,0.75337,0.75377,3.00,3.00
2012.06.21 19:34:45.949,0.75337,0.75375,3.00,3.00
2012.06.21 19:34:47.764,0.75339,0.75377,2.63,3.00
2012.06.21 19:34:48.201,0.75338,0.75376,2.63,3.00
2012.06.21 19:34:49.143,0.75338,0.75376,2.63,3.00
2012.06.21 19:34:49.304,0.75338,0.75376,2.63,3.00
2012.06.21 19:34:49.368,0.75337,0.75375,2.63,3.00
2012.06.21 19:34:51.099,0.75336,0.75374,2.63,3.00
2012.06.21 19:34:53.953,0.75339,0.75374,2.25,3.00
2012.06.21 19:34:54.821,0.75341,0.75374,2.63,3.00
2012.06.21 19:34:56.868,0.75336,0.75376,3.00,3.00
2012.06.21 19:34:57.307,0.75337,0.75374,3.00,3.00
2012.06.21 19:34:57.570,0.75337,0.75374,2.25,3.00
2012.06.21 19:34:59.127,0.75335,0.75375,2.63,3.00
2012.06.21 19:35:02.652,0.75334,0.75374,2.63,3.00
2012.06.21 19:35:05.331,0.75334,0.75372,2.25,3.00
2012.06.21 19:35:05.399,0.75334,0.75372,2.25,3.00
2012.06.21 19:35:05.688,0.75332,0.7537,2.63,3.00
2012.06.21 19:35:05.810,0.7533,0.7537,2.63,3.00
2012.06.21 19:35:06.125,0.75331,0.75367,1.13,2.25
2012.06.21 19:35:06.591,0.75331,0.75367,1.13,2.25
2012.06.21 19:35:06.811,0.75332,0.75367,2.63,3.00
2012.06.21 19:35:06.879,0.75332,0.75367,2.63,3.00
2012.06.21 19:35:07.390,0.75332,0.75367,2.25,3.00
2012.06.21 19:35:07.579,0.75329,0.75366,2.63,3.00
2012.06.21 19:35:14.918,0.75329,0.75366,2.25,3.00
2012.06.21 19:35:15.038,0.75329,0.75366,2.25,3.00
2012.06.21 19:35:15.098,0.75327,0.75365,2.25,3.00
2012.06.21 19:35:15.219,0.75325,0.75363,2.63,3.00
2012.06.21 19:35:16.629,0.75323,0.75361,2.63,3.00
2012.06.21 19:35:16.989,0.75325,0.75363,2.25,3.00
2012.06.21 19:35:17.718,0.75326,0.75366,2.25,3.00
2012.06.21 19:35:18.398,0.75326,0.75366,3.00,3.00
2012.06.21 19:35:18.662,0.75326,0.75366,2.25,3.00
2012.06.21 19:35:18.835,0.75326,0.75366,3.00,3.00
2012.06.21 19:35:20.380,0.75326,0.75366,2.25,3.00
2012.06.21 19:35:20.649,0.75326,0.75365,3.00,1.13
2012.06.21 19:35:20.708,0.75324,0.75363,1.13,2.25
2012.06.21 19:35:21.406,0.75324,0.75362,1.13,2.25
2012.06.21 19:35:27.710,0.75323,0.75363,3.00,3.00
2012.06.21 19:35:28.042,0.75329,0.75366,2.25,3.00
2012.06.21 19:35:28.511,0.75326,0.75364,2.25,3.00
2012.06.21 19:35:30.297,0.75326,0.75364,3.00,3.00
2012.06.21 19:35:31.687,0.75325,0.75363,3.00,2.25
2012.06.21 19:35:33.075,0.75325,0.75363,2.25,3.00
2012.06.21 19:35:33.379,0.75327,0.75367,2.25,3.00
2012.06.21 19:35:33.498,0.75327,0.75367,2.25,3.00
2012.06.21 19:35:33.989,0.75327,0.75367,2.25,3.00
2012.06.21 19:35:35.626,0.75326,0.75366,3.00,3.00
2012.06.21 19:35:40.277,0.75326,0.75366,3.38,3.00
2012.06.21 19:35:40.602,0.75326,0.75366,3.38,3.00
2012.06.21 19:35:46.230,0.75325,0.75365,2.63,3.00
2012.06.21 19:35:46.298,0.75327,0.75365,1.13,3.00
2012.06.21 19:35:49.841,0.75326,0.75366,2.63,3.00
2012.06.21 19:35:50.260,0.75324,0.75364,2.25,3.00
2012.06.21 19:35:50.970,0.75322,0.75362,2.63,3.00
2012.06.21 19:35:52.452,0.75325,0.75363,2.25,3.00
2012.06.21 19:35:54.445,0.75326,0.75364,2.25,3.00
2012.06.21 19:35:55.112,0.75326,0.75364,2.63,3.00
2012.06.21 19:35:55.238,0.75326,0.75364,3.38,3.00
2012.06.21 19:35:57.662,0.75326,0.75366,2.63,3.00
2012.06.21 19:35:57.799,0.75326,0.75364,1.13,3.00
2012.06.21 19:35:57.998,0.75326,0.7536,1.13,2.25
2012.06.21 19:35:58.118,0.75322,0.7536,1.13,3.00
2012.06.21 19:35:58.868,0.75323,0.75359,1.13,2.25
2012.06.21 19:35:58.952,0.75322,0.75359,1.13,3.00
2012.06.21 19:35:59.022,0.75319,0.75356,1.13,2.25
2012.06.21 19:35:59.527,0.75319,0.75354,1.13,2.25
2012.06.21 19:35:59.623,0.75319,0.75356,1.13,2.25
2012.06.21 19:35:59.688,0.75319,0.75354,1.13,2.25
2012.06.21 19:36:05.640,0.75319,0.75354,1.13,2.25
2012.06.21 19:36:06.018,0.75323,0.75354,1.13,2.25
2012.06.21 19:36:06.969,0.75326,0.75354,1.13,2.25
2012.06.21 19:36:07.031,0.75326,0.75357,1.13,2.25
2012.06.21 19:36:07.542,0.75322,0.75361,1.50,3.00
2012.06.21 19:36:07.763,0.75322,0.75361,1.13,3.00
2012.06.21 19:36:08.189,0.75324,0.75361,1.13,2.25
2012.06.21 19:36:08.623,0.75322,0.75361,1.13,3.00
2012.06.21 19:36:08.960,0.75324,0.75361,1.13,2.25
2012.06.21 19:36:09.125,0.75321,0.75361,3.38,3.00
2012.06.21 19:36:09.478,0.75324,0.75362,3.38,2.25
2012.06.21 19:36:10.821,0.75324,0.75362,2.63,3.00
2012.06.21 19:36:10.888,0.75324,0.75362,3.38,2.25
2012.06.21 19:36:11.129,0.75322,0.75359,3.00,1.13
2012.06.21 19:36:11.269,0.75322,0.7536,2.25,3.00
2012.06.21 19:36:11.331,0.7532,0.75358,3.00,2.25
2012.06.21 19:36:12.298,0.75319,0.75356,3.00,2.25
2012.06.21 19:36:12.558,0.75322,0.75363,1.13,1.13
2012.06.21 19:36:13.170,0.75321,0.75356,1.13,2.25
2012.06.21 19:36:13.837,0.75325,0.7536,1.13,2.25
2012.06.21 19:36:14.155,0.75327,0.7536,1.13,2.25
2012.06.21 19:36:14.280,0.75325,0.75363,2.63,3.00
2012.06.21 19:36:15.622,0.75322,0.75362,2.63,3.00
2012.06.21 19:36:15.679,0.75325,0.75363,3.00,2.25
2012.06.21 19:36:15.817,0.75325,0.75363,2.25,3.00
2012.06.21 19:36:16.150,0.75328,0.75363,2.63,3.00
2012.06.21 19:36:16.408,0.7533,0.75363,1.13,2.25
2012.06.21 19:36:20.187,0.75331,0.75363,1.13,2.25
2012.06.21 19:36:20.369,0.75335,0.75367,1.13,2.25
2012.06.21 19:36:20.428,0.75334,0.75367,2.25,3.00
2012.06.21 19:36:20.921,0.75331,0.75367,1.13,2.25
2012.06.21 19:36:20.991,0.75331,0.75369,1.13,3.00
2012.06.21 19:36:21.631,0.7533,0.75369,2.63,3.00
2012.06.21 19:36:22.743,0.75331,0.75369,1.13,3.00
2012.06.21 19:36:23.311,0.7533,0.75369,3.00,3.00
2012.06.21 19:36:23.445,0.75331,0.75369,1.13,3.00
2012.06.21 19:36:23.748,0.75333,0.75373,2.63,3.00
2012.06.21 19:36:27.645,0.75331,0.75368,2.63,3.00
2012.06.21 19:36:27.711,0.75331,0.75368,2.25,3.00
2012.06.21 19:36:27.957,0.75321,0.75373,1.13,1.35
2012.06.21 19:36:28.018,0.75321,0.75373,1.13,1.35
2012.06.21 19:36:28.451,0.75332,0.75373,1.13,1.73
2012.06.21 19:36:28.759,0.75335,0.75375,2.25,3.00
2012.06.21 19:36:28.896,0.75332,0.75369,2.63,3.00
2012.06.21 19:36:29.422,0.75332,0.75369,2.63,3.00
2012.06.21 19:36:29.970,0.75331,0.75369,1.13,2.25
2012.06.21 19:36:30.209,0.75331,0.7537,3.75,2.25
2012.06.21 19:36:30.729,0.75344,0.75377,2.25,3.38
2012.06.21 19:36:30.792,0.75344,0.75377,2.63,3.00
2012.06.21 19:36:31.008,0.7534,0.75377,2.63,3.00
2012.06.21 19:36:31.350,0.75335,0.75373,2.63,3.00
2012.06.21 19:36:31.767,0.75332,0.7537,3.75,2.25
2012.06.21 19:36:31.889,0.75332,0.7537,2.25,3.00
2012.06.21 19:36:31.950,0.75332,0.75369,3.00,1.13
2012.06.21 19:36:32.009,0.7533,0.75366,1.13,2.25
2012.06.21 19:36:32.068,0.75328,0.75366,2.63,2.25
2012.06.21 19:36:32.263,0.7533,0.75366,1.13,2.25
2012.06.21 19:36:32.482,0.75329,0.75366,2.63,2.25
2012.06.21 19:36:32.632,0.75329,0.75366,2.63,2.25
2012.06.21 19:36:32.757,0.75333,0.75366,3.38,2.25
2012.06.21 19:36:32.853,0.75333,0.75368,3.38,2.25
2012.06.21 19:36:32.979,0.75333,0.75368,3.00,3.00
2012.06.21 19:36:33.100,0.75339,0.75374,2.63,3.00
2012.06.21 19:36:33.221,0.75341,0.75374,2.25,3.75
2012.06.21 19:36:33.409,0.75332,0.75369,2.25,1.13
2012.06.21 19:36:33.736,0.75329,0.75366,2.63,2.25
2012.06.21 19:36:34.911,0.7533,0.75366,1.13,2.25
2012.06.21 19:36:35.258,0.75333,0.7537,2.63,2.25
2012.06.21 19:36:36.880,0.75333,0.7537,2.63,3.00
2012.06.21 19:36:37.308,0.75333,0.7537,2.63,2.25
2012.06.21 19:36:37.369,0.75333,0.7537,2.63,3.00
2012.06.21 19:36:37.919,0.75333,0.7537,2.63,2.25
2012.06.21 19:36:38.437,0.75333,0.7537,2.63,3.00
2012.06.21 19:36:39.669,0.75333,0.7537,2.63,3.00
2012.06.21 19:36:40.770,0.75333,0.7537,2.63,2.25
2012.06.21 19:36:41.554,0.75333,0.7537,2.63,3.00
2012.06.21 19:36:42.008,0.75329,0.75367,2.63,3.00
2012.06.21 19:36:42.218,0.75322,0.75367,2.85,3.00
2012.06.21 19:36:42.422,0.75322,0.75367,3.00,2.25
2012.06.21 19:36:43.190,0.75322,0.75367,3.00,2.25
2012.06.21 19:36:44.146,0.75322,0.75367,2.25,2.25
2012.06.21 19:36:44.645,0.75322,0.75367,2.63,2.25
2012.06.21 19:36:44.709,0.75326,0.75369,3.00,3.00
2012.06.21 19:36:44.989,0.75327,0.75373,2.25,3.00
2012.06.21 19:36:45.441,0.75326,0.75364,2.25,3.00
2012.06.21 19:36:46.020,0.75321,0.75359,3.00,2.25
2012.06.21 19:36:46.768,0.75321,0.75359,3.00,3.00
2012.06.21 19:36:47.450,0.75321,0.75359,3.00,2.25
2012.06.21 19:36:47.711,0.75332,0.75359,1.35,2.25
2012.06.21 19:36:47.779,0.75336,0.75359,1.50,2.25
2012.06.21 19:36:47.840,0.75345,0.75378,2.25,3.00
2012.06.21 19:36:47.959,0.75345,0.75378,2.25,2.25
2012.06.21 19:36:48.077,0.75336,0.75373,2.25,3.00
2012.06.21 19:36:49.579,0.75331,0.75369,3.00,2.25
2012.06.21 19:36:49.818,0.75327,0.75366,1.13,2.25
2012.06.21 19:36:50.624,0.75328,0.75366,2.63,3.00
2012.06.21 19:36:51.232,0.75327,0.75363,3.00,1.13
2012.06.21 19:36:51.546,0.75322,0.75362,3.38,2.25
2012.06.21 19:36:51.877,0.75322,0.7536,1.13,2.25
2012.06.21 19:36:52.181,0.75325,0.75363,3.38,2.25
2012.06.21 19:36:52.700,0.75325,0.75363,3.38,2.25
2012.06.21 19:36:53.921,0.75325,0.75363,3.38,3.00
2012.06.21 19:36:55.414,0.75325,0.75363,3.38,2.25
2012.06.21 19:36:55.891,0.75325,0.75363,3.38,2.25
2012.06.21 19:36:57.491,0.75325,0.75363,1.13,2.25
2012.06.21 19:36:57.690,0.75325,0.75362,1.13,2.25
2012.06.21 19:36:57.990,0.75321,0.75361,3.00,2.25
2012.06.21 19:36:58.049,0.75321,0.75363,3.38,2.25
2012.06.21 19:36:58.586,0.75321,0.75364,3.38,3.00
2012.06.21 19:36:59.549,0.75321,0.75364,3.38,3.00
2012.06.21 19:37:00.380,0.75321,0.75364,3.00,3.00
2012.06.21 19:37:00.884,0.75319,0.75365,2.25,3.00
2012.06.21 19:37:01.288,0.75319,0.75365,3.00,2.25
2012.06.21 19:37:01.693,0.75317,0.75365,3.00,3.00
2012.06.21 19:37:02.018,0.75317,0.75365,3.00,3.00
2012.06.21 19:37:02.408,0.75317,0.7536,3.00,2.25
2012.06.21 19:37:03.463,0.75318,0.75354,3.00,1.13
2012.06.21 19:37:03.629,0.75322,0.75355,2.25,3.00
2012.06.21 19:37:07.319,0.75322,0.75355,2.25,2.25
2012.06.21 19:37:07.479,0.75326,0.75355,1.13,2.25
2012.06.21 19:37:07.540,0.75326,0.75358,1.13,2.25
2012.06.21 19:37:08.146,0.75327,0.75362,2.25,2.25
2012.06.21 19:37:08.584,0.75326,0.75362,1.13,2.25
2012.06.21 19:37:08.651,0.75326,0.75364,3.38,2.25
2012.06.21 19:37:09.485,0.75327,0.75365,2.25,3.00
2012.06.21 19:37:11.187,0.75327,0.75364,3.00,1.13
2012.06.21 19:37:11.321,0.75327,0.75365,3.00,3.00
2012.06.21 19:37:11.860,0.75324,0.75364,3.38,3.38
2012.06.21 19:37:12.674,0.75324,0.75364,3.38,3.00
2012.06.21 19:37:12.855,0.75324,0.75364,2.63,3.00
2012.06.21 19:37:12.978,0.75324,0.75364,2.63,3.00
2012.06.21 19:37:13.404,0.75329,0.75362,2.25,2.25
2012.06.21 19:37:13.468,0.7532,0.75358,3.00,3.38
2012.06.21 19:37:13.973,0.75325,0.75362,2.25,2.25
2012.06.21 19:37:14.682,0.75324,0.75364,2.25,3.00
2012.06.21 19:37:14.758,0.75322,0.75362,3.38,2.25
2012.06.21 19:37:14.944,0.75322,0.75361,1.13,2.25
2012.06.21 19:37:15.388,0.7532,0.75358,3.00,1.13
2012.06.21 19:37:15.750,0.7532,0.7536,3.00,2.25
2012.06.21 19:37:16.203,0.75321,0.75358,3.00,1.13
2012.06.21 19:37:16.281,0.75321,0.75358,3.00,1.13
2012.06.21 19:37:17.681,0.75321,0.75359,3.00,3.00
2012.06.21 19:37:21.208,0.75322,0.75359,3.00,1.13
2012.06.21 19:37:22.578,0.75322,0.7536,3.00,2.25
2012.06.21 19:37:23.412,0.75322,0.75359,2.25,1.13
2012.06.21 19:37:23.740,0.75322,0.7536,3.00,3.00
2012.06.21 19:37:24.618,0.75322,0.75358,3.00,1.13
2012.06.21 19:37:25.687,0.75321,0.75358,3.00,1.13
2012.06.21 19:37:26.379,0.75321,0.75361,3.00,2.25
2012.06.21 19:37:28.141,0.75321,0.75361,3.00,2.25
2012.06.21 19:37:29.901,0.75321,0.75358,3.00,1.13
2012.06.21 19:37:33.678,0.75321,0.75359,3.00,1.13
2012.06.21 19:37:33.793,0.75323,0.75359,2.25,1.13
2012.06.21 19:37:34.224,0.75323,0.75359,2.25,1.13
2012.06.21 19:37:36.680,0.75323,0.75361,2.25,3.00
2012.06.21 19:37:40.873,0.75323,0.75361,2.25,3.00
2012.06.21 19:37:42.201,0.75323,0.75363,2.25,3.00
2012.06.21 19:37:42.269,0.75323,0.75363,2.25,3.00
2012.06.21 19:37:42.347,0.7532,0.7536,2.63,3.00
2012.06.21 19:37:42.420,0.7532,0.75359,3.38,1.13
2012.06.21 19:37:42.791,0.7532,0.75358,2.63,2.25
2012.06.21 19:37:43.312,0.7532,0.75358,2.63,3.00
2012.06.21 19:37:43.452,0.7532,0.75354,2.25,1.13
2012.06.21 19:37:43.554,0.75313,0.75351,1.13,2.25
2012.06.21 19:37:44.274,0.75312,0.75352,3.38,2.25
2012.06.21 19:37:44.550,0.75313,0.75352,1.13,2.25
2012.06.21 19:37:48.404,0.75313,0.75352,1.13,2.25
2012.06.21 19:37:51.373,0.75313,0.75352,1.13,2.25
2012.06.21 19:37:52.654,0.75313,0.75352,1.13,2.25
2012.06.21 19:38:00.085,0.75313,0.75352,1.13,2.25
2012.06.21 19:38:00.428,0.75313,0.75352,1.13,2.25
2012.06.21 19:38:01.655,0.75314,0.75352,1.13,2.25
2012.06.21 19:38:04.554,0.75314,0.75352,1.13,2.25
2012.06.21 19:38:06.236,0.75314,0.75351,3.38,2.25
2012.06.21 19:38:06.786,0.75314,0.75351,3.38,2.25
2012.06.21 19:38:17.438,0.75316,0.75351,3.38,2.25
2012.06.21 19:38:18.416,0.75316,0.75355,1.13,2.25
2012.06.21 19:38:18.730,0.75315,0.75351,1.13,2.25
2012.06.21 19:38:19.397,0.75316,0.75351,1.13,2.25
2012.06.21 19:38:19.457,0.75316,0.75354,3.38,2.25
2012.06.21 19:38:19.578,0.75316,0.75356,3.38,2.25
2012.06.21 19:38:19.637,0.75319,0.75357,3.38,2.25
2012.06.21 19:38:20.182,0.75319,0.75356,1.13,2.25
2012.06.21 19:38:22.358,0.75316,0.75352,1.13,2.25
2012.06.21 19:38:23.363,0.75316,0.75354,3.38,2.25
2012.06.21 19:38:24.019,0.75316,0.75354,3.38,2.25
2012.06.21 19:38:24.239,0.75316,0.75354,3.38,2.25
2012.06.21 19:38:24.497,0.75316,0.75355,3.38,1.13
2012.06.21 19:38:24.689,0.75316,0.75356,3.38,3.00
2012.06.21 19:38:25.108,0.75316,0.75355,3.38,1.13
2012.06.21 19:38:26.126,0.75316,0.75355,1.13,3.38
2012.06.21 19:38:26.262,0.75316,0.75355,1.13,2.25
2012.06.21 19:38:27.191,0.7532,0.75355,3.00,2.25
2012.06.21 19:38:27.259,0.75323,0.75358,1.13,2.25
2012.06.21 19:38:27.318,0.75324,0.75362,3.00,2.25
2012.06.21 19:38:27.379,0.75324,0.75359,2.25,1.13
2012.06.21 19:38:27.538,0.7532,0.75357,1.13,2.25
2012.06.21 19:38:27.798,0.75323,0.75358,2.63,3.00
2012.06.21 19:38:28.253,0.75323,0.75358,3.38,2.25
2012.06.21 19:38:29.177,0.75325,0.75359,3.00,3.00
2012.06.21 19:38:29.840,0.75325,0.75359,2.25,3.00
2012.06.21 19:38:30.152,0.75324,0.75362,3.00,2.25
2012.06.21 19:38:30.303,0.75331,0.75364,2.25,3.00
2012.06.21 19:38:30.615,0.75329,0.75367,2.25,2.25
2012.06.21 19:38:31.142,0.75329,0.75367,2.25,3.00
2012.06.21 19:38:31.971,0.75328,0.75366,2.25,3.00
2012.06.21 19:38:32.790,0.75328,0.75366,2.25,2.25
2012.06.21 19:38:35.489,0.75327,0.75365,2.63,3.00
2012.06.21 19:38:40.161,0.75327,0.75365,3.38,2.25
2012.06.21 19:38:41.162,0.75327,0.75365,3.38,2.25
2012.06.21 19:38:41.368,0.75327,0.75367,3.38,2.25
2012.06.21 19:38:41.548,0.75327,0.75367,3.38,2.25
2012.06.21 19:38:42.350,0.75331,0.75371,2.63,3.00
2012.06.21 19:38:42.674,0.75332,0.75372,2.63,3.00
2012.06.21 19:38:43.889,0.75332,0.75372,2.63,3.00
2012.06.21 19:38:47.336,0.75332,0.75372,2.25,3.00
2012.06.21 19:38:47.507,0.75332,0.75372,2.25,3.00
2012.06.21 19:38:47.692,0.75329,0.75367,2.25,3.00
2012.06.21 19:38:48.022,0.75329,0.75367,2.25,3.00
2012.06.21 19:38:48.091,0.75324,0.75364,2.63,3.00
2012.06.21 19:38:48.159,0.75324,0.75364,3.00,3.00
2012.06.21 19:38:48.278,0.75331,0.75366,2.63,3.00
2012.06.21 19:38:48.925,0.75328,0.75366,2.25,2.25
2012.06.21 19:38:49.487,0.75328,0.75366,2.25,3.00
2012.06.21 19:38:50.943,0.75328,0.75366,2.25,3.00
2012.06.21 19:38:51.249,0.75332,0.75366,2.63,3.00
2012.06.21 19:38:51.308,0.75332,0.75366,2.63,3.00
2012.06.21 19:38:51.369,0.75332,0.75366,2.63,3.00
2012.06.21 19:38:52.355,0.75333,0.75368,2.25,3.00
2012.06.21 19:38:52.659,0.75333,0.75368,2.63,3.00
2012.06.21 19:38:52.791,0.75335,0.7537,2.63,3.00
2012.06.21 19:38:53.957,0.75335,0.7537,2.63,3.00
2012.06.21 19:38:54.378,0.75336,0.75374,2.63,3.00
2012.06.21 19:38:54.499,0.75339,0.75377,2.63,3.00
2012.06.21 19:38:55.556,0.7534,0.75378,2.25,3.00
2012.06.21 19:38:55.655,0.7534,0.75378,2.25,3.00
2012.06.21 19:38:55.763,0.7534,0.75378,2.25,3.00
2012.06.21 19:38:55.888,0.75341,0.75379,2.63,3.00
2012.06.21 19:38:56.400,0.75343,0.75381,2.25,3.00
2012.06.21 19:38:56.590,0.75338,0.75378,2.63,3.00
2012.06.21 19:38:56.711,0.7533,0.75376,3.00,3.00
2012.06.21 19:38:56.779,0.7533,0.75376,2.63,3.00
2012.06.21 19:38:56.867,0.7533,0.75376,2.63,3.00
2012.06.21 19:38:57.160,0.7533,0.75377,2.63,3.00
2012.06.21 19:38:57.767,0.7533,0.75377,2.63,3.00
2012.06.21 19:38:58.278,0.7533,0.75377,3.38,3.00
2012.06.21 19:38:58.504,0.75329,0.75375,2.63,3.00
2012.06.21 19:38:59.293,0.75329,0.75374,2.63,3.00
2012.06.21 19:38:59.673,0.75328,0.75373,2.63,3.00
2012.06.21 19:38:59.799,0.75327,0.75373,3.00,3.00
2012.06.21 19:39:00.146,0.75321,0.75369,3.00,2.25
2012.06.21 19:39:00.480,0.7533,0.75369,1.13,2.25
2012.06.21 19:39:01.261,0.75329,0.75369,2.63,3.00
2012.06.21 19:39:01.739,0.75329,0.75369,2.63,3.00
2012.06.21 19:39:03.978,0.7533,0.7537,2.63,3.00
2012.06.21 19:39:04.041,0.7533,0.7537,2.63,3.00
2012.06.21 19:39:04.239,0.75324,0.75372,2.25,3.00
2012.06.21 19:39:04.469,0.75326,0.75374,2.25,3.00
2012.06.21 19:39:04.529,0.75326,0.75374,2.25,3.00
2012.06.21 19:39:04.612,0.75326,0.75374,2.63,3.00
2012.06.21 19:39:06.371,0.7533,0.75376,2.63,3.00
2012.06.21 19:39:06.534,0.75335,0.7538,2.25,3.00
2012.06.21 19:39:06.860,0.75335,0.75373,2.25,3.00
2012.06.21 19:39:06.979,0.7533,0.75368,2.63,3.00
2012.06.21 19:39:07.284,0.75324,0.75364,2.63,3.00
2012.06.21 19:39:07.391,0.75324,0.75364,2.63,3.00
2012.06.21 19:39:07.518,0.75319,0.75359,2.63,3.00
2012.06.21 19:39:07.699,0.75319,0.75359,2.25,3.00
2012.06.21 19:39:07.757,0.75317,0.75353,1.13,2.25
2012.06.21 19:39:08.050,0.75321,0.75354,1.13,3.00
2012.06.21 19:39:10.034,0.75321,0.75358,1.13,2.25
2012.06.21 19:39:10.142,0.75319,0.75358,2.63,3.00
2012.06.21 19:39:10.725,0.75322,0.75359,1.13,3.00
2012.06.21 19:39:10.849,0.75322,0.75355,1.13,2.25
2012.06.21 19:39:11.368,0.7532,0.75356,1.13,2.25
2012.06.21 19:39:12.889,0.7532,0.75356,1.13,2.25
2012.06.21 19:39:14.149,0.7532,0.75355,1.13,2.25
2012.06.21 19:39:14.344,0.7532,0.75353,1.13,2.25
2012.06.21 19:39:14.781,0.7532,0.75355,1.13,2.25
2012.06.21 19:39:16.081,0.75316,0.75354,1.13,3.00
2012.06.21 19:39:16.524,0.75316,0.75352,1.13,2.25
2012.06.21 19:39:17.236,0.75316,0.75352,1.13,2.25
2012.06.21 19:39:17.393,0.75316,0.75352,1.13,2.25
2012.06.21 19:39:17.579,0.75313,0.75348,1.13,2.25
2012.06.21 19:39:18.084,0.75313,0.75349,1.13,2.25
2012.06.21 19:39:21.203,0.75313,0.75347,1.13,2.25
2012.06.21 19:39:21.408,0.75316,0.75349,1.13,2.25
2012.06.21 19:39:22.683,0.75316,0.7535,1.13,2.25
2012.06.21 19:39:24.771,0.75315,0.7535,2.63,2.25
2012.06.21 19:39:25.030,0.75317,0.75352,2.25,2.25
2012.06.21 19:39:26.798,0.75317,0.75352,3.00,3.00
2012.06.21 19:39:26.952,0.75317,0.75352,2.25,2.25
2012.06.21 19:39:27.770,0.75317,0.75352,2.63,2.25
2012.06.21 19:39:28.084,0.75317,0.75355,2.63,2.25
2012.06.21 19:39:28.600,0.75317,0.75355,2.63,3.00
2012.06.21 19:39:32.292,0.75318,0.75356,3.38,2.25
2012.06.21 19:39:34.695,0.75318,0.75356,2.63,3.00
2012.06.21 19:39:34.759,0.75318,0.75352,1.13,2.25
2012.06.21 19:39:34.819,0.75318,0.75352,1.13,2.25
2012.06.21 19:39:34.985,0.75317,0.75352,2.63,2.25
2012.06.21 19:39:35.541,0.75316,0.75356,3.38,2.25
2012.06.21 19:39:36.190,0.75317,0.75356,1.13,3.00
2012.06.21 19:39:36.480,0.75317,0.75357,3.38,3.38
2012.06.21 19:39:36.548,0.75318,0.75357,1.13,2.25
2012.06.21 19:39:36.632,0.75317,0.75357,2.63,3.38
2012.06.21 19:39:37.510,0.75317,0.75357,2.63,3.00
2012.06.21 19:39:39.929,0.75318,0.75357,1.13,3.38
2012.06.21 19:39:41.152,0.75317,0.75357,3.38,3.00
2012.06.21 19:39:42.036,0.75317,0.75357,2.63,3.00
2012.06.21 19:39:42.159,0.75319,0.75357,2.25,3.38
2012.06.21 19:39:43.471,0.75318,0.75356,2.63,2.25
2012.06.21 19:39:43.952,0.75318,0.75356,3.38,2.25
2012.06.21 19:39:44.998,0.75318,0.75356,2.63,3.00
2012.06.21 19:39:49.552,0.75318,0.75356,2.63,3.00
2012.06.21 19:39:49.857,0.75319,0.75359,2.63,3.00
2012.06.21 19:39:49.917,0.75319,0.75359,2.63,3.00
2012.06.21 19:39:50.120,0.75318,0.75358,2.63,3.00
2012.06.21 19:39:50.652,0.75317,0.75357,2.63,3.00
2012.06.21 19:39:50.722,0.75317,0.75357,2.63,2.25
2012.06.21 19:39:51.859,0.75318,0.75358,2.63,3.00
2012.06.21 19:39:54.511,0.75318,0.75358,2.63,2.25
2012.06.21 19:39:55.553,0.75318,0.75358,2.63,3.00
2012.06.21 19:40:02.050,0.75318,0.75358,2.63,3.00
2012.06.21 19:40:03.655,0.75318,0.75358,2.63,3.00
2012.06.21 19:40:03.719,0.75318,0.75358,3.00,3.00
2012.06.21 19:40:04.046,0.75326,0.75359,2.25,3.00
2012.06.21 19:40:04.309,0.75326,0.75359,2.25,3.00
2012.06.21 19:40:04.368,0.75316,0.75359,2.25,3.00
2012.06.21 19:40:05.036,0.75319,0.75359,2.25,3.00
2012.06.21 19:40:05.241,0.75321,0.75364,2.63,3.00
2012.06.21 19:40:05.828,0.75322,0.75368,2.25,3.00
2012.06.21 19:40:06.331,0.75323,0.7537,2.25,3.00
2012.06.21 19:40:06.841,0.75322,0.75362,2.63,3.00
2012.06.21 19:40:07.380,0.75318,0.75356,2.63,3.00
2012.06.21 19:40:07.454,0.75318,0.75356,2.63,3.00
2012.06.21 19:40:07.519,0.75318,0.75356,2.25,3.00
2012.06.21 19:40:07.579,0.7532,0.7536,2.63,3.00
2012.06.21 19:40:07.698,0.75318,0.75358,2.25,3.00
2012.06.21 19:40:07.880,0.75315,0.75352,2.25,3.00
2012.06.21 19:40:08.268,0.75317,0.75355,2.25,3.00
2012.06.21 19:40:08.329,0.75317,0.75355,2.63,3.00
2012.06.21 19:40:08.666,0.75319,0.75357,2.63,3.00
2012.06.21 19:40:08.790,0.75319,0.75357,2.63,3.00
2012.06.21 19:40:11.092,0.75318,0.75358,2.63,3.00
2012.06.21 19:40:11.418,0.75322,0.7536,2.25,3.00
2012.06.21 19:40:11.483,0.75322,0.7536,2.63,3.00
2012.06.21 19:40:11.711,0.7532,0.75358,3.00,3.00
2012.06.21 19:40:11.839,0.7532,0.7536,3.00,3.00
2012.06.21 19:40:12.348,0.7532,0.7536,3.00,3.00
2012.06.21 19:40:12.538,0.7532,0.7536,2.63,3.00
2012.06.21 19:40:14.292,0.75316,0.75354,3.38,3.00
2012.06.21 19:40:16.497,0.75316,0.75353,1.13,2.25
2012.06.21 19:40:17.931,0.75316,0.75354,3.38,3.00
2012.06.21 19:40:18.001,0.75316,0.75354,2.63,3.00
2012.06.21 19:40:18.125,0.75316,0.75354,3.38,3.00
2012.06.21 19:40:19.413,0.75317,0.75357,2.63,3.00
2012.06.21 19:40:20.361,0.75317,0.75357,2.63,3.00
2012.06.21 19:40:25.136,0.75317,0.75357,2.63,3.00
2012.06.21 19:40:25.197,0.75317,0.75357,2.63,3.00
2012.06.21 19:40:25.457,0.75312,0.75349,1.13,3.00
2012.06.21 19:40:28.722,0.75311,0.75349,1.13,3.00
2012.06.21 19:40:29.211,0.75309,0.75349,3.38,3.00
2012.06.21 19:40:29.275,0.75309,0.75346,1.13,2.25
2012.06.21 19:40:29.907,0.75309,0.75346,1.13,2.25
2012.06.21 19:40:29.966,0.75309,0.75346,1.13,2.25
2012.06.21 19:40:33.313,0.75309,0.75344,1.13,2.25
2012.06.21 19:40:33.619,0.75315,0.75344,1.13,2.25
2012.06.21 19:40:33.928,0.7532,0.75363,2.63,3.00
2012.06.21 19:40:34.190,0.7532,0.75363,2.63,3.00
2012.06.21 19:40:34.409,0.7532,0.75363,2.63,3.00
2012.06.21 19:40:35.620,0.75321,0.75367,1.13,3.00
2012.06.21 19:40:35.687,0.75328,0.75368,2.25,3.00
2012.06.21 19:40:36.326,0.7532,0.75366,2.63,3.00
2012.06.21 19:40:37.708,0.7532,0.75366,3.38,3.00
2012.06.21 19:40:38.098,0.75328,0.75368,2.63,3.00
2012.06.21 19:40:38.157,0.75328,0.75368,2.25,3.00
2012.06.21 19:40:38.389,0.75319,0.75367,2.63,3.00
2012.06.21 19:40:38.661,0.75319,0.75367,2.63,3.00
2012.06.21 19:40:45.200,0.75318,0.75358,2.63,3.00
2012.06.21 19:40:46.111,0.75321,0.75361,2.25,3.00
2012.06.21 19:40:46.467,0.7532,0.7536,2.63,3.00
2012.06.21 19:40:47.206,0.7532,0.7536,2.63,3.00
2012.06.21 19:40:47.404,0.7532,0.7536,2.25,3.00
2012.06.21 19:40:47.503,0.7532,0.7536,2.25,3.00
2012.06.21 19:40:47.647,0.75312,0.75359,1.13,3.00
2012.06.21 19:40:49.639,0.75312,0.75358,3.38,3.00
2012.06.21 19:40:50.743,0.7532,0.7536,2.63,3.00
2012.06.21 19:40:55.138,0.75322,0.75361,2.63,3.00
2012.06.21 19:40:55.446,0.75322,0.75361,3.00,3.00
2012.06.21 19:40:56.270,0.75324,0.75364,2.63,3.00
2012.06.21 19:40:56.641,0.75324,0.75364,2.25,3.00
2012.06.21 19:40:56.707,0.75324,0.75364,2.25,3.00
2012.06.21 19:40:56.827,0.75315,0.75363,2.63,3.00
2012.06.21 19:40:57.462,0.75316,0.75363,1.13,3.00
2012.06.21 19:40:57.670,0.75314,0.75362,2.63,3.00
2012.06.21 19:40:58.404,0.75316,0.75361,1.13,3.00
2012.06.21 19:40:58.664,0.75316,0.75361,1.50,3.00
2012.06.21 19:40:59.489,0.75321,0.75358,1.13,2.25
2012.06.21 19:41:00.531,0.75321,0.75364,1.13,1.13
2012.06.21 19:41:00.596,0.75308,0.75364,1.13,1.13
2012.06.21 19:41:00.657,0.75308,0.75359,1.13,1.35
2012.06.21 19:41:01.207,0.75317,0.75357,2.25,3.00
2012.06.21 19:41:01.357,0.75316,0.75356,2.63,2.25
2012.06.21 19:41:01.647,0.75314,0.75354,2.63,2.25
2012.06.21 19:41:03.458,0.75316,0.75352,1.13,2.25
2012.06.21 19:41:03.839,0.75313,0.75351,2.25,2.25
2012.06.21 19:41:03.906,0.75312,0.75349,1.13,2.25
2012.06.21 19:41:04.027,0.7532,0.75355,2.25,2.63
2012.06.21 19:41:04.147,0.7532,0.75355,2.63,2.25
2012.06.21 19:41:04.496,0.75323,0.75358,2.63,2.25
2012.06.21 19:41:05.571,0.75323,0.75358,2.63,3.00
2012.06.21 19:41:06.182,0.75323,0.75358,2.25,3.00
2012.06.21 19:41:06.248,0.75323,0.75358,2.25,3.00
2012.06.21 19:41:06.369,0.75324,0.75358,2.25,1.13
2012.06.21 19:41:06.437,0.75319,0.75358,2.25,3.38
2012.06.21 19:41:06.777,0.75318,0.75358,2.63,2.25
2012.06.21 19:41:07.098,0.75323,0.75358,2.25,3.00
2012.06.21 19:41:07.241,0.75323,0.75358,2.25,2.25
2012.06.21 19:41:07.306,0.75323,0.75358,2.25,3.00
2012.06.21 19:41:07.426,0.75325,0.75358,2.25,2.25
2012.06.21 19:41:07.487,0.75323,0.75358,2.25,2.25
2012.06.21 19:41:07.549,0.75323,0.75358,2.63,2.25
2012.06.21 19:41:07.810,0.75323,0.75362,2.25,2.25
2012.06.21 19:41:07.876,0.75323,0.75362,2.63,2.25
2012.06.21 19:41:08.441,0.75323,0.75363,2.63,3.00
2012.06.21 19:41:09.215,0.75323,0.75363,2.25,3.00
2012.06.21 19:41:09.280,0.75323,0.75363,2.25,3.00
2012.06.21 19:41:09.361,0.75319,0.75358,2.63,3.00
2012.06.21 19:41:09.488,0.75324,0.75362,2.63,3.00
2012.06.21 19:41:09.547,0.75324,0.75362,2.63,3.00
2012.06.21 19:41:09.869,0.75324,0.75362,2.63,3.00
2012.06.21 19:41:10.670,0.75325,0.75363,2.25,3.00
2012.06.21 19:41:11.190,0.75324,0.75362,2.25,3.00
2012.06.21 19:41:11.329,0.7532,0.75357,2.25,3.00
2012.06.21 19:41:11.411,0.7532,0.75357,3.00,3.00
2012.06.21 19:41:11.997,0.75323,0.75358,2.25,2.25
2012.06.21 19:41:12.116,0.75316,0.75353,1.13,2.25
2012.06.21 19:41:12.176,0.75316,0.75353,1.13,2.25
2012.06.21 19:41:12.446,0.75319,0.75353,2.25,3.00
2012.06.21 19:41:12.539,0.75315,0.75357,3.00,3.00
2012.06.21 19:41:12.619,0.75315,0.75357,2.25,2.25
2012.06.21 19:41:12.839,0.75316,0.75358,2.25,3.00
2012.06.21 19:41:13.728,0.75317,0.75358,2.25,3.00
2012.06.21 19:41:13.880,0.75317,0.7536,2.25,3.00
2012.06.21 19:41:14.300,0.75317,0.7536,2.25,3.00
2012.06.21 19:41:14.378,0.75317,0.7536,2.25,3.00
2012.06.21 19:41:15.399,0.75316,0.75364,2.25,3.00
2012.06.21 19:41:15.697,0.75318,0.75364,2.25,3.00
2012.06.21 19:41:17.609,0.75317,0.75362,2.25,2.25
2012.06.21 19:41:17.933,0.75317,0.75363,2.25,3.00
2012.06.21 19:41:18.718,0.75317,0.75363,3.00,3.00
2012.06.21 19:41:27.469,0.75316,0.75363,2.25,3.00
2012.06.21 19:41:27.719,0.75313,0.75361,2.25,3.00
2012.06.21 19:41:28.736,0.75315,0.75362,2.25,3.00
2012.06.21 19:41:29.044,0.75313,0.75353,2.63,3.00
2012.06.21 19:41:29.421,0.7531,0.75348,3.00,2.25
2012.06.21 19:41:30.171,0.7531,0.75348,2.25,3.00
2012.06.21 19:41:30.821,0.75311,0.7535,2.25,3.00
2012.06.21 19:41:31.271,0.75311,0.7535,3.00,3.00
2012.06.21 19:41:31.487,0.75317,0.7535,2.25,3.38
2012.06.21 19:41:31.827,0.75308,0.75345,3.00,2.25
2012.06.21 19:41:32.140,0.75313,0.75346,2.25,3.00
2012.06.21 19:41:33.906,0.75308,0.75346,3.00,2.25
2012.06.21 19:41:34.208,0.75313,0.75346,2.63,3.00
2012.06.21 19:41:34.890,0.75313,0.75346,3.38,2.25
2012.06.21 19:41:35.347,0.75317,0.7535,3.00,3.00
2012.06.21 19:41:36.710,0.75317,0.75352,2.25,3.00
2012.06.21 19:41:42.538,0.75317,0.75352,3.00,3.00
2012.06.21 19:41:45.208,0.75317,0.75352,3.38,3.00
2012.06.21 19:41:45.508,0.75315,0.75355,2.63,3.00
2012.06.21 19:41:46.477,0.75316,0.75356,2.25,3.00
2012.06.21 19:41:46.900,0.75316,0.75356,3.00,3.00
2012.06.21 19:41:47.123,0.75316,0.75356,2.25,3.00
2012.06.21 19:41:47.231,0.75316,0.75356,3.00,3.00
2012.06.21 19:41:47.298,0.75318,0.75358,2.25,3.00
2012.06.21 19:41:47.920,0.75315,0.75353,3.38,2.25
2012.06.21 19:41:47.987,0.75315,0.75353,2.63,3.00
2012.06.21 19:41:48.362,0.75319,0.75354,2.25,3.00
2012.06.21 19:41:49.366,0.75321,0.75354,2.25,3.00
2012.06.21 19:41:49.487,0.75322,0.75355,2.25,3.00
2012.06.21 19:41:49.638,0.75318,0.75356,2.63,3.00
2012.06.21 19:41:54.417,0.75313,0.75353,2.63,3.00
2012.06.21 19:41:54.478,0.75321,0.75353,1.13,2.25
2012.06.21 19:41:54.677,0.75321,0.75357,1.13,2.25
2012.06.21 19:41:55.230,0.75321,0.75358,1.13,2.25
2012.06.21 19:41:55.418,0.75321,0.75356,1.13,2.25
2012.06.21 19:41:55.948,0.75321,0.75356,1.13,2.25
2012.06.21 19:41:56.006,0.75321,0.75358,1.13,3.00
2012.06.21 19:41:56.630,0.75322,0.75358,1.13,3.00
2012.06.21 19:41:58.300,0.75325,0.75358,1.13,3.00
2012.06.21 19:41:58.960,0.75325,0.75361,1.13,2.25
2012.06.21 19:42:05.274,0.75321,0.75361,3.38,2.25
2012.06.21 19:42:05.336,0.7533,0.75365,2.63,3.00
2012.06.21 19:42:06.942,0.7533,0.75365,2.63,3.00
2012.06.21 19:42:07.121,0.7533,0.75365,2.63,3.00
2012.06.21 19:42:07.228,0.7533,0.75365,2.63,3.00
2012.06.21 19:42:07.478,0.75332,0.75365,2.63,3.00
2012.06.21 19:42:07.661,0.75331,0.75369,3.23,3.00
2012.06.21 19:42:07.788,0.75335,0.75373,2.25,3.00
2012.06.21 19:42:07.936,0.75333,0.75371,2.25,3.00
2012.06.21 19:42:08.163,0.75333,0.75371,2.25,3.38
2012.06.21 19:42:08.279,0.75333,0.75371,2.25,3.00
2012.06.21 19:42:08.587,0.75335,0.75375,2.63,3.00
2012.06.21 19:42:10.516,0.75334,0.75373,2.63,2.25
2012.06.21 19:42:10.667,0.75336,0.75374,2.25,3.00
2012.06.21 19:42:10.787,0.75334,0.75374,2.63,3.00
2012.06.21 19:42:10.849,0.75334,0.75374,2.63,3.00
2012.06.21 19:42:10.977,0.75334,0.75374,2.25,3.00
2012.06.21 19:42:11.306,0.75337,0.75377,2.25,3.38
2012.06.21 19:42:11.411,0.75332,0.7537,2.63,3.00
2012.06.21 19:42:11.776,0.75331,0.75371,3.23,3.00
2012.06.21 19:42:12.009,0.75331,0.75371,3.23,3.00
2012.06.21 19:42:13.987,0.75331,0.75371,3.98,2.25
2012.06.21 19:42:14.108,0.75332,0.75371,1.13,3.00
2012.06.21 19:42:15.569,0.75332,0.7537,2.63,3.00
2012.06.21 19:42:17.218,0.75331,0.75369,2.63,3.00
2012.06.21 19:42:17.387,0.75331,0.75371,2.63,3.00
2012.06.21 19:42:17.446,0.75331,0.75371,3.00,3.00
2012.06.21 19:42:17.507,0.75335,0.75372,2.63,2.25
2012.06.21 19:42:17.716,0.75336,0.75372,1.13,2.25
2012.06.21 19:42:17.997,0.75335,0.75373,3.23,3.00
2012.06.21 19:42:18.058,0.75339,0.75374,2.25,3.00
2012.06.21 19:42:18.575,0.75339,0.75376,2.63,3.00
2012.06.21 19:42:19.318,0.75341,0.75379,2.25,3.00
2012.06.21 19:42:19.678,0.75341,0.75379,2.25,3.00
2012.06.21 19:42:20.778,0.75341,0.75379,2.25,3.00
2012.06.21 19:42:21.806,0.75339,0.75379,2.63,3.00
2012.06.21 19:42:22.403,0.75342,0.75381,2.25,3.00
2012.06.21 19:42:22.528,0.75338,0.75378,2.63,3.00
2012.06.21 19:42:22.733,0.75342,0.7538,2.25,3.00
2012.06.21 19:42:22.856,0.7534,0.75378,2.63,3.00
2012.06.21 19:42:22.988,0.7534,0.75378,2.63,3.00
2012.06.21 19:42:23.051,0.7534,0.75378,2.63,3.00
2012.06.21 19:42:23.367,0.7534,0.7538,2.25,3.00
2012.06.21 19:42:23.486,0.75335,0.75373,3.60,3.00
2012.06.21 19:42:24.432,0.75339,0.75374,2.63,3.00
2012.06.21 19:42:24.697,0.75342,0.75378,1.13,2.25
2012.06.21 19:42:24.822,0.75343,0.75378,2.63,3.00
2012.06.21 19:42:24.948,0.75343,0.75378,2.63,3.00
2012.06.21 19:42:25.128,0.75342,0.75382,2.63,2.25
2012.06.21 19:42:25.381,0.75344,0.75384,2.63,3.00
2012.06.21 19:42:25.446,0.75344,0.75384,2.63,3.00
2012.06.21 19:42:25.821,0.7534,0.75378,2.25,3.00
2012.06.21 19:42:25.888,0.75338,0.75378,2.63,3.00
2012.06.21 19:42:26.469,0.7534,0.75378,2.25,3.00
2012.06.21 19:42:26.580,0.75338,0.75377,2.63,3.00
2012.06.21 19:42:26.806,0.7534,0.75378,2.25,3.00
2012.06.21 19:42:27.019,0.75338,0.75377,2.63,3.00
2012.06.21 19:42:27.350,0.7534,0.75378,2.25,3.00
2012.06.21 19:42:27.461,0.75338,0.75377,2.63,3.00
2012.06.21 19:42:27.609,0.75338,0.75377,2.63,2.25
2012.06.21 19:42:27.678,0.75339,0.75379,2.25,3.00
2012.06.21 19:42:27.789,0.75339,0.75376,2.25,2.25
2012.06.21 19:42:28.009,0.7534,0.75378,2.25,2.25
2012.06.21 19:42:28.230,0.75339,0.75376,2.25,2.25
2012.06.21 19:42:28.817,0.75338,0.75377,2.63,2.25
2012.06.21 19:42:28.888,0.75339,0.75379,2.25,3.00
2012.06.21 19:42:28.998,0.75338,0.75377,2.63,2.25
2012.06.21 19:42:29.658,0.75339,0.75379,2.25,3.00
2012.06.21 19:42:29.717,0.75338,0.75377,2.63,2.25
2012.06.21 19:42:30.111,0.75342,0.75377,2.63,3.00
2012.06.21 19:42:30.237,0.75338,0.75377,2.63,2.25
2012.06.21 19:42:30.516,0.7534,0.75378,2.25,3.00
2012.06.21 19:42:30.751,0.7534,0.7538,2.25,3.00
2012.06.21 19:42:30.998,0.75337,0.75376,1.13,2.25
2012.06.21 19:42:31.312,0.75332,0.7537,2.63,2.25
2012.06.21 19:42:32.156,0.7533,0.7537,2.63,3.00
2012.06.21 19:42:32.439,0.75332,0.7537,1.13,2.25
2012.06.21 19:42:33.617,0.75332,0.75369,1.13,2.25
2012.06.21 19:42:34.115,0.75332,0.75371,1.13,3.38
2012.06.21 19:42:34.718,0.75332,0.7537,1.13,2.25
2012.06.21 19:42:35.395,0.75332,0.75368,1.13,2.25
2012.06.21 19:42:35.717,0.75337,0.75368,1.13,2.25
2012.06.21 19:42:35.837,0.75337,0.7537,1.13,2.25
2012.06.21 19:42:35.909,0.75335,0.7537,2.63,3.00
2012.06.21 19:42:35.976,0.75337,0.7537,1.13,2.25
2012.06.21 19:42:36.049,0.75337,0.75372,3.38,2.25
2012.06.21 19:42:36.159,0.75337,0.75375,1.13,2.25
2012.06.21 19:42:36.518,0.75335,0.75375,2.63,3.00
2012.06.21 19:42:37.217,0.75337,0.75374,1.13,2.25
2012.06.21 19:42:37.277,0.75339,0.75374,2.63,3.00
2012.06.21 19:42:37.799,0.75341,0.75376,2.25,3.00
2012.06.21 19:42:38.699,0.75344,0.75377,2.25,3.00
2012.06.21 19:42:39.230,0.75347,0.7538,2.25,3.00
2012.06.21 19:42:39.467,0.75345,0.75384,2.25,3.00
2012.06.21 19:42:40.122,0.75346,0.75383,2.25,3.00
2012.06.21 19:42:40.659,0.75342,0.75382,2.63,3.00
2012.06.21 19:42:41.847,0.75343,0.75383,2.63,2.25
2012.06.21 19:42:42.046,0.75345,0.75384,2.63,3.00
2012.06.21 19:42:42.399,0.75345,0.75383,2.63,2.25
2012.06.21 19:42:42.696,0.75345,0.75385,2.63,3.00
2012.06.21 19:42:43.007,0.75345,0.75384,2.63,3.00
2012.06.21 19:42:43.185,0.75345,0.75385,2.63,3.00
2012.06.21 19:42:43.876,0.75346,0.75384,2.25,3.00
2012.06.21 19:42:44.556,0.75344,0.75384,2.63,3.00
2012.06.21 19:42:45.307,0.75346,0.75384,2.25,3.00
2012.06.21 19:42:45.365,0.75346,0.75384,2.25,3.00
2012.06.21 19:42:45.425,0.75346,0.75384,2.25,3.00
2012.06.21 19:42:45.938,0.75344,0.75384,2.63,3.00
2012.06.21 19:42:46.087,0.75344,0.75384,2.63,3.00
2012.06.21 19:42:46.325,0.75346,0.75384,2.25,3.00
2012.06.21 19:42:46.530,0.75345,0.75383,2.63,2.25
2012.06.21 19:42:46.968,0.75345,0.75383,2.63,3.00
2012.06.21 19:42:47.409,0.75344,0.75384,2.63,3.00
2012.06.21 19:42:47.866,0.75346,0.75384,2.25,3.00
2012.06.21 19:42:48.180,0.75344,0.75384,2.63,3.00
2012.06.21 19:42:48.247,0.75344,0.75384,2.63,3.00
2012.06.21 19:42:48.677,0.75345,0.75383,2.63,3.00
2012.06.21 19:42:49.117,0.75344,0.75384,2.63,3.00
2012.06.21 19:42:49.387,0.75345,0.75383,2.63,3.00
2012.06.21 19:42:49.888,0.75344,0.75384,2.63,3.00
2012.06.21 19:42:50.099,0.75345,0.75383,2.63,3.00
2012.06.21 19:42:50.218,0.75345,0.75383,2.63,3.00
2012.06.21 19:42:50.597,0.75344,0.75384,2.63,3.00
2012.06.21 19:42:50.659,0.75344,0.75384,2.63,3.00
2012.06.21 19:42:50.927,0.75345,0.75383,2.63,3.00
2012.06.21 19:42:50.988,0.75345,0.75383,2.63,3.00
2012.06.21 19:42:51.537,0.75346,0.75384,2.25,3.00
2012.06.21 19:42:51.655,0.75344,0.75384,2.63,3.00
2012.06.21 19:42:51.759,0.75344,0.75384,2.63,3.00
2012.06.21 19:42:52.087,0.75345,0.75383,2.63,3.00
2012.06.21 19:42:52.926,0.75345,0.75383,2.63,2.25
2012.06.21 19:42:53.078,0.75345,0.75385,2.63,3.00
2012.06.21 19:42:54.438,0.75345,0.75385,2.63,3.00
2012.06.21 19:42:54.496,0.75345,0.75385,2.25,3.00
2012.06.21 19:42:54.648,0.75342,0.75382,2.63,3.00
2012.06.21 19:42:54.787,0.75344,0.75382,2.25,3.00
2012.06.21 19:42:54.851,0.75342,0.7538,2.63,3.00
2012.06.21 19:42:54.917,0.75342,0.7538,3.00,3.00
2012.06.21 19:42:55.038,0.75342,0.7538,3.00,2.25
2012.06.21 19:42:55.096,0.75351,0.75384,2.63,3.00
2012.06.21 19:42:55.157,0.75351,0.75384,2.63,3.00
2012.06.21 19:42:55.359,0.75342,0.75382,2.63,3.00
2012.06.21 19:42:55.488,0.75342,0.75382,3.00,3.00
2012.06.21 19:42:55.745,0.75343,0.75381,2.25,3.00
2012.06.21 19:42:55.967,0.75343,0.75383,2.25,3.00
2012.06.21 19:42:56.610,0.75344,0.75385,2.25,3.00
2012.06.21 19:42:56.867,0.75342,0.75389,2.63,3.00
2012.06.21 19:42:56.989,0.75344,0.7539,2.25,3.00
2012.06.21 19:42:57.437,0.75344,0.7539,2.25,3.00
2012.06.21 19:42:57.686,0.75343,0.75388,2.25,3.00
2012.06.21 19:42:58.095,0.75345,0.75391,2.25,3.00
2012.06.21 19:42:58.160,0.75347,0.75393,2.25,3.00
2012.06.21 19:42:58.699,0.75346,0.75384,2.63,3.00
2012.06.21 19:42:59.008,0.75348,0.75386,2.25,3.00
2012.06.21 19:42:59.138,0.75346,0.75384,2.63,3.00
2012.06.21 19:42:59.358,0.75348,0.75386,2.25,3.00
2012.06.21 19:42:59.469,0.75345,0.75385,2.63,3.00
2012.06.21 19:43:00.129,0.75347,0.75387,2.25,3.00
2012.06.21 19:43:00.809,0.75346,0.75384,2.63,3.00
2012.06.21 19:43:01.362,0.75348,0.75386,2.25,3.00
2012.06.21 19:43:01.471,0.75345,0.75385,2.63,3.00
2012.06.21 19:43:01.770,0.75345,0.75385,2.63,3.00
2012.06.21 19:43:03.210,0.75343,0.75381,2.25,3.00
2012.06.21 19:43:03.295,0.75343,0.75381,2.25,3.38
2012.06.21 19:43:03.361,0.75341,0.75379,3.38,2.25
2012.06.21 19:43:03.782,0.75346,0.75379,2.63,3.00
2012.06.21 19:43:04.011,0.75341,0.75381,2.63,3.00
2012.06.21 19:43:04.136,0.75337,0.75377,3.60,2.25
2012.06.21 19:43:04.258,0.75337,0.75375,2.63,2.25
2012.06.21 19:43:04.419,0.75337,0.75375,3.00,2.25
2012.06.21 19:43:04.553,0.75342,0.75377,2.63,3.00
2012.06.21 19:43:04.889,0.75342,0.75377,2.63,3.00
2012.06.21 19:43:05.222,0.75345,0.75378,2.25,3.00
2012.06.21 19:43:05.349,0.75345,0.75379,2.25,3.00
2012.06.21 19:43:06.149,0.75345,0.75379,2.25,3.00
2012.06.21 19:43:06.307,0.75345,0.75379,2.25,3.00
2012.06.21 19:43:07.106,0.75346,0.75383,2.25,3.00
2012.06.21 19:43:07.401,0.75342,0.7538,2.25,3.00
2012.06.21 19:43:07.538,0.75336,0.75375,1.13,2.25
2012.06.21 19:43:07.642,0.75337,0.75377,2.63,2.25
2012.06.21 19:43:08.025,0.75341,0.75381,3.38,2.25
2012.06.21 19:43:08.086,0.75341,0.75379,1.13,2.25
2012.06.21 19:43:08.739,0.75341,0.75378,1.13,2.25
2012.06.21 19:43:09.398,0.75341,0.75381,3.38,2.25
2012.06.21 19:43:09.508,0.75341,0.75379,1.13,2.25
2012.06.21 19:43:09.727,0.75341,0.75381,3.38,2.25
2012.06.21 19:43:09.948,0.75341,0.75378,1.13,2.25
2012.06.21 19:43:10.186,0.75341,0.75381,3.38,2.25
2012.06.21 19:43:10.279,0.75341,0.75379,1.13,2.25
2012.06.21 19:43:11.367,0.75342,0.7538,2.25,3.00
2012.06.21 19:43:11.716,0.75342,0.7538,3.00,2.25
2012.06.21 19:43:11.928,0.7534,0.75378,2.63,2.25
2012.06.21 19:43:12.149,0.75341,0.75381,3.38,2.25
2012.06.21 19:43:12.260,0.75341,0.75379,1.13,2.25
2012.06.21 19:43:13.076,0.7534,0.75378,2.63,2.25
2012.06.21 19:43:13.358,0.75341,0.75381,3.38,2.25
2012.06.21 19:43:13.469,0.75341,0.75379,1.13,2.25
2012.06.21 19:43:14.009,0.75341,0.75378,1.13,2.25
2012.06.21 19:43:14.296,0.75339,0.75377,2.25,2.25
2012.06.21 19:43:14.477,0.75336,0.75376,2.63,3.00
2012.06.21 19:43:14.808,0.75343,0.7538,2.63,3.00
2012.06.21 19:43:15.691,0.75342,0.75381,2.63,3.00
2012.06.21 19:43:15.839,0.7534,0.7538,2.63,3.00
2012.06.21 19:43:16.432,0.75342,0.75381,2.25,3.00
2012.06.21 19:43:16.496,0.75342,0.75381,2.25,3.00
2012.06.21 19:43:16.737,0.75342,0.75382,2.63,3.00
2012.06.21 19:43:18.299,0.75345,0.75383,2.25,3.00
2012.06.21 19:43:18.850,0.75342,0.75382,2.63,3.00
2012.06.21 19:43:19.398,0.75344,0.75384,2.25,3.00
2012.06.21 19:43:19.853,0.75338,0.75378,2.63,3.38
2012.06.21 19:43:20.387,0.75339,0.75379,2.63,3.00
2012.06.21 19:43:20.448,0.75339,0.75376,2.63,2.25
2012.06.21 19:43:20.518,0.75339,0.75379,2.63,3.00
2012.06.21 19:43:20.950,0.75339,0.75376,2.63,2.25
2012.06.21 19:43:21.179,0.75339,0.75379,2.63,3.00
2012.06.21 19:43:21.639,0.75341,0.75379,3.00,3.38
2012.06.21 19:43:22.203,0.75341,0.75379,3.38,2.25
2012.06.21 19:43:22.809,0.75341,0.7538,1.13,2.25
2012.06.21 19:43:23.320,0.75341,0.75381,3.38,3.38
2012.06.21 19:43:23.469,0.75343,0.75381,2.25,1.13
2012.06.21 19:43:23.581,0.75342,0.7538,2.63,2.25
2012.06.21 19:43:24.130,0.75339,0.75379,2.63,3.00
2012.06.21 19:43:24.791,0.7534,0.75378,2.63,2.25
2012.06.21 19:43:25.336,0.75338,0.75377,2.63,2.25
2012.06.21 19:43:25.397,0.75341,0.75379,2.63,3.00
2012.06.21 19:43:26.002,0.75338,0.75378,2.63,2.25
2012.06.21 19:43:26.181,0.75338,0.75378,2.63,3.00
2012.06.21 19:43:29.408,0.75339,0.75377,2.63,3.00
2012.06.21 19:43:29.849,0.75338,0.75378,2.63,3.00
2012.06.21 19:43:30.037,0.75339,0.75377,2.63,2.25
2012.06.21 19:43:30.678,0.75342,0.75379,1.50,2.25
2012.06.21 19:43:30.755,0.7535,0.75383,2.25,3.00
2012.06.21 19:43:30.913,0.75348,0.75386,2.25,3.00
2012.06.21 19:43:31.037,0.75348,0.75386,2.25,3.00
2012.06.21 19:43:31.564,0.75347,0.75384,2.63,3.00
2012.06.21 19:43:31.769,0.75347,0.75385,2.63,3.00
2012.06.21 19:43:31.836,0.75347,0.75385,2.63,3.00
2012.06.21 19:43:32.457,0.75346,0.75385,2.63,3.00
2012.06.21 19:43:32.675,0.75348,0.75388,2.63,3.00
2012.06.21 19:43:32.979,0.75346,0.75385,2.63,3.00
2012.06.21 19:43:33.048,0.75346,0.75385,2.63,3.00
2012.06.21 19:43:33.609,0.75347,0.75384,2.63,3.00
2012.06.21 19:43:33.717,0.75347,0.75384,2.25,3.00
2012.06.21 19:43:33.838,0.75343,0.75383,2.63,3.00
2012.06.21 19:43:34.398,0.75345,0.75383,2.25,3.00
2012.06.21 19:43:34.519,0.75342,0.75382,2.63,3.00
2012.06.21 19:43:34.622,0.75345,0.75385,2.25,3.00
2012.06.21 19:43:34.867,0.7534,0.7538,2.25,3.00
2012.06.21 19:43:34.932,0.7534,0.7538,3.00,3.00
2012.06.21 19:43:35.047,0.7534,0.75378,2.25,3.00
2012.06.21 19:43:35.106,0.75342,0.7538,2.25,3.00
2012.06.21 19:43:35.272,0.7534,0.7538,2.25,3.00
2012.06.21 19:43:35.400,0.7534,0.7538,2.25,3.00
2012.06.21 19:43:35.947,0.75339,0.75379,3.23,3.00
2012.06.21 19:43:36.007,0.75339,0.75379,3.23,3.00
2012.06.21 19:43:36.066,0.75339,0.75379,3.23,3.00
2012.06.21 19:43:36.660,0.7534,0.75378,2.25,3.00
2012.06.21 19:43:37.651,0.75339,0.75379,3.23,3.00
2012.06.21 19:43:38.531,0.75341,0.75379,2.25,3.00
2012.06.21 19:43:39.628,0.75341,0.75379,2.25,3.00
2012.06.21 19:43:45.151,0.75341,0.75379,2.25,3.00
2012.06.21 19:43:45.278,0.75331,0.75379,2.25,3.00
2012.06.21 19:43:45.717,0.75327,0.75364,3.00,3.00
2012.06.21 19:43:46.068,0.75322,0.7536,3.00,2.25
2012.06.21 19:43:47.196,0.75322,0.7536,2.25,3.00
2012.06.21 19:43:49.417,0.75318,0.75356,3.00,1.13
2012.06.21 19:43:49.540,0.75319,0.75356,3.00,3.38
2012.06.21 19:43:50.087,0.75318,0.75357,2.63,3.00
2012.06.21 19:43:50.208,0.7532,0.75356,1.13,2.25
2012.06.21 19:43:52.149,0.75319,0.75356,2.63,3.00
2012.06.21 19:43:54.119,0.75319,0.75356,2.63,3.00
2012.06.21 19:43:54.247,0.75319,0.75356,2.63,3.00
2012.06.21 19:43:55.618,0.75324,0.75359,2.25,3.00
2012.06.21 19:43:58.208,0.75319,0.75357,3.00,2.25
2012.06.21 19:43:58.788,0.75319,0.75357,2.25,3.00
2012.06.21 19:43:59.799,0.75321,0.75359,2.25,3.00
2012.06.21 19:44:04.669,0.75318,0.75356,2.25,3.00
2012.06.21 19:44:04.967,0.75316,0.75356,3.00,3.00
2012.06.21 19:44:05.146,0.75314,0.75352,3.00,2.25
2012.06.21 19:44:05.827,0.75313,0.75351,3.38,2.25
2012.06.21 19:44:06.147,0.75313,0.7535,1.13,2.25
2012.06.21 19:44:06.410,0.75324,0.75359,3.00,3.00
2012.06.21 19:44:06.477,0.75324,0.75359,2.25,3.00
2012.06.21 19:44:06.814,0.75324,0.75359,3.00,3.00
2012.06.21 19:44:07.328,0.75327,0.7536,2.25,3.00
2012.06.21 19:44:07.387,0.75327,0.7536,2.25,3.00
2012.06.21 19:44:07.574,0.75325,0.7536,2.25,3.00
2012.06.21 19:44:08.325,0.75324,0.75364,2.25,3.00
2012.06.21 19:44:08.700,0.75324,0.75364,3.00,3.00
2012.06.21 19:44:09.000,0.75324,0.75362,3.00,2.25
2012.06.21 19:44:09.444,0.75325,0.75363,2.25,3.00
2012.06.21 19:44:09.989,0.75324,0.75361,2.25,3.00
2012.06.21 19:44:10.339,0.7532,0.75357,3.00,2.25
2012.06.21 19:44:10.667,0.75319,0.75359,3.00,2.25
2012.06.21 19:44:11.015,0.75322,0.75359,3.00,1.13
2012.06.21 19:44:12.773,0.7532,0.7536,3.00,2.25
2012.06.21 19:44:12.958,0.7532,0.75359,3.00,1.13
2012.06.21 19:44:13.020,0.75315,0.75355,3.00,2.25
2012.06.21 19:44:13.192,0.75317,0.75358,3.00,2.63
2012.06.21 19:44:13.257,0.75317,0.75358,3.00,2.25
2012.06.21 19:44:13.926,0.75316,0.75358,3.00,2.25
2012.06.21 19:44:14.648,0.75316,0.75358,3.00,2.25
2012.06.21 19:44:14.766,0.75317,0.75358,3.38,2.25
2012.06.21 19:44:15.387,0.75319,0.75361,3.00,3.00
2012.06.21 19:44:16.394,0.75321,0.75364,3.00,3.00
2012.06.21 19:44:16.726,0.75317,0.75354,3.00,1.13
2012.06.21 19:44:18.482,0.75317,0.75355,3.00,3.00
2012.06.21 19:44:19.468,0.75317,0.75354,3.00,1.13
2012.06.21 19:44:19.945,0.75322,0.75355,3.00,3.00
2012.06.21 19:44:20.900,0.75322,0.75355,2.25,3.00
2012.06.21 19:44:21.888,0.75322,0.75355,3.00,3.00
2012.06.21 19:44:30.431,0.75322,0.75355,2.25,3.00
2012.06.21 19:44:31.980,0.75322,0.75355,2.25,3.00
2012.06.21 19:44:32.748,0.75323,0.75356,2.25,3.00
2012.06.21 19:44:41.725,0.75323,0.75356,2.25,3.00
2012.06.21 19:44:41.889,0.75323,0.75356,2.63,3.00
2012.06.21 19:44:42.417,0.75326,0.75358,2.25,1.50
2012.06.21 19:44:42.478,0.7531,0.75348,3.00,2.25
2012.06.21 19:44:43.237,0.75309,0.75347,3.38,2.25
2012.06.21 19:44:44.025,0.7531,0.75348,3.00,3.38
2012.06.21 19:44:46.172,0.75309,0.75348,1.13,2.25
2012.06.21 19:44:46.356,0.75312,0.75352,3.38,2.25
2012.06.21 19:44:47.739,0.75312,0.75352,3.38,2.25
2012.06.21 19:44:48.197,0.75312,0.75352,3.38,2.25
2012.06.21 19:44:48.279,0.75314,0.75364,3.00,3.00
2012.06.21 19:44:48.467,0.75314,0.75364,3.00,2.25
2012.06.21 19:44:54.357,0.75314,0.7536,2.25,3.00
2012.06.21 19:44:54.509,0.75314,0.7536,3.00,3.00
2012.06.21 19:44:58.220,0.75308,0.75355,3.00,2.25
2012.06.21 19:44:58.628,0.75307,0.75354,3.38,3.00
2012.06.21 19:44:58.693,0.75307,0.75354,3.38,2.25
2012.06.21 19:44:59.626,0.75307,0.75354,3.38,2.25
2012.06.21 19:45:00.238,0.75307,0.75354,3.38,2.25
2012.06.21 19:45:00.346,0.75307,0.75354,3.38,2.25
2012.06.21 19:45:00.468,0.7531,0.75357,1.13,2.25
2012.06.21 19:45:00.611,0.75312,0.7536,3.00,2.25
2012.06.21 19:45:01.626,0.75314,0.7536,3.00,3.00
2012.06.21 19:45:03.259,0.75314,0.7536,2.25,3.00
2012.06.21 19:45:03.479,0.75309,0.75351,3.00,2.25
2012.06.21 19:45:03.572,0.75308,0.75348,3.38,2.25
2012.06.21 19:45:04.242,0.75309,0.75349,3.00,3.38
2012.06.21 19:45:04.798,0.7531,0.75348,3.00,2.25
2012.06.21 19:45:05.256,0.7531,0.75348,3.00,3.38
2012.06.21 19:45:06.574,0.7531,0.75347,3.00,1.13
2012.06.21 19:45:06.898,0.75307,0.75344,3.00,1.13
2012.06.21 19:45:07.200,0.75305,0.75343,1.13,2.25
2012.06.21 19:45:07.563,0.75305,0.75343,1.13,2.25
2012.06.21 19:45:07.626,0.75305,0.75343,1.13,2.25
2012.06.21 19:45:07.749,0.75305,0.75344,3.38,1.13
2012.06.21 19:45:07.859,0.75305,0.75343,1.13,2.25
2012.06.21 19:45:07.926,0.75305,0.75343,1.13,3.00
2012.06.21 19:45:08.236,0.75306,0.75344,3.00,3.38
2012.06.21 19:45:08.467,0.75305,0.75342,1.13,2.25
2012.06.21 19:45:08.661,0.75305,0.75342,1.13,2.25
2012.06.21 19:45:08.739,0.75306,0.75344,3.00,3.38
2012.06.21 19:45:08.939,0.75306,0.75344,3.00,3.00
2012.06.21 19:45:09.006,0.75305,0.75342,1.13,2.25
2012.06.21 19:45:09.289,0.75306,0.75344,3.00,3.00
2012.06.21 19:45:09.400,0.75305,0.75342,1.13,2.25
2012.06.21 19:45:10.208,0.75309,0.75342,1.13,2.25
2012.06.21 19:45:10.269,0.75306,0.75342,1.13,2.25
2012.06.21 19:45:10.338,0.75308,0.75346,2.63,3.00
2012.06.21 19:45:10.750,0.75309,0.75348,1.13,3.00
2012.06.21 19:45:11.008,0.75308,0.75348,2.63,3.00
2012.06.21 19:45:11.089,0.75309,0.75348,1.13,3.38
2012.06.21 19:45:11.157,0.75308,0.75348,2.63,3.00
2012.06.21 19:45:11.287,0.75309,0.75348,1.13,3.00
2012.06.21 19:45:11.657,0.7531,0.75349,3.00,1.13
2012.06.21 19:45:11.717,0.75309,0.75347,1.13,2.25
2012.06.21 19:45:12.413,0.75311,0.75348,3.00,3.00
2012.06.21 19:45:15.945,0.7531,0.7535,2.25,3.38
2012.06.21 19:45:16.140,0.7531,0.7535,3.00,3.38
2012.06.21 19:45:16.391,0.75308,0.75345,3.00,1.13
2012.06.21 19:45:17.121,0.75307,0.75345,3.00,3.38
2012.06.21 19:45:17.889,0.75307,0.75344,1.13,2.25
2012.06.21 19:45:19.138,0.75307,0.75343,1.13,2.25
2012.06.21 19:45:19.664,0.75307,0.75343,1.13,2.25
2012.06.21 19:45:20.721,0.75307,0.75342,1.13,2.25
2012.06.21 19:45:22.150,0.75307,0.75342,1.13,2.25
2012.06.21 19:45:22.370,0.75307,0.75343,1.13,2.25
2012.06.21 19:45:22.982,0.75307,0.75343,1.13,2.25
2012.06.21 19:45:23.238,0.75303,0.75341,3.00,1.13
2012.06.21 19:45:23.297,0.753,0.75337,3.38,2.25
2012.06.21 19:45:23.942,0.753,0.75339,1.13,2.25
2012.06.21 19:45:24.008,0.753,0.75339,1.13,2.25
2012.06.21 19:45:25.340,0.75301,0.75339,3.00,2.25
2012.06.21 19:45:30.106,0.753,0.75339,1.13,2.25
2012.06.21 19:45:30.994,0.753,0.7534,3.38,2.25
2012.06.21 19:45:31.247,0.75304,0.75342,1.13,2.25
2012.06.21 19:45:31.455,0.75306,0.75344,3.00,2.25
2012.06.21 19:45:31.910,0.75306,0.75344,3.00,3.00
2012.06.21 19:45:32.411,0.75311,0.75346,1.13,2.25
2012.06.21 19:45:32.548,0.75311,0.7535,1.13,3.00
2012.06.21 19:45:34.459,0.75312,0.7535,2.25,3.00
2012.06.21 19:45:34.738,0.75307,0.75345,2.25,3.00
2012.06.21 19:45:34.901,0.75307,0.75345,2.25,3.00
2012.06.21 19:45:35.627,0.75307,0.75345,3.00,3.00
2012.06.21 19:45:35.829,0.75307,0.75345,2.63,3.00
2012.06.21 19:45:36.063,0.75308,0.75346,2.63,3.00
2012.06.21 19:45:36.679,0.75305,0.75339,1.13,2.25
2012.06.21 19:45:37.076,0.75301,0.7534,1.13,2.25
2012.06.21 19:45:37.462,0.75295,0.75339,1.35,2.25
2012.06.21 19:45:38.309,0.75301,0.75338,1.13,2.25
2012.06.21 19:45:39.261,0.75301,0.75338,1.13,2.25
2012.06.21 19:45:39.327,0.75302,0.7534,3.00,2.25
2012.06.21 19:45:42.727,0.75301,0.75337,1.13,2.25
2012.06.21 19:45:43.249,0.75294,0.75334,3.38,2.25
2012.06.21 19:45:43.448,0.75294,0.75333,3.38,2.25
2012.06.21 19:45:43.719,0.75294,0.7533,1.13,2.25
2012.06.21 19:45:43.997,0.75291,0.75333,3.00,3.00
2012.06.21 19:45:44.526,0.75291,0.75333,3.00,2.25
2012.06.21 19:45:44.587,0.75291,0.75333,3.00,2.25
2012.06.21 19:45:45.672,0.75291,0.75334,3.00,2.25
2012.06.21 19:45:46.831,0.75292,0.75335,3.00,2.25
2012.06.21 19:45:47.893,0.75296,0.75337,3.00,2.25
2012.06.21 19:45:48.524,0.75295,0.75338,3.00,2.25
2012.06.21 19:45:48.707,0.75292,0.75339,1.13,2.25
2012.06.21 19:45:49.267,0.75292,0.75339,1.13,2.25
2012.06.21 19:45:49.327,0.75292,0.75339,1.13,2.25
2012.06.21 19:45:50.257,0.75292,0.7534,3.38,2.25
2012.06.21 19:45:52.548,0.75296,0.75341,3.00,2.25
2012.06.21 19:45:52.635,0.75296,0.75344,3.00,3.38
2012.06.21 19:45:52.757,0.75299,0.75344,1.13,3.00
2012.06.21 19:45:53.126,0.75299,0.75345,1.13,2.25
2012.06.21 19:45:53.247,0.75299,0.75345,1.13,2.25
2012.06.21 19:45:56.067,0.75295,0.75343,3.00,2.25
2012.06.21 19:45:56.651,0.75293,0.75339,1.13,2.25
2012.06.21 19:45:57.288,0.7529,0.75337,3.00,2.25
2012.06.21 19:45:57.595,0.75289,0.75335,3.00,2.25
2012.06.21 19:45:58.191,0.7529,0.75336,1.13,2.25
2012.06.21 19:45:58.768,0.7529,0.75337,3.38,2.25
2012.06.21 19:46:00.187,0.75291,0.75336,3.00,2.25
2012.06.21 19:46:03.640,0.75288,0.75333,3.00,2.25
2012.06.21 19:46:03.979,0.75286,0.75333,3.38,2.25
2012.06.21 19:46:04.126,0.75287,0.75337,3.00,2.25
2012.06.21 19:46:04.249,0.75287,0.75337,3.00,2.25
2012.06.21 19:46:04.664,0.75287,0.7534,3.00,2.25
2012.06.21 19:46:05.850,0.75287,0.7534,3.00,2.25
2012.06.21 19:46:05.963,0.75286,0.75337,1.13,2.25
2012.06.21 19:46:06.329,0.75282,0.75335,3.00,2.25
2012.06.21 19:46:07.030,0.75277,0.75332,3.38,2.25
2012.06.21 19:46:12.188,0.75279,0.75334,3.00,2.25
2012.06.21 19:46:12.248,0.75279,0.75334,3.00,2.25
2012.06.21 19:46:13.597,0.7528,0.75335,3.00,2.25
2012.06.21 19:46:14.002,0.75296,0.75334,3.38,2.25
2012.06.21 19:46:15.278,0.75293,0.75336,3.00,2.25
2012.06.21 19:46:15.362,0.7529,0.75338,3.38,2.25
2012.06.21 19:46:15.428,0.7529,0.75338,3.38,2.25
2012.06.21 19:46:15.681,0.7529,0.75338,3.38,3.00
2012.06.21 19:46:16.001,0.75299,0.75337,2.63,3.00
2012.06.21 19:46:16.188,0.75297,0.75334,3.00,2.25
2012.06.21 19:46:17.327,0.75288,0.75335,3.00,2.25
2012.06.21 19:46:17.649,0.75288,0.75335,3.00,2.25
2012.06.21 19:46:17.981,0.75297,0.75337,3.38,2.25
2012.06.21 19:46:18.237,0.75297,0.75337,2.25,3.00
2012.06.21 19:46:18.313,0.7529,0.75335,3.00,3.00
2012.06.21 19:46:19.420,0.75288,0.75333,3.00,2.25
2012.06.21 19:46:20.470,0.75297,0.75335,1.13,2.25
2012.06.21 19:46:21.165,0.75297,0.75335,3.38,3.00
2012.06.21 19:46:21.880,0.75296,0.75335,2.63,3.00
2012.06.21 19:46:21.999,0.75297,0.75335,1.13,3.00
2012.06.21 19:46:25.123,0.75298,0.75336,2.25,3.00
2012.06.21 19:46:25.580,0.75289,0.75336,3.00,3.00
2012.06.21 19:46:26.556,0.75289,0.75336,3.00,2.25
2012.06.21 19:46:27.170,0.75288,0.75333,3.60,2.25
2012.06.21 19:46:27.947,0.75288,0.75333,3.60,2.25
2012.06.21 19:46:29.637,0.75281,0.75336,1.13,1.13
2012.06.21 19:46:31.192,0.75281,0.75336,1.13,1.13
2012.06.21 19:46:31.523,0.75281,0.75336,1.13,1.13
2012.06.21 19:46:32.271,0.75285,0.75331,3.00,1.13
2012.06.21 19:46:32.479,0.75288,0.75335,2.25,3.00
2012.06.21 19:46:32.734,0.75288,0.75335,3.00,3.00
2012.06.21 19:46:33.067,0.7529,0.75338,2.63,3.00
2012.06.21 19:46:33.248,0.75285,0.75338,3.00,3.00
2012.06.21 19:46:33.428,0.75282,0.75338,1.35,3.00
2012.06.21 19:46:33.848,0.75275,0.75338,3.00,3.00
2012.06.21 19:46:37.239,0.75272,0.75335,3.00,3.00
2012.06.21 19:46:38.523,0.75274,0.75335,3.00,3.00
2012.06.21 19:46:39.062,0.75274,0.75335,3.00,3.00
2012.06.21 19:46:40.125,0.75273,0.75334,3.00,3.00
2012.06.21 19:46:40.563,0.75273,0.75334,3.00,3.00
2012.06.21 19:46:41.380,0.75273,0.75334,3.00,3.00
2012.06.21 19:46:42.213,0.75273,0.75334,3.00,3.00
2012.06.21 19:46:42.689,0.75273,0.75334,3.00,3.00
2012.06.21 19:46:42.965,0.75273,0.75334,3.00,3.00
2012.06.21 19:46:43.686,0.75273,0.75334,3.00,3.00
2012.06.21 19:46:45.868,0.75273,0.75334,3.00,3.00
2012.06.21 19:46:48.963,0.75271,0.75329,3.00,2.25
2012.06.21 19:46:49.477,0.75272,0.75327,3.00,3.00
2012.06.21 19:46:50.666,0.75272,0.75327,3.00,2.25
2012.06.21 19:46:50.987,0.75273,0.75326,1.13,3.00
2012.06.21 19:46:51.336,0.75272,0.75316,1.13,2.25
2012.06.21 19:46:51.398,0.75272,0.75316,1.13,2.25
2012.06.21 19:46:51.457,0.75271,0.75319,3.00,3.00
2012.06.21 19:46:52.008,0.75269,0.75322,3.00,2.25
2012.06.21 19:46:52.668,0.7527,0.75323,3.00,2.25
2012.06.21 19:46:55.757,0.75265,0.75318,3.00,2.25
2012.06.21 19:46:56.292,0.75263,0.75317,3.38,2.25
2012.06.21 19:46:56.427,0.75263,0.75317,3.38,2.25
2012.06.21 19:46:57.762,0.75263,0.75317,3.38,2.25
2012.06.21 19:46:58.253,0.75263,0.75317,3.38,2.25
2012.06.21 19:46:58.317,0.75263,0.75317,3.38,2.25
2012.06.21 19:47:00.498,0.75263,0.75317,3.38,2.25
2012.06.21 19:47:01.430,0.75263,0.75317,3.38,2.25
2012.06.21 19:47:01.677,0.75263,0.75317,3.38,2.25
2012.06.21 19:47:02.612,0.75263,0.75317,3.38,2.25
2012.06.21 19:47:03.421,0.75263,0.75317,3.38,2.25
2012.06.21 19:47:03.488,0.75263,0.75317,3.38,2.25
2012.06.21 19:47:06.235,0.75263,0.75317,3.38,2.25
2012.06.21 19:47:06.358,0.75265,0.7532,3.00,2.25
2012.06.21 19:47:06.547,0.75268,0.75323,3.00,2.25
2012.06.21 19:47:07.428,0.7527,0.75325,3.00,3.00
2012.06.21 19:47:08.273,0.7527,0.75325,3.00,3.00
2012.06.21 19:47:10.711,0.75273,0.75318,3.00,3.00
2012.06.21 19:47:11.594,0.75274,0.7532,3.00,2.25
2012.06.21 19:47:12.384,0.75274,0.75319,3.00,2.25
2012.06.21 19:47:12.918,0.75275,0.75321,3.00,3.38
2012.06.21 19:47:13.003,0.75275,0.75321,3.00,3.00
2012.06.21 19:47:13.127,0.7527,0.75317,1.13,2.25
2012.06.21 19:47:13.255,0.75272,0.75319,3.00,2.25
2012.06.21 19:47:13.810,0.75272,0.75319,3.00,3.00
2012.06.21 19:47:13.930,0.75272,0.75319,3.00,2.25
2012.06.21 19:47:15.037,0.75265,0.7532,3.00,2.25
2012.06.21 19:47:15.381,0.75266,0.75321,3.00,2.25
2012.06.21 19:47:15.502,0.75266,0.75321,3.00,2.25
2012.06.21 19:47:15.941,0.75272,0.75321,1.13,2.25
2012.06.21 19:47:16.187,0.75274,0.75322,3.00,3.38
2012.06.21 19:47:16.398,0.75274,0.75322,3.00,2.25
2012.06.21 19:47:16.707,0.75274,0.7532,3.00,2.25
2012.06.21 19:47:16.933,0.75273,0.75318,3.00,2.25
2012.06.21 19:47:17.787,0.75272,0.75319,3.38,2.25
2012.06.21 19:47:18.078,0.75272,0.75315,1.13,2.25
2012.06.21 19:47:19.025,0.75272,0.75316,1.13,2.25
2012.06.21 19:47:20.897,0.7527,0.75316,3.00,2.25
2012.06.21 19:47:23.413,0.75269,0.75316,3.00,2.25
2012.06.21 19:47:23.641,0.75268,0.75315,1.13,2.25
2012.06.21 19:47:24.037,0.75268,0.75315,1.13,2.25
2012.06.21 19:47:24.199,0.75268,0.75315,1.13,2.25
2012.06.21 19:47:24.619,0.75268,0.75315,1.13,2.25
2012.06.21 19:47:25.187,0.75268,0.75315,1.13,2.25
2012.06.21 19:47:26.391,0.75268,0.75315,3.38,2.25
2012.06.21 19:47:26.661,0.75268,0.75315,3.38,2.25
2012.06.21 19:47:28.094,0.75269,0.75316,3.00,2.25
2012.06.21 19:47:28.568,0.75269,0.75316,3.00,2.25
2012.06.21 19:47:28.708,0.75269,0.75316,3.00,2.25
2012.06.21 19:47:28.769,0.75269,0.75316,3.00,2.25
2012.06.21 19:47:29.300,0.75274,0.75319,3.00,2.25
2012.06.21 19:47:30.601,0.75274,0.75319,3.00,3.00
2012.06.21 19:47:33.208,0.75274,0.75319,3.00,2.25
2012.06.21 19:47:36.385,0.75274,0.75319,3.00,3.00
2012.06.21 19:47:41.403,0.75273,0.75318,2.25,3.00
2012.06.21 19:47:42.942,0.75273,0.75318,3.00,3.00
2012.06.21 19:47:45.145,0.75273,0.75318,3.00,2.25
2012.06.21 19:47:45.417,0.75274,0.7532,3.00,2.25
2012.06.21 19:47:46.389,0.75278,0.75324,3.00,3.00
2012.06.21 19:47:46.701,0.75278,0.75326,2.25,3.00
2012.06.21 19:47:47.028,0.75278,0.75326,2.25,3.00
2012.06.21 19:47:47.670,0.75278,0.75326,2.25,3.00
2012.06.21 19:47:49.049,0.75277,0.75322,3.00,2.25
2012.06.21 19:47:49.487,0.75276,0.75322,1.13,3.00
2012.06.21 19:47:50.639,0.75276,0.75322,1.13,2.25
2012.06.21 19:47:51.439,0.75277,0.75323,3.00,2.25
2012.06.21 19:47:53.023,0.75276,0.75323,3.38,3.00
2012.06.21 19:47:55.660,0.75276,0.75322,1.13,2.25
2012.06.21 19:47:56.688,0.75276,0.75322,1.13,3.00
2012.06.21 19:47:57.797,0.75276,0.75322,1.13,2.25
2012.06.21 19:47:58.477,0.75276,0.75324,3.38,3.00
2012.06.21 19:48:07.395,0.75282,0.75326,1.13,3.00
2012.06.21 19:48:07.706,0.75284,0.75329,2.25,3.00
2012.06.21 19:48:07.828,0.75276,0.75321,3.00,3.00
2012.06.21 19:48:07.964,0.75276,0.75321,3.00,2.25
2012.06.21 19:48:09.368,0.75281,0.75321,1.13,2.25
2012.06.21 19:48:09.678,0.75275,0.7532,3.00,2.25
2012.06.21 19:48:10.975,0.75284,0.75321,3.00,2.25
2012.06.21 19:48:13.028,0.75284,0.75322,3.00,3.38
2012.06.21 19:48:18.191,0.75284,0.75322,2.25,2.25
2012.06.21 19:48:18.423,0.75276,0.75321,3.00,2.25
2012.06.21 19:48:18.816,0.75276,0.75324,3.38,3.00
2012.06.21 19:48:19.641,0.7528,0.75319,3.38,1.13
2012.06.21 19:48:20.370,0.7528,0.75318,3.38,3.00
2012.06.21 19:48:20.698,0.75285,0.7532,3.00,3.00
2012.06.21 19:48:22.027,0.75282,0.7532,3.00,2.25
2012.06.21 19:48:22.109,0.75282,0.75322,3.00,3.38
2012.06.21 19:48:22.578,0.75287,0.75325,2.63,3.00
2012.06.21 19:48:22.670,0.75286,0.75321,1.13,2.25
2012.06.21 19:48:23.209,0.75286,0.75321,3.38,3.00
2012.06.21 19:48:23.597,0.75282,0.7532,3.00,2.25
2012.06.21 19:48:23.777,0.75286,0.75321,3.38,2.25
2012.06.21 19:48:23.897,0.75286,0.75321,3.38,3.00
2012.06.21 19:48:24.017,0.75281,0.75321,3.38,2.25
2012.06.21 19:48:25.304,0.75287,0.75325,3.38,2.25
2012.06.21 19:48:26.913,0.75287,0.75325,2.63,3.00
2012.06.21 19:48:27.070,0.75287,0.75325,3.38,2.25
2012.06.21 19:48:27.469,0.75283,0.75322,3.38,2.25
2012.06.21 19:48:27.611,0.75283,0.75322,3.38,3.38
2012.06.21 19:48:27.858,0.75283,0.75322,3.38,2.25
2012.06.21 19:48:28.841,0.75283,0.7532,1.13,2.25
2012.06.21 19:48:29.101,0.75283,0.7532,1.13,2.25
2012.06.21 19:48:29.847,0.75287,0.7532,1.13,3.00
2012.06.21 19:48:29.931,0.75287,0.7532,1.13,2.25
2012.06.21 19:48:30.583,0.75286,0.7532,1.13,3.00
2012.06.21 19:48:31.076,0.75287,0.75321,1.13,2.25
2012.06.21 19:48:31.905,0.75288,0.75325,3.00,2.25
2012.06.21 19:48:31.969,0.7529,0.75328,3.00,3.00
2012.06.21 19:48:32.890,0.7529,0.7533,3.00,3.38
2012.06.21 19:48:34.482,0.7529,0.7533,3.00,3.00
2012.06.21 19:48:37.661,0.7529,0.7533,3.00,3.38
2012.06.21 19:48:46.855,0.75289,0.75327,1.13,2.25
2012.06.21 19:48:47.027,0.75289,0.75327,1.13,2.25
2012.06.21 19:48:47.238,0.75289,0.75327,3.38,2.25
2012.06.21 19:48:47.297,0.75289,0.75325,1.13,2.25
2012.06.21 19:48:48.504,0.75288,0.75324,1.13,2.25
2012.06.21 19:48:48.919,0.75288,0.75322,1.13,2.25
2012.06.21 19:48:52.757,0.75284,0.75322,1.13,2.25
2012.06.21 19:48:52.817,0.75284,0.75324,3.38,2.25
2012.06.21 19:48:58.747,0.75279,0.75326,3.00,2.25
2012.06.21 19:48:58.808,0.75279,0.75326,3.00,2.25
2012.06.21 19:48:59.417,0.75278,0.75323,1.13,2.25
2012.06.21 19:49:00.379,0.75278,0.75326,3.38,2.25
2012.06.21 19:49:02.030,0.7528,0.75328,3.00,3.00
2012.06.21 19:49:10.299,0.7528,0.75328,3.00,2.25
2012.06.21 19:49:10.422,0.7528,0.75328,3.00,3.00
2012.06.21 19:49:11.621,0.7528,0.75328,3.00,2.25
2012.06.21 19:49:12.289,0.7528,0.75328,3.00,3.00
2012.06.21 19:49:12.950,0.75282,0.75333,3.00,3.00
2012.06.21 19:49:14.387,0.75287,0.75336,2.25,3.00
2012.06.21 19:49:14.507,0.75288,0.75336,2.25,3.00
2012.06.21 19:49:24.708,0.75288,0.75336,3.00,3.00
2012.06.21 19:49:24.929,0.75288,0.75336,2.25,3.00
2012.06.21 19:49:25.918,0.75288,0.75338,2.63,3.38
2012.06.21 19:49:26.248,0.75295,0.75339,2.25,1.13
2012.06.21 19:49:26.353,0.75293,0.75341,2.25,3.00
2012.06.21 19:49:28.786,0.75295,0.75341,2.25,3.00
2012.06.21 19:49:29.690,0.75295,0.75334,2.25,1.13
2012.06.21 19:49:30.027,0.75285,0.75332,3.00,3.00
2012.06.21 19:49:30.147,0.75285,0.75331,3.00,1.13
2012.06.21 19:49:30.448,0.75294,0.75332,2.25,3.00
2012.06.21 19:49:30.506,0.75294,0.7533,2.25,1.13
2012.06.21 19:49:30.631,0.75286,0.75334,3.00,3.00
2012.06.21 19:49:30.697,0.75286,0.75334,3.00,3.00
2012.06.21 19:49:32.483,0.75295,0.7533,2.25,2.25
2012.06.21 19:49:34.489,0.75294,0.75334,2.25,3.38
2012.06.21 19:49:39.147,0.75294,0.75334,3.00,3.38
2012.06.21 19:49:39.333,0.75294,0.75334,2.25,3.38
2012.06.21 19:49:39.808,0.7529,0.75328,3.00,1.13
2012.06.21 19:49:39.883,0.7529,0.75329,2.25,3.00
2012.06.21 19:49:40.157,0.75291,0.75333,3.00,3.00
2012.06.21 19:49:41.530,0.75291,0.75336,2.25,3.00
2012.06.21 19:49:41.598,0.75288,0.75334,2.25,3.00
2012.06.21 19:49:42.158,0.75288,0.75336,3.00,3.00
2012.06.21 19:49:44.748,0.75284,0.75328,3.00,1.13
2012.06.21 19:49:47.200,0.75282,0.75329,3.00,2.25
2012.06.21 19:49:47.712,0.75282,0.7533,3.00,3.00
2012.06.21 19:50:01.509,0.75282,0.7533,3.00,2.25
2012.06.21 19:50:01.640,0.75282,0.7533,3.00,3.00
2012.06.21 19:50:01.768,0.75279,0.75329,1.13,3.00
2012.06.21 19:50:02.416,0.75294,0.75335,2.25,3.00
2012.06.21 19:50:02.781,0.75292,0.75335,2.25,3.00
2012.06.21 19:50:03.178,0.75292,0.75335,2.25,3.00
2012.06.21 19:50:03.622,0.75292,0.75339,2.25,3.00
2012.06.21 19:50:04.688,0.75292,0.75337,2.25,3.00
2012.06.21 19:50:05.218,0.75286,0.75334,3.00,3.00
2012.06.21 19:50:05.423,0.75287,0.75334,2.25,3.00
2012.06.21 19:50:05.698,0.75285,0.7533,2.25,3.00
2012.06.21 19:50:06.631,0.75285,0.75333,3.00,3.00
2012.06.21 19:50:07.068,0.75285,0.75333,2.25,3.00
2012.06.21 19:50:10.143,0.75286,0.75334,2.25,3.00
2012.06.21 19:50:10.208,0.75286,0.75334,3.00,3.00
2012.06.21 19:50:10.659,0.75284,0.75331,2.25,3.00
2012.06.21 19:50:10.728,0.75284,0.75329,3.00,3.00
2012.06.21 19:50:11.142,0.75284,0.75329,3.00,2.25
2012.06.21 19:50:11.268,0.75284,0.75334,3.00,3.60
2012.06.21 19:50:17.370,0.75284,0.75334,3.00,3.00
2012.06.21 19:50:17.753,0.75284,0.75334,2.25,3.00
2012.06.21 19:50:18.141,0.75284,0.75329,3.00,3.00
2012.06.21 19:50:18.680,0.75282,0.75319,3.00,1.13
2012.06.21 19:50:19.230,0.75286,0.75319,2.25,3.00
2012.06.21 19:50:19.417,0.75269,0.75322,3.00,3.00
2012.06.21 19:50:21.453,0.7527,0.75324,3.00,3.00
2012.06.21 19:50:22.512,0.7527,0.75324,3.00,3.00
2012.06.21 19:50:22.967,0.75267,0.75319,3.00,1.13
2012.06.21 19:50:25.240,0.75267,0.75319,3.00,1.13
2012.06.21 19:50:25.681,0.75267,0.75319,3.00,1.13
2012.06.21 19:50:25.954,0.75267,0.7532,3.00,3.00
2012.06.21 19:50:26.179,0.75269,0.75324,3.00,3.00
2012.06.21 19:50:26.789,0.75271,0.75324,3.00,3.00
2012.06.21 19:50:27.774,0.75273,0.75324,2.25,3.00
2012.06.21 19:50:30.316,0.7527,0.75325,3.00,3.00
2012.06.21 19:50:31.080,0.7527,0.75325,3.00,3.00
2012.06.21 19:50:31.147,0.7527,0.75325,3.00,3.00
2012.06.21 19:50:41.274,0.7527,0.75325,3.00,3.00
2012.06.21 19:50:41.702,0.75266,0.75321,3.00,3.00
2012.06.21 19:50:47.910,0.75267,0.75322,3.00,3.00
2012.06.21 19:50:47.985,0.75267,0.75322,3.00,3.00
2012.06.21 19:50:48.640,0.75277,0.75327,3.00,3.00
2012.06.21 19:50:48.979,0.75276,0.75317,3.00,1.13
2012.06.21 19:50:49.363,0.7528,0.75318,2.25,3.00
2012.06.21 19:50:49.429,0.7528,0.75318,3.00,3.00
2012.06.21 19:50:50.034,0.7528,0.75318,2.25,3.00
2012.06.21 19:50:50.191,0.7528,0.75316,3.00,1.13
2012.06.21 19:50:50.629,0.75278,0.75318,2.25,3.00
2012.06.21 19:50:50.697,0.75278,0.75316,3.00,1.13
2012.06.21 19:50:53.030,0.75278,0.75316,3.00,3.38
2012.06.21 19:50:53.490,0.75278,0.75316,3.00,2.25
2012.06.21 19:50:53.999,0.75279,0.75318,3.00,2.25
2012.06.21 19:50:57.171,0.75278,0.75318,3.00,3.00
2012.06.21 19:50:57.833,0.7528,0.75316,3.00,1.13
2012.06.21 19:50:57.899,0.75281,0.75319,2.25,3.00
2012.06.21 19:50:58.292,0.75281,0.75319,3.00,3.00
2012.06.21 19:50:58.928,0.75279,0.75319,3.00,3.98
2012.06.21 19:50:59.197,0.7528,0.75319,3.00,1.35
2012.06.21 19:50:59.258,0.7528,0.75331,3.00,3.00
2012.06.21 19:50:59.994,0.75282,0.75335,2.25,3.00
2012.06.21 19:51:02.252,0.75281,0.75335,2.25,3.00
2012.06.21 19:51:08.961,0.75281,0.75335,2.25,3.00
2012.06.21 19:51:09.149,0.75278,0.75331,2.25,3.00
2012.06.21 19:51:09.217,0.75276,0.75331,3.00,3.00
2012.06.21 19:51:09.461,0.75276,0.75331,3.00,3.00
2012.06.21 19:51:09.588,0.75274,0.75329,3.00,3.00
2012.06.21 19:51:10.227,0.75271,0.75324,3.00,2.25
2012.06.21 19:51:10.429,0.75271,0.75324,3.00,3.00
2012.06.21 19:51:18.091,0.75274,0.75326,3.00,1.13
2012.06.21 19:51:19.327,0.75275,0.75328,3.00,3.00
2012.06.21 19:51:48.647,0.75272,0.75327,3.00,3.38
2012.06.21 19:51:49.041,0.75275,0.75328,3.00,3.00
2012.06.21 19:51:49.298,0.75275,0.75328,3.00,2.25
2012.06.21 19:51:50.359,0.75277,0.7533,3.00,3.00
2012.06.21 19:51:50.657,0.75278,0.75331,2.25,3.00
2012.06.21 19:51:50.989,0.75281,0.75334,2.25,3.00
2012.06.21 19:51:51.544,0.75282,0.7533,3.00,3.76
2012.06.21 19:51:52.940,0.75279,0.75319,2.25,3.38
2012.06.21 19:51:54.246,0.75279,0.75319,3.00,3.38
2012.06.21 19:51:54.621,0.75279,0.75319,2.25,3.38
2012.06.21 19:51:55.229,0.75278,0.75316,2.25,3.38
2012.06.21 19:51:56.319,0.75276,0.75314,3.00,3.38
2012.06.21 19:51:56.935,0.75276,0.75314,3.00,3.00
2012.06.21 19:51:57.520,0.75271,0.75318,3.00,3.00
2012.06.21 19:51:58.523,0.75272,0.75319,2.25,3.00
2012.06.21 19:51:58.951,0.75272,0.75319,3.00,3.00
2012.06.21 19:51:59.309,0.75272,0.75319,2.25,3.00
2012.06.21 19:51:59.610,0.75272,0.75319,3.00,3.00
2012.06.21 19:52:00.227,0.75272,0.75319,2.25,3.00
2012.06.21 19:52:00.768,0.75275,0.7532,2.25,3.00
2012.06.21 19:52:01.078,0.75275,0.75318,3.00,2.25
2012.06.21 19:52:01.601,0.75278,0.75317,2.25,3.00
2012.06.21 19:52:01.728,0.75278,0.75318,2.25,3.00
2012.06.21 19:52:04.142,0.75278,0.75318,3.00,3.00
2012.06.21 19:52:04.581,0.75278,0.75318,2.25,3.00
2012.06.21 19:52:05.421,0.75278,0.75318,3.00,3.00
2012.06.21 19:52:05.712,0.75276,0.75316,3.00,3.00
2012.06.21 19:52:06.947,0.75276,0.75316,3.75,3.00
2012.06.21 19:52:07.435,0.75287,0.75319,2.25,3.00
2012.06.21 19:52:07.928,0.75277,0.75314,3.00,1.13
2012.06.21 19:52:08.001,0.75277,0.75315,3.00,3.00
2012.06.21 19:52:08.073,0.75277,0.75314,3.00,1.13
2012.06.21 19:52:08.398,0.75279,0.75314,3.00,1.13
2012.06.21 19:52:08.608,0.75283,0.75316,2.25,3.00
2012.06.21 19:52:09.853,0.75283,0.75316,3.00,3.00
2012.06.21 19:52:09.977,0.75287,0.75316,1.13,2.25
2012.06.21 19:52:10.138,0.75293,0.75319,2.25,1.13
2012.06.21 19:52:10.816,0.75293,0.75319,2.25,1.13
2012.06.21 19:52:10.877,0.75285,0.75323,2.25,3.00
2012.06.21 19:52:11.561,0.75285,0.75323,2.25,3.00
2012.06.21 19:52:12.280,0.75285,0.75327,2.25,1.35
2012.06.21 19:52:12.786,0.75284,0.75319,2.25,3.76
2012.06.21 19:52:12.847,0.75279,0.75319,3.00,3.38
2012.06.21 19:52:15.597,0.75285,0.75323,2.25,3.00
2012.06.21 19:52:18.068,0.75285,0.75323,2.25,3.00
2012.06.21 19:52:18.400,0.7529,0.75324,2.25,3.00
2012.06.21 19:52:18.781,0.7529,0.75324,2.25,3.00
2012.06.21 19:52:19.028,0.75287,0.75327,2.25,3.38
2012.06.21 19:52:19.088,0.75283,0.75321,2.25,3.00
2012.06.21 19:52:19.658,0.75282,0.7532,2.25,3.00
2012.06.21 19:52:19.878,0.75282,0.7532,2.25,3.00
2012.06.21 19:52:19.964,0.75278,0.75318,2.63,3.00
2012.06.21 19:52:20.089,0.75276,0.75314,3.00,3.00
2012.06.21 19:52:21.148,0.75276,0.75313,3.00,2.25
2012.06.21 19:52:24.681,0.75276,0.75314,3.00,3.00
2012.06.21 19:52:26.778,0.75279,0.75315,3.00,1.13
2012.06.21 19:52:26.957,0.75273,0.7531,3.00,1.13
2012.06.21 19:52:27.333,0.75274,0.75314,3.00,3.00
2012.06.21 19:52:28.014,0.75273,0.7531,3.00,1.13
2012.06.21 19:52:29.773,0.75274,0.75314,3.00,3.00
2012.06.21 19:52:29.838,0.75274,0.75314,2.25,3.00
2012.06.21 19:52:31.758,0.75271,0.75309,3.00,3.00
2012.06.21 19:52:36.841,0.75271,0.75309,3.00,1.13
2012.06.21 19:52:36.964,0.75271,0.7531,3.00,3.00
2012.06.21 19:52:38.491,0.75271,0.75309,3.00,3.38
2012.06.21 19:52:39.574,0.75274,0.75309,3.00,3.00
2012.06.21 19:52:39.923,0.75274,0.7531,3.00,1.13
2012.06.21 19:52:42.211,0.75277,0.7531,2.25,3.00
2012.06.21 19:52:42.552,0.75279,0.75312,2.25,3.00
2012.06.21 19:52:42.980,0.75279,0.75312,3.00,2.25
2012.06.21 19:52:43.192,0.75279,0.75312,2.25,3.00
2012.06.21 19:52:44.378,0.75279,0.75312,2.25,3.00
2012.06.21 19:52:44.742,0.7528,0.75315,2.25,3.00
2012.06.21 19:52:46.038,0.75283,0.75315,2.25,2.25
2012.06.21 19:52:46.159,0.75283,0.75315,2.25,2.25
2012.06.21 19:52:46.856,0.75278,0.75313,3.00,1.13
2012.06.21 19:52:47.005,0.75278,0.75316,2.25,3.00
2012.06.21 19:52:47.094,0.75273,0.75312,3.38,1.13
2012.06.21 19:52:47.773,0.75277,0.75312,2.25,3.00
2012.06.21 19:52:49.953,0.75277,0.75312,2.25,3.00
2012.06.21 19:52:53.252,0.75279,0.75316,2.25,3.00
2012.06.21 19:52:53.387,0.75277,0.75317,2.25,3.00
2012.06.21 19:52:56.098,0.75278,0.75317,2.25,3.00
2012.06.21 19:52:57.498,0.75276,0.75316,2.25,3.00
2012.06.21 19:52:58.348,0.75276,0.75311,2.25,2.25
2012.06.21 19:52:58.490,0.75276,0.75311,2.25,2.25
2012.06.21 19:52:58.643,0.75271,0.75309,3.00,3.00
2012.06.21 19:53:03.408,0.75269,0.75309,2.25,3.00
2012.06.21 19:53:03.608,0.7526,0.75308,3.00,3.00
2012.06.21 19:53:03.749,0.75258,0.75303,2.25,3.00
2012.06.21 19:53:03.809,0.75238,0.75294,3.38,3.00
2012.06.21 19:53:03.957,0.75238,0.75294,3.38,3.00
2012.06.21 19:53:04.726,0.75238,0.75294,3.38,3.00
2012.06.21 19:53:06.453,0.75238,0.75294,3.38,3.00
2012.06.21 19:53:09.972,0.75238,0.75294,3.38,3.00
2012.06.21 19:53:11.608,0.75238,0.75294,3.38,3.00
2012.06.21 19:53:12.718,0.75238,0.75294,2.63,3.00
2012.06.21 19:53:16.658,0.75238,0.75289,2.63,2.25
2012.06.21 19:53:17.670,0.75238,0.75274,2.25,1.50
2012.06.21 19:53:18.059,0.75238,0.75265,2.25,1.13
2012.06.21 19:53:18.120,0.75241,0.75274,2.63,3.00
2012.06.21 19:53:18.189,0.75241,0.75274,2.25,3.00
2012.06.21 19:53:18.249,0.75234,0.75271,3.60,2.25
2012.06.21 19:53:18.343,0.75234,0.75271,2.85,2.25
2012.06.21 19:53:18.409,0.75231,0.75271,1.73,3.00
2012.06.21 19:53:18.469,0.75229,0.75271,3.00,2.25
2012.06.21 19:53:18.648,0.75225,0.75275,1.35,3.00
2012.06.21 19:53:21.809,0.75231,0.75278,1.13,3.00
2012.06.21 19:53:22.237,0.75222,0.75277,3.00,3.00
2012.06.21 19:53:23.112,0.75222,0.75267,3.00,2.25
2012.06.21 19:53:25.602,0.75221,0.75265,1.13,2.25
2012.06.21 19:53:25.824,0.75221,0.75265,1.13,3.00
2012.06.21 19:53:26.161,0.75219,0.75265,2.63,3.00
2012.06.21 19:53:27.471,0.75222,0.75267,2.25,3.00
2012.06.21 19:53:28.820,0.75222,0.75267,2.63,3.00
2012.06.21 19:53:29.138,0.75221,0.75261,2.63,3.00
2012.06.21 19:53:29.498,0.75218,0.75255,2.63,3.00
2012.06.21 19:53:29.559,0.75222,0.75255,2.63,3.00
2012.06.21 19:53:29.740,0.75221,0.75259,2.25,3.00
2012.06.21 19:53:29.856,0.75216,0.75254,3.38,3.00
2012.06.21 19:53:31.798,0.75218,0.75256,1.13,2.25
2012.06.21 19:53:31.859,0.7522,0.75257,3.00,1.13
2012.06.21 19:53:32.229,0.7522,0.75258,2.25,3.00
2012.06.21 19:53:32.290,0.75218,0.75258,2.25,3.00
2012.06.21 19:53:32.374,0.75205,0.75252,3.38,2.25
2012.06.21 19:53:32.437,0.75205,0.75252,3.38,2.25
2012.06.21 19:53:32.702,0.75198,0.75251,1.35,2.25
2012.06.21 19:53:34.623,0.75197,0.75251,1.13,3.00
2012.06.21 19:53:34.948,0.75197,0.75224,1.13,2.25
2012.06.21 19:53:35.007,0.75197,0.75229,1.13,2.25
2012.06.21 19:53:35.552,0.75197,0.75233,1.13,2.25
2012.06.21 19:53:35.618,0.75197,0.75233,1.13,2.25
2012.06.21 19:53:36.029,0.75197,0.75231,1.13,2.25
2012.06.21 19:53:37.359,0.75195,0.75232,1.13,2.25
2012.06.21 19:53:40.131,0.75195,0.75232,1.13,2.25
2012.06.21 19:53:40.257,0.75192,0.75232,3.00,3.76
2012.06.21 19:53:40.447,0.75186,0.75224,3.38,2.25
2012.06.21 19:53:42.166,0.75186,0.75223,1.13,2.25
2012.06.21 19:53:42.408,0.75186,0.75222,1.13,2.25
2012.06.21 19:53:42.641,0.75186,0.75224,3.38,2.25
2012.06.21 19:53:43.699,0.75191,0.75224,1.13,2.25
2012.06.21 19:53:43.847,0.75191,0.75224,1.13,2.25
2012.06.21 19:53:44.282,0.75191,0.75225,1.13,2.25
2012.06.21 19:53:44.792,0.75187,0.75224,3.00,2.25
2012.06.21 19:53:45.271,0.75186,0.75226,3.38,2.25
2012.06.21 19:53:45.777,0.75189,0.75229,3.38,2.25
2012.06.21 19:53:46.870,0.7519,0.7523,3.00,2.25
2012.06.21 19:53:46.938,0.75186,0.75225,3.00,2.25
2012.06.21 19:53:46.999,0.75186,0.75225,3.00,2.25
2012.06.21 19:53:49.230,0.75186,0.75226,3.00,2.25
2012.06.21 19:53:49.301,0.75189,0.75227,3.00,2.25
2012.06.21 19:53:50.992,0.7519,0.75229,3.00,2.25
2012.06.21 19:53:51.468,0.75193,0.75231,3.00,2.25
2012.06.21 19:53:52.624,0.75196,0.75232,1.13,2.25
2012.06.21 19:53:52.688,0.75196,0.75232,1.13,2.25
2012.06.21 19:53:53.002,0.75196,0.75234,1.13,2.25
2012.06.21 19:53:53.121,0.75196,0.75236,3.38,2.25
2012.06.21 19:53:55.019,0.75196,0.75232,1.13,2.25
2012.06.21 19:53:57.101,0.75196,0.75232,1.13,2.25
2012.06.21 19:53:57.300,0.75196,0.75234,1.13,2.25
2012.06.21 19:54:00.778,0.75196,0.75234,3.38,2.25
2012.06.21 19:54:00.951,0.75196,0.75234,3.38,2.25
2012.06.21 19:54:01.472,0.75196,0.75233,1.13,2.25
2012.06.21 19:54:01.664,0.75196,0.75233,1.13,2.25
2012.06.21 19:54:03.587,0.75196,0.75232,1.13,2.25
2012.06.21 19:54:07.078,0.75196,0.75236,1.13,2.25
2012.06.21 19:54:09.551,0.75191,0.75235,3.00,1.13
2012.06.21 19:54:09.619,0.75177,0.7523,3.00,2.25
2012.06.21 19:54:10.498,0.75175,0.75223,3.38,2.25
2012.06.21 19:54:10.556,0.75175,0.75223,3.38,2.25
2012.06.21 19:54:10.685,0.75175,0.75223,3.38,2.25
2012.06.21 19:54:11.071,0.75176,0.75222,3.00,2.25
2012.06.21 19:54:11.311,0.75177,0.75224,3.00,2.25
2012.06.21 19:54:11.439,0.75177,0.75224,3.00,2.25
2012.06.21 19:54:11.756,0.75178,0.75226,3.00,2.25
2012.06.21 19:54:12.401,0.75175,0.75229,3.38,1.13
2012.06.21 19:54:12.741,0.75175,0.75228,3.38,2.25
2012.06.21 19:54:13.371,0.75175,0.75228,3.38,2.25
2012.06.21 19:54:13.508,0.75194,0.75233,1.13,3.38
2012.06.21 19:54:15.633,0.75184,0.75233,3.00,3.38
2012.06.21 19:54:15.698,0.75184,0.75233,3.00,2.25
2012.06.21 19:54:15.847,0.75177,0.75228,1.13,2.25
2012.06.21 19:54:16.141,0.75193,0.75233,1.13,3.00
2012.06.21 19:54:16.208,0.75193,0.75233,1.13,2.25
2012.06.21 19:54:21.093,0.75193,0.75234,1.13,1.13
2012.06.21 19:54:25.711,0.75193,0.75234,1.13,1.13
2012.06.21 19:54:30.471,0.75193,0.75238,1.13,3.00
2012.06.21 19:54:30.663,0.75188,0.75229,1.13,1.13
2012.06.21 19:54:30.971,0.75188,0.75232,1.13,3.00
2012.06.21 19:54:32.411,0.75191,0.75235,1.13,3.00
2012.06.21 19:54:32.843,0.75191,0.75234,1.13,1.73
2012.06.21 19:54:33.529,0.75191,0.75234,1.13,1.13
2012.06.21 19:54:35.865,0.75191,0.75234,1.13,3.38
2012.06.21 19:54:35.982,0.75191,0.75234,1.13,1.13
2012.06.21 19:54:36.050,0.75191,0.75236,1.13,3.00
2012.06.21 19:54:36.119,0.75186,0.7523,1.13,2.63
2012.06.21 19:54:41.594,0.75186,0.75233,1.13,1.13
2012.06.21 19:54:41.658,0.75192,0.75233,1.13,1.13
2012.06.21 19:54:42.439,0.75192,0.75236,1.13,1.13
2012.06.21 19:54:52.429,0.75192,0.75232,1.13,2.25
2012.06.21 19:54:53.630,0.75192,0.75232,1.13,2.63
2012.06.21 19:54:54.407,0.75197,0.75236,1.13,3.38
2012.06.21 19:55:03.770,0.75197,0.75239,1.13,3.38
2012.06.21 19:55:04.098,0.75194,0.75239,1.13,1.13
2012.06.21 19:55:04.158,0.75194,0.75237,1.13,2.25
2012.06.21 19:55:04.549,0.75194,0.75238,1.13,3.38
2012.06.21 19:55:04.914,0.75194,0.75233,1.13,1.13
2012.06.21 19:55:05.814,0.75191,0.75235,1.13,3.38
2012.06.21 19:55:05.882,0.75186,0.75228,1.13,1.13
2012.06.21 19:55:06.343,0.75186,0.75232,1.13,3.76
2012.06.21 19:55:07.172,0.75186,0.75232,1.13,2.63
2012.06.21 19:55:07.762,0.75186,0.75231,1.13,2.25
2012.06.21 19:55:08.332,0.75186,0.7523,1.13,2.25
2012.06.21 19:55:08.931,0.75186,0.75229,1.13,1.13
2012.06.21 19:55:09.317,0.75186,0.75231,1.13,2.25
2012.06.21 19:55:09.918,0.7519,0.75229,1.13,1.13
2012.06.21 19:55:10.346,0.7519,0.75231,1.13,2.25
2012.06.21 19:55:10.411,0.7519,0.75234,1.13,3.76
2012.06.21 19:55:10.478,0.7519,0.75234,1.13,2.63
2012.06.21 19:55:10.660,0.7519,0.75231,1.13,2.25
2012.06.21 19:55:10.791,0.75187,0.75231,1.13,3.76
2012.06.21 19:55:11.050,0.75187,0.75231,1.13,2.63
2012.06.21 19:55:12.210,0.75187,0.75231,1.13,3.76
2012.06.21 19:55:12.538,0.75186,0.75228,1.13,3.38
2012.06.21 19:55:12.605,0.75186,0.75228,1.13,1.13
2012.06.21 19:55:12.669,0.75186,0.75231,1.13,3.00
2012.06.21 19:55:12.984,0.75192,0.75231,1.50,3.00
2012.06.21 19:55:13.050,0.75206,0.75244,1.13,3.00
2012.06.21 19:55:13.118,0.75206,0.75244,1.13,3.00
2012.06.21 19:55:13.298,0.75206,0.75245,1.13,1.13
2012.06.21 19:55:13.483,0.75197,0.75243,1.35,2.25
2012.06.21 19:55:13.548,0.75197,0.75243,1.35,2.25
2012.06.21 19:55:13.644,0.75197,0.75243,1.35,2.25
2012.06.21 19:55:14.043,0.75197,0.75243,1.35,2.25
2012.06.21 19:55:14.110,0.75197,0.75244,1.35,1.13
2012.06.21 19:55:15.358,0.75197,0.75245,1.35,3.00
2012.06.21 19:55:15.943,0.75198,0.75239,1.13,1.13
2012.06.21 19:55:16.725,0.75203,0.75242,1.13,3.38
2012.06.21 19:55:22.429,0.75199,0.75243,1.13,2.25
2012.06.21 19:55:22.930,0.75201,0.75244,1.13,1.13
2012.06.21 19:55:32.887,0.75201,0.75246,1.13,2.25
2012.06.21 19:55:33.381,0.75201,0.75248,1.13,2.63
2012.06.21 19:55:34.153,0.75201,0.75248,1.13,3.00
2012.06.21 19:55:34.218,0.75206,0.75248,1.13,2.63
2012.06.21 19:55:34.650,0.75206,0.75252,1.13,4.36
2012.06.21 19:55:37.675,0.75202,0.75248,1.13,3.76
2012.06.21 19:55:41.547,0.75201,0.75248,1.13,3.76
2012.06.21 19:55:42.478,0.75202,0.75248,1.13,3.76
2012.06.21 19:55:42.830,0.75202,0.75248,1.13,3.76
2012.06.21 19:55:43.130,0.75202,0.75246,1.13,2.25
2012.06.21 19:55:59.969,0.75201,0.7525,1.50,1.13
2012.06.21 19:56:01.742,0.75206,0.7525,1.13,1.13
2012.06.21 19:56:01.916,0.75201,0.7525,1.50,1.13
2012.06.21 19:56:02.079,0.75206,0.75252,1.13,2.85
2012.06.21 19:56:02.900,0.75206,0.75253,1.50,2.85
2012.06.21 19:56:10.170,0.75206,0.7525,1.13,1.13
2012.06.21 19:56:10.308,0.75202,0.75247,1.13,2.25
2012.06.21 19:56:10.402,0.75206,0.75247,1.13,2.25
2012.06.21 19:56:13.875,0.75206,0.75247,1.13,2.25
2012.06.21 19:56:22.509,0.752,0.75246,1.13,3.76
2012.06.21 19:56:22.932,0.75197,0.75242,1.13,2.63
2012.06.21 19:56:23.160,0.75197,0.75241,1.13,1.13
2012.06.21 19:56:24.050,0.75197,0.75242,1.13,2.63
2012.06.21 19:56:24.438,0.75197,0.75241,1.13,1.13
2012.06.21 19:56:34.858,0.75201,0.75245,1.13,1.13
2012.06.21 19:56:35.879,0.75201,0.75245,1.13,1.13
2012.06.21 19:56:36.597,0.75205,0.75246,1.13,1.13
2012.06.21 19:56:38.581,0.75207,0.75247,1.13,1.13
2012.06.21 19:56:39.129,0.75207,0.75251,1.13,1.35
2012.06.21 19:56:39.280,0.75211,0.75252,1.13,1.13
2012.06.21 19:56:39.407,0.75207,0.75252,1.13,1.13
2012.06.21 19:56:40.050,0.75211,0.75252,1.13,1.13
2012.06.21 19:56:40.756,0.75199,0.75256,1.35,3.00
2012.06.21 19:56:40.942,0.75197,0.75255,1.73,3.00
2012.06.21 19:56:41.008,0.75196,0.7525,3.98,2.25
2012.06.21 19:56:41.342,0.75197,0.75241,1.13,3.76
2012.06.21 19:56:42.854,0.75197,0.7524,1.13,2.25
2012.06.21 19:56:43.272,0.75194,0.75243,1.13,4.35
2012.06.21 19:56:43.338,0.75194,0.75234,1.13,2.25
2012.06.21 19:56:47.609,0.75194,0.75231,3.38,2.25
2012.06.21 19:56:48.397,0.75194,0.75231,3.38,2.25
2012.06.21 19:56:48.670,0.75194,0.75231,3.38,2.25
2012.06.21 19:56:51.199,0.75194,0.75231,3.00,2.25
2012.06.21 19:56:51.732,0.75184,0.75232,3.38,2.25
2012.06.21 19:57:05.457,0.75186,0.75231,3.00,2.25
2012.06.21 19:57:07.250,0.75184,0.75232,3.38,2.25
2012.06.21 19:57:08.217,0.75186,0.75231,3.00,2.25
2012.06.21 19:57:08.834,0.75185,0.75232,1.13,2.25
2012.06.21 19:57:16.499,0.75193,0.75232,1.13,2.25
2012.06.21 19:57:16.677,0.75193,0.75232,3.38,2.25
2012.06.21 19:57:17.790,0.7519,0.75227,1.13,2.25
2012.06.21 19:57:17.907,0.7519,0.75227,1.13,2.25
2012.06.21 19:57:18.561,0.75184,0.75223,1.13,2.25
2012.06.21 19:57:19.420,0.75184,0.75223,1.13,2.25
2012.06.21 19:57:20.047,0.75184,0.75223,1.13,2.25
2012.06.21 19:57:20.208,0.75189,0.75223,1.13,2.25
2012.06.21 19:57:20.387,0.75191,0.75225,1.13,2.25
2012.06.21 19:57:20.447,0.75191,0.75227,1.13,2.25
2012.06.21 19:57:20.509,0.75191,0.75227,1.13,2.25
2012.06.21 19:57:20.913,0.7519,0.75228,3.00,1.13
2012.06.21 19:57:20.981,0.75186,0.75225,1.13,2.25
2012.06.21 19:57:22.412,0.75186,0.75225,1.13,2.25
2012.06.21 19:57:22.570,0.75197,0.75229,1.13,2.25
2012.06.21 19:57:22.697,0.75172,0.75209,1.13,2.25
2012.06.21 19:57:23.007,0.75182,0.75223,1.13,2.25
2012.06.21 19:57:23.166,0.75183,0.75223,1.13,2.25
2012.06.21 19:57:23.378,0.75182,0.7522,1.13,2.25
2012.06.21 19:57:23.556,0.75181,0.75223,3.38,3.00
2012.06.21 19:57:24.827,0.75178,0.75226,3.38,2.25
2012.06.21 19:57:27.458,0.7518,0.75224,1.13,1.13
2012.06.21 19:57:27.578,0.75182,0.75223,1.13,1.13
2012.06.21 19:57:27.638,0.75182,0.75218,1.13,2.25
2012.06.21 19:57:28.608,0.75182,0.75219,3.38,2.25
2012.06.21 19:57:33.452,0.75182,0.75219,1.13,3.00
2012.06.21 19:57:39.988,0.75182,0.75222,3.38,2.25
2012.06.21 19:57:40.595,0.75182,0.75217,3.00,2.25
2012.06.21 19:57:40.937,0.75182,0.75215,2.25,1.13
2012.06.21 19:57:41.511,0.75169,0.75207,3.38,2.25
2012.06.21 19:57:42.144,0.75169,0.75207,3.38,2.25
2012.06.21 19:57:42.600,0.75175,0.75215,3.00,3.00
2012.06.21 19:57:45.388,0.75175,0.75215,3.00,2.25
2012.06.21 19:57:45.708,0.75175,0.75215,3.00,3.00
2012.06.21 19:57:46.047,0.75176,0.75214,3.38,2.25
2012.06.21 19:57:47.112,0.75172,0.75209,1.13,2.25
2012.06.21 19:57:47.579,0.75178,0.75211,3.00,2.25
2012.06.21 19:57:48.560,0.75179,0.75212,3.38,2.25
2012.06.21 19:57:51.416,0.75179,0.75212,2.25,3.00
2012.06.21 19:57:51.509,0.75174,0.75212,3.00,2.25
2012.06.21 19:57:51.696,0.75177,0.75212,1.13,2.25
2012.06.21 19:57:51.757,0.75179,0.75213,1.13,2.25
2012.06.21 19:57:52.316,0.75178,0.75213,2.63,3.00
2012.06.21 19:57:52.726,0.75174,0.75212,3.38,2.25
2012.06.21 19:57:52.920,0.75174,0.75212,2.63,3.00
2012.06.21 19:57:53.600,0.75176,0.75216,3.00,3.00
2012.06.21 19:57:53.669,0.75172,0.7521,3.00,2.25
2012.06.21 19:57:54.017,0.75177,0.7521,1.13,2.25
2012.06.21 19:57:54.077,0.75177,0.7521,3.38,2.25
2012.06.21 19:57:54.451,0.75177,0.7521,3.38,2.25
2012.06.21 19:57:54.672,0.75177,0.7521,3.38,2.25
2012.06.21 19:58:00.907,0.75174,0.75212,3.38,2.25
2012.06.21 19:58:01.432,0.75173,0.75213,3.00,2.25
2012.06.21 19:58:01.498,0.75173,0.75213,3.00,3.00
2012.06.21 19:58:01.716,0.75171,0.75214,3.38,3.00
2012.06.21 19:58:03.401,0.75171,0.75214,3.38,3.00
2012.06.21 19:58:04.030,0.75185,0.7522,3.38,3.00
2012.06.21 19:58:04.949,0.75185,0.75219,1.13,2.25
2012.06.21 19:58:06.373,0.75182,0.75219,3.00,3.00
2012.06.21 19:58:06.708,0.75182,0.75214,3.00,2.25
2012.06.21 19:58:07.017,0.75171,0.75211,3.00,2.25
2012.06.21 19:58:07.077,0.75173,0.75213,3.00,2.25
2012.06.21 19:58:07.136,0.75173,0.75213,3.00,2.63
2012.06.21 19:58:07.458,0.75172,0.7521,3.00,2.25
2012.06.21 19:58:07.519,0.75172,0.75214,3.00,3.00
2012.06.21 19:58:07.650,0.75172,0.75214,3.00,3.00
2012.06.21 19:58:08.395,0.75172,0.7521,3.00,2.25
2012.06.21 19:58:08.749,0.75172,0.7521,3.00,2.25
2012.06.21 19:58:12.359,0.7517,0.7521,1.13,3.00
2012.06.21 19:58:29.889,0.75175,0.75217,2.63,1.13
2012.06.21 19:58:29.962,0.75176,0.75217,1.13,1.13
2012.06.21 19:58:32.642,0.75175,0.75217,2.63,1.13
2012.06.21 19:58:33.371,0.75176,0.75217,1.13,1.13
2012.06.21 19:58:33.960,0.75175,0.75217,2.63,1.13
2012.06.21 19:58:34.674,0.75176,0.75217,1.13,1.13
2012.06.21 19:58:37.298,0.75177,0.75218,3.38,1.35
2012.06.21 19:58:43.461,0.75179,0.7522,2.63,3.00
2012.06.21 19:58:53.606,0.75176,0.75218,3.00,2.25
2012.06.21 19:58:55.652,0.75172,0.75219,1.13,3.00
2012.06.21 19:59:00.255,0.75172,0.75217,1.13,3.00
2012.06.21 19:59:00.317,0.75172,0.75217,1.13,3.00
2012.06.21 19:59:03.258,0.75173,0.75218,2.63,3.00
2012.06.21 19:59:03.697,0.75171,0.75212,1.35,2.25
2012.06.21 19:59:03.939,0.75169,0.7521,1.13,1.13
2012.06.21 19:59:07.818,0.75169,0.7521,1.13,1.13
2012.06.21 19:59:08.148,0.75169,0.75213,1.13,3.00
2012.06.21 19:59:12.330,0.75169,0.7521,1.13,1.13
2012.06.21 19:59:12.442,0.75169,0.75213,1.13,3.00
2012.06.21 19:59:12.766,0.75169,0.75214,3.38,3.38
2012.06.21 19:59:13.689,0.75172,0.75214,1.13,1.13
2012.06.21 19:59:14.536,0.75172,0.75209,1.13,2.25
2012.06.21 19:59:14.601,0.75172,0.75211,1.13,3.38
2012.06.21 19:59:20.589,0.75172,0.75211,1.13,2.25
2012.06.21 19:59:20.857,0.75174,0.75211,1.13,2.25
2012.06.21 19:59:21.642,0.75174,0.75215,1.13,3.38
2012.06.21 19:59:21.708,0.75174,0.75215,1.13,3.00
2012.06.21 19:59:21.917,0.75174,0.75215,1.13,3.38
2012.06.21 19:59:23.338,0.7517,0.75213,3.00,1.13
2012.06.21 19:59:23.838,0.75169,0.75211,1.13,2.25
2012.06.21 19:59:24.480,0.75169,0.75213,1.13,3.76
2012.06.21 19:59:24.621,0.75169,0.75213,1.13,3.38
2012.06.21 19:59:24.823,0.75169,0.75208,1.13,1.13
2012.06.21 19:59:25.368,0.75169,0.7521,1.13,2.25
2012.06.21 19:59:26.013,0.75169,0.75208,1.13,1.13
2012.06.21 19:59:26.188,0.75169,0.75209,1.13,3.00
2012.06.21 19:59:26.822,0.75169,0.75209,1.13,3.38
2012.06.21 19:59:28.930,0.75165,0.75208,1.13,1.13
2012.06.21 19:59:29.422,0.75165,0.75209,1.13,2.25
2012.06.21 19:59:29.662,0.75173,0.7521,1.13,2.25
2012.06.21 19:59:30.779,0.75173,0.7521,1.13,3.00
2012.06.21 19:59:31.890,0.75173,0.75214,1.13,3.38
2012.06.21 19:59:32.128,0.75173,0.75214,1.13,3.38
2012.06.21 19:59:32.187,0.75173,0.75214,1.13,3.38
2012.06.21 19:59:32.310,0.75175,0.75214,1.13,2.25
2012.06.21 19:59:32.379,0.75175,0.75217,1.13,2.63
2012.06.21 19:59:32.438,0.75171,0.75217,3.00,2.63
2012.06.21 19:59:33.459,0.75173,0.75219,1.13,4.36
2012.06.21 19:59:34.456,0.75173,0.75217,1.13,2.25
2012.06.21 19:59:37.599,0.75173,0.75214,1.13,1.13
2012.06.21 19:59:39.741,0.75173,0.75218,1.13,3.00
2012.06.21 19:59:40.798,0.75177,0.75218,1.13,1.13
2012.06.21 19:59:42.112,0.75176,0.75218,1.13,1.13
2012.06.21 19:59:42.656,0.75173,0.75217,1.13,1.13
2012.06.21 19:59:43.208,0.75176,0.75219,1.13,3.00
2012.06.21 19:59:43.630,0.75172,0.75218,3.38,1.13
2012.06.21 19:59:43.697,0.75172,0.75218,2.63,1.13
2012.06.21 19:59:45.122,0.75167,0.75214,3.60,2.25
2012.06.21 19:59:45.189,0.75167,0.75214,2.85,3.76
2012.06.21 19:59:45.840,0.75157,0.75211,3.38,3.00
2012.06.21 19:59:46.838,0.75158,0.75211,3.00,3.00
2012.06.21 19:59:48.181,0.75166,0.75211,1.13,1.13
2012.06.21 19:59:48.350,0.75167,0.75207,1.13,2.25
2012.06.21 19:59:51.459,0.75158,0.75204,3.00,1.13
2012.06.21 19:59:51.893,0.75154,0.75201,1.35,3.00
2012.06.21 19:59:52.019,0.75152,0.75196,1.13,2.63
2012.06.21 19:59:52.412,0.75157,0.75196,1.13,1.13
2012.06.21 19:59:52.907,0.75161,0.75199,1.13,3.00
2012.06.21 19:59:53.229,0.75157,0.75201,1.13,1.13
2012.06.21 19:59:53.999,0.75162,0.75201,1.13,3.38
2012.06.21 19:59:54.437,0.75162,0.75201,1.13,2.63
2012.06.21 19:59:56.554,0.75165,0.75206,1.13,3.38
2012.06.21 19:59:56.619,0.75165,0.75206,1.13,2.63
2012.06.21 19:59:56.889,0.75165,0.75206,1.13,1.13
2012.06.21 19:59:57.457,0.75165,0.75206,1.13,2.63
2012.06.21 19:59:58.531,0.75165,0.75206,1.13,3.38
2012.06.21 19:59:58.654,0.75165,0.75206,1.13,2.63
2012.06.21 19:59:59.253,0.75165,0.75206,1.13,3.38
2012.06.21 19:59:59.318,0.75165,0.75206,1.13,2.63
2012.06.21 19:59:59.462,0.75165,0.75206,1.13,3.38
2012.06.21 19:59:59.969,0.75165,0.75209,1.13,3.00
