2014.08.27 05:00:01.143,0.76784,0.76811,1.88,1.00
2014.08.27 05:00:02.584,0.76785,0.7681,1.13,1.00
2014.08.27 05:00:03.645,0.76785,0.7681,1.38,1.00
2014.08.27 05:00:05.773,0.76785,0.76811,1.38,1.50
2014.08.27 05:00:06.086,0.76785,0.76809,1.38,1.00
2014.08.27 05:00:06.136,0.76784,0.76809,1.00,1.00
2014.08.27 05:00:06.338,0.76781,0.76807,1.38,1.00
2014.08.27 05:00:06.697,0.76785,0.7681,1.13,1.00
2014.08.27 05:00:09.303,0.76783,0.7681,1.38,1.00
2014.08.27 05:00:09.605,0.76783,0.76808,1.00,1.00
2014.08.27 05:00:09.983,0.76785,0.7681,1.13,1.00
2014.08.27 05:00:16.188,0.76785,0.7681,1.38,1.00
2014.08.27 05:00:16.949,0.76785,0.7681,1.00,1.00
2014.08.27 05:00:17.481,0.76782,0.76808,1.13,1.00
2014.08.27 05:00:18.481,0.76781,0.76804,1.38,1.00
2014.08.27 05:00:19.641,0.76785,0.76804,1.00,1.00
2014.08.27 05:00:20.772,0.7678,0.76804,1.38,1.00
2014.08.27 05:00:27.966,0.7678,0.76804,1.13,1.00
2014.08.27 05:00:28.507,0.76779,0.76804,1.50,1.00
2014.08.27 05:00:30.821,0.76779,0.76802,1.00,1.00
2014.08.27 05:00:34.518,0.76779,0.76802,1.88,1.00
2014.08.27 05:00:39.873,0.76785,0.76802,1.00,1.00
2014.08.27 05:00:40.313,0.76779,0.76802,1.88,1.00
2014.08.27 05:00:45.314,0.76779,0.76802,1.88,1.00
2014.08.27 05:01:03.549,0.76779,0.76802,1.50,1.00
2014.08.27 05:01:04.091,0.76779,0.76801,1.00,1.00
2014.08.27 05:01:07.372,0.7678,0.76801,1.00,1.00
2014.08.27 05:01:10.810,0.76779,0.76801,1.00,1.00
2014.08.27 05:01:13.534,0.7678,0.76801,1.00,1.00
2014.08.27 05:01:22.602,0.76781,0.76802,1.00,1.00
2014.08.27 05:01:26.327,0.76785,0.76802,1.00,1.00
2014.08.27 05:01:37.412,0.76781,0.76802,1.00,1.00
2014.08.27 05:01:37.564,0.76779,0.76802,1.00,1.00
2014.08.27 05:01:38.062,0.76776,0.76802,1.13,1.00
2014.08.27 05:01:38.211,0.76775,0.768,1.00,1.00
2014.08.27 05:01:38.542,0.76777,0.768,1.00,1.00
2014.08.27 05:01:38.973,0.76774,0.768,1.50,1.00
2014.08.27 05:01:39.083,0.7678,0.768,1.00,1.00
2014.08.27 05:01:39.382,0.76777,0.768,1.00,1.00
2014.08.27 05:01:40.931,0.76775,0.768,1.00,1.00
2014.08.27 05:01:41.472,0.76776,0.768,1.00,1.00
2014.08.27 05:01:42.031,0.76775,0.768,1.00,1.00
2014.08.27 05:01:42.784,0.76776,0.768,1.00,1.00
2014.08.27 05:01:43.040,0.76775,0.76798,1.00,1.00
2014.08.27 05:01:43.776,0.76776,0.76798,1.00,1.00
2014.08.27 05:01:44.436,0.76775,0.76798,1.50,1.00
2014.08.27 05:01:48.672,0.76774,0.76796,1.38,1.00
2014.08.27 05:01:49.188,0.76774,0.76796,1.00,1.00
2014.08.27 05:01:50.551,0.76774,0.76794,1.00,1.00
2014.08.27 05:02:12.162,0.7677,0.76794,1.38,1.00
2014.08.27 05:02:12.272,0.76774,0.76794,1.00,1.00
2014.08.27 05:02:12.822,0.76775,0.76794,1.00,1.00
2014.08.27 05:02:23.821,0.76774,0.76794,1.00,1.00
2014.08.27 05:02:24.402,0.76775,0.76795,1.00,1.00
2014.08.27 05:02:25.815,0.76774,0.76795,1.00,1.00
2014.08.27 05:02:26.572,0.76775,0.76795,1.00,1.00
2014.08.27 05:02:27.892,0.76769,0.76795,1.38,1.00
2014.08.27 05:02:28.252,0.76769,0.76795,1.38,1.50
2014.08.27 05:02:28.550,0.76774,0.76795,1.00,1.50
2014.08.27 05:02:35.089,0.76769,0.76795,1.00,1.00
2014.08.27 05:02:35.149,0.76769,0.76795,1.00,1.38
2014.08.27 05:02:35.503,0.76764,0.76787,1.38,1.00
2014.08.27 05:02:35.553,0.76764,0.76789,1.38,1.00
2014.08.27 05:02:35.604,0.7677,0.76789,1.00,1.00
2014.08.27 05:02:36.285,0.7677,0.7679,1.00,1.00
2014.08.27 05:02:41.580,0.76769,0.7679,1.00,1.00
2014.08.27 05:02:46.612,0.7677,0.7679,1.00,1.00
2014.08.27 05:02:46.662,0.7677,0.76792,1.00,1.00
2014.08.27 05:02:47.200,0.7677,0.76793,1.00,2.25
2014.08.27 05:02:53.202,0.7677,0.76794,1.00,1.13
2014.08.27 05:02:59.513,0.76769,0.76794,1.50,1.00
2014.08.27 05:03:05.251,0.76769,0.76794,1.88,1.00
2014.08.27 05:03:08.392,0.76775,0.76794,1.00,1.00
2014.08.27 05:03:08.590,0.76769,0.76795,1.50,1.00
2014.08.27 05:03:09.033,0.7677,0.76795,1.38,1.00
2014.08.27 05:03:10.683,0.76769,0.76795,1.50,1.00
2014.08.27 05:03:15.305,0.7677,0.76795,1.00,1.00
2014.08.27 05:03:15.819,0.7677,0.76796,1.00,1.00
2014.08.27 05:03:16.397,0.76769,0.76797,1.50,1.13
2014.08.27 05:03:17.716,0.76769,0.76797,1.88,1.13
2014.08.27 05:03:18.203,0.76769,0.76795,1.38,1.00
2014.08.27 05:03:18.519,0.76769,0.76793,1.00,1.00
2014.08.27 05:03:25.589,0.7677,0.76793,1.38,1.00
2014.08.27 05:03:25.640,0.7677,0.76798,1.38,1.50
2014.08.27 05:03:25.791,0.76772,0.768,1.38,1.50
2014.08.27 05:03:32.049,0.76775,0.76801,1.13,1.00
2014.08.27 05:03:36.101,0.76771,0.76799,1.88,1.00
2014.08.27 05:03:36.711,0.76771,0.76799,1.88,1.00
2014.08.27 05:03:46.929,0.76771,0.76799,1.50,1.50
2014.08.27 05:03:51.791,0.76775,0.76799,1.00,1.50
2014.08.27 05:03:56.239,0.76771,0.76799,1.38,1.50
2014.08.27 05:03:56.308,0.76771,0.76799,1.38,1.50
2014.08.27 05:03:56.610,0.76773,0.76801,1.38,1.00
2014.08.27 05:03:56.998,0.7677,0.76798,2.25,1.00
2014.08.27 05:04:09.627,0.7677,0.76798,2.25,1.00
2014.08.27 05:04:13.729,0.7677,0.76797,1.50,1.00
2014.08.27 05:04:15.379,0.7677,0.76795,1.50,1.00
2014.08.27 05:04:15.676,0.76767,0.76795,1.88,1.00
2014.08.27 05:04:15.776,0.76767,0.76794,1.75,1.00
2014.08.27 05:04:15.877,0.76767,0.76796,1.75,1.00
2014.08.27 05:04:15.928,0.76767,0.76793,1.38,1.00
2014.08.27 05:04:16.231,0.76769,0.76793,1.50,1.00
2014.08.27 05:04:16.483,0.76768,0.76795,1.75,1.00
2014.08.27 05:04:16.684,0.76768,0.76795,1.00,1.00
2014.08.27 05:04:16.734,0.76768,0.76791,1.00,1.00
2014.08.27 05:04:16.801,0.76768,0.76795,1.00,1.50
2014.08.27 05:04:17.306,0.76768,0.76796,1.00,1.50
2014.08.27 05:04:18.610,0.76768,0.76796,1.38,1.50
2014.08.27 05:04:19.839,0.76768,0.76796,1.50,1.00
2014.08.27 05:04:24.509,0.76767,0.76795,1.75,1.00
2014.08.27 05:04:24.667,0.76767,0.76795,1.38,1.00
2014.08.27 05:04:24.879,0.76766,0.76794,1.75,1.00
2014.08.27 05:04:24.980,0.76768,0.76796,1.38,1.50
2014.08.27 05:04:25.280,0.76768,0.76794,1.38,1.00
2014.08.27 05:04:26.088,0.76768,0.76796,1.38,1.00
2014.08.27 05:04:27.138,0.76767,0.76795,1.50,1.00
2014.08.27 05:04:27.508,0.76766,0.76793,1.75,1.00
2014.08.27 05:04:28.029,0.76766,0.76794,2.25,1.00
2014.08.27 05:04:31.067,0.76766,0.76794,2.25,1.00
2014.08.27 05:04:32.088,0.76767,0.76795,1.38,1.00
2014.08.27 05:04:36.831,0.76767,0.76796,1.38,1.50
2014.08.27 05:04:37.161,0.76766,0.76794,1.88,1.00
2014.08.27 05:04:37.491,0.76764,0.76792,1.50,1.00
2014.08.27 05:04:37.791,0.76764,0.76793,1.88,1.00
2014.08.27 05:04:38.151,0.76765,0.76792,1.38,1.50
2014.08.27 05:04:38.482,0.76765,0.76793,2.25,1.00
2014.08.27 05:04:50.427,0.76767,0.76793,1.38,1.00
2014.08.27 05:04:50.981,0.76766,0.76792,1.38,1.00
2014.08.27 05:04:51.558,0.76769,0.76794,1.38,1.00
2014.08.27 05:04:52.300,0.76769,0.76795,1.38,1.50
2014.08.27 05:04:52.962,0.76769,0.76794,1.38,1.00
2014.08.27 05:04:53.619,0.76769,0.76795,1.38,1.00
2014.08.27 05:04:55.849,0.76775,0.76795,1.00,1.00
2014.08.27 05:04:56.044,0.76775,0.76797,1.00,1.00
2014.08.27 05:04:56.311,0.76772,0.76798,1.38,1.00
2014.08.27 05:04:56.468,0.7677,0.76798,1.13,1.88
2014.08.27 05:04:56.620,0.76774,0.76797,1.00,1.00
2014.08.27 05:04:57.108,0.76772,0.76798,1.00,1.00
2014.08.27 05:04:57.828,0.76772,0.76798,1.38,1.00
2014.08.27 05:04:57.979,0.76771,0.76798,1.13,3.00
2014.08.27 05:04:58.228,0.76771,0.76798,1.38,1.00
2014.08.27 05:04:58.379,0.76773,0.768,1.38,3.38
2014.08.27 05:04:58.624,0.7677,0.76798,1.38,1.13
2014.08.27 05:04:59.147,0.76771,0.76798,1.38,1.00
2014.08.27 05:04:59.515,0.7677,0.76798,1.38,1.50
2014.08.27 05:04:59.731,0.7677,0.76798,1.88,1.00
2014.08.27 05:05:00.605,0.76772,0.76798,1.38,1.00
2014.08.27 05:05:01.557,0.7677,0.76798,1.38,1.50
2014.08.27 05:05:01.658,0.7677,0.76798,1.50,1.50
2014.08.27 05:05:02.202,0.76769,0.76797,1.50,1.00
2014.08.27 05:05:02.518,0.76771,0.768,1.38,2.63
2014.08.27 05:05:02.915,0.76771,0.76797,1.38,1.00
2014.08.27 05:05:02.966,0.76771,0.76797,1.38,1.00
2014.08.27 05:05:03.181,0.76771,0.76797,1.50,1.00
2014.08.27 05:05:03.444,0.76772,0.76799,1.38,1.00
2014.08.27 05:05:03.885,0.76769,0.76797,2.25,1.00
2014.08.27 05:05:03.968,0.76769,0.76797,2.25,1.00
2014.08.27 05:05:04.386,0.76769,0.76797,1.88,1.00
2014.08.27 05:05:05.363,0.76774,0.76797,1.00,1.00
2014.08.27 05:05:05.886,0.76773,0.76798,1.13,1.00
2014.08.27 05:05:06.191,0.76775,0.76797,1.13,1.00
2014.08.27 05:05:06.413,0.76775,0.76799,1.13,1.00
2014.08.27 05:05:06.933,0.76774,0.76798,1.38,1.00
2014.08.27 05:05:07.155,0.76774,0.76798,1.13,1.00
2014.08.27 05:05:07.675,0.76775,0.76797,1.13,1.00
2014.08.27 05:05:07.865,0.76775,0.76799,1.13,1.00
2014.08.27 05:05:08.194,0.7677,0.76798,1.38,1.00
2014.08.27 05:05:08.806,0.76774,0.76798,1.13,1.00
2014.08.27 05:05:09.353,0.76774,0.76797,1.13,1.00
2014.08.27 05:05:09.625,0.7677,0.76795,1.38,1.00
2014.08.27 05:05:15.872,0.7677,0.76796,1.88,1.50
2014.08.27 05:05:17.182,0.7677,0.76796,1.88,1.50
2014.08.27 05:05:17.716,0.76774,0.76796,1.00,1.00
2014.08.27 05:05:24.081,0.76774,0.76796,1.38,1.50
2014.08.27 05:05:24.283,0.76774,0.768,1.38,1.50
2014.08.27 05:05:24.669,0.76774,0.768,1.50,1.00
2014.08.27 05:05:25.283,0.76775,0.76801,1.38,1.00
2014.08.27 05:05:37.782,0.76775,0.76803,1.38,1.50
2014.08.27 05:05:44.346,0.76775,0.76803,1.50,1.50
2014.08.27 05:05:44.492,0.76779,0.76803,1.38,1.50
2014.08.27 05:05:44.813,0.76779,0.76805,1.38,1.00
2014.08.27 05:05:45.114,0.76778,0.76805,1.00,1.50
2014.08.27 05:05:46.415,0.76778,0.76805,1.50,1.50
2014.08.27 05:05:49.692,0.7678,0.76805,1.38,1.00
2014.08.27 05:05:50.098,0.76779,0.76805,1.50,1.00
2014.08.27 05:05:50.845,0.76779,0.76805,1.38,1.00
2014.08.27 05:05:50.953,0.7678,0.76805,1.13,1.00
2014.08.27 05:05:51.933,0.76779,0.76805,1.38,1.00
2014.08.27 05:05:52.153,0.76779,0.76805,1.13,1.00
2014.08.27 05:05:56.327,0.76779,0.76805,1.38,1.50
2014.08.27 05:05:57.443,0.76779,0.76803,1.38,1.50
2014.08.27 05:05:57.643,0.7678,0.76805,1.38,3.00
2014.08.27 05:05:59.423,0.76779,0.76804,1.38,1.50
2014.08.27 05:05:59.979,0.76779,0.76805,1.38,1.50
2014.08.27 05:06:01.403,0.76779,0.76804,1.38,1.50
2014.08.27 05:06:01.981,0.7678,0.76805,1.38,1.50
2014.08.27 05:06:03.362,0.7678,0.76804,1.38,1.50
2014.08.27 05:06:03.962,0.76779,0.76805,1.38,1.50
2014.08.27 05:06:04.503,0.76779,0.76805,1.38,1.50
2014.08.27 05:06:05.362,0.76779,0.76803,1.38,1.50
2014.08.27 05:06:06.492,0.76779,0.76803,1.38,1.00
2014.08.27 05:06:08.962,0.76779,0.76803,1.38,1.00
2014.08.27 05:06:09.883,0.76779,0.76803,1.38,1.00
2014.08.27 05:06:13.353,0.76777,0.76803,1.50,1.00
2014.08.27 05:06:13.553,0.76777,0.76803,1.38,1.00
2014.08.27 05:06:13.728,0.76776,0.76801,1.38,2.25
2014.08.27 05:06:14.061,0.76772,0.76798,1.38,1.00
2014.08.27 05:06:14.446,0.76774,0.76798,1.50,1.00
2014.08.27 05:06:14.548,0.76774,0.768,1.50,1.00
2014.08.27 05:06:14.662,0.76775,0.76801,1.38,1.00
2014.08.27 05:06:14.763,0.76775,0.76797,1.38,1.00
2014.08.27 05:06:15.732,0.76774,0.76797,1.38,1.00
2014.08.27 05:06:46.400,0.76774,0.76797,1.88,1.00
2014.08.27 05:06:46.510,0.76774,0.76797,1.88,1.00
2014.08.27 05:06:48.250,0.76774,0.76797,1.88,1.00
2014.08.27 05:06:48.921,0.76774,0.76797,1.88,1.00
2014.08.27 05:06:48.972,0.76775,0.768,1.38,1.00
2014.08.27 05:06:52.319,0.76775,0.768,1.38,1.00
2014.08.27 05:06:52.470,0.76774,0.768,1.88,1.00
2014.08.27 05:06:52.520,0.76774,0.76798,1.88,1.00
2014.08.27 05:07:05.782,0.76774,0.76798,1.88,1.00
2014.08.27 05:07:10.541,0.76774,0.76798,1.88,1.00
2014.08.27 05:07:11.066,0.76774,0.76799,1.88,1.00
2014.08.27 05:07:12.266,0.76774,0.76799,1.88,1.00
2014.08.27 05:07:25.002,0.76774,0.76799,1.38,1.00
2014.08.27 05:07:28.788,0.76774,0.76797,1.38,1.00
2014.08.27 05:07:29.320,0.76774,0.76798,1.00,1.50
2014.08.27 05:07:29.630,0.76775,0.76794,1.00,1.00
2014.08.27 05:07:29.680,0.7677,0.76794,1.00,1.00
2014.08.27 05:07:29.781,0.76769,0.76792,1.00,1.00
2014.08.27 05:07:30.220,0.76769,0.76789,1.00,1.00
2014.08.27 05:07:30.734,0.7677,0.76789,1.00,1.00
2014.08.27 05:07:33.370,0.76764,0.76789,1.13,1.50
2014.08.27 05:07:33.661,0.76764,0.76787,1.00,1.00
2014.08.27 05:07:33.843,0.7676,0.76787,1.38,1.00
2014.08.27 05:07:33.944,0.7676,0.76783,1.38,1.00
2014.08.27 05:07:34.095,0.76759,0.76783,1.13,1.00
2014.08.27 05:07:34.630,0.7676,0.76782,1.00,1.00
2014.08.27 05:07:35.163,0.76759,0.76781,1.00,1.00
2014.08.27 05:07:37.690,0.76759,0.7678,1.00,1.00
2014.08.27 05:07:37.919,0.76755,0.76781,1.38,1.00
2014.08.27 05:07:38.133,0.76755,0.76779,1.88,1.00
2014.08.27 05:07:38.385,0.76756,0.76781,1.38,1.00
2014.08.27 05:07:38.879,0.76759,0.76781,1.00,1.00
2014.08.27 05:07:40.113,0.76754,0.76781,1.88,1.00
2014.08.27 05:07:40.415,0.76755,0.76783,3.00,1.00
2014.08.27 05:07:40.742,0.7676,0.76785,1.13,1.00
2014.08.27 05:07:41.988,0.76759,0.76785,1.38,1.00
2014.08.27 05:07:42.330,0.76757,0.76785,1.38,1.00
2014.08.27 05:07:42.431,0.76757,0.76785,1.38,1.00
2014.08.27 05:07:42.542,0.76757,0.76785,1.38,1.50
2014.08.27 05:07:42.601,0.76757,0.76783,1.38,1.00
2014.08.27 05:07:42.953,0.76758,0.76786,1.38,1.00
2014.08.27 05:07:43.004,0.76758,0.76786,1.00,1.00
2014.08.27 05:07:43.054,0.76761,0.76787,1.00,1.50
2014.08.27 05:07:43.481,0.76761,0.76784,1.00,1.00
2014.08.27 05:07:44.030,0.7676,0.76784,1.00,1.00
2014.08.27 05:07:44.259,0.76758,0.76784,1.00,1.50
2014.08.27 05:07:44.409,0.7676,0.76784,1.00,1.00
2014.08.27 05:07:44.590,0.76757,0.76784,1.00,1.00
2014.08.27 05:07:44.640,0.76757,0.76784,1.38,1.00
2014.08.27 05:07:45.386,0.76758,0.76784,1.38,1.50
2014.08.27 05:07:45.930,0.76758,0.76785,1.38,1.00
2014.08.27 05:07:46.339,0.7676,0.76786,1.38,1.00
2014.08.27 05:07:46.525,0.76758,0.76785,1.38,1.00
2014.08.27 05:07:47.804,0.76758,0.76784,1.38,1.00
2014.08.27 05:07:47.880,0.76758,0.76786,1.38,1.50
2014.08.27 05:07:47.981,0.76758,0.76786,1.50,1.50
2014.08.27 05:07:48.394,0.7676,0.76785,1.38,1.00
2014.08.27 05:07:48.836,0.76759,0.76785,1.13,1.50
2014.08.27 05:07:48.887,0.76758,0.76783,1.38,1.00
2014.08.27 05:07:49.359,0.76758,0.76783,1.38,1.00
2014.08.27 05:07:49.510,0.76758,0.76784,1.38,1.00
2014.08.27 05:07:50.722,0.76756,0.76784,1.50,1.00
2014.08.27 05:07:51.293,0.76759,0.76785,1.38,1.00
2014.08.27 05:07:51.410,0.76759,0.76787,1.88,1.50
2014.08.27 05:07:53.991,0.76759,0.76787,1.38,1.50
2014.08.27 05:07:54.186,0.76759,0.76787,1.13,1.88
2014.08.27 05:07:54.314,0.76759,0.76787,1.38,1.88
2014.08.27 05:07:54.975,0.76759,0.76785,1.38,1.00
2014.08.27 05:07:55.479,0.76756,0.76784,1.88,1.00
2014.08.27 05:07:58.202,0.76758,0.76784,1.38,1.00
2014.08.27 05:08:00.360,0.76757,0.76785,1.38,1.00
2014.08.27 05:08:01.641,0.76757,0.76785,1.38,1.00
2014.08.27 05:08:03.680,0.76757,0.76785,1.38,1.00
2014.08.27 05:08:04.002,0.7676,0.76787,1.38,1.00
2014.08.27 05:08:04.310,0.76762,0.76787,1.38,1.00
2014.08.27 05:08:04.526,0.76762,0.76791,1.88,1.00
2014.08.27 05:08:04.878,0.76763,0.76792,1.13,1.00
2014.08.27 05:08:04.928,0.76763,0.76792,1.38,1.00
2014.08.27 05:08:05.230,0.7677,0.76795,1.00,1.00
2014.08.27 05:08:05.280,0.76768,0.76795,1.00,1.00
2014.08.27 05:08:07.848,0.76768,0.76795,1.38,1.00
2014.08.27 05:08:08.360,0.76768,0.76796,1.88,1.00
2014.08.27 05:08:08.998,0.76768,0.76796,1.88,1.00
2014.08.27 05:08:09.112,0.76768,0.76796,1.88,1.00
2014.08.27 05:08:09.669,0.76771,0.76796,1.13,1.00
2014.08.27 05:08:10.108,0.76773,0.76796,1.00,1.00
2014.08.27 05:08:10.881,0.7677,0.76796,1.13,1.00
2014.08.27 05:08:11.414,0.76769,0.76795,1.38,2.25
2014.08.27 05:08:11.970,0.7677,0.76796,1.13,1.50
2014.08.27 05:08:12.138,0.76767,0.76794,1.38,1.50
2014.08.27 05:08:12.468,0.76767,0.76796,1.38,2.25
2014.08.27 05:08:13.049,0.76767,0.76796,1.75,2.25
2014.08.27 05:08:13.399,0.76771,0.76796,1.98,1.00
2014.08.27 05:08:13.450,0.76771,0.76798,1.98,1.50
2014.08.27 05:08:13.500,0.76772,0.76798,1.68,1.50
2014.08.27 05:08:13.651,0.76777,0.768,1.13,1.00
2014.08.27 05:08:13.849,0.76771,0.768,1.38,2.25
2014.08.27 05:08:14.001,0.76771,0.76796,1.38,1.00
2014.08.27 05:08:14.202,0.76772,0.768,1.38,1.50
2014.08.27 05:08:14.619,0.76773,0.76799,1.38,2.25
2014.08.27 05:08:16.370,0.76773,0.76798,1.38,1.00
2014.08.27 05:08:18.149,0.76773,0.76798,1.38,1.00
2014.08.27 05:08:18.360,0.76775,0.768,1.38,1.00
2014.08.27 05:08:18.807,0.76775,0.768,1.38,1.00
2014.08.27 05:08:19.469,0.76773,0.768,1.38,1.00
2014.08.27 05:08:21.870,0.76773,0.76801,1.38,1.50
2014.08.27 05:08:24.656,0.76773,0.76798,1.38,1.00
2014.08.27 05:08:25.035,0.76771,0.76797,1.38,1.00
2014.08.27 05:08:25.186,0.7677,0.76796,1.38,1.00
2014.08.27 05:08:25.286,0.7677,0.76794,1.38,1.00
2014.08.27 05:08:25.387,0.76767,0.76794,1.38,1.00
2014.08.27 05:08:29.004,0.76767,0.76794,1.38,1.00
2014.08.27 05:08:29.683,0.76769,0.76794,1.50,1.00
2014.08.27 05:08:29.790,0.76769,0.76796,1.50,1.00
2014.08.27 05:08:31.662,0.76769,0.76792,1.38,1.00
2014.08.27 05:08:33.201,0.76766,0.76793,1.38,1.00
2014.08.27 05:08:35.550,0.7677,0.76796,1.13,1.00
2014.08.27 05:08:36.462,0.7677,0.76796,1.88,1.00
2014.08.27 05:08:36.691,0.7677,0.76796,1.88,1.00
2014.08.27 05:08:36.742,0.7677,0.76798,1.88,1.00
2014.08.27 05:08:37.067,0.76772,0.768,1.38,1.13
2014.08.27 05:08:37.430,0.76776,0.76801,1.00,1.38
2014.08.27 05:08:37.631,0.76776,0.76802,1.88,1.00
2014.08.27 05:08:38.164,0.76777,0.76803,1.00,1.00
2014.08.27 05:08:38.790,0.76777,0.76804,1.00,1.13
2014.08.27 05:08:39.369,0.76779,0.76807,1.00,1.88
2014.08.27 05:08:39.635,0.76777,0.76805,1.00,1.00
2014.08.27 05:08:40.180,0.76778,0.76806,1.00,1.38
2014.08.27 05:08:40.403,0.76776,0.76804,1.00,1.00
2014.08.27 05:08:40.621,0.76779,0.76805,2.25,1.00
2014.08.27 05:08:40.722,0.76784,0.76811,1.00,2.63
2014.08.27 05:08:41.023,0.76781,0.76808,1.00,1.00
2014.08.27 05:08:41.340,0.7678,0.76806,1.00,1.00
2014.08.27 05:08:41.449,0.76778,0.76806,1.00,1.00
2014.08.27 05:08:42.239,0.76778,0.76807,1.50,1.13
2014.08.27 05:08:42.668,0.7678,0.76807,1.00,1.13
2014.08.27 05:08:44.229,0.7678,0.76806,1.00,1.50
2014.08.27 05:08:44.429,0.76776,0.76805,1.38,1.13
2014.08.27 05:08:44.750,0.76779,0.76805,1.00,1.00
2014.08.27 05:08:45.338,0.76779,0.76806,1.00,2.63
2014.08.27 05:08:45.858,0.76781,0.76808,1.00,1.88
2014.08.27 05:08:46.220,0.76781,0.7681,1.88,1.00
2014.08.27 05:08:51.301,0.76781,0.7681,1.50,1.38
2014.08.27 05:08:51.849,0.76781,0.7681,1.50,1.13
2014.08.27 05:08:56.410,0.76781,0.76808,1.00,1.00
2014.08.27 05:08:59.727,0.76781,0.76808,1.38,1.00
2014.08.27 05:09:00.289,0.76781,0.76808,1.13,1.00
2014.08.27 05:09:05.668,0.76785,0.76808,1.00,1.00
2014.08.27 05:09:11.278,0.76783,0.76808,1.00,1.00
2014.08.27 05:09:23.444,0.76782,0.76808,1.38,1.00
2014.08.27 05:09:30.499,0.76782,0.76808,1.00,1.38
2014.08.27 05:09:31.138,0.76783,0.76808,1.00,1.38
2014.08.27 05:09:32.057,0.76782,0.76808,1.00,1.38
2014.08.27 05:09:32.377,0.76783,0.76808,1.00,1.38
2014.08.27 05:09:32.679,0.76779,0.76805,1.00,1.38
2014.08.27 05:09:40.609,0.76779,0.76805,1.13,1.00
2014.08.27 05:09:40.660,0.76778,0.76802,1.38,1.00
2014.08.27 05:09:49.701,0.76779,0.76802,1.00,1.38
2014.08.27 05:09:50.224,0.76778,0.76801,1.00,1.38
2014.08.27 05:09:50.324,0.76774,0.76801,1.50,1.38
2014.08.27 05:09:50.784,0.76774,0.76802,2.63,2.25
2014.08.27 05:09:51.437,0.76776,0.76803,1.38,3.00
2014.08.27 05:09:52.505,0.76776,0.76803,1.13,3.00
2014.08.27 05:09:53.101,0.76776,0.76801,1.13,1.00
2014.08.27 05:09:53.408,0.76776,0.76803,1.38,3.00
2014.08.27 05:09:59.346,0.76776,0.76801,1.38,1.00
2014.08.27 05:09:59.988,0.76776,0.76802,1.00,1.88
2014.08.27 05:10:01.918,0.76776,0.76802,1.00,1.50
2014.08.27 05:10:02.326,0.76775,0.76799,1.00,1.50
2014.08.27 05:10:02.478,0.76775,0.76801,1.00,3.75
2014.08.27 05:10:03.007,0.76775,0.768,1.00,1.00
2014.08.27 05:10:03.236,0.76773,0.768,1.13,1.00
2014.08.27 05:10:03.956,0.76772,0.768,1.13,2.63
2014.08.27 05:10:06.027,0.76772,0.768,1.38,1.50
2014.08.27 05:10:06.587,0.76773,0.76801,1.38,3.00
2014.08.27 05:10:09.151,0.76773,0.76801,1.38,3.00
2014.08.27 05:10:14.514,0.76776,0.76802,1.38,1.50
2014.08.27 05:10:15.395,0.76776,0.76802,1.38,1.50
2014.08.27 05:10:17.506,0.76776,0.76802,1.13,1.00
2014.08.27 05:10:20.726,0.76776,0.76802,1.38,1.00
2014.08.27 05:10:20.928,0.76779,0.76807,1.38,2.25
2014.08.27 05:10:21.129,0.76781,0.76809,1.38,3.00
2014.08.27 05:10:21.295,0.76781,0.76809,1.50,1.50
2014.08.27 05:10:22.176,0.76782,0.76809,1.38,1.00
2014.08.27 05:10:23.387,0.76782,0.76809,1.38,1.00
2014.08.27 05:10:26.163,0.76782,0.76809,1.38,1.00
2014.08.27 05:10:27.479,0.76782,0.76809,1.50,1.00
2014.08.27 05:10:27.927,0.76783,0.76811,1.50,1.00
2014.08.27 05:10:29.936,0.76783,0.7681,1.50,1.50
2014.08.27 05:10:30.182,0.76783,0.7681,1.38,1.50
2014.08.27 05:10:30.731,0.76783,0.7681,1.38,1.50
2014.08.27 05:10:31.107,0.76786,0.76812,1.38,2.25
2014.08.27 05:10:31.721,0.76786,0.76812,1.38,1.00
2014.08.27 05:10:32.382,0.76786,0.76811,1.13,1.00
2014.08.27 05:10:32.906,0.76786,0.7681,1.13,1.00
2014.08.27 05:10:33.481,0.76786,0.76811,1.00,1.00
2014.08.27 05:10:33.928,0.76783,0.7681,1.00,1.13
2014.08.27 05:10:34.079,0.76783,0.7681,1.38,1.00
2014.08.27 05:10:34.692,0.76784,0.76811,1.38,2.25
2014.08.27 05:10:36.547,0.76784,0.76811,1.38,2.25
2014.08.27 05:10:38.635,0.76784,0.76805,1.38,1.00
2014.08.27 05:10:38.736,0.76781,0.76805,1.13,3.00
2014.08.27 05:10:38.935,0.76778,0.76805,1.38,2.25
2014.08.27 05:10:39.449,0.76778,0.76805,1.13,2.25
2014.08.27 05:10:42.124,0.76778,0.76805,1.38,1.00
2014.08.27 05:10:42.681,0.76779,0.76805,1.38,1.00
2014.08.27 05:10:43.291,0.76779,0.76805,1.38,1.00
2014.08.27 05:10:43.342,0.76779,0.76805,1.13,1.00
2014.08.27 05:10:43.850,0.76778,0.76805,1.38,1.00
2014.08.27 05:10:44.332,0.76777,0.76803,1.38,1.00
2014.08.27 05:10:50.844,0.76777,0.76805,1.38,2.25
2014.08.27 05:10:51.810,0.76777,0.76805,1.38,2.25
2014.08.27 05:10:54.664,0.76776,0.76804,1.38,1.00
2014.08.27 05:10:56.037,0.76776,0.76804,1.38,1.00
2014.08.27 05:10:56.582,0.76776,0.76804,1.38,1.38
2014.08.27 05:10:56.636,0.76776,0.76801,1.38,1.00
2014.08.27 05:10:59.607,0.76774,0.76801,1.38,1.00
2014.08.27 05:11:00.128,0.76775,0.76801,1.38,1.00
2014.08.27 05:11:07.943,0.76775,0.76801,1.38,1.00
2014.08.27 05:11:08.204,0.76776,0.76801,1.13,1.00
2014.08.27 05:11:08.275,0.76776,0.76801,1.38,1.00
2014.08.27 05:11:08.431,0.76776,0.76803,1.38,1.00
2014.08.27 05:11:09.040,0.76776,0.76802,1.38,1.00
2014.08.27 05:11:22.831,0.76776,0.76802,1.13,1.13
2014.08.27 05:11:23.283,0.76775,0.76799,1.13,1.00
2014.08.27 05:11:23.709,0.76773,0.76798,1.13,1.00
2014.08.27 05:11:28.872,0.76773,0.76797,1.13,1.00
2014.08.27 05:11:35.674,0.76773,0.76796,1.00,1.00
2014.08.27 05:11:35.913,0.7677,0.76796,1.00,1.13
2014.08.27 05:11:36.296,0.7677,0.76796,1.00,1.38
2014.08.27 05:11:36.904,0.76769,0.76793,1.00,1.13
2014.08.27 05:11:37.256,0.76767,0.76793,1.00,1.13
2014.08.27 05:11:38.305,0.76767,0.76793,1.38,1.00
2014.08.27 05:11:39.355,0.76767,0.76793,1.38,1.00
2014.08.27 05:11:41.107,0.76769,0.76793,1.00,1.00
2014.08.27 05:11:41.503,0.76769,0.76791,1.00,1.00
2014.08.27 05:11:41.554,0.76767,0.76791,1.00,1.13
2014.08.27 05:11:41.768,0.76765,0.76791,1.13,1.13
2014.08.27 05:11:43.418,0.76765,0.76791,1.38,1.50
2014.08.27 05:11:44.414,0.76764,0.7679,1.38,1.00
2014.08.27 05:11:45.137,0.76764,0.76791,1.38,1.00
2014.08.27 05:11:45.256,0.76765,0.76793,1.13,1.00
2014.08.27 05:11:45.306,0.76765,0.76793,1.38,1.00
2014.08.27 05:11:45.614,0.76769,0.76796,2.63,1.00
2014.08.27 05:11:46.161,0.76773,0.768,1.00,1.00
2014.08.27 05:11:46.390,0.76775,0.76803,1.00,1.00
2014.08.27 05:11:46.453,0.76775,0.768,1.00,1.00
2014.08.27 05:11:46.564,0.76775,0.76803,1.00,1.00
2014.08.27 05:11:46.893,0.76775,0.76801,1.00,1.00
2014.08.27 05:11:47.331,0.76779,0.76805,1.00,1.50
2014.08.27 05:11:48.841,0.76779,0.76805,1.00,1.88
2014.08.27 05:11:49.113,0.76777,0.76804,1.00,1.88
2014.08.27 05:11:49.203,0.76777,0.76801,1.00,1.00
2014.08.27 05:11:50.026,0.76778,0.76801,1.00,1.00
2014.08.27 05:11:52.394,0.76778,0.76795,1.00,1.00
2014.08.27 05:11:52.545,0.76774,0.76795,1.13,1.00
2014.08.27 05:11:52.646,0.76775,0.76801,1.38,1.00
2014.08.27 05:11:52.852,0.76775,0.76801,1.38,1.00
2014.08.27 05:11:53.163,0.76777,0.76804,1.00,1.38
2014.08.27 05:11:54.691,0.76777,0.76804,1.00,1.00
2014.08.27 05:11:56.296,0.76775,0.76804,1.00,1.50
2014.08.27 05:11:57.076,0.76775,0.76804,1.38,1.50
2014.08.27 05:11:57.943,0.76775,0.76804,1.13,1.50
2014.08.27 05:11:58.020,0.76775,0.76804,1.38,1.50
2014.08.27 05:11:58.352,0.76775,0.76801,1.38,1.00
2014.08.27 05:11:58.934,0.76773,0.768,1.38,1.00
2014.08.27 05:11:59.760,0.76772,0.768,1.88,1.00
2014.08.27 05:12:00.124,0.76773,0.76795,1.38,1.00
2014.08.27 05:12:00.656,0.76772,0.76795,1.38,1.00
2014.08.27 05:12:01.193,0.76772,0.76795,1.88,1.00
2014.08.27 05:12:02.448,0.76772,0.76795,1.88,1.00
2014.08.27 05:12:10.293,0.7677,0.76795,2.25,1.00
2014.08.27 05:12:11.095,0.7677,0.76796,2.25,1.00
2014.08.27 05:12:12.319,0.7677,0.76796,1.88,1.00
2014.08.27 05:12:12.855,0.7677,0.76795,1.88,1.00
2014.08.27 05:12:13.844,0.7677,0.76795,1.88,1.00
2014.08.27 05:12:14.497,0.7677,0.76795,1.88,1.00
2014.08.27 05:12:15.084,0.7677,0.76795,1.88,1.00
2014.08.27 05:12:18.514,0.76767,0.76792,1.38,1.00
2014.08.27 05:12:18.935,0.76766,0.76791,1.75,1.00
2014.08.27 05:12:21.974,0.76767,0.76791,1.38,1.00
2014.08.27 05:12:22.847,0.76768,0.76791,2.25,1.00
2014.08.27 05:12:22.897,0.76768,0.76796,2.25,1.00
2014.08.27 05:12:22.954,0.76768,0.76796,1.50,1.00
2014.08.27 05:12:24.182,0.76768,0.7679,1.50,1.00
2014.08.27 05:12:25.612,0.76768,0.76796,1.50,1.00
2014.08.27 05:12:26.822,0.76768,0.76796,1.88,1.00
2014.08.27 05:12:28.803,0.76768,0.76795,1.88,1.00
2014.08.27 05:12:32.214,0.7677,0.76796,1.38,1.00
2014.08.27 05:12:32.884,0.7677,0.76796,1.38,1.00
2014.08.27 05:12:35.432,0.76772,0.76796,1.38,1.00
2014.08.27 05:12:36.834,0.76772,0.76798,1.38,1.00
2014.08.27 05:12:36.985,0.76772,0.76801,1.38,2.25
2014.08.27 05:12:37.060,0.76772,0.76801,1.50,2.25
2014.08.27 05:12:40.670,0.76774,0.76801,1.38,1.00
2014.08.27 05:12:41.123,0.76773,0.76796,1.88,1.00
2014.08.27 05:12:42.701,0.76773,0.76796,1.88,1.00
2014.08.27 05:12:43.659,0.76773,0.76796,2.25,1.00
2014.08.27 05:12:43.872,0.76773,0.768,2.25,1.00
2014.08.27 05:12:45.153,0.76773,0.768,1.88,1.00
2014.08.27 05:12:45.310,0.76773,0.76796,1.88,1.00
2014.08.27 05:12:46.648,0.76773,0.76796,2.25,1.00
2014.08.27 05:12:46.842,0.76773,0.768,2.25,1.00
2014.08.27 05:12:52.563,0.76773,0.76795,2.25,1.00
2014.08.27 05:12:53.197,0.76773,0.76795,1.88,1.00
2014.08.27 05:12:53.733,0.76773,0.76796,1.88,1.00
2014.08.27 05:12:54.872,0.76773,0.76795,1.88,1.00
2014.08.27 05:12:56.703,0.76773,0.76795,1.88,1.00
2014.08.27 05:12:57.245,0.76771,0.76796,1.88,1.00
2014.08.27 05:12:57.932,0.76771,0.76796,1.88,1.00
2014.08.27 05:12:59.936,0.76771,0.76796,1.50,1.00
2014.08.27 05:13:00.597,0.76772,0.76796,1.75,1.00
2014.08.27 05:13:00.924,0.76773,0.76799,1.50,1.00
2014.08.27 05:13:01.694,0.76773,0.76796,1.50,1.00
2014.08.27 05:13:18.566,0.76773,0.76796,1.38,1.00
2014.08.27 05:13:18.795,0.7677,0.76791,1.38,1.00
2014.08.27 05:13:18.864,0.7677,0.76796,1.38,1.00
2014.08.27 05:13:19.135,0.76771,0.76796,1.38,1.00
2014.08.27 05:13:19.194,0.76771,0.76799,1.38,1.50
2014.08.27 05:13:19.758,0.76771,0.76799,1.38,1.50
2014.08.27 05:13:20.132,0.76774,0.76799,1.88,1.00
2014.08.27 05:13:20.454,0.76781,0.768,1.00,1.00
2014.08.27 05:13:20.621,0.76779,0.76803,1.38,1.00
2014.08.27 05:13:20.734,0.76779,0.76805,1.38,1.00
2014.08.27 05:13:21.283,0.76779,0.76806,1.38,1.50
2014.08.27 05:13:21.719,0.76779,0.76806,1.38,1.50
2014.08.27 05:13:21.974,0.76781,0.76809,1.00,1.00
2014.08.27 05:13:22.075,0.76784,0.7681,1.00,1.50
2014.08.27 05:13:23.812,0.76784,0.76805,1.00,1.00
2014.08.27 05:13:24.404,0.76782,0.76805,1.00,1.00
2014.08.27 05:13:26.342,0.76782,0.76808,1.00,1.00
2014.08.27 05:13:28.817,0.76782,0.76808,1.38,1.00
2014.08.27 05:13:29.258,0.76782,0.76808,2.25,1.00
2014.08.27 05:13:29.413,0.76782,0.76808,1.88,1.00
2014.08.27 05:13:29.541,0.76784,0.7681,1.00,1.00
2014.08.27 05:13:30.642,0.76784,0.76812,1.00,1.00
2014.08.27 05:13:31.229,0.76784,0.76811,1.00,1.00
2014.08.27 05:13:31.851,0.76783,0.76811,1.13,1.50
2014.08.27 05:13:32.637,0.76784,0.76811,1.00,1.00
2014.08.27 05:13:33.721,0.76783,0.76811,1.13,1.50
2014.08.27 05:13:34.084,0.76783,0.76811,1.38,2.25
2014.08.27 05:13:34.422,0.76783,0.76811,1.38,2.25
2014.08.27 05:13:34.612,0.76781,0.76809,1.38,1.50
2014.08.27 05:13:36.011,0.76785,0.7681,1.38,1.00
2014.08.27 05:13:36.133,0.76785,0.76812,1.38,1.00
2014.08.27 05:13:36.289,0.76786,0.76814,1.13,1.50
2014.08.27 05:13:36.460,0.76786,0.76811,1.38,1.00
2014.08.27 05:13:37.215,0.76785,0.76811,1.00,1.00
2014.08.27 05:13:37.799,0.76784,0.76811,1.00,1.50
2014.08.27 05:13:38.012,0.76782,0.7681,1.00,1.00
2014.08.27 05:13:38.222,0.76782,0.76806,1.00,1.00
2014.08.27 05:13:38.851,0.76781,0.76806,1.00,1.00
2014.08.27 05:13:39.391,0.7678,0.76806,1.13,1.00
2014.08.27 05:13:50.452,0.76785,0.76806,1.00,1.00
2014.08.27 05:13:50.761,0.76785,0.76811,1.00,1.50
2014.08.27 05:13:51.477,0.76786,0.76811,1.00,1.00
2014.08.27 05:13:52.451,0.76786,0.7681,1.00,1.00
2014.08.27 05:13:53.127,0.76786,0.76811,1.13,1.00
2014.08.27 05:13:55.422,0.76786,0.76806,1.00,1.00
2014.08.27 05:13:55.624,0.76786,0.7681,1.00,1.00
2014.08.27 05:13:59.672,0.76786,0.76806,1.00,1.00
2014.08.27 05:14:00.235,0.76784,0.76806,1.00,1.00
2014.08.27 05:14:00.890,0.76782,0.76806,1.38,1.00
2014.08.27 05:14:01.711,0.76782,0.76806,1.00,1.00
2014.08.27 05:14:03.302,0.76782,0.76809,1.13,1.00
2014.08.27 05:14:04.019,0.76783,0.7681,1.00,2.63
2014.08.27 05:14:04.842,0.76783,0.76806,1.13,1.00
2014.08.27 05:14:05.389,0.76783,0.76806,1.38,1.00
2014.08.27 05:14:09.899,0.76781,0.768,1.38,1.00
2014.08.27 05:14:10.561,0.76781,0.76806,1.38,1.00
2014.08.27 05:14:10.780,0.76781,0.768,1.88,1.00
2014.08.27 05:14:11.281,0.76781,0.76801,1.38,1.00
2014.08.27 05:14:11.883,0.76781,0.76805,1.38,1.00
2014.08.27 05:14:12.447,0.76782,0.76806,1.38,1.00
2014.08.27 05:14:13.261,0.76782,0.76805,1.38,1.00
2014.08.27 05:14:13.817,0.76782,0.76806,1.38,1.00
2014.08.27 05:14:14.793,0.76785,0.76806,1.38,1.00
2014.08.27 05:14:15.292,0.76785,0.7681,1.38,1.00
2014.08.27 05:14:17.380,0.76785,0.76811,1.38,1.00
2014.08.27 05:14:20.131,0.76785,0.7681,1.38,1.00
2014.08.27 05:14:28.489,0.76786,0.7681,1.38,1.00
2014.08.27 05:14:32.203,0.76786,0.7681,1.13,1.00
2014.08.27 05:14:33.659,0.76786,0.76815,1.13,2.63
2014.08.27 05:14:33.710,0.76787,0.76815,1.38,1.88
2014.08.27 05:14:34.162,0.76789,0.76816,1.38,1.00
2014.08.27 05:14:34.263,0.76789,0.76816,1.50,1.00
2014.08.27 05:14:34.363,0.76789,0.76818,1.50,1.50
2014.08.27 05:14:34.464,0.76791,0.76819,1.00,1.00
2014.08.27 05:14:34.931,0.76793,0.7682,1.50,1.00
2014.08.27 05:14:35.253,0.76796,0.7682,1.00,1.00
2014.08.27 05:14:35.846,0.76796,0.76821,1.00,1.00
2014.08.27 05:14:36.369,0.76796,0.7682,1.00,1.00
2014.08.27 05:14:37.080,0.76796,0.76816,1.00,1.00
2014.08.27 05:14:37.231,0.76794,0.76816,1.00,1.00
2014.08.27 05:14:38.020,0.76791,0.76816,1.38,1.00
2014.08.27 05:14:39.647,0.76791,0.76816,1.38,1.00
2014.08.27 05:14:39.979,0.76792,0.7682,1.38,1.50
2014.08.27 05:14:40.080,0.76792,0.76816,1.88,1.00
2014.08.27 05:14:40.593,0.76792,0.76816,1.88,1.00
2014.08.27 05:14:41.320,0.76792,0.76816,1.88,1.00
2014.08.27 05:14:47.413,0.76792,0.76814,1.38,1.00
2014.08.27 05:14:47.514,0.76792,0.76814,1.00,1.00
2014.08.27 05:14:47.665,0.76792,0.76811,1.00,1.00
2014.08.27 05:14:47.765,0.76784,0.76809,1.00,1.00
2014.08.27 05:14:48.079,0.76782,0.76809,1.00,1.00
2014.08.27 05:14:52.950,0.76782,0.7681,1.00,1.50
2014.08.27 05:14:53.001,0.76782,0.7681,1.50,1.50
2014.08.27 05:14:56.674,0.76784,0.7681,1.38,1.50
2014.08.27 05:15:53.029,0.76784,0.76811,1.38,1.00
2014.08.27 05:15:55.279,0.76784,0.7681,1.38,1.00
2014.08.27 05:15:56.161,0.76784,0.76811,1.38,1.00
2014.08.27 05:16:03.380,0.76784,0.76811,1.38,1.00
2014.08.27 05:16:04.919,0.76784,0.76811,1.38,1.00
2014.08.27 05:16:05.221,0.76794,0.76815,1.00,1.00
2014.08.27 05:16:05.450,0.76792,0.76816,1.00,1.38
2014.08.27 05:16:05.674,0.76789,0.76816,1.00,1.38
2014.08.27 05:16:05.806,0.76789,0.76816,1.00,1.13
2014.08.27 05:16:06.570,0.76789,0.76816,1.38,1.13
2014.08.27 05:16:07.210,0.76791,0.76816,1.00,1.13
2014.08.27 05:16:10.723,0.76792,0.76816,1.00,1.00
2014.08.27 05:16:11.132,0.76793,0.76821,1.13,1.88
2014.08.27 05:16:11.639,0.76794,0.76821,1.00,1.13
2014.08.27 05:16:11.690,0.76794,0.76816,1.00,1.00
2014.08.27 05:16:11.789,0.76792,0.76816,1.00,1.00
2014.08.27 05:16:12.300,0.76792,0.76811,1.00,1.00
2014.08.27 05:16:12.566,0.76789,0.76811,1.00,1.00
2014.08.27 05:16:13.102,0.76788,0.76811,1.00,1.00
2014.08.27 05:16:14.545,0.76789,0.76811,1.00,1.00
2014.08.27 05:16:18.837,0.76789,0.76815,1.00,1.38
2014.08.27 05:16:18.938,0.76789,0.76815,1.00,1.00
2014.08.27 05:16:19.269,0.76791,0.76816,1.00,1.13
2014.08.27 05:16:20.219,0.76791,0.76815,1.00,1.00
2014.08.27 05:16:20.741,0.76791,0.76816,1.00,1.38
2014.08.27 05:16:21.029,0.76788,0.76816,1.00,1.88
2014.08.27 05:16:22.749,0.76788,0.76811,1.00,1.00
2014.08.27 05:16:23.229,0.76788,0.76815,1.00,1.38
2014.08.27 05:16:23.380,0.76791,0.76816,1.00,1.38
2014.08.27 05:16:25.110,0.76791,0.76816,1.00,1.38
2014.08.27 05:16:30.810,0.76791,0.7681,1.00,1.00
2014.08.27 05:16:32.319,0.76791,0.76815,1.00,1.13
2014.08.27 05:16:37.069,0.76791,0.76811,1.00,1.00
2014.08.27 05:16:38.589,0.76791,0.76816,1.00,1.00
2014.08.27 05:16:40.575,0.76791,0.76815,1.00,1.00
2014.08.27 05:16:41.147,0.76791,0.76816,1.00,1.00
2014.08.27 05:16:42.274,0.76793,0.76816,1.00,1.00
2014.08.27 05:16:45.079,0.76793,0.76815,1.00,1.00
2014.08.27 05:16:45.667,0.76793,0.76816,1.00,1.00
2014.08.27 05:16:46.180,0.76793,0.76819,1.00,1.00
2014.08.27 05:16:52.506,0.76793,0.76821,1.00,1.13
2014.08.27 05:16:59.522,0.76793,0.7682,1.13,1.00
2014.08.27 05:17:04.167,0.76793,0.76818,1.13,1.00
2014.08.27 05:17:10.599,0.76793,0.76815,1.13,1.00
2014.08.27 05:17:10.819,0.76793,0.76818,1.00,1.00
2014.08.27 05:17:14.654,0.76793,0.76819,1.00,1.00
2014.08.27 05:17:17.594,0.76793,0.76819,1.38,1.00
2014.08.27 05:17:18.678,0.76793,0.76819,1.13,1.00
2014.08.27 05:17:19.243,0.76793,0.76819,1.38,1.00
2014.08.27 05:17:19.819,0.76793,0.76819,1.38,1.00
2014.08.27 05:17:20.622,0.76793,0.76819,1.38,1.00
2014.08.27 05:17:23.553,0.76793,0.76819,1.38,1.00
2014.08.27 05:17:24.144,0.76793,0.76819,1.38,1.00
2014.08.27 05:17:31.129,0.76793,0.7682,1.38,1.50
2014.08.27 05:17:35.711,0.76793,0.7682,1.38,1.50
2014.08.27 05:17:35.938,0.76793,0.7682,1.38,1.50
2014.08.27 05:17:40.758,0.76794,0.76821,1.38,1.50
2014.08.27 05:17:41.360,0.76794,0.76821,1.38,1.50
2014.08.27 05:17:44.555,0.76794,0.76821,1.50,1.50
2014.08.27 05:17:46.149,0.76795,0.76824,1.38,1.00
2014.08.27 05:17:47.203,0.76795,0.76824,1.38,1.00
2014.08.27 05:17:47.313,0.76795,0.76824,1.38,1.00
2014.08.27 05:17:47.363,0.76795,0.76821,1.38,1.00
2014.08.27 05:17:48.430,0.76794,0.76821,1.88,1.00
2014.08.27 05:17:48.954,0.76795,0.76822,1.38,1.00
2014.08.27 05:17:49.283,0.76795,0.76822,1.38,1.00
2014.08.27 05:17:50.747,0.76795,0.76821,1.38,1.00
2014.08.27 05:17:52.398,0.76795,0.76822,1.88,1.00
2014.08.27 05:18:06.328,0.76795,0.76822,1.88,1.00
2014.08.27 05:18:22.536,0.76795,0.76821,1.38,1.00
2014.08.27 05:18:23.200,0.76795,0.76822,1.38,1.00
2014.08.27 05:18:32.881,0.76795,0.76822,1.38,1.00
2014.08.27 05:18:33.370,0.76798,0.76826,1.13,1.88
2014.08.27 05:18:34.151,0.76797,0.76825,1.38,1.50
2014.08.27 05:18:36.666,0.76799,0.76825,1.00,1.00
2014.08.27 05:18:37.386,0.76798,0.76824,1.13,1.00
2014.08.27 05:18:38.551,0.76799,0.76824,1.00,1.00
2014.08.27 05:18:39.102,0.76797,0.76825,1.88,1.00
2014.08.27 05:18:39.996,0.76799,0.76825,1.00,1.00
2014.08.27 05:18:40.754,0.76797,0.76825,3.38,1.00
2014.08.27 05:18:43.898,0.76797,0.76821,1.88,1.00
2014.08.27 05:18:44.048,0.76796,0.76821,1.13,1.00
2014.08.27 05:18:44.766,0.76796,0.76822,1.13,1.00
2014.08.27 05:18:48.066,0.76796,0.76821,1.00,1.00
2014.08.27 05:18:48.167,0.76796,0.76821,1.00,1.88
2014.08.27 05:18:48.217,0.76793,0.76821,1.00,1.88
2014.08.27 05:18:48.469,0.7679,0.76816,1.38,1.00
2014.08.27 05:18:48.694,0.76791,0.7682,1.13,2.63
2014.08.27 05:18:49.651,0.76792,0.7682,1.00,1.38
2014.08.27 05:18:51.187,0.76792,0.76821,1.13,1.88
2014.08.27 05:18:51.616,0.76794,0.76821,1.00,1.88
2014.08.27 05:18:52.207,0.76794,0.76821,1.00,1.88
2014.08.27 05:18:52.927,0.76794,0.76821,1.00,1.88
2014.08.27 05:18:53.596,0.76793,0.7682,1.88,1.38
2014.08.27 05:18:55.001,0.76793,0.7682,1.50,1.00
2014.08.27 05:19:04.005,0.76794,0.7682,1.00,1.00
2014.08.27 05:19:05.892,0.76794,0.7682,1.00,1.88
2014.08.27 05:19:08.332,0.76794,0.7682,1.00,1.88
2014.08.27 05:19:10.235,0.76796,0.76819,1.00,1.38
2014.08.27 05:19:10.386,0.768,0.76823,1.00,1.00
2014.08.27 05:19:10.486,0.76802,0.76823,1.00,1.00
2014.08.27 05:19:10.537,0.76803,0.7683,1.00,1.00
2014.08.27 05:19:10.637,0.76803,0.76826,1.00,1.00
2014.08.27 05:19:10.688,0.76799,0.76826,1.00,1.00
2014.08.27 05:19:11.290,0.76798,0.76825,1.00,1.50
2014.08.27 05:19:11.796,0.76797,0.76825,2.10,1.00
2014.08.27 05:19:11.983,0.76797,0.76825,2.48,1.13
2014.08.27 05:19:12.876,0.76797,0.76825,2.10,1.38
2014.08.27 05:19:21.273,0.76796,0.76822,1.60,1.88
2014.08.27 05:19:21.600,0.76796,0.76821,1.00,1.38
2014.08.27 05:19:24.100,0.76796,0.76821,1.00,1.38
2014.08.27 05:19:27.179,0.76796,0.76821,1.00,1.13
2014.08.27 05:19:27.960,0.76797,0.76821,1.00,1.13
2014.08.27 05:19:29.036,0.76796,0.76821,1.00,1.13
2014.08.27 05:19:36.924,0.76796,0.76821,1.38,1.00
2014.08.27 05:19:37.534,0.76796,0.7682,1.38,1.00
2014.08.27 05:19:38.194,0.76796,0.7682,1.38,1.00
2014.08.27 05:19:39.645,0.76796,0.76824,1.38,1.00
2014.08.27 05:19:42.785,0.76796,0.76825,1.38,1.00
2014.08.27 05:19:45.554,0.76798,0.76825,1.38,1.00
2014.08.27 05:19:50.836,0.76796,0.76825,1.38,1.13
2014.08.27 05:19:50.886,0.76796,0.7682,1.38,1.00
2014.08.27 05:19:53.512,0.76796,0.7682,1.00,1.00
2014.08.27 05:19:53.615,0.76796,0.76825,1.00,1.88
2014.08.27 05:19:54.375,0.76796,0.76825,1.13,1.88
2014.08.27 05:19:59.191,0.76796,0.76825,1.38,1.88
2014.08.27 05:20:02.042,0.76796,0.76824,1.38,1.00
2014.08.27 05:20:12.601,0.76796,0.76825,1.38,1.50
2014.08.27 05:20:15.456,0.76795,0.76823,1.88,1.00
2014.08.27 05:20:15.730,0.76795,0.76823,1.38,1.50
2014.08.27 05:20:15.908,0.76795,0.76823,1.38,1.50
2014.08.27 05:20:16.458,0.76795,0.76823,1.38,1.50
2014.08.27 05:20:18.416,0.76795,0.76823,1.00,1.88
2014.08.27 05:20:19.917,0.76795,0.76823,1.38,1.88
2014.08.27 05:20:20.502,0.76795,0.76823,1.13,1.88
2014.08.27 05:20:22.306,0.76795,0.76821,1.13,1.00
2014.08.27 05:20:32.341,0.76795,0.7682,1.00,1.00
2014.08.27 05:20:32.442,0.76793,0.76819,1.00,1.00
2014.08.27 05:20:32.615,0.7679,0.76818,1.88,1.00
2014.08.27 05:20:33.825,0.7679,0.76817,1.13,1.00
2014.08.27 05:20:40.423,0.7679,0.76818,1.00,1.38
2014.08.27 05:20:41.252,0.76789,0.76818,2.63,1.38
2014.08.27 05:20:44.008,0.76789,0.76816,1.50,1.38
2014.08.27 05:20:44.058,0.76787,0.76816,1.13,1.88
2014.08.27 05:20:44.209,0.76787,0.76816,1.00,2.25
2014.08.27 05:20:44.496,0.76784,0.76813,2.48,1.38
2014.08.27 05:20:44.647,0.76785,0.76813,1.88,1.13
2014.08.27 05:20:44.997,0.76785,0.76813,1.88,1.13
2014.08.27 05:20:45.286,0.76788,0.76816,1.00,1.88
2014.08.27 05:20:45.631,0.76788,0.76816,1.13,1.88
2014.08.27 05:20:46.151,0.76789,0.76816,1.00,1.13
2014.08.27 05:20:47.108,0.76787,0.76815,1.00,1.00
2014.08.27 05:20:47.371,0.76786,0.76814,1.38,1.00
2014.08.27 05:20:47.472,0.76788,0.76816,1.38,1.50
2014.08.27 05:20:47.917,0.76788,0.76814,1.00,1.00
2014.08.27 05:20:48.513,0.76787,0.76814,1.13,1.00
2014.08.27 05:20:52.635,0.76787,0.76815,1.13,1.13
2014.08.27 05:20:54.927,0.76787,0.76815,1.38,1.00
2014.08.27 05:20:55.228,0.7679,0.76816,1.38,1.00
2014.08.27 05:21:00.148,0.7679,0.76816,1.00,1.00
2014.08.27 05:21:01.575,0.76792,0.76816,1.00,1.00
2014.08.27 05:21:02.128,0.76793,0.76816,1.00,1.00
2014.08.27 05:21:04.516,0.76792,0.76816,1.50,1.00
2014.08.27 05:21:09.909,0.76792,0.76816,1.88,1.00
2014.08.27 05:21:09.959,0.76792,0.7682,1.88,1.00
2014.08.27 05:21:10.620,0.76794,0.76821,1.38,1.13
2014.08.27 05:21:11.234,0.76794,0.7682,1.38,1.00
2014.08.27 05:21:11.953,0.76794,0.76821,1.38,1.13
2014.08.27 05:21:12.593,0.76794,0.76821,1.38,1.00
2014.08.27 05:21:13.362,0.76794,0.76821,1.13,1.00
2014.08.27 05:21:17.602,0.76794,0.76821,1.00,2.63
2014.08.27 05:21:18.224,0.76793,0.76821,1.00,1.88
2014.08.27 05:21:18.884,0.76792,0.7682,1.13,1.13
2014.08.27 05:21:19.805,0.76793,0.7682,1.00,1.13
2014.08.27 05:21:19.855,0.76793,0.76816,1.00,1.00
2014.08.27 05:21:22.366,0.76793,0.7682,1.00,1.13
2014.08.27 05:21:22.467,0.76795,0.76821,1.88,1.13
2014.08.27 05:21:24.928,0.76795,0.76821,1.50,1.38
2014.08.27 05:21:25.028,0.76793,0.7682,1.00,1.13
2014.08.27 05:21:25.230,0.76796,0.76821,1.00,1.13
2014.08.27 05:21:25.817,0.76797,0.76821,1.00,1.13
2014.08.27 05:21:26.535,0.76797,0.7682,1.00,1.00
2014.08.27 05:21:27.415,0.76797,0.76816,1.00,1.00
2014.08.27 05:21:27.899,0.76797,0.7682,1.00,1.00
2014.08.27 05:21:30.825,0.76797,0.76815,1.00,1.00
2014.08.27 05:21:31.025,0.76795,0.76815,1.00,1.00
2014.08.27 05:21:31.126,0.76795,0.76821,1.00,1.00
2014.08.27 05:21:31.386,0.76795,0.76815,1.50,1.00
2014.08.27 05:21:31.487,0.76792,0.76815,1.88,1.00
2014.08.27 05:21:31.638,0.76792,0.7682,1.88,1.00
2014.08.27 05:21:31.689,0.76796,0.7682,1.00,1.00
2014.08.27 05:21:32.916,0.76796,0.76821,1.00,1.00
2014.08.27 05:21:33.250,0.76792,0.76815,1.88,1.00
2014.08.27 05:21:33.963,0.76792,0.76816,1.13,1.00
2014.08.27 05:21:37.190,0.76791,0.76816,1.50,1.00
2014.08.27 05:21:40.114,0.76791,0.76818,1.00,1.13
2014.08.27 05:21:40.164,0.76793,0.76819,1.00,2.63
2014.08.27 05:21:40.488,0.76795,0.76821,1.00,1.38
2014.08.27 05:21:41.004,0.76794,0.76821,1.00,1.88
2014.08.27 05:21:43.564,0.76792,0.7682,1.38,1.38
2014.08.27 05:21:44.536,0.76792,0.7682,1.00,1.38
2014.08.27 05:21:44.865,0.76792,0.76816,1.00,1.00
2014.08.27 05:21:45.415,0.76791,0.76815,1.00,1.00
2014.08.27 05:21:45.465,0.76789,0.76815,1.00,1.50
2014.08.27 05:21:45.992,0.76788,0.76814,1.13,1.13
2014.08.27 05:21:47.986,0.76788,0.76815,1.13,1.00
2014.08.27 05:21:49.174,0.76788,0.76814,1.13,1.00
2014.08.27 05:21:54.124,0.76788,0.76815,1.50,1.88
2014.08.27 05:21:54.175,0.76788,0.76816,1.50,1.88
2014.08.27 05:21:54.395,0.7679,0.76816,1.00,1.88
2014.08.27 05:21:58.353,0.7679,0.76816,1.38,1.00
2014.08.27 05:22:04.158,0.76791,0.76815,1.00,1.00
2014.08.27 05:22:05.695,0.76791,0.76816,1.00,1.00
2014.08.27 05:22:06.785,0.7679,0.76816,1.00,1.00
2014.08.27 05:22:07.314,0.7679,0.76816,1.00,1.38
2014.08.27 05:22:07.740,0.76788,0.76811,1.00,1.00
2014.08.27 05:22:08.779,0.76786,0.76811,1.88,1.00
2014.08.27 05:22:09.388,0.76787,0.76811,1.00,1.00
2014.08.27 05:22:12.079,0.76787,0.76815,1.00,1.38
2014.08.27 05:22:12.180,0.76789,0.76816,1.00,1.13
2014.08.27 05:22:26.404,0.76789,0.76816,1.38,1.13
2014.08.27 05:22:31.575,0.76789,0.76816,1.00,1.13
2014.08.27 05:22:35.185,0.7679,0.76816,1.00,1.88
2014.08.27 05:22:35.703,0.76789,0.76816,1.00,1.13
2014.08.27 05:22:36.254,0.76789,0.76815,1.00,1.00
2014.08.27 05:22:36.786,0.76788,0.76815,1.13,1.00
2014.08.27 05:22:37.353,0.7679,0.76815,1.00,1.00
2014.08.27 05:22:38.674,0.76788,0.76815,1.13,1.00
2014.08.27 05:22:39.426,0.76789,0.76815,1.00,1.00
2014.08.27 05:22:40.087,0.7679,0.76815,1.00,1.00
2014.08.27 05:22:45.087,0.76789,0.76815,1.00,1.00
2014.08.27 05:22:45.465,0.76792,0.76815,1.00,1.00
2014.08.27 05:22:46.078,0.76792,0.76819,1.00,1.38
2014.08.27 05:22:46.455,0.76793,0.7682,1.00,1.88
2014.08.27 05:22:52.809,0.76793,0.7682,1.13,1.00
2014.08.27 05:22:52.863,0.76796,0.7682,1.00,1.00
2014.08.27 05:22:53.397,0.76797,0.7682,1.00,1.00
2014.08.27 05:23:12.153,0.76797,0.76823,1.00,1.38
2014.08.27 05:23:12.761,0.76797,0.76821,1.00,1.00
2014.08.27 05:23:13.535,0.76797,0.76821,1.38,1.00
2014.08.27 05:23:14.176,0.76797,0.76821,1.00,1.00
2014.08.27 05:23:15.351,0.76797,0.76823,1.00,1.38
2014.08.27 05:23:15.453,0.76797,0.76825,1.00,1.38
2014.08.27 05:23:20.742,0.76797,0.76825,1.38,1.00
2014.08.27 05:23:21.344,0.76797,0.76825,1.00,1.38
2014.08.27 05:23:33.373,0.76798,0.76825,1.13,1.00
2014.08.27 05:23:33.438,0.76798,0.76825,1.38,1.00
2014.08.27 05:23:33.690,0.768,0.76828,1.38,1.00
2014.08.27 05:23:33.840,0.76805,0.76828,1.00,1.00
2014.08.27 05:23:33.941,0.76805,0.76834,2.63,1.38
2014.08.27 05:23:34.099,0.76805,0.76834,1.50,1.50
2014.08.27 05:23:34.149,0.76807,0.76835,1.00,2.25
2014.08.27 05:23:34.472,0.76799,0.76825,1.00,1.00
2014.08.27 05:23:34.775,0.768,0.76822,1.00,1.00
2014.08.27 05:23:34.883,0.768,0.76828,1.00,1.00
2014.08.27 05:23:35.434,0.76802,0.7683,1.00,1.00
2014.08.27 05:23:36.144,0.76801,0.7683,1.50,1.50
2014.08.27 05:23:37.571,0.76801,0.7683,1.88,1.50
2014.08.27 05:23:38.412,0.76801,0.76828,1.88,1.00
2014.08.27 05:23:38.463,0.76801,0.76828,1.50,1.00
2014.08.27 05:23:38.614,0.76801,0.76826,1.13,1.00
2014.08.27 05:23:39.052,0.76799,0.76826,1.00,1.13
2014.08.27 05:23:39.612,0.76801,0.76828,1.00,1.38
2014.08.27 05:23:40.272,0.768,0.76829,1.38,1.88
2014.08.27 05:23:40.624,0.768,0.76827,1.88,1.00
2014.08.27 05:23:40.725,0.768,0.76829,1.88,1.50
2014.08.27 05:23:40.842,0.76804,0.76829,1.00,1.50
2014.08.27 05:23:41.152,0.76806,0.76833,1.00,1.38
2014.08.27 05:23:41.262,0.76804,0.76832,1.50,1.38
2014.08.27 05:23:41.812,0.76804,0.76831,1.88,1.00
2014.08.27 05:23:43.605,0.76804,0.76832,1.50,1.00
2014.08.27 05:23:43.725,0.76803,0.7683,1.00,1.00
2014.08.27 05:23:44.044,0.76801,0.76825,1.38,1.00
2014.08.27 05:23:46.684,0.768,0.76825,1.88,1.00
2014.08.27 05:23:47.412,0.768,0.76826,1.88,1.00
2014.08.27 05:23:48.083,0.768,0.76826,1.88,1.00
2014.08.27 05:23:50.853,0.768,0.76829,1.88,1.50
2014.08.27 05:23:51.163,0.76804,0.7683,1.00,1.88
2014.08.27 05:23:51.543,0.76804,0.7683,1.38,1.00
2014.08.27 05:23:51.643,0.76807,0.76832,2.63,1.00
2014.08.27 05:23:51.744,0.7681,0.76832,1.00,1.00
2014.08.27 05:23:51.845,0.7681,0.76836,1.50,1.00
2014.08.27 05:23:52.672,0.7681,0.76836,1.50,1.38
2014.08.27 05:23:56.825,0.7681,0.76836,1.00,1.00
2014.08.27 05:23:59.622,0.7681,0.76835,1.50,1.00
2014.08.27 05:24:12.762,0.76812,0.76835,1.00,1.00
2014.08.27 05:24:12.963,0.76808,0.76836,1.50,1.38
2014.08.27 05:24:18.994,0.76808,0.76836,1.88,1.00
2014.08.27 05:24:19.145,0.76812,0.76836,1.00,1.00
2014.08.27 05:24:25.392,0.76815,0.76836,1.00,1.00
2014.08.27 05:24:26.036,0.76816,0.76836,1.00,1.00
2014.08.27 05:24:27.473,0.76815,0.76836,1.00,1.00
2014.08.27 05:24:28.000,0.76816,0.76836,1.00,1.00
2014.08.27 05:24:33.280,0.76816,0.76835,1.00,1.00
2014.08.27 05:24:33.966,0.76816,0.76836,1.00,1.00
2014.08.27 05:24:34.512,0.76813,0.76836,1.50,1.00
2014.08.27 05:24:40.902,0.76813,0.76841,1.88,1.38
2014.08.27 05:24:41.003,0.76816,0.76841,1.00,1.38
2014.08.27 05:24:41.530,0.76816,0.76835,1.00,1.00
2014.08.27 05:24:41.782,0.76814,0.76835,1.00,1.00
2014.08.27 05:24:48.594,0.76814,0.76836,1.00,1.00
2014.08.27 05:24:53.862,0.76816,0.76836,1.00,1.00
2014.08.27 05:24:56.931,0.76816,0.76841,1.00,1.13
2014.08.27 05:25:03.103,0.76817,0.76841,1.00,1.00
2014.08.27 05:25:03.355,0.76818,0.76846,1.50,1.88
2014.08.27 05:25:03.918,0.76818,0.76846,1.50,1.88
2014.08.27 05:25:05.843,0.76818,0.7684,1.50,1.00
2014.08.27 05:25:07.075,0.76818,0.76841,1.00,1.00
2014.08.27 05:25:07.326,0.76816,0.7684,1.00,1.13
2014.08.27 05:25:13.435,0.76816,0.76835,1.00,1.00
2014.08.27 05:25:13.983,0.76816,0.76836,1.00,1.00
2014.08.27 05:25:14.093,0.76816,0.76841,1.00,1.38
2014.08.27 05:25:17.392,0.76816,0.76836,1.00,1.00
2014.08.27 05:25:18.053,0.76816,0.76841,1.00,1.38
2014.08.27 05:25:19.154,0.76816,0.76836,1.00,1.00
2014.08.27 05:25:21.272,0.76815,0.76836,1.00,1.00
2014.08.27 05:25:21.589,0.76813,0.76831,3.00,1.00
2014.08.27 05:25:26.635,0.76813,0.76836,3.00,1.00
2014.08.27 05:25:27.332,0.76814,0.76836,1.00,1.00
2014.08.27 05:25:28.732,0.76815,0.76836,1.00,1.00
2014.08.27 05:25:29.612,0.76814,0.76836,2.25,1.00
2014.08.27 05:25:32.288,0.76814,0.76831,1.00,1.00
2014.08.27 05:25:33.892,0.76814,0.76836,1.00,1.00
2014.08.27 05:25:38.664,0.76815,0.76836,1.50,1.00
2014.08.27 05:25:39.660,0.76816,0.76836,1.50,1.00
2014.08.27 05:25:40.273,0.76816,0.76835,1.50,1.00
2014.08.27 05:25:40.373,0.76814,0.76835,3.00,1.00
2014.08.27 05:25:41.092,0.76814,0.76836,1.50,1.00
2014.08.27 05:25:43.624,0.76814,0.76836,1.38,1.00
2014.08.27 05:25:44.305,0.76814,0.76836,1.13,1.00
2014.08.27 05:25:46.903,0.76813,0.76836,2.25,1.00
2014.08.27 05:25:47.121,0.76811,0.76835,1.13,1.00
2014.08.27 05:25:47.325,0.76813,0.76835,1.00,1.00
2014.08.27 05:25:50.093,0.76812,0.76835,2.25,1.00
2014.08.27 05:25:50.294,0.7681,0.76836,2.25,1.00
2014.08.27 05:25:50.446,0.76812,0.76836,1.50,1.00
2014.08.27 05:25:50.833,0.76814,0.76836,1.00,1.00
2014.08.27 05:25:52.813,0.76814,0.76841,1.13,1.38
2014.08.27 05:25:53.362,0.76814,0.76841,1.88,1.00
2014.08.27 05:25:55.893,0.76815,0.76841,1.00,1.00
2014.08.27 05:25:57.939,0.76817,0.76841,1.50,1.00
2014.08.27 05:26:04.071,0.76819,0.76841,1.50,1.00
2014.08.27 05:26:06.052,0.76818,0.76841,1.88,1.00
2014.08.27 05:26:06.423,0.76818,0.76841,1.88,1.00
2014.08.27 05:26:08.873,0.76818,0.76845,1.88,1.00
2014.08.27 05:26:09.115,0.76818,0.76845,1.88,1.00
2014.08.27 05:26:09.417,0.76819,0.76841,1.88,1.00
2014.08.27 05:26:09.568,0.7682,0.76846,1.88,1.00
2014.08.27 05:26:09.864,0.7682,0.7684,1.88,1.00
2014.08.27 05:26:11.271,0.7682,0.7684,1.88,1.00
2014.08.27 05:26:13.162,0.7682,0.76845,1.88,1.00
2014.08.27 05:26:13.407,0.7682,0.7684,1.88,1.00
2014.08.27 05:26:17.232,0.7682,0.76841,1.88,1.00
2014.08.27 05:26:18.408,0.76825,0.76841,1.50,1.00
2014.08.27 05:26:18.458,0.76825,0.76845,1.50,1.00
2014.08.27 05:26:18.509,0.76821,0.76845,1.13,1.00
2014.08.27 05:26:18.851,0.76823,0.76845,1.50,1.00
2014.08.27 05:26:22.331,0.76822,0.76845,1.50,1.00
2014.08.27 05:26:24.422,0.7682,0.76848,1.13,1.88
2014.08.27 05:26:24.821,0.76819,0.76846,1.38,1.00
2014.08.27 05:26:29.121,0.76819,0.76847,1.38,1.00
2014.08.27 05:26:29.533,0.76819,0.76845,2.63,1.00
2014.08.27 05:26:30.101,0.76819,0.76846,2.63,1.00
2014.08.27 05:26:30.522,0.7682,0.76846,1.88,1.00
2014.08.27 05:26:31.892,0.7682,0.76845,1.88,1.00
2014.08.27 05:26:32.631,0.7682,0.76846,1.88,1.00
2014.08.27 05:26:40.387,0.76821,0.76846,1.88,1.00
2014.08.27 05:26:43.712,0.76821,0.76846,1.88,1.00
2014.08.27 05:26:44.991,0.76824,0.76846,1.50,1.00
2014.08.27 05:26:47.281,0.76823,0.76846,1.50,1.00
2014.08.27 05:26:48.950,0.76824,0.76846,1.50,1.00
2014.08.27 05:26:49.669,0.76823,0.76846,1.50,1.00
2014.08.27 05:26:50.621,0.76823,0.76846,1.88,1.00
2014.08.27 05:26:50.963,0.76826,0.76846,1.00,1.00
2014.08.27 05:26:51.650,0.76825,0.76846,1.88,1.00
2014.08.27 05:26:54.560,0.76823,0.76846,1.88,1.00
2014.08.27 05:27:00.981,0.76823,0.7685,1.88,1.00
2014.08.27 05:27:01.554,0.76823,0.7685,1.88,1.00
2014.08.27 05:27:02.213,0.76823,0.7685,1.88,1.00
2014.08.27 05:27:02.661,0.76823,0.76846,1.88,1.00
2014.08.27 05:27:03.204,0.76822,0.76846,2.63,1.00
2014.08.27 05:27:04.970,0.76822,0.76851,2.63,2.63
2014.08.27 05:27:05.457,0.76822,0.76846,2.25,1.00
2014.08.27 05:27:05.741,0.76822,0.76851,2.25,2.63
2014.08.27 05:27:06.817,0.76822,0.76851,2.63,2.63
2014.08.27 05:27:07.741,0.76822,0.76851,1.00,2.63
2014.08.27 05:27:08.248,0.76823,0.76851,1.88,2.63
2014.08.27 05:27:12.122,0.76822,0.76846,1.38,1.00
2014.08.27 05:27:12.342,0.76822,0.76851,1.38,2.63
2014.08.27 05:27:15.201,0.76822,0.76846,1.38,1.00
2014.08.27 05:27:15.502,0.76822,0.7685,1.38,1.38
2014.08.27 05:27:17.375,0.76823,0.7685,1.13,1.00
2014.08.27 05:27:17.910,0.76825,0.7685,1.00,1.00
2014.08.27 05:27:18.800,0.76825,0.76851,1.00,1.00
2014.08.27 05:27:19.403,0.76825,0.76852,1.00,1.13
2014.08.27 05:27:21.363,0.76825,0.76852,1.00,1.38
2014.08.27 05:27:22.024,0.76825,0.76852,1.00,1.13
2014.08.27 05:27:24.939,0.76824,0.7685,1.88,1.00
2014.08.27 05:27:29.469,0.76824,0.76849,1.88,1.00
2014.08.27 05:27:34.414,0.76824,0.76849,1.88,1.00
2014.08.27 05:27:34.515,0.76826,0.76852,1.00,1.50
2014.08.27 05:27:34.766,0.76826,0.76854,1.38,1.13
2014.08.27 05:27:35.273,0.76829,0.76855,1.50,1.38
2014.08.27 05:27:35.850,0.76829,0.76855,1.00,1.88
2014.08.27 05:27:45.311,0.76829,0.7685,1.00,1.00
2014.08.27 05:27:45.640,0.76829,0.76855,1.00,1.38
2014.08.27 05:27:47.400,0.76829,0.7685,1.00,1.00
2014.08.27 05:27:52.796,0.76829,0.76851,1.00,1.00
2014.08.27 05:27:53.048,0.76827,0.76854,1.38,1.00
2014.08.27 05:27:53.729,0.76828,0.76855,1.13,1.00
2014.08.27 05:27:57.730,0.76827,0.76854,1.13,1.00
2014.08.27 05:27:57.781,0.76827,0.76852,1.00,1.13
2014.08.27 05:27:57.982,0.76824,0.7685,1.13,1.00
2014.08.27 05:27:59.404,0.76823,0.7685,1.13,1.00
2014.08.27 05:28:00.060,0.76823,0.76849,1.13,1.00
2014.08.27 05:28:01.570,0.76824,0.76849,1.00,1.00
2014.08.27 05:28:01.721,0.76824,0.76851,1.13,1.50
2014.08.27 05:28:01.926,0.76826,0.76851,1.00,1.50
2014.08.27 05:28:07.399,0.76825,0.76851,1.00,1.50
2014.08.27 05:28:07.729,0.76826,0.76849,1.00,1.00
2014.08.27 05:28:08.260,0.76825,0.76848,1.13,1.00
2014.08.27 05:28:08.650,0.76823,0.76847,1.13,1.00
2014.08.27 05:28:09.631,0.76821,0.76847,1.13,1.00
2014.08.27 05:28:09.869,0.76822,0.76845,1.00,1.00
2014.08.27 05:28:10.463,0.76821,0.76845,1.13,1.00
2014.08.27 05:28:13.592,0.76821,0.76848,1.13,1.00
2014.08.27 05:28:14.202,0.76822,0.76848,1.13,1.00
2014.08.27 05:28:15.680,0.7682,0.76848,1.38,1.00
2014.08.27 05:28:16.445,0.7682,0.76845,1.38,1.00
2014.08.27 05:28:16.998,0.7682,0.76846,1.13,1.00
2014.08.27 05:28:18.352,0.7682,0.76849,1.38,1.88
2014.08.27 05:28:19.140,0.7682,0.76849,1.38,1.88
2014.08.27 05:28:19.812,0.7682,0.76849,1.38,1.50
2014.08.27 05:28:28.537,0.76821,0.7685,1.38,1.88
2014.08.27 05:28:31.181,0.76823,0.76851,1.38,1.50
2014.08.27 05:28:31.489,0.76828,0.76854,1.38,1.00
2014.08.27 05:28:32.254,0.76828,0.76854,1.38,1.00
2014.08.27 05:28:33.055,0.76828,0.76854,1.38,1.00
2014.08.27 05:28:35.411,0.76828,0.76854,1.00,1.00
2014.08.27 05:28:35.680,0.76823,0.76852,1.38,1.00
2014.08.27 05:28:36.219,0.76824,0.76853,1.38,1.50
2014.08.27 05:28:36.679,0.76826,0.76851,1.13,1.00
2014.08.27 05:28:36.990,0.76826,0.76854,1.38,1.00
2014.08.27 05:28:37.314,0.76826,0.76854,1.75,1.00
2014.08.27 05:28:37.589,0.76825,0.76852,1.73,1.00
2014.08.27 05:28:37.698,0.76825,0.76854,1.73,1.50
2014.08.27 05:28:37.799,0.76828,0.76854,1.00,1.00
2014.08.27 05:28:38.131,0.76826,0.76852,1.00,1.00
2014.08.27 05:28:38.638,0.76826,0.76854,1.00,1.50
2014.08.27 05:28:39.189,0.76824,0.76853,1.88,1.00
2014.08.27 05:28:39.750,0.76824,0.76853,1.75,1.00
2014.08.27 05:28:40.092,0.76825,0.76854,2.25,1.00
2014.08.27 05:28:41.034,0.76828,0.76854,1.38,1.50
2014.08.27 05:28:41.634,0.76828,0.76854,1.50,1.50
2014.08.27 05:28:42.345,0.76826,0.76854,1.75,1.50
2014.08.27 05:28:42.891,0.76827,0.76853,1.75,1.00
2014.08.27 05:28:43.478,0.76828,0.76855,1.75,1.00
2014.08.27 05:28:44.274,0.76828,0.76855,1.50,1.00
2014.08.27 05:28:45.724,0.76829,0.76856,1.38,1.00
2014.08.27 05:28:46.228,0.76831,0.76855,1.38,1.00
2014.08.27 05:28:46.480,0.76834,0.7686,1.13,1.00
2014.08.27 05:28:46.933,0.76836,0.76861,1.00,1.00
2014.08.27 05:28:49.219,0.7684,0.76861,1.00,1.00
2014.08.27 05:28:49.370,0.7684,0.76866,1.00,1.38
2014.08.27 05:28:50.641,0.7684,0.76865,1.50,1.38
2014.08.27 05:28:50.742,0.76838,0.76866,1.50,1.38
2014.08.27 05:28:52.407,0.76837,0.76866,1.00,2.63
2014.08.27 05:28:52.457,0.76837,0.76861,1.00,1.00
2014.08.27 05:28:53.195,0.76836,0.76861,1.00,1.00
2014.08.27 05:28:53.400,0.76836,0.76864,1.00,1.13
2014.08.27 05:28:54.168,0.76836,0.76861,1.00,1.00
2014.08.27 05:28:54.929,0.76838,0.76861,1.00,1.00
2014.08.27 05:28:56.748,0.76838,0.76865,1.50,1.00
2014.08.27 05:28:57.468,0.76839,0.76865,1.00,1.00
2014.08.27 05:28:59.659,0.76839,0.76865,1.00,1.38
2014.08.27 05:28:59.709,0.76839,0.76861,1.00,1.00
2014.08.27 05:29:00.748,0.76838,0.76861,1.00,1.00
2014.08.27 05:29:01.297,0.76837,0.76861,1.50,1.00
2014.08.27 05:29:02.519,0.76838,0.76861,1.00,1.00
2014.08.27 05:29:03.096,0.76839,0.76861,1.00,1.00
2014.08.27 05:29:05.710,0.76838,0.76861,1.13,1.00
2014.08.27 05:29:06.397,0.76839,0.76861,1.00,1.00
2014.08.27 05:29:07.057,0.76838,0.76861,1.13,1.00
2014.08.27 05:29:08.140,0.76838,0.7686,1.13,1.00
2014.08.27 05:29:10.341,0.76838,0.76861,1.13,1.00
2014.08.27 05:29:11.018,0.76839,0.76861,1.00,1.00
2014.08.27 05:29:11.566,0.76839,0.76866,1.13,1.38
2014.08.27 05:29:11.900,0.76841,0.76865,1.00,1.00
2014.08.27 05:29:12.208,0.76843,0.76866,1.00,1.00
2014.08.27 05:29:12.757,0.76842,0.76866,1.38,1.00
2014.08.27 05:29:12.872,0.76842,0.76866,1.00,1.00
2014.08.27 05:29:13.419,0.76843,0.76861,1.00,1.00
2014.08.27 05:29:15.420,0.76842,0.76861,1.13,1.00
2014.08.27 05:29:15.666,0.76843,0.76865,1.00,1.00
2014.08.27 05:29:15.836,0.76845,0.76865,1.00,1.00
2014.08.27 05:29:16.147,0.76843,0.7686,1.00,1.00
2014.08.27 05:29:17.046,0.76842,0.7686,1.50,1.00
2014.08.27 05:29:18.481,0.76842,0.76861,1.50,1.00
2014.08.27 05:29:21.939,0.76842,0.7686,1.50,1.00
2014.08.27 05:29:22.248,0.7684,0.7686,1.00,1.00
2014.08.27 05:29:24.508,0.76841,0.7686,1.00,1.00
2014.08.27 05:29:25.217,0.76841,0.76861,1.50,1.00
2014.08.27 05:29:25.669,0.76843,0.76865,1.35,1.00
2014.08.27 05:29:25.899,0.76843,0.7686,1.50,1.00
2014.08.27 05:29:26.398,0.76843,0.76865,1.00,1.00
2014.08.27 05:29:27.198,0.76843,0.76866,1.00,1.00
2014.08.27 05:29:27.539,0.76843,0.76866,1.88,1.00
2014.08.27 05:29:27.880,0.76843,0.76861,1.38,1.00
2014.08.27 05:29:28.197,0.76841,0.76861,2.25,1.00
2014.08.27 05:29:28.247,0.76841,0.76866,2.25,1.00
2014.08.27 05:29:28.298,0.76841,0.76866,2.25,1.00
2014.08.27 05:29:28.648,0.76846,0.76866,1.00,1.00
2014.08.27 05:29:29.638,0.76846,0.76865,1.50,1.00
2014.08.27 05:29:30.080,0.76847,0.7687,1.50,1.00
2014.08.27 05:29:30.188,0.76847,0.76865,1.00,1.00
2014.08.27 05:29:30.442,0.76848,0.76871,1.00,1.00
2014.08.27 05:29:31.118,0.76847,0.76866,1.00,1.00
2014.08.27 05:29:31.169,0.76845,0.76866,1.50,1.00
2014.08.27 05:29:31.877,0.76843,0.76861,1.38,1.00
2014.08.27 05:29:33.092,0.76843,0.76861,1.38,1.00
2014.08.27 05:29:35.358,0.76843,0.76865,1.38,1.00
2014.08.27 05:29:35.628,0.76844,0.7686,1.38,1.00
2014.08.27 05:29:35.729,0.76844,0.7686,1.13,1.00
2014.08.27 05:29:35.930,0.76842,0.76861,1.00,1.00
2014.08.27 05:29:36.101,0.76838,0.76861,1.88,1.00
2014.08.27 05:29:36.152,0.76838,0.76856,1.88,1.00
2014.08.27 05:29:36.498,0.76836,0.76856,1.88,1.00
2014.08.27 05:29:36.690,0.76836,0.76856,1.13,1.00
2014.08.27 05:29:37.369,0.76836,0.76861,1.38,1.00
2014.08.27 05:29:37.608,0.76836,0.7686,1.38,1.00
2014.08.27 05:29:38.284,0.76838,0.7686,1.38,1.00
2014.08.27 05:29:38.689,0.76838,0.76856,1.38,1.00
2014.08.27 05:29:39.098,0.76838,0.76861,1.38,1.00
2014.08.27 05:29:39.149,0.76838,0.76861,1.00,1.00
2014.08.27 05:29:44.818,0.76838,0.76865,1.50,1.38
2014.08.27 05:29:45.127,0.76839,0.76865,2.48,1.13
2014.08.27 05:29:45.689,0.76841,0.76865,1.50,1.00
2014.08.27 05:29:51.837,0.7684,0.76866,1.00,1.38
2014.08.27 05:29:52.221,0.76839,0.7686,1.50,1.00
2014.08.27 05:29:59.607,0.76839,0.76861,1.50,1.00
2014.08.27 05:29:59.997,0.76839,0.76866,1.00,1.38
2014.08.27 05:30:00.196,0.76841,0.76866,1.00,1.38
2014.08.27 05:30:00.710,0.76842,0.76866,1.00,1.00
2014.08.27 05:30:00.926,0.76842,0.7687,1.13,1.13
2014.08.27 05:30:01.136,0.76844,0.76871,1.00,1.88
2014.08.27 05:30:01.726,0.76842,0.76871,1.88,2.63
2014.08.27 05:30:01.920,0.76844,0.76871,1.00,2.63
2014.08.27 05:30:04.424,0.76844,0.76871,1.00,2.63
2014.08.27 05:30:07.198,0.76842,0.76871,1.38,2.63
2014.08.27 05:30:08.308,0.76842,0.76871,1.38,2.25
2014.08.27 05:30:09.132,0.76842,0.7687,1.38,1.00
2014.08.27 05:30:09.678,0.76842,0.76871,1.88,1.88
2014.08.27 05:30:10.239,0.76844,0.76871,1.00,2.63
2014.08.27 05:30:10.948,0.76844,0.7687,1.00,1.00
2014.08.27 05:30:12.598,0.76844,0.76871,1.00,1.88
2014.08.27 05:30:14.136,0.76845,0.76871,1.00,1.13
2014.08.27 05:30:14.237,0.76848,0.76871,1.00,1.13
2014.08.27 05:30:14.745,0.76849,0.7687,1.00,1.00
2014.08.27 05:30:15.150,0.76847,0.76871,1.00,1.13
2014.08.27 05:30:15.238,0.76845,0.76871,1.50,1.13
2014.08.27 05:30:15.789,0.76846,0.76871,1.00,1.13
2014.08.27 05:30:17.107,0.76846,0.76871,1.00,1.38
2014.08.27 05:30:18.097,0.76846,0.76871,1.00,1.00
2014.08.27 05:30:18.627,0.76845,0.76871,1.50,1.38
2014.08.27 05:30:18.932,0.76847,0.76871,1.00,1.00
2014.08.27 05:30:19.188,0.76845,0.76873,2.25,1.13
2014.08.27 05:30:19.238,0.76848,0.76873,1.00,1.13
2014.08.27 05:30:19.339,0.76846,0.76873,1.00,1.38
2014.08.27 05:30:19.540,0.76847,0.76876,1.50,1.88
2014.08.27 05:30:19.641,0.76848,0.76876,1.00,1.38
2014.08.27 05:30:19.823,0.76848,0.76876,1.00,1.38
2014.08.27 05:30:20.498,0.7685,0.76876,1.00,1.38
2014.08.27 05:30:21.123,0.7685,0.76876,1.00,1.38
2014.08.27 05:30:21.717,0.76849,0.76876,1.00,1.38
2014.08.27 05:30:22.047,0.76849,0.76875,1.00,1.38
2014.08.27 05:30:23.642,0.76849,0.76875,1.00,1.38
2014.08.27 05:30:24.619,0.76849,0.76875,1.00,1.13
2014.08.27 05:30:25.071,0.76849,0.76876,1.00,1.75
2014.08.27 05:30:25.172,0.76849,0.76876,1.00,1.00
2014.08.27 05:30:25.739,0.76849,0.76871,1.00,1.00
2014.08.27 05:30:25.849,0.76848,0.76875,1.50,1.00
2014.08.27 05:30:26.179,0.76848,0.76871,1.50,1.00
2014.08.27 05:30:28.529,0.76846,0.76871,1.50,1.00
2014.08.27 05:30:29.041,0.76847,0.76874,1.13,1.00
2014.08.27 05:30:29.191,0.76849,0.76875,1.00,1.13
2014.08.27 05:30:29.600,0.76847,0.76876,1.50,1.88
2014.08.27 05:30:29.930,0.76849,0.76876,1.00,1.38
2014.08.27 05:30:36.732,0.76849,0.76873,1.00,1.38
2014.08.27 05:30:36.912,0.76846,0.76874,1.00,1.38
2014.08.27 05:30:37.108,0.76848,0.76875,1.00,1.38
2014.08.27 05:30:37.658,0.7685,0.76876,1.00,1.38
2014.08.27 05:30:39.758,0.76848,0.76875,1.00,1.38
2014.08.27 05:30:40.299,0.76847,0.76873,1.00,1.38
2014.08.27 05:30:40.450,0.76847,0.76873,1.00,1.38
2014.08.27 05:30:41.919,0.76847,0.76873,1.00,1.38
2014.08.27 05:30:42.185,0.7685,0.76873,1.00,1.00
2014.08.27 05:30:42.718,0.76849,0.76873,1.00,1.00
2014.08.27 05:30:43.228,0.7685,0.76873,1.00,1.00
2014.08.27 05:30:43.929,0.76848,0.76873,1.00,1.00
2014.08.27 05:30:44.029,0.76848,0.76873,1.00,1.38
2014.08.27 05:30:44.130,0.76847,0.76873,1.00,1.00
2014.08.27 05:30:44.368,0.76849,0.76873,1.00,1.00
2014.08.27 05:30:44.918,0.76847,0.76873,1.00,1.00
2014.08.27 05:30:45.147,0.7685,0.76873,1.00,1.00
2014.08.27 05:30:47.526,0.7685,0.76873,1.00,1.38
2014.08.27 05:30:48.087,0.7685,0.76873,1.00,1.00
2014.08.27 05:30:48.797,0.76847,0.76873,1.38,1.00
2014.08.27 05:30:49.407,0.76849,0.76873,1.00,1.00
2014.08.27 05:30:53.938,0.76848,0.76873,1.00,1.00
2014.08.27 05:30:56.450,0.76848,0.76873,1.00,1.38
2014.08.27 05:30:56.551,0.76845,0.76872,1.00,1.13
2014.08.27 05:30:57.328,0.76845,0.76872,1.00,1.38
2014.08.27 05:30:57.810,0.76846,0.76868,1.00,1.00
2014.08.27 05:30:58.562,0.76844,0.76868,1.50,1.00
2014.08.27 05:30:59.275,0.76844,0.76871,1.50,1.13
2014.08.27 05:31:00.079,0.76844,0.7687,1.00,1.00
2014.08.27 05:31:00.828,0.76844,0.76871,1.50,1.13
2014.08.27 05:31:03.280,0.76844,0.7687,1.00,1.00
2014.08.27 05:31:05.253,0.76842,0.7687,1.13,1.13
2014.08.27 05:31:05.354,0.76844,0.76871,1.00,1.88
2014.08.27 05:31:08.418,0.76845,0.76873,1.00,1.88
2014.08.27 05:31:08.779,0.76844,0.76872,1.88,1.13
2014.08.27 05:31:09.108,0.76845,0.76873,1.00,1.88
2014.08.27 05:31:09.787,0.76844,0.76872,1.50,1.38
2014.08.27 05:31:10.329,0.76844,0.76871,1.00,1.88
2014.08.27 05:31:10.863,0.76843,0.76871,1.00,2.63
2014.08.27 05:31:11.518,0.76844,0.76871,1.00,1.88
2014.08.27 05:31:12.184,0.76843,0.76871,1.00,2.63
2014.08.27 05:31:12.420,0.76841,0.76869,1.00,1.88
2014.08.27 05:31:12.470,0.76841,0.76865,1.00,1.38
2014.08.27 05:31:12.818,0.7684,0.76861,1.00,1.00
2014.08.27 05:31:13.936,0.7684,0.76863,1.00,1.13
2014.08.27 05:31:14.216,0.76839,0.76866,1.50,1.38
2014.08.27 05:31:14.547,0.7684,0.76868,1.88,1.13
2014.08.27 05:31:14.597,0.76844,0.76868,1.00,1.13
2014.08.27 05:31:15.098,0.76844,0.76867,1.00,1.13
2014.08.27 05:31:15.643,0.76844,0.76869,1.00,1.38
2014.08.27 05:31:21.808,0.76842,0.76869,1.00,1.38
2014.08.27 05:31:23.365,0.76841,0.76869,1.00,1.88
2014.08.27 05:31:23.915,0.76842,0.76867,1.00,1.38
2014.08.27 05:31:25.577,0.7684,0.76867,1.88,1.38
2014.08.27 05:31:26.184,0.7684,0.76867,1.50,1.13
2014.08.27 05:31:28.218,0.76841,0.76867,1.00,1.13
2014.08.27 05:31:29.023,0.76842,0.76867,1.00,1.00
2014.08.27 05:31:32.177,0.76841,0.76867,1.13,1.00
2014.08.27 05:31:32.277,0.76841,0.76869,1.13,1.88
2014.08.27 05:31:32.428,0.76843,0.76869,1.00,1.88
2014.08.27 05:31:32.985,0.76842,0.76868,1.00,1.38
2014.08.27 05:31:33.974,0.7684,0.76868,1.00,1.38
2014.08.27 05:31:36.481,0.76839,0.76867,1.13,1.88
2014.08.27 05:31:36.996,0.7684,0.76867,1.50,1.13
2014.08.27 05:31:38.007,0.76841,0.76867,1.00,1.13
2014.08.27 05:31:41.170,0.76841,0.76867,1.38,1.00
2014.08.27 05:31:41.897,0.76842,0.76869,1.13,1.38
2014.08.27 05:31:43.001,0.7684,0.76868,1.13,1.38
2014.08.27 05:31:44.309,0.76839,0.76868,1.88,1.13
2014.08.27 05:31:44.870,0.76841,0.76869,1.00,1.88
2014.08.27 05:31:45.708,0.76841,0.76869,1.00,1.88
2014.08.27 05:31:45.817,0.76839,0.76868,1.88,1.38
2014.08.27 05:31:46.036,0.76841,0.76869,1.00,1.88
2014.08.27 05:31:48.941,0.76841,0.76869,1.00,1.88
2014.08.27 05:31:49.500,0.7684,0.76866,1.00,1.13
2014.08.27 05:31:49.829,0.76842,0.76866,1.00,1.00
2014.08.27 05:31:52.569,0.7684,0.76866,1.00,1.00
2014.08.27 05:31:52.746,0.76842,0.76866,1.00,1.00
2014.08.27 05:31:54.836,0.7684,0.76866,1.13,1.13
2014.08.27 05:31:58.907,0.7684,0.76865,1.13,1.00
2014.08.27 05:31:59.732,0.7684,0.76866,1.13,1.88
2014.08.27 05:32:00.772,0.7684,0.76868,1.88,1.38
2014.08.27 05:32:04.564,0.7684,0.76868,1.50,1.38
2014.08.27 05:32:06.167,0.76839,0.76867,1.13,1.13
2014.08.27 05:32:07.158,0.76839,0.76868,2.63,1.00
2014.08.27 05:32:07.468,0.76846,0.76872,1.00,1.38
2014.08.27 05:32:07.982,0.76846,0.76874,1.00,1.88
2014.08.27 05:32:11.447,0.76845,0.76871,1.38,1.00
2014.08.27 05:32:13.692,0.76845,0.76871,1.00,1.00
2014.08.27 05:32:18.084,0.76845,0.76871,1.00,1.38
2014.08.27 05:32:18.288,0.76842,0.7687,2.48,1.88
2014.08.27 05:32:18.886,0.76842,0.76869,1.30,1.38
2014.08.27 05:32:19.147,0.76844,0.76869,1.00,1.38
2014.08.27 05:32:26.046,0.76842,0.76869,1.00,1.38
2014.08.27 05:32:26.097,0.7684,0.76866,1.13,1.00
2014.08.27 05:32:26.298,0.76841,0.76868,1.00,1.13
2014.08.27 05:32:27.517,0.76841,0.76868,1.00,1.38
2014.08.27 05:32:28.129,0.76841,0.76868,1.00,1.13
2014.08.27 05:32:28.380,0.76842,0.76869,1.38,1.00
2014.08.27 05:32:28.431,0.76843,0.76871,1.13,1.88
2014.08.27 05:32:28.632,0.76845,0.76872,1.00,1.13
2014.08.27 05:32:29.639,0.76846,0.76873,1.00,1.50
2014.08.27 05:32:29.969,0.76845,0.76871,1.13,1.00
2014.08.27 05:32:33.009,0.76844,0.7687,1.38,1.00
2014.08.27 05:32:33.310,0.7684,0.76866,1.38,1.00
2014.08.27 05:32:33.667,0.7684,0.76868,1.38,1.00
2014.08.27 05:32:33.887,0.7684,0.76868,1.13,1.00
2014.08.27 05:32:34.077,0.76845,0.76868,1.00,1.00
2014.08.27 05:32:34.768,0.76845,0.76869,1.00,1.13
2014.08.27 05:32:35.727,0.76844,0.76869,1.00,1.00
2014.08.27 05:32:36.388,0.76845,0.76869,1.00,1.00
2014.08.27 05:32:39.137,0.76844,0.76869,1.00,1.00
2014.08.27 05:32:39.677,0.76845,0.76869,1.00,1.00
2014.08.27 05:32:39.728,0.76845,0.76871,1.00,1.00
2014.08.27 05:32:42.486,0.76845,0.76872,1.88,1.00
2014.08.27 05:32:43.021,0.76846,0.76874,1.00,1.38
2014.08.27 05:32:43.681,0.76845,0.76873,1.50,1.38
2014.08.27 05:32:44.335,0.76847,0.76873,1.00,1.38
2014.08.27 05:32:51.046,0.76845,0.76873,1.00,1.38
2014.08.27 05:32:51.376,0.76847,0.76873,1.00,1.38
2014.08.27 05:32:52.373,0.76847,0.76873,1.00,1.13
2014.08.27 05:33:01.642,0.76845,0.76873,1.88,1.50
2014.08.27 05:33:02.172,0.76845,0.76872,1.13,1.00
2014.08.27 05:33:02.701,0.76844,0.76872,1.88,1.00
2014.08.27 05:33:02.953,0.76851,0.76876,1.00,1.00
2014.08.27 05:33:04.466,0.7685,0.76876,1.13,1.13
2014.08.27 05:33:07.127,0.76849,0.76874,1.38,1.00
2014.08.27 05:33:07.737,0.76849,0.76874,1.00,1.00
2014.08.27 05:33:17.676,0.7685,0.76876,1.00,1.00
2014.08.27 05:33:18.209,0.76849,0.76876,1.13,1.00
2014.08.27 05:33:24.675,0.76854,0.76876,1.00,1.13
2014.08.27 05:33:25.886,0.7685,0.76876,1.00,1.13
2014.08.27 05:33:27.506,0.7685,0.76876,1.00,1.88
2014.08.27 05:33:27.876,0.76846,0.76874,1.38,1.00
2014.08.27 05:33:27.977,0.76845,0.76873,1.13,1.00
2014.08.27 05:33:28.515,0.76844,0.76872,1.38,1.00
2014.08.27 05:33:30.013,0.76844,0.7687,1.38,1.00
2014.08.27 05:33:30.558,0.76844,0.76871,1.88,1.00
2014.08.27 05:33:32.074,0.76844,0.7687,1.38,1.00
2014.08.27 05:33:32.295,0.76844,0.76872,1.38,1.00
2014.08.27 05:33:32.639,0.76849,0.76872,1.00,1.00
2014.08.27 05:33:33.201,0.76849,0.76873,1.00,1.00
2014.08.27 05:33:33.586,0.76847,0.76873,1.00,1.00
2014.08.27 05:33:34.846,0.76844,0.76872,1.00,1.38
2014.08.27 05:33:35.148,0.76844,0.76866,1.00,1.00
2014.08.27 05:33:35.375,0.76844,0.7687,1.00,1.38
2014.08.27 05:33:35.887,0.76845,0.7687,1.00,1.38
2014.08.27 05:33:36.397,0.76844,0.76871,1.13,1.00
2014.08.27 05:33:36.498,0.76844,0.76872,1.88,1.13
2014.08.27 05:33:36.800,0.76844,0.7687,1.00,1.38
2014.08.27 05:33:37.326,0.76844,0.7687,1.00,1.13
2014.08.27 05:33:39.195,0.76841,0.7687,1.38,1.13
2014.08.27 05:33:40.845,0.76844,0.7687,1.00,1.13
2014.08.27 05:33:42.655,0.76844,0.76872,1.38,1.38
2014.08.27 05:33:42.986,0.76845,0.76873,1.38,1.00
2014.08.27 05:33:43.188,0.76849,0.76875,1.00,1.00
2014.08.27 05:33:44.072,0.76846,0.76875,1.38,1.00
2014.08.27 05:33:51.957,0.7685,0.76875,1.00,1.00
2014.08.27 05:33:55.615,0.76849,0.76875,1.00,1.00
2014.08.27 05:34:17.201,0.76849,0.76874,1.00,1.38
2014.08.27 05:34:17.584,0.76844,0.76873,1.88,1.38
2014.08.27 05:34:17.735,0.76844,0.7687,1.00,1.00
2014.08.27 05:34:18.248,0.76844,0.76869,1.00,1.00
2014.08.27 05:34:22.314,0.76845,0.76869,1.00,1.00
2014.08.27 05:34:31.059,0.76844,0.76873,1.88,1.38
2014.08.27 05:34:31.618,0.76846,0.76874,1.13,1.88
2014.08.27 05:34:33.014,0.76847,0.76874,1.13,1.00
2014.08.27 05:34:33.124,0.76849,0.76874,1.00,1.00
2014.08.27 05:34:33.894,0.7685,0.76874,1.00,1.00
2014.08.27 05:34:34.523,0.76849,0.76873,1.00,1.00
2014.08.27 05:34:36.203,0.76849,0.76876,1.13,1.50
2014.08.27 05:34:40.384,0.7685,0.76876,1.00,1.00
2014.08.27 05:35:04.124,0.7685,0.76877,1.13,1.00
2014.08.27 05:35:05.641,0.7685,0.76877,1.38,1.00
2014.08.27 05:35:05.867,0.7685,0.76877,1.00,1.38
2014.08.27 05:35:06.125,0.7685,0.76879,1.88,1.00
2014.08.27 05:35:06.226,0.7685,0.76879,1.88,1.00
2014.08.27 05:35:06.936,0.76852,0.7688,1.38,1.88
2014.08.27 05:35:08.965,0.76855,0.7688,1.00,1.00
2014.08.27 05:35:15.831,0.76852,0.7688,1.38,1.00
2014.08.27 05:35:16.085,0.76851,0.7688,1.13,1.88
2014.08.27 05:35:16.387,0.7685,0.76878,1.13,1.38
2014.08.27 05:35:19.314,0.7685,0.76874,1.00,1.00
2014.08.27 05:35:19.584,0.76847,0.76874,1.38,1.13
2014.08.27 05:35:21.839,0.76847,0.76874,1.13,1.38
2014.08.27 05:35:22.298,0.76844,0.76871,1.38,1.13
2014.08.27 05:35:22.654,0.76844,0.76869,1.38,1.00
2014.08.27 05:35:23.216,0.76844,0.76869,1.13,1.00
2014.08.27 05:35:24.327,0.76842,0.76869,1.13,1.00
2014.08.27 05:35:24.586,0.76845,0.76869,1.00,1.00
2014.08.27 05:35:32.560,0.76843,0.7687,1.38,1.00
2014.08.27 05:35:33.832,0.76845,0.76871,1.13,1.88
2014.08.27 05:35:38.984,0.76845,0.76873,1.13,1.88
2014.08.27 05:35:41.511,0.76845,0.76873,1.88,1.50
2014.08.27 05:35:41.874,0.76845,0.7687,1.00,1.00
2014.08.27 05:35:41.984,0.76843,0.7687,1.13,1.00
2014.08.27 05:35:42.234,0.76845,0.76871,1.00,1.88
2014.08.27 05:35:43.044,0.76844,0.76871,1.00,1.88
2014.08.27 05:35:44.273,0.76843,0.76871,1.13,2.63
2014.08.27 05:35:44.813,0.76844,0.7687,1.50,1.00
2014.08.27 05:35:45.115,0.7685,0.76875,1.00,1.13
2014.08.27 05:35:45.642,0.76851,0.76877,1.00,1.38
2014.08.27 05:35:48.125,0.76851,0.76877,1.00,1.13
2014.08.27 05:35:49.052,0.76851,0.76875,1.00,1.00
2014.08.27 05:35:52.522,0.76851,0.76877,1.13,1.13
2014.08.27 05:35:53.065,0.76852,0.76877,1.00,1.13
2014.08.27 05:35:55.384,0.76852,0.76875,1.00,1.00
2014.08.27 05:35:58.289,0.7685,0.76875,1.38,1.00
2014.08.27 05:36:01.874,0.76851,0.76876,1.00,1.00
2014.08.27 05:36:03.413,0.76851,0.76875,1.00,1.00
2014.08.27 05:36:03.652,0.76849,0.76875,1.13,1.00
2014.08.27 05:36:04.185,0.7685,0.76876,1.00,1.00
2014.08.27 05:36:06.313,0.76851,0.76871,1.00,1.00
2014.08.27 05:36:07.634,0.76851,0.76876,1.13,1.00
2014.08.27 05:36:08.153,0.7685,0.76875,1.13,1.00
2014.08.27 05:36:08.807,0.7685,0.76876,1.13,1.00
2014.08.27 05:36:09.516,0.76851,0.76876,1.00,1.00
2014.08.27 05:36:10.342,0.76851,0.7687,1.00,1.00
2014.08.27 05:36:13.992,0.76849,0.7687,1.13,1.00
2014.08.27 05:36:14.744,0.76849,0.76876,1.13,1.00
2014.08.27 05:36:16.979,0.76847,0.76875,1.88,1.00
2014.08.27 05:36:17.079,0.76847,0.76871,1.38,1.00
2014.08.27 05:36:17.602,0.76847,0.76871,1.00,1.00
2014.08.27 05:36:17.753,0.76844,0.76871,1.13,1.00
2014.08.27 05:36:20.352,0.76844,0.7687,1.13,1.00
2014.08.27 05:36:28.838,0.76844,0.76872,1.38,1.13
2014.08.27 05:36:32.152,0.76847,0.76874,1.00,1.38
2014.08.27 05:36:32.911,0.76848,0.76874,1.00,1.88
2014.08.27 05:36:33.572,0.76845,0.76873,1.38,1.13
2014.08.27 05:36:34.195,0.76847,0.76874,1.00,1.38
2014.08.27 05:36:47.522,0.76847,0.76874,1.00,1.13
2014.08.27 05:36:49.741,0.76845,0.76873,1.38,1.00
2014.08.27 05:36:49.961,0.76849,0.76874,1.00,1.13
2014.08.27 05:37:00.222,0.76849,0.76876,1.00,1.88
2014.08.27 05:37:10.224,0.76849,0.76876,1.88,1.00
2014.08.27 05:37:10.683,0.76853,0.76876,1.00,1.00
2014.08.27 05:37:12.070,0.76852,0.76876,1.00,1.00
2014.08.27 05:37:15.460,0.76852,0.76878,1.00,1.38
2014.08.27 05:37:19.596,0.7685,0.76878,1.88,1.38
2014.08.27 05:37:23.887,0.7685,0.76878,2.48,1.38
2014.08.27 05:37:23.988,0.76853,0.7688,1.38,1.50
2014.08.27 05:37:24.218,0.76856,0.76881,1.00,1.50
2014.08.27 05:37:24.421,0.76853,0.76881,1.38,1.38
2014.08.27 05:37:24.958,0.76853,0.76879,1.38,1.00
2014.08.27 05:37:32.752,0.76853,0.76879,1.38,2.25
2014.08.27 05:37:39.933,0.76853,0.76879,1.38,2.25
2014.08.27 05:37:44.713,0.76853,0.76879,1.38,1.00
2014.08.27 05:37:44.864,0.76855,0.76884,2.63,1.00
2014.08.27 05:37:45.151,0.76857,0.76885,1.38,1.50
2014.08.27 05:37:46.681,0.76856,0.76885,1.75,1.50
2014.08.27 05:37:46.984,0.7686,0.76888,1.88,1.50
2014.08.27 05:37:47.381,0.76863,0.76891,1.13,2.63
2014.08.27 05:37:47.607,0.76863,0.76886,1.13,1.00
2014.08.27 05:37:48.215,0.76861,0.76887,1.38,1.00
2014.08.27 05:37:49.120,0.76861,0.76886,1.38,1.00
2014.08.27 05:37:49.171,0.76861,0.76886,1.13,1.00
2014.08.27 05:37:49.390,0.76858,0.76884,1.38,1.00
2014.08.27 05:37:49.986,0.7686,0.76885,1.38,1.00
2014.08.27 05:37:50.891,0.7686,0.76886,1.38,1.00
2014.08.27 05:37:51.464,0.76858,0.76885,1.88,1.00
2014.08.27 05:37:52.557,0.76861,0.76886,1.13,1.00
2014.08.27 05:37:53.165,0.7686,0.76885,1.38,1.00
2014.08.27 05:37:54.621,0.76861,0.76889,1.38,1.88
2014.08.27 05:37:55.628,0.76861,0.76886,1.38,1.00
2014.08.27 05:37:57.590,0.76861,0.76889,1.38,1.38
2014.08.27 05:37:57.742,0.76862,0.7689,1.38,1.00
2014.08.27 05:37:57.792,0.76862,0.7689,1.38,1.00
2014.08.27 05:37:58.117,0.76865,0.76891,1.38,1.00
2014.08.27 05:37:59.160,0.76865,0.76886,1.13,1.00
2014.08.27 05:37:59.350,0.76864,0.76891,1.38,1.00
2014.08.27 05:37:59.899,0.76864,0.7689,1.38,1.00
2014.08.27 05:38:00.280,0.76864,0.7689,1.38,1.00
2014.08.27 05:38:03.130,0.76864,0.76891,1.38,1.00
2014.08.27 05:38:03.730,0.76864,0.76891,1.38,1.00
2014.08.27 05:38:04.389,0.76864,0.76891,1.38,1.00
2014.08.27 05:38:08.680,0.76864,0.76891,1.38,1.00
2014.08.27 05:38:08.942,0.76864,0.76886,1.00,1.00
2014.08.27 05:38:09.093,0.76862,0.76886,1.00,1.00
2014.08.27 05:38:09.623,0.7686,0.76885,1.38,1.50
2014.08.27 05:38:09.674,0.7686,0.76885,1.75,1.50
2014.08.27 05:38:09.724,0.76862,0.76888,1.50,1.00
2014.08.27 05:38:09.870,0.76866,0.76891,1.00,1.00
2014.08.27 05:38:10.462,0.76866,0.7689,1.00,1.00
2014.08.27 05:38:10.620,0.76866,0.76892,1.00,1.00
2014.08.27 05:38:10.670,0.76868,0.76894,1.00,1.00
2014.08.27 05:38:11.046,0.76867,0.76891,1.00,1.00
2014.08.27 05:38:11.097,0.76864,0.76891,1.00,1.00
2014.08.27 05:38:11.390,0.76863,0.76889,1.00,1.00
2014.08.27 05:38:11.613,0.7686,0.76889,1.50,1.00
2014.08.27 05:38:13.151,0.76862,0.76888,1.00,1.00
2014.08.27 05:38:13.643,0.76862,0.76888,1.38,1.00
2014.08.27 05:38:14.601,0.76862,0.7689,1.38,1.50
2014.08.27 05:38:15.026,0.76862,0.7689,1.38,1.00
2014.08.27 05:38:15.711,0.76864,0.76891,1.38,1.00
2014.08.27 05:38:16.270,0.76864,0.7689,1.38,2.25
2014.08.27 05:38:16.533,0.76864,0.7689,1.00,2.25
2014.08.27 05:38:16.633,0.76862,0.76886,1.38,2.25
2014.08.27 05:38:16.798,0.76856,0.76884,1.38,1.00
2014.08.27 05:38:16.898,0.76855,0.76884,1.75,1.00
2014.08.27 05:38:17.311,0.7686,0.76886,1.38,1.50
2014.08.27 05:38:17.412,0.76862,0.76886,1.13,1.00
2014.08.27 05:38:17.664,0.76858,0.76886,2.25,1.50
2014.08.27 05:38:17.915,0.76861,0.76889,1.38,1.00
2014.08.27 05:38:18.061,0.76861,0.76886,1.38,1.00
2014.08.27 05:38:18.401,0.76861,0.76886,1.38,1.00
2014.08.27 05:38:19.868,0.7686,0.76885,1.88,1.00
2014.08.27 05:38:19.969,0.7686,0.76885,1.88,1.00
2014.08.27 05:38:20.561,0.7686,0.76885,1.13,1.00
2014.08.27 05:38:20.681,0.7686,0.76885,1.88,1.00
2014.08.27 05:38:21.222,0.7686,0.76886,1.88,1.00
2014.08.27 05:38:23.690,0.76859,0.76886,1.38,1.00
2014.08.27 05:38:24.330,0.76859,0.76885,1.38,1.00
2014.08.27 05:38:24.466,0.76859,0.76885,1.13,1.00
2014.08.27 05:38:24.567,0.76859,0.76886,1.38,1.00
2014.08.27 05:38:24.903,0.76861,0.76885,1.38,1.00
2014.08.27 05:38:25.513,0.76861,0.76886,1.38,1.00
2014.08.27 05:38:26.172,0.76861,0.76885,1.38,1.00
2014.08.27 05:38:26.883,0.76861,0.76886,1.38,1.00
2014.08.27 05:38:31.503,0.76861,0.76886,1.38,1.00
2014.08.27 05:38:34.856,0.76861,0.76886,1.13,1.00
2014.08.27 05:38:35.415,0.7686,0.76886,1.38,1.00
2014.08.27 05:38:36.077,0.7686,0.76886,1.38,1.00
2014.08.27 05:38:36.580,0.76863,0.76886,1.00,1.00
2014.08.27 05:38:37.118,0.76863,0.76886,1.38,1.00
2014.08.27 05:38:37.309,0.76863,0.7689,1.38,3.00
2014.08.27 05:38:40.170,0.76863,0.76886,1.38,1.00
2014.08.27 05:38:40.321,0.76861,0.76889,1.38,1.50
2014.08.27 05:38:40.422,0.76861,0.76886,1.38,1.00
2014.08.27 05:38:40.610,0.76862,0.76888,1.13,1.13
2014.08.27 05:38:40.830,0.76862,0.76886,1.13,1.00
2014.08.27 05:38:43.367,0.76862,0.76885,1.00,1.00
2014.08.27 05:38:43.872,0.76859,0.76886,1.88,1.00
2014.08.27 05:38:44.197,0.76859,0.76886,1.88,1.00
2014.08.27 05:38:44.305,0.76859,0.76886,1.88,1.00
2014.08.27 05:38:45.038,0.76865,0.76887,1.00,2.25
2014.08.27 05:38:47.348,0.76862,0.76887,1.13,1.50
2014.08.27 05:38:50.399,0.76864,0.76887,1.00,1.50
2014.08.27 05:38:50.840,0.76862,0.76887,1.13,1.50
2014.08.27 05:38:52.638,0.76863,0.76887,1.00,1.50
2014.08.27 05:38:53.189,0.76862,0.76887,1.13,1.50
2014.08.27 05:38:54.349,0.76861,0.76888,1.38,1.00
2014.08.27 05:38:55.279,0.7686,0.76887,1.38,1.00
2014.08.27 05:38:55.879,0.7686,0.76887,1.38,1.00
2014.08.27 05:38:58.271,0.7686,0.76888,1.88,1.00
2014.08.27 05:38:58.322,0.7686,0.76888,1.88,1.00
2014.08.27 05:38:58.689,0.76865,0.76891,1.38,1.00
2014.08.27 05:38:59.030,0.76862,0.76889,1.88,1.00
2014.08.27 05:38:59.081,0.76862,0.76889,1.88,1.00
2014.08.27 05:38:59.349,0.76863,0.7689,1.38,1.00
2014.08.27 05:38:59.899,0.76863,0.7689,1.38,1.00
2014.08.27 05:39:00.411,0.76862,0.76889,1.38,1.00
2014.08.27 05:39:01.947,0.7686,0.76889,1.38,3.00
2014.08.27 05:39:01.997,0.7686,0.76885,1.38,1.00
2014.08.27 05:39:02.279,0.76862,0.76889,1.38,2.25
2014.08.27 05:39:02.370,0.76862,0.76889,1.38,2.25
2014.08.27 05:39:03.370,0.76862,0.76888,1.38,1.50
2014.08.27 05:39:04.792,0.7686,0.76888,1.88,2.25
2014.08.27 05:39:05.359,0.7686,0.76887,1.38,1.00
2014.08.27 05:39:07.228,0.7686,0.76887,1.38,1.00
2014.08.27 05:39:07.787,0.76859,0.76887,1.38,2.63
2014.08.27 05:39:08.390,0.76859,0.76887,1.38,2.63
2014.08.27 05:39:08.491,0.76859,0.76883,1.38,1.00
2014.08.27 05:39:09.052,0.76857,0.76883,1.38,1.00
2014.08.27 05:39:10.029,0.76855,0.76883,2.63,1.00
2014.08.27 05:39:10.130,0.76857,0.76881,1.38,1.00
2014.08.27 05:39:10.180,0.76857,0.76881,1.13,1.00
2014.08.27 05:39:10.231,0.76857,0.76885,1.13,2.63
2014.08.27 05:39:10.441,0.76858,0.76881,1.00,1.50
2014.08.27 05:39:10.592,0.76855,0.7688,1.13,1.00
2014.08.27 05:39:10.894,0.76853,0.76881,1.00,2.25
2014.08.27 05:39:11.014,0.76853,0.76879,1.00,1.00
2014.08.27 05:39:14.772,0.7685,0.76878,1.38,1.00
2014.08.27 05:39:15.763,0.7685,0.76879,1.88,1.13
2014.08.27 05:39:17.870,0.7685,0.76878,1.38,1.00
2014.08.27 05:39:17.921,0.76849,0.76878,1.88,1.00
2014.08.27 05:39:18.022,0.76849,0.76876,1.88,1.50
2014.08.27 05:39:18.339,0.76849,0.76875,1.38,1.00
2014.08.27 05:39:18.390,0.76851,0.76878,1.38,1.00
2014.08.27 05:39:18.608,0.76852,0.7688,1.13,3.38
2014.08.27 05:39:19.428,0.76852,0.7688,1.38,2.25
2014.08.27 05:39:21.359,0.76851,0.7688,1.00,1.73
2014.08.27 05:39:21.460,0.76851,0.7688,1.00,1.73
2014.08.27 05:39:21.779,0.76854,0.76873,1.00,1.00
2014.08.27 05:39:21.829,0.76854,0.7688,1.00,1.00
2014.08.27 05:39:22.118,0.76854,0.76882,1.50,1.00
2014.08.27 05:39:23.024,0.76852,0.7688,1.00,1.00
2014.08.27 05:39:23.480,0.76852,0.7688,1.38,1.00
2014.08.27 05:39:24.224,0.76852,0.7688,1.38,1.00
2014.08.27 05:39:24.625,0.76852,0.7688,1.38,1.00
2014.08.27 05:39:29.878,0.76852,0.76875,1.38,1.50
2014.08.27 05:39:29.929,0.76852,0.76875,1.13,1.50
2014.08.27 05:39:30.029,0.76852,0.76878,1.13,1.50
2014.08.27 05:39:30.329,0.76854,0.76878,1.00,1.50
2014.08.27 05:39:30.550,0.7685,0.76878,1.88,1.50
2014.08.27 05:39:30.659,0.76854,0.76878,1.00,1.50
2014.08.27 05:39:31.142,0.7685,0.76878,1.88,1.50
2014.08.27 05:39:34.618,0.76854,0.76878,1.00,1.50
2014.08.27 05:39:35.278,0.7685,0.76878,1.38,1.50
2014.08.27 05:39:38.814,0.7685,0.76878,1.38,1.50
2014.08.27 05:39:39.278,0.76849,0.76876,1.38,1.00
2014.08.27 05:39:41.970,0.76849,0.76876,1.38,1.00
2014.08.27 05:39:42.479,0.76851,0.76877,1.38,1.00
2014.08.27 05:39:42.835,0.76851,0.7688,1.38,1.50
2014.08.27 05:39:44.220,0.76853,0.7688,1.38,2.25
2014.08.27 05:39:44.664,0.76854,0.7688,1.00,1.88
2014.08.27 05:39:44.815,0.76854,0.76882,1.38,1.50
2014.08.27 05:39:44.916,0.76855,0.76882,1.38,1.00
2014.08.27 05:39:45.230,0.76856,0.76884,1.38,1.00
2014.08.27 05:39:46.880,0.76856,0.76884,1.38,1.00
2014.08.27 05:39:47.710,0.76856,0.76881,1.38,1.00
2014.08.27 05:39:51.888,0.76856,0.76884,1.38,1.00
2014.08.27 05:39:53.530,0.76856,0.76884,1.38,1.00
2014.08.27 05:39:53.969,0.76856,0.76884,1.50,1.00
2014.08.27 05:39:54.498,0.76856,0.76884,1.88,1.00
2014.08.27 05:39:59.847,0.76858,0.76886,1.38,2.25
2014.08.27 05:40:00.368,0.76857,0.76885,1.38,1.00
2014.08.27 05:40:05.131,0.76857,0.76883,1.38,1.00
2014.08.27 05:40:05.447,0.76857,0.76883,1.38,1.00
2014.08.27 05:40:05.497,0.76858,0.76885,1.38,1.00
2014.08.27 05:40:06.436,0.76858,0.76885,1.38,1.50
2014.08.27 05:40:08.937,0.76857,0.76885,1.38,3.00
2014.08.27 05:40:09.526,0.76857,0.76885,1.38,3.38
2014.08.27 05:40:10.031,0.76857,0.76883,1.38,1.50
2014.08.27 05:40:20.981,0.76857,0.76883,1.13,1.88
2014.08.27 05:40:24.929,0.76857,0.76881,1.00,1.00
2014.08.27 05:40:25.148,0.76855,0.76881,1.13,1.00
2014.08.27 05:40:26.101,0.76853,0.76875,1.38,1.00
2014.08.27 05:40:26.695,0.76853,0.76875,1.38,1.00
2014.08.27 05:40:26.799,0.76852,0.76875,1.13,1.00
2014.08.27 05:40:27.860,0.76852,0.76876,1.13,1.00
2014.08.27 05:40:28.457,0.7685,0.76875,1.98,1.00
2014.08.27 05:40:28.660,0.7685,0.76871,1.73,1.00
2014.08.27 05:40:29.291,0.7685,0.76876,1.60,1.00
2014.08.27 05:40:29.442,0.76848,0.76876,1.88,1.88
2014.08.27 05:40:29.492,0.76848,0.76876,1.88,1.88
2014.08.27 05:40:29.822,0.76849,0.76871,1.00,1.00
2014.08.27 05:40:31.490,0.76848,0.7687,1.38,1.00
2014.08.27 05:40:31.975,0.76848,0.76874,1.38,1.00
2014.08.27 05:40:32.026,0.76848,0.76874,1.38,1.00
2014.08.27 05:40:32.126,0.76848,0.76876,1.38,1.00
2014.08.27 05:40:32.581,0.76851,0.76876,1.50,1.00
2014.08.27 05:40:33.129,0.76852,0.76876,1.38,1.00
2014.08.27 05:40:36.438,0.76851,0.76875,1.38,1.00
2014.08.27 05:40:37.230,0.76853,0.76875,1.38,1.00
2014.08.27 05:40:37.330,0.76853,0.7688,1.38,1.00
2014.08.27 05:40:37.520,0.76853,0.7688,2.25,1.00
2014.08.27 05:40:37.919,0.76854,0.76876,1.88,1.00
2014.08.27 05:40:38.200,0.76854,0.7688,1.88,1.00
2014.08.27 05:40:38.455,0.76854,0.76876,1.88,1.00
2014.08.27 05:40:39.017,0.76854,0.76876,1.88,1.00
2014.08.27 05:40:40.641,0.76854,0.76876,1.88,1.00
2014.08.27 05:40:40.731,0.76854,0.7688,1.88,1.00
2014.08.27 05:40:40.971,0.76854,0.7688,2.25,1.00
2014.08.27 05:40:43.149,0.76856,0.76881,1.38,1.00
2014.08.27 05:40:43.862,0.76856,0.7688,1.38,1.00
2014.08.27 05:40:44.359,0.76856,0.76884,1.38,1.00
2014.08.27 05:40:47.654,0.76856,0.76884,1.50,1.00
2014.08.27 05:40:48.080,0.76857,0.76884,1.75,1.00
2014.08.27 05:40:48.582,0.76858,0.76886,1.50,1.00
2014.08.27 05:40:49.144,0.76861,0.76886,1.38,1.00
2014.08.27 05:40:49.358,0.76861,0.76889,1.38,1.50
2014.08.27 05:40:49.898,0.7686,0.76888,1.88,1.00
2014.08.27 05:40:50.010,0.7686,0.76886,1.38,1.00
2014.08.27 05:40:50.518,0.7686,0.76886,1.38,1.00
2014.08.27 05:40:50.879,0.76861,0.76889,1.38,1.50
2014.08.27 05:40:50.929,0.76861,0.76889,1.38,1.00
2014.08.27 05:40:51.120,0.76865,0.76891,1.00,1.50
2014.08.27 05:40:53.824,0.76865,0.76891,1.00,1.38
2014.08.27 05:41:00.568,0.76865,0.76886,1.00,1.00
2014.08.27 05:41:00.968,0.76865,0.7689,1.00,1.38
2014.08.27 05:41:01.559,0.76863,0.7689,1.13,1.38
2014.08.27 05:41:01.618,0.76863,0.76887,1.13,1.50
2014.08.27 05:41:01.669,0.76859,0.76886,1.50,1.88
2014.08.27 05:41:01.769,0.76859,0.76885,1.00,1.38
2014.08.27 05:41:02.021,0.76854,0.7688,1.00,1.00
2014.08.27 05:41:02.071,0.76854,0.76876,1.00,1.00
2014.08.27 05:41:02.638,0.76855,0.76875,1.00,1.00
2014.08.27 05:41:03.827,0.76855,0.76876,1.00,1.00
2014.08.27 05:41:10.981,0.76855,0.76875,1.00,1.00
2014.08.27 05:41:13.398,0.76855,0.76876,1.00,1.00
2014.08.27 05:41:13.648,0.76855,0.7688,1.13,1.00
2014.08.27 05:41:13.837,0.76855,0.76876,1.13,1.00
2014.08.27 05:41:13.950,0.76855,0.76881,1.13,1.88
2014.08.27 05:41:18.829,0.76854,0.7688,1.38,1.00
2014.08.27 05:41:18.930,0.76854,0.76883,1.88,1.50
2014.08.27 05:41:19.131,0.76855,0.76881,1.88,1.00
2014.08.27 05:41:20.608,0.76856,0.76881,1.38,1.00
2014.08.27 05:41:24.895,0.76856,0.76881,1.38,1.00
2014.08.27 05:41:26.640,0.76859,0.76885,1.00,1.13
2014.08.27 05:41:26.741,0.76859,0.76886,1.38,1.00
2014.08.27 05:41:28.146,0.7686,0.76885,1.38,1.00
2014.08.27 05:41:28.448,0.7686,0.7688,1.38,1.00
2014.08.27 05:41:29.087,0.76858,0.76881,1.88,1.00
2014.08.27 05:41:31.659,0.76858,0.7688,1.88,1.00
2014.08.27 05:41:32.317,0.76858,0.76886,1.88,1.50
2014.08.27 05:41:32.578,0.76858,0.7688,1.88,1.00
2014.08.27 05:41:34.822,0.76858,0.7688,1.88,1.00
2014.08.27 05:41:35.356,0.76858,0.76881,1.88,1.00
2014.08.27 05:41:35.407,0.76858,0.76886,1.88,3.38
2014.08.27 05:41:36.067,0.76858,0.76881,1.88,1.00
2014.08.27 05:41:36.188,0.76858,0.76885,1.88,1.00
2014.08.27 05:41:36.247,0.76858,0.76885,1.50,1.38
2014.08.27 05:41:36.449,0.76856,0.76881,1.00,1.00
2014.08.27 05:41:36.701,0.76855,0.7688,1.00,1.88
2014.08.27 05:41:37.109,0.76853,0.76879,1.00,1.38
2014.08.27 05:41:37.209,0.76848,0.76876,1.00,1.00
2014.08.27 05:41:37.527,0.76848,0.76874,1.00,1.00
2014.08.27 05:41:37.917,0.76847,0.7687,1.00,1.00
2014.08.27 05:41:38.214,0.76844,0.7687,1.50,1.00
2014.08.27 05:41:38.790,0.76844,0.7687,1.00,2.63
2014.08.27 05:41:39.092,0.76843,0.76866,1.00,1.38
2014.08.27 05:41:39.142,0.76843,0.76869,1.00,1.00
2014.08.27 05:41:39.293,0.76845,0.76868,1.00,1.00
2014.08.27 05:41:39.549,0.76845,0.76871,1.50,1.00
2014.08.27 05:41:39.750,0.76847,0.7687,1.00,1.00
2014.08.27 05:41:39.800,0.76847,0.76872,1.00,1.00
2014.08.27 05:41:39.851,0.76847,0.76875,1.00,1.00
2014.08.27 05:41:40.177,0.76843,0.76872,1.50,1.00
2014.08.27 05:41:40.625,0.76843,0.76872,1.50,1.38
2014.08.27 05:41:41.158,0.76842,0.76871,1.35,1.38
2014.08.27 05:41:41.721,0.76843,0.76871,1.00,1.00
2014.08.27 05:41:42.148,0.7685,0.76872,1.00,1.50
2014.08.27 05:41:42.349,0.76847,0.76872,1.00,1.00
2014.08.27 05:41:42.463,0.76849,0.76875,1.00,1.00
2014.08.27 05:41:44.650,0.76849,0.76876,1.00,1.00
2014.08.27 05:41:45.092,0.76855,0.76878,1.00,1.00
2014.08.27 05:41:45.142,0.76855,0.7688,1.00,2.25
2014.08.27 05:41:45.193,0.76855,0.7688,1.00,1.38
2014.08.27 05:41:45.494,0.76857,0.76884,1.50,1.38
2014.08.27 05:41:46.141,0.76857,0.76884,1.50,1.38
2014.08.27 05:41:48.941,0.76857,0.7688,1.50,1.38
2014.08.27 05:41:49.271,0.76857,0.7688,1.50,1.38
2014.08.27 05:41:49.797,0.76857,0.76881,1.50,1.38
2014.08.27 05:41:49.999,0.76854,0.76876,1.00,1.00
2014.08.27 05:41:50.099,0.76849,0.76876,1.00,1.00
2014.08.27 05:41:52.672,0.76849,0.76879,1.35,3.38
2014.08.27 05:41:52.723,0.76852,0.76879,1.00,1.50
2014.08.27 05:41:52.773,0.76852,0.76881,1.00,2.63
2014.08.27 05:41:52.824,0.76852,0.7688,1.00,1.38
2014.08.27 05:41:53.934,0.76852,0.76881,1.00,1.38
2014.08.27 05:41:57.658,0.76852,0.76876,1.50,1.00
2014.08.27 05:41:57.859,0.76852,0.76878,1.00,1.00
2014.08.27 05:41:57.960,0.7685,0.76881,1.50,2.63
2014.08.27 05:41:58.119,0.76853,0.7688,1.00,1.38
2014.08.27 05:41:58.706,0.76853,0.7688,1.50,1.38
2014.08.27 05:41:59.081,0.76853,0.76881,1.50,2.25
2014.08.27 05:41:59.967,0.76853,0.7688,2.10,1.50
2014.08.27 05:42:00.018,0.76855,0.7688,1.00,1.50
2014.08.27 05:42:00.773,0.76856,0.76881,1.00,1.75
2014.08.27 05:42:02.497,0.76856,0.76881,1.00,1.50
2014.08.27 05:42:05.026,0.76855,0.7688,1.00,1.38
2014.08.27 05:42:05.378,0.76851,0.76876,1.00,1.00
2014.08.27 05:42:06.054,0.76851,0.76879,1.00,1.38
2014.08.27 05:42:06.155,0.76853,0.7688,1.00,4.50
2014.08.27 05:42:06.714,0.76854,0.7688,1.00,2.25
2014.08.27 05:42:10.394,0.76854,0.7688,1.00,1.75
2014.08.27 05:42:10.739,0.76855,0.76881,1.50,1.50
2014.08.27 05:42:10.966,0.76858,0.76881,1.00,1.50
2014.08.27 05:42:11.217,0.76852,0.76876,1.00,1.00
2014.08.27 05:42:11.436,0.76849,0.76876,1.50,1.00
2014.08.27 05:42:11.487,0.76849,0.76876,1.50,1.38
2014.08.27 05:42:12.626,0.7685,0.76878,1.00,1.38
2014.08.27 05:42:12.947,0.76852,0.7688,1.00,2.25
2014.08.27 05:42:14.356,0.76852,0.7688,1.35,1.75
2014.08.27 05:42:14.581,0.76855,0.76881,1.00,1.50
2014.08.27 05:42:14.943,0.76857,0.76881,1.00,1.50
2014.08.27 05:42:17.391,0.76855,0.76881,1.00,1.75
2014.08.27 05:42:17.592,0.76853,0.76881,1.00,2.25
2014.08.27 05:42:18.412,0.76853,0.76881,1.00,2.25
2014.08.27 05:42:18.609,0.7685,0.76881,2.10,3.00
2014.08.27 05:42:19.207,0.7685,0.76876,1.50,1.38
2014.08.27 05:42:19.932,0.76849,0.76876,1.00,1.38
2014.08.27 05:42:25.414,0.76849,0.76878,1.00,2.25
2014.08.27 05:42:27.630,0.76849,0.76878,1.00,1.75
2014.08.27 05:42:28.185,0.76849,0.76878,1.00,1.75
2014.08.27 05:42:29.307,0.76848,0.76879,1.50,2.25
2014.08.27 05:42:35.497,0.76848,0.76879,1.50,2.25
2014.08.27 05:42:36.029,0.7685,0.76878,1.00,1.75
2014.08.27 05:42:36.232,0.7685,0.76878,1.00,1.75
2014.08.27 05:42:36.489,0.7685,0.76878,1.50,1.38
2014.08.27 05:42:36.708,0.76851,0.76879,1.00,1.38
2014.08.27 05:42:36.926,0.76851,0.76879,1.13,1.13
2014.08.27 05:42:37.259,0.76855,0.7688,1.00,1.38
2014.08.27 05:42:37.597,0.76852,0.7688,1.00,1.88
2014.08.27 05:42:38.141,0.76852,0.7688,1.13,1.88
2014.08.27 05:42:38.649,0.76852,0.7688,1.00,1.38
2014.08.27 05:42:39.410,0.76852,0.7688,1.13,1.88
2014.08.27 05:42:39.917,0.76852,0.7688,1.00,1.88
2014.08.27 05:42:40.450,0.76852,0.7688,1.00,1.13
2014.08.27 05:42:42.366,0.76852,0.7688,1.00,1.38
2014.08.27 05:42:46.576,0.76852,0.7688,1.00,1.38
2014.08.27 05:42:47.898,0.76852,0.7688,1.00,1.38
2014.08.27 05:42:48.625,0.76852,0.7688,1.00,1.38
2014.08.27 05:42:50.025,0.76852,0.7688,1.00,1.38
2014.08.27 05:42:50.686,0.76852,0.7688,1.00,1.38
2014.08.27 05:42:51.667,0.76852,0.7688,1.00,1.38
2014.08.27 05:42:52.415,0.76852,0.7688,1.00,1.38
2014.08.27 05:42:54.306,0.76852,0.7688,1.00,1.38
2014.08.27 05:42:55.792,0.76852,0.7688,1.00,1.38
2014.08.27 05:42:56.781,0.76852,0.7688,1.00,1.38
2014.08.27 05:42:57.555,0.76852,0.7688,1.00,1.38
2014.08.27 05:42:58.192,0.76852,0.7688,1.00,1.38
2014.08.27 05:42:58.732,0.76852,0.7688,1.00,1.50
2014.08.27 05:42:59.243,0.76852,0.76879,1.50,1.38
2014.08.27 05:42:59.879,0.76852,0.76879,1.50,1.38
2014.08.27 05:42:59.929,0.76852,0.76879,1.50,1.38
2014.08.27 05:43:02.403,0.76852,0.76879,1.50,1.38
2014.08.27 05:43:05.321,0.76852,0.76879,1.50,1.13
2014.08.27 05:43:06.019,0.76853,0.7688,1.00,1.38
2014.08.27 05:43:11.466,0.76853,0.7688,1.00,2.63
2014.08.27 05:43:11.569,0.76853,0.7688,1.13,1.00
2014.08.27 05:43:13.965,0.76851,0.7688,1.38,1.00
2014.08.27 05:43:14.015,0.76851,0.76876,1.38,1.00
2014.08.27 05:43:14.681,0.7685,0.76876,1.88,1.00
2014.08.27 05:43:20.926,0.76849,0.76875,1.38,1.00
2014.08.27 05:43:21.267,0.76849,0.76875,1.00,1.38
2014.08.27 05:43:24.336,0.76848,0.76875,1.00,1.38
2014.08.27 05:43:24.446,0.76848,0.76875,1.00,2.25
2014.08.27 05:43:24.665,0.76848,0.76873,1.00,1.00
2014.08.27 05:43:26.918,0.76847,0.76873,1.50,1.00
2014.08.27 05:43:27.877,0.76847,0.76873,1.38,1.00
2014.08.27 05:43:28.594,0.76847,0.76873,1.13,1.00
2014.08.27 05:43:32.425,0.76847,0.76873,1.00,1.38
2014.08.27 05:43:33.215,0.76848,0.76875,1.00,1.38
2014.08.27 05:43:33.876,0.76849,0.76876,1.50,1.38
2014.08.27 05:43:39.353,0.76849,0.76875,1.00,1.13
2014.08.27 05:43:39.458,0.76847,0.76875,1.00,2.63
2014.08.27 05:43:39.509,0.76847,0.76875,1.00,4.13
2014.08.27 05:43:47.128,0.76847,0.7687,1.00,1.00
2014.08.27 05:43:50.458,0.76847,0.76869,1.00,1.00
2014.08.27 05:43:50.509,0.76843,0.76869,1.00,1.13
2014.08.27 05:43:50.935,0.76842,0.76867,1.13,1.00
2014.08.27 05:43:51.795,0.7684,0.76867,1.60,1.88
2014.08.27 05:43:52.244,0.76841,0.76867,1.35,1.38
2014.08.27 05:43:52.548,0.76841,0.76866,1.35,1.38
2014.08.27 05:43:53.498,0.76841,0.76866,1.35,1.38
2014.08.27 05:43:55.348,0.76841,0.76864,1.35,1.38
2014.08.27 05:43:56.058,0.7684,0.76864,2.10,1.00
2014.08.27 05:43:56.209,0.7684,0.76862,1.00,1.00
2014.08.27 05:43:56.534,0.76837,0.76861,1.00,1.00
2014.08.27 05:43:57.083,0.76838,0.76861,1.00,1.00
2014.08.27 05:43:57.284,0.76837,0.76863,1.13,1.00
2014.08.27 05:43:57.435,0.76837,0.7686,1.00,1.00
2014.08.27 05:43:57.765,0.76838,0.76862,1.00,1.00
2014.08.27 05:43:57.987,0.76838,0.7686,1.00,1.00
2014.08.27 05:43:58.088,0.76836,0.7686,1.00,1.00
2014.08.27 05:43:58.189,0.76836,0.76862,1.00,1.00
2014.08.27 05:43:58.538,0.76838,0.76862,1.00,1.00
2014.08.27 05:43:58.749,0.76835,0.7686,1.13,1.00
2014.08.27 05:43:59.293,0.76835,0.7686,1.38,1.00
2014.08.27 05:44:03.878,0.76835,0.76861,1.38,1.00
2014.08.27 05:44:05.109,0.76835,0.7686,1.38,1.00
2014.08.27 05:44:05.310,0.76837,0.76858,1.00,1.00
2014.08.27 05:44:05.463,0.76834,0.76858,1.00,1.00
2014.08.27 05:44:11.274,0.76832,0.76858,1.38,1.00
2014.08.27 05:44:11.375,0.76832,0.7686,1.38,1.50
2014.08.27 05:44:11.474,0.76832,0.7686,1.00,1.88
2014.08.27 05:44:12.044,0.76834,0.76858,1.00,1.13
2014.08.27 05:44:13.118,0.76834,0.7686,1.00,1.88
2014.08.27 05:44:13.916,0.76834,0.7686,1.00,1.88
2014.08.27 05:44:14.105,0.76834,0.7686,1.38,1.50
2014.08.27 05:44:14.805,0.76834,0.76859,1.13,1.00
2014.08.27 05:44:15.978,0.76834,0.76855,1.00,1.00
2014.08.27 05:44:16.029,0.76832,0.76855,1.13,1.00
2014.08.27 05:44:16.230,0.76827,0.76855,1.13,1.00
2014.08.27 05:44:16.309,0.76827,0.76853,1.13,1.00
2014.08.27 05:44:18.424,0.76826,0.76854,1.38,1.50
2014.08.27 05:44:19.193,0.76828,0.76854,1.00,1.00
2014.08.27 05:44:23.107,0.76828,0.76854,1.38,1.00
2014.08.27 05:44:23.424,0.76833,0.76859,1.00,1.38
2014.08.27 05:44:24.046,0.76833,0.76859,1.00,1.50
2014.08.27 05:44:27.034,0.76831,0.76858,1.50,1.38
2014.08.27 05:44:27.820,0.76831,0.76858,1.50,1.38
2014.08.27 05:44:29.674,0.76831,0.76858,1.50,1.38
2014.08.27 05:44:29.784,0.76831,0.76858,1.50,1.38
2014.08.27 05:44:30.453,0.76832,0.7686,1.00,1.75
2014.08.27 05:44:30.554,0.76832,0.7686,1.50,1.00
2014.08.27 05:44:30.655,0.76835,0.7686,1.50,1.00
2014.08.27 05:44:30.756,0.76839,0.76866,1.00,1.13
2014.08.27 05:44:31.060,0.76838,0.76864,1.00,1.00
2014.08.27 05:44:31.183,0.76836,0.76864,1.00,1.50
2014.08.27 05:44:31.624,0.76834,0.76861,1.00,1.00
2014.08.27 05:44:31.954,0.76836,0.76864,1.00,1.50
2014.08.27 05:44:32.435,0.76833,0.76862,1.00,1.00
2014.08.27 05:44:32.613,0.76836,0.76864,1.00,1.50
2014.08.27 05:44:32.994,0.76837,0.76865,1.00,4.50
2014.08.27 05:44:33.621,0.76837,0.76865,1.00,4.13
2014.08.27 05:44:33.722,0.76839,0.76865,1.00,3.38
2014.08.27 05:44:34.399,0.76839,0.76867,2.25,1.38
2014.08.27 05:44:34.499,0.76842,0.76871,1.00,2.25
2014.08.27 05:44:34.838,0.76844,0.76871,1.00,1.50
2014.08.27 05:44:35.704,0.76842,0.76871,1.50,1.50
2014.08.27 05:44:35.913,0.76844,0.76871,1.00,1.50
2014.08.27 05:44:36.270,0.76843,0.76872,1.50,1.38
2014.08.27 05:44:36.683,0.76846,0.76872,1.00,1.50
2014.08.27 05:44:37.919,0.76846,0.76874,1.50,3.00
2014.08.27 05:44:38.446,0.76847,0.76875,1.00,1.75
2014.08.27 05:44:39.103,0.76847,0.76873,1.00,1.50
2014.08.27 05:44:39.838,0.76846,0.76874,1.00,1.50
2014.08.27 05:44:40.574,0.76847,0.76875,1.00,3.00
2014.08.27 05:44:40.675,0.76847,0.76875,1.00,3.75
2014.08.27 05:44:40.753,0.76846,0.76872,1.00,1.00
2014.08.27 05:44:41.303,0.76845,0.76873,1.50,1.00
2014.08.27 05:44:41.684,0.76845,0.76873,1.50,1.50
2014.08.27 05:44:45.667,0.76845,0.76873,1.50,1.75
2014.08.27 05:44:46.219,0.76845,0.76872,1.50,1.38
2014.08.27 05:44:46.525,0.76847,0.76873,1.00,1.50
2014.08.27 05:44:47.793,0.76845,0.76872,1.00,1.38
2014.08.27 05:44:48.354,0.76846,0.76871,1.00,1.38
2014.08.27 05:44:48.880,0.76843,0.7687,1.00,1.38
2014.08.27 05:44:49.031,0.76841,0.76869,1.00,1.38
2014.08.27 05:44:49.443,0.76843,0.76871,1.00,3.38
2014.08.27 05:44:52.511,0.76843,0.76871,1.50,1.88
2014.08.27 05:44:53.096,0.76843,0.76871,1.50,1.88
2014.08.27 05:44:58.120,0.76843,0.76871,1.50,2.25
2014.08.27 05:44:58.378,0.76841,0.7687,1.50,1.88
2014.08.27 05:44:59.025,0.76841,0.7687,1.50,1.50
2014.08.27 05:44:59.721,0.76841,0.7687,1.00,1.75
2014.08.27 05:45:01.461,0.76841,0.7687,1.00,3.00
2014.08.27 05:45:05.348,0.76841,0.7687,1.00,3.75
2014.08.27 05:45:06.570,0.76841,0.7687,1.00,3.75
2014.08.27 05:45:14.958,0.76841,0.7687,1.00,3.75
2014.08.27 05:45:15.176,0.76841,0.7687,1.00,1.88
2014.08.27 05:45:15.966,0.76845,0.7687,1.00,1.38
2014.08.27 05:45:16.735,0.76841,0.7687,1.50,1.38
2014.08.27 05:45:18.055,0.76844,0.7687,1.00,1.38
2014.08.27 05:45:18.604,0.76841,0.7687,1.50,1.88
2014.08.27 05:45:26.639,0.76841,0.7687,1.50,1.38
2014.08.27 05:45:26.766,0.76841,0.76868,1.50,1.38
2014.08.27 05:45:27.297,0.76835,0.76863,1.88,1.13
2014.08.27 05:45:27.845,0.76835,0.76863,1.88,1.00
2014.08.27 05:45:28.384,0.76835,0.76861,1.38,1.00
2014.08.27 05:45:28.605,0.76835,0.76863,1.88,1.00
2014.08.27 05:45:29.704,0.76835,0.76862,1.88,1.00
2014.08.27 05:45:31.466,0.76835,0.76861,1.38,1.00
2014.08.27 05:45:31.684,0.76835,0.76863,1.88,1.00
2014.08.27 05:45:33.444,0.76835,0.76862,1.38,1.00
2014.08.27 05:45:34.048,0.76835,0.76863,1.88,1.00
2014.08.27 05:45:34.434,0.76835,0.76861,1.38,1.00
2014.08.27 05:45:34.654,0.76835,0.76863,1.88,1.00
2014.08.27 05:45:36.084,0.76835,0.76861,1.38,1.00
2014.08.27 05:45:36.692,0.76836,0.76862,1.38,1.00
2014.08.27 05:45:37.230,0.76837,0.76865,1.38,1.00
2014.08.27 05:45:37.735,0.76839,0.76865,1.00,1.00
2014.08.27 05:45:38.526,0.76837,0.76864,1.38,1.00
2014.08.27 05:45:38.725,0.76838,0.76866,1.13,1.50
2014.08.27 05:45:39.151,0.76838,0.76866,1.00,1.38
2014.08.27 05:45:39.481,0.76837,0.76862,1.00,1.38
2014.08.27 05:45:40.129,0.76836,0.76862,1.00,1.38
2014.08.27 05:45:42.354,0.76835,0.76862,1.00,1.38
2014.08.27 05:45:48.104,0.76835,0.76861,1.00,1.38
2014.08.27 05:45:48.904,0.76835,0.76861,1.00,1.38
2014.08.27 05:45:49.564,0.76835,0.76861,1.00,1.38
2014.08.27 05:45:50.792,0.76835,0.76861,1.00,1.75
2014.08.27 05:45:50.943,0.76832,0.76861,1.50,2.25
2014.08.27 05:45:51.545,0.76832,0.76861,1.50,2.25
2014.08.27 05:45:58.221,0.76832,0.76861,1.50,2.25
2014.08.27 05:45:58.278,0.76834,0.76861,1.00,2.25
2014.08.27 05:46:01.830,0.76834,0.76861,1.00,1.38
2014.08.27 05:46:02.031,0.76832,0.7686,1.13,1.88
2014.08.27 05:46:06.877,0.76832,0.76861,1.88,1.88
2014.08.27 05:46:06.968,0.76835,0.76861,1.00,1.88
2014.08.27 05:46:07.314,0.76835,0.76858,1.00,1.00
2014.08.27 05:46:07.414,0.76833,0.76858,1.13,1.00
2014.08.27 05:46:14.801,0.76834,0.76858,1.00,1.00
2014.08.27 05:46:17.617,0.76834,0.76858,1.38,1.00
2014.08.27 05:46:17.718,0.76834,0.7686,1.38,1.00
2014.08.27 05:46:18.224,0.76834,0.76861,1.38,1.50
2014.08.27 05:46:18.898,0.76834,0.76861,1.38,1.50
2014.08.27 05:46:19.434,0.76834,0.76861,1.13,1.00
2014.08.27 05:46:19.484,0.76834,0.76861,1.38,1.00
2014.08.27 05:46:38.804,0.76832,0.7686,1.38,1.50
2014.08.27 05:46:43.323,0.76832,0.7686,1.50,1.00
2014.08.27 05:46:43.874,0.76835,0.76861,1.38,1.00
2014.08.27 05:46:49.717,0.76835,0.76861,1.38,1.00
2014.08.27 05:46:51.123,0.76835,0.76861,1.38,1.00
2014.08.27 05:46:51.627,0.76836,0.76862,1.38,1.00
2014.08.27 05:47:03.795,0.76836,0.76862,1.13,1.13
2014.08.27 05:47:18.443,0.76836,0.76861,1.00,1.00
2014.08.27 05:47:22.228,0.76838,0.76861,1.00,1.00
2014.08.27 05:47:25.384,0.76838,0.7686,1.00,1.00
2014.08.27 05:47:25.952,0.76837,0.76861,1.00,1.13
2014.08.27 05:47:37.615,0.76837,0.76861,1.00,1.38
2014.08.27 05:47:38.364,0.76837,0.76861,1.13,1.00
2014.08.27 05:47:39.165,0.76838,0.76861,1.00,1.00
2014.08.27 05:47:39.763,0.76838,0.7686,1.00,1.00
2014.08.27 05:47:45.816,0.76838,0.7686,1.00,1.38
2014.08.27 05:47:46.231,0.76838,0.76862,1.00,1.38
2014.08.27 05:47:47.201,0.76838,0.76865,1.00,1.38
2014.08.27 05:47:48.652,0.76838,0.76861,1.00,1.00
2014.08.27 05:48:01.990,0.76838,0.7686,1.00,1.00
2014.08.27 05:48:05.532,0.76838,0.76861,1.00,1.00
2014.08.27 05:48:14.613,0.76838,0.7686,1.00,1.00
2014.08.27 05:48:18.693,0.76838,0.76861,1.00,1.13
2014.08.27 05:48:26.142,0.76838,0.76861,1.00,1.38
2014.08.27 05:48:38.912,0.76837,0.7686,1.00,1.13
2014.08.27 05:48:39.905,0.7684,0.76865,1.00,1.50
2014.08.27 05:48:39.956,0.76841,0.76865,1.00,1.38
2014.08.27 05:48:40.207,0.76841,0.76866,1.00,1.75
2014.08.27 05:48:40.496,0.76838,0.76866,1.50,2.25
2014.08.27 05:48:49.591,0.76838,0.76865,1.13,1.13
2014.08.27 05:48:49.692,0.76837,0.76865,1.50,1.38
2014.08.27 05:48:50.136,0.76837,0.7686,1.00,1.00
2014.08.27 05:48:55.641,0.76837,0.76856,1.00,1.00
2014.08.27 05:48:55.742,0.76833,0.76856,1.38,1.00
2014.08.27 05:48:55.893,0.76833,0.76859,1.38,1.00
2014.08.27 05:48:56.408,0.76833,0.7686,1.38,1.00
2014.08.27 05:48:59.381,0.76833,0.76856,1.00,1.00
2014.08.27 05:49:02.210,0.7683,0.76856,1.00,1.38
2014.08.27 05:49:02.311,0.7683,0.76856,1.00,1.38
2014.08.27 05:49:02.411,0.76828,0.76856,1.00,1.38
2014.08.27 05:49:02.462,0.76826,0.76854,1.88,1.38
2014.08.27 05:49:07.241,0.76829,0.76853,1.00,1.00
2014.08.27 05:49:07.743,0.76829,0.76854,1.00,1.00
2014.08.27 05:49:08.289,0.76829,0.76855,1.00,1.50
2014.08.27 05:49:18.278,0.76829,0.76855,1.13,1.38
2014.08.27 05:49:19.709,0.76829,0.76853,1.13,1.00
2014.08.27 05:49:20.280,0.76829,0.76856,1.13,1.88
2014.08.27 05:49:20.831,0.76829,0.76856,1.38,1.88
2014.08.27 05:49:25.780,0.76829,0.76855,1.00,1.13
2014.08.27 05:49:26.082,0.76829,0.7685,1.00,1.13
2014.08.27 05:49:26.200,0.76826,0.7685,1.00,1.13
2014.08.27 05:49:26.775,0.76826,0.76851,1.00,1.38
2014.08.27 05:49:26.882,0.76826,0.76851,1.00,1.00
2014.08.27 05:49:27.134,0.76826,0.76851,1.00,1.38
2014.08.27 05:49:27.196,0.76826,0.76851,1.00,1.38
2014.08.27 05:49:27.765,0.76825,0.76851,1.00,1.38
2014.08.27 05:49:32.475,0.76825,0.76851,1.00,1.38
2014.08.27 05:49:40.913,0.76825,0.76853,1.50,1.75
2014.08.27 05:49:46.203,0.76825,0.76853,1.88,1.13
2014.08.27 05:49:46.313,0.76825,0.76853,1.88,1.13
2014.08.27 05:49:50.657,0.76827,0.76854,1.00,1.13
2014.08.27 05:49:55.679,0.76827,0.76853,1.13,1.00
2014.08.27 05:49:59.839,0.76827,0.76853,1.13,1.38
2014.08.27 05:50:00.447,0.76827,0.76853,1.00,1.13
2014.08.27 05:50:02.528,0.76827,0.7685,1.00,1.00
2014.08.27 05:50:03.088,0.76827,0.76851,1.00,1.00
2014.08.27 05:50:04.230,0.76825,0.76851,1.38,1.50
2014.08.27 05:50:04.590,0.76823,0.76846,1.38,1.00
2014.08.27 05:50:04.691,0.76823,0.76846,1.38,1.00
2014.08.27 05:50:05.230,0.76823,0.76845,1.38,1.00
2014.08.27 05:50:05.281,0.76823,0.76848,1.38,1.00
2014.08.27 05:50:06.908,0.76823,0.76848,1.13,1.38
2014.08.27 05:50:07.670,0.76823,0.76846,1.38,1.00
2014.08.27 05:50:09.320,0.76823,0.76847,1.38,1.00
2014.08.27 05:50:10.021,0.76823,0.76848,1.13,1.00
2014.08.27 05:50:11.871,0.76823,0.76845,1.13,1.00
2014.08.27 05:50:14.893,0.76821,0.76845,1.38,1.00
2014.08.27 05:50:17.357,0.76819,0.76845,1.38,1.00
2014.08.27 05:50:17.732,0.76819,0.7684,1.00,1.00
2014.08.27 05:50:17.811,0.76819,0.76845,1.00,1.88
2014.08.27 05:50:18.447,0.76819,0.76845,1.13,1.88
2014.08.27 05:50:19.402,0.76819,0.76845,1.13,1.13
2014.08.27 05:50:19.643,0.76819,0.76845,1.38,1.13
2014.08.27 05:50:19.951,0.76819,0.7684,2.63,1.00
2014.08.27 05:50:20.671,0.76819,0.76841,1.38,1.00
2014.08.27 05:50:22.323,0.76819,0.76845,1.38,1.13
2014.08.27 05:50:22.544,0.76819,0.7684,1.38,1.00
2014.08.27 05:50:22.760,0.76819,0.76845,1.38,1.13
2014.08.27 05:50:23.725,0.76819,0.76845,1.13,1.88
2014.08.27 05:50:24.951,0.76819,0.76845,1.38,1.38
2014.08.27 05:50:25.399,0.76819,0.76841,1.38,1.00
2014.08.27 05:50:28.590,0.76818,0.76845,1.38,1.38
2014.08.27 05:50:29.580,0.76818,0.7684,1.38,1.00
2014.08.27 05:50:29.851,0.76817,0.7684,1.13,1.00
2014.08.27 05:50:30.391,0.76816,0.7684,1.88,1.00
2014.08.27 05:50:30.624,0.76816,0.76836,1.13,1.00
2014.08.27 05:50:31.170,0.76812,0.76835,1.38,1.00
2014.08.27 05:50:31.756,0.76812,0.76836,1.38,1.00
2014.08.27 05:50:43.356,0.76812,0.76835,1.38,1.00
2014.08.27 05:50:43.849,0.76812,0.76836,1.13,1.00
2014.08.27 05:50:44.101,0.76811,0.76834,1.13,1.00
2014.08.27 05:50:47.618,0.76808,0.76834,1.38,1.00
2014.08.27 05:50:49.373,0.76808,0.76832,1.38,1.00
2014.08.27 05:50:49.579,0.76808,0.76834,1.38,1.00
2014.08.27 05:50:53.870,0.76808,0.76834,1.13,1.13
2014.08.27 05:50:54.489,0.76808,0.76834,1.38,1.00
2014.08.27 05:50:55.445,0.76808,0.76834,1.13,1.13
2014.08.27 05:50:59.479,0.76808,0.76831,1.13,1.00
2014.08.27 05:51:10.166,0.76808,0.76833,1.38,1.00
2014.08.27 05:51:10.521,0.76809,0.76836,1.38,1.50
2014.08.27 05:51:12.630,0.76809,0.76836,1.88,1.50
2014.08.27 05:51:14.939,0.76809,0.76835,1.88,1.00
2014.08.27 05:51:15.753,0.76809,0.76836,1.88,1.50
2014.08.27 05:51:21.159,0.76809,0.76836,1.88,1.50
2014.08.27 05:51:21.820,0.76809,0.76835,1.88,1.00
2014.08.27 05:51:22.688,0.76809,0.76835,1.50,1.00
2014.08.27 05:51:23.068,0.76809,0.76835,1.38,1.00
2014.08.27 05:51:23.679,0.76809,0.76835,1.38,1.00
2014.08.27 05:51:26.390,0.76809,0.76835,1.38,1.00
2014.08.27 05:51:26.919,0.76808,0.76836,1.38,1.50
2014.08.27 05:51:27.099,0.76808,0.7683,1.38,1.00
2014.08.27 05:51:27.692,0.76808,0.76836,1.38,1.50
2014.08.27 05:51:28.383,0.76808,0.76836,1.38,1.88
2014.08.27 05:51:28.467,0.76808,0.76836,1.13,1.88
2014.08.27 05:51:28.690,0.76808,0.76836,1.38,1.88
2014.08.27 05:51:28.910,0.76806,0.76833,1.38,1.13
2014.08.27 05:51:29.181,0.76805,0.7683,1.38,1.00
2014.08.27 05:51:29.332,0.76807,0.76834,1.38,1.38
2014.08.27 05:51:29.433,0.76807,0.76834,1.13,1.38
2014.08.27 05:51:32.777,0.76804,0.76832,3.38,1.00
2014.08.27 05:51:33.379,0.76804,0.76831,1.38,1.50
2014.08.27 05:51:33.430,0.76804,0.76831,1.38,1.50
2014.08.27 05:51:33.581,0.76804,0.76829,1.38,1.00
2014.08.27 05:51:33.745,0.76801,0.76829,2.63,1.00
2014.08.27 05:51:34.128,0.768,0.76827,1.38,1.00
2014.08.27 05:51:35.616,0.768,0.76827,1.38,1.00
2014.08.27 05:51:37.331,0.768,0.76826,1.38,1.00
2014.08.27 05:51:37.876,0.76801,0.76825,1.38,1.00
2014.08.27 05:51:38.096,0.768,0.76825,1.00,1.13
2014.08.27 05:51:38.448,0.76796,0.76823,1.50,1.38
2014.08.27 05:51:38.549,0.76796,0.76823,1.88,1.38
2014.08.27 05:51:38.869,0.76796,0.76821,1.38,1.50
2014.08.27 05:51:38.970,0.76797,0.76826,1.38,1.88
2014.08.27 05:51:39.020,0.76797,0.76826,1.38,1.88
2014.08.27 05:51:39.429,0.76796,0.76821,1.38,1.50
2014.08.27 05:51:40.041,0.76795,0.7682,1.88,1.00
2014.08.27 05:51:40.618,0.76795,0.76821,1.38,1.00
2014.08.27 05:51:40.869,0.76795,0.7682,1.13,1.88
2014.08.27 05:51:41.079,0.76791,0.76817,1.38,1.00
2014.08.27 05:51:41.180,0.76791,0.76817,1.13,1.00
2014.08.27 05:51:41.281,0.76788,0.76815,1.38,1.00
2014.08.27 05:51:41.837,0.76788,0.76815,1.38,1.00
2014.08.27 05:51:45.255,0.76788,0.76815,1.38,1.00
2014.08.27 05:51:46.179,0.76789,0.76815,1.38,1.00
2014.08.27 05:51:46.558,0.76789,0.76817,1.88,1.00
2014.08.27 05:51:47.117,0.76789,0.76816,1.38,1.50
2014.08.27 05:51:51.631,0.76789,0.76815,1.38,1.00
2014.08.27 05:51:56.359,0.76789,0.76816,1.38,1.50
2014.08.27 05:51:56.898,0.76791,0.76815,1.88,1.00
2014.08.27 05:51:57.788,0.76791,0.76819,1.88,1.13
2014.08.27 05:51:58.798,0.76791,0.76819,1.88,1.00
2014.08.27 05:51:58.928,0.76793,0.76821,1.38,1.50
2014.08.27 05:51:59.110,0.76793,0.76816,1.38,1.00
2014.08.27 05:51:59.548,0.76793,0.76821,1.38,1.88
2014.08.27 05:52:00.322,0.76793,0.76821,1.38,1.88
2014.08.27 05:52:01.929,0.76792,0.7682,1.38,1.38
2014.08.27 05:52:02.633,0.76791,0.76818,1.38,1.00
2014.08.27 05:52:03.839,0.76791,0.76815,1.38,1.00
2014.08.27 05:52:03.949,0.76791,0.76818,1.38,1.00
2014.08.27 05:52:04.378,0.76792,0.7682,1.38,1.13
2014.08.27 05:52:04.428,0.76792,0.76815,1.38,1.00
2014.08.27 05:52:04.939,0.76792,0.7682,1.38,1.88
2014.08.27 05:52:05.777,0.76792,0.7682,1.38,1.88
2014.08.27 05:52:07.167,0.76792,0.76818,1.38,1.38
2014.08.27 05:52:07.727,0.76791,0.76816,1.38,1.00
2014.08.27 05:52:07.963,0.7679,0.76816,1.38,1.00
2014.08.27 05:52:08.570,0.7679,0.76815,1.38,1.00
2014.08.27 05:52:11.428,0.7679,0.76816,1.38,1.00
2014.08.27 05:52:12.640,0.7679,0.76815,1.38,1.00
2014.08.27 05:52:14.838,0.7679,0.76816,1.38,1.00
2014.08.27 05:52:15.679,0.76789,0.76816,1.13,1.88
2014.08.27 05:52:20.111,0.76788,0.76816,1.38,1.13
2014.08.27 05:52:20.162,0.76788,0.76816,1.38,1.88
2014.08.27 05:52:20.695,0.76791,0.76819,1.00,1.00
2014.08.27 05:52:20.896,0.76791,0.76817,1.00,1.00
2014.08.27 05:52:21.198,0.76791,0.76816,1.38,1.00
2014.08.27 05:52:22.527,0.76791,0.76819,1.88,1.00
2014.08.27 05:52:23.800,0.76791,0.76819,1.88,1.00
2014.08.27 05:52:25.497,0.76791,0.76817,1.38,1.00
2014.08.27 05:52:25.717,0.76791,0.76819,1.88,1.00
2014.08.27 05:52:26.277,0.76791,0.7682,1.88,1.00
2014.08.27 05:52:29.460,0.76792,0.76818,1.38,1.00
2014.08.27 05:52:29.962,0.76792,0.76819,1.50,1.00
2014.08.27 05:52:36.314,0.76792,0.76819,1.38,1.00
2014.08.27 05:52:36.948,0.76793,0.7682,1.38,1.50
2014.08.27 05:52:38.469,0.76793,0.7682,1.38,1.50
2014.08.27 05:52:40.399,0.76793,0.76821,1.38,1.13
2014.08.27 05:52:43.416,0.76794,0.76822,1.38,1.13
2014.08.27 05:52:43.517,0.76794,0.76822,1.13,1.38
2014.08.27 05:52:48.817,0.76792,0.76819,1.88,1.00
2014.08.27 05:52:49.507,0.76792,0.76821,1.88,1.38
2014.08.27 05:52:51.687,0.76795,0.76821,1.00,1.38
2014.08.27 05:52:52.217,0.76792,0.7682,2.63,1.88
2014.08.27 05:52:58.277,0.76792,0.76819,1.38,1.00
2014.08.27 05:52:59.060,0.76791,0.7682,1.38,1.13
2014.08.27 05:53:03.446,0.7679,0.76818,3.38,1.00
2014.08.27 05:53:07.037,0.76792,0.76818,1.00,1.00
2014.08.27 05:53:07.188,0.76792,0.7682,1.00,1.00
2014.08.27 05:53:08.433,0.76792,0.7682,1.38,1.88
2014.08.27 05:53:11.062,0.76792,0.7682,1.38,1.88
2014.08.27 05:53:16.718,0.76792,0.7682,1.38,1.88
2014.08.27 05:53:18.367,0.76794,0.7682,1.38,1.50
2014.08.27 05:53:18.468,0.76791,0.7682,3.38,1.88
2014.08.27 05:53:22.510,0.76791,0.76819,1.88,1.38
2014.08.27 05:53:22.840,0.76791,0.76819,1.88,1.38
2014.08.27 05:53:25.787,0.76794,0.7682,1.00,1.38
2014.08.27 05:53:25.996,0.76791,0.7682,1.88,1.88
2014.08.27 05:53:35.696,0.76791,0.76815,1.88,1.00
2014.08.27 05:53:39.187,0.76789,0.76816,1.38,1.50
2014.08.27 05:53:41.909,0.76789,0.76816,1.00,1.88
2014.08.27 05:53:43.163,0.76789,0.76816,1.00,1.88
2014.08.27 05:53:43.644,0.76787,0.7681,1.13,1.00
2014.08.27 05:53:44.305,0.76786,0.76811,1.13,1.88
2014.08.27 05:53:47.967,0.76785,0.76811,1.88,1.00
2014.08.27 05:53:48.486,0.76785,0.76814,1.88,1.88
2014.08.27 05:53:49.826,0.76794,0.76814,1.00,1.88
2014.08.27 05:53:54.281,0.76794,0.76814,1.00,1.88
2014.08.27 05:53:54.872,0.76794,0.76814,1.00,1.88
2014.08.27 05:53:56.435,0.76794,0.76814,1.00,1.50
2014.08.27 05:53:56.919,0.76794,0.76816,1.00,1.88
2014.08.27 05:53:57.515,0.76795,0.76816,1.00,1.88
2014.08.27 05:53:58.067,0.76794,0.76816,1.00,1.88
2014.08.27 05:54:00.000,0.76794,0.76816,1.00,1.88
2014.08.27 05:54:04.074,0.76794,0.76816,1.00,1.50
2014.08.27 05:54:04.124,0.76799,0.76816,1.00,1.00
2014.08.27 05:54:04.439,0.76799,0.76819,1.00,1.88
2014.08.27 05:54:06.017,0.76799,0.76819,1.00,1.88
2014.08.27 05:54:09.407,0.76799,0.76819,1.00,1.13
2014.08.27 05:54:10.566,0.76795,0.7682,1.00,1.38
2014.08.27 05:54:10.617,0.76795,0.7682,1.00,1.38
2014.08.27 05:54:12.569,0.76794,0.7682,1.00,1.38
2014.08.27 05:54:15.406,0.76795,0.7682,1.00,1.38
2014.08.27 05:54:16.835,0.76799,0.7682,1.00,1.38
2014.08.27 05:54:18.375,0.76794,0.7682,1.00,1.38
2014.08.27 05:54:19.585,0.76799,0.7682,1.00,1.38
2014.08.27 05:54:28.503,0.76799,0.7682,1.00,1.38
2014.08.27 05:54:28.768,0.76799,0.7682,1.00,1.13
2014.08.27 05:54:29.286,0.76799,0.76819,1.00,1.13
2014.08.27 05:54:29.939,0.768,0.76819,1.00,1.00
2014.08.27 05:54:30.532,0.76799,0.76819,1.00,1.00
2014.08.27 05:54:31.405,0.768,0.76819,1.00,1.00
2014.08.27 05:54:32.181,0.76799,0.76819,1.00,1.00
2014.08.27 05:54:32.746,0.768,0.76819,1.00,1.00
2014.08.27 05:54:33.155,0.768,0.76819,1.00,1.38
2014.08.27 05:54:33.356,0.76795,0.76819,1.00,1.38
2014.08.27 05:54:36.855,0.76795,0.76818,1.00,1.38
2014.08.27 05:54:37.465,0.76794,0.76816,1.00,1.38
2014.08.27 05:54:42.489,0.76794,0.76816,1.00,1.00
2014.08.27 05:54:45.438,0.76794,0.76816,1.38,1.00
2014.08.27 05:54:45.538,0.76794,0.76819,1.38,1.50
2014.08.27 05:54:45.689,0.768,0.76819,1.00,1.00
2014.08.27 05:54:45.790,0.768,0.76821,1.00,1.00
2014.08.27 05:54:46.099,0.768,0.76823,1.00,1.13
2014.08.27 05:54:46.628,0.76799,0.76823,1.00,1.00
2014.08.27 05:54:47.964,0.768,0.76823,1.00,1.00
2014.08.27 05:54:48.556,0.768,0.76823,1.00,1.38
2014.08.27 05:54:49.402,0.76799,0.76823,1.00,1.38
2014.08.27 05:54:50.012,0.76799,0.76823,1.38,1.00
2014.08.27 05:54:50.277,0.76805,0.76823,1.00,1.00
2014.08.27 05:54:50.724,0.76799,0.76823,1.38,1.00
2014.08.27 05:54:51.755,0.76799,0.76821,1.13,1.00
2014.08.27 05:54:52.322,0.768,0.76821,1.00,1.00
2014.08.27 05:54:55.224,0.76799,0.76821,1.00,1.00
2014.08.27 05:54:55.774,0.768,0.76821,1.00,1.00
2014.08.27 05:54:58.087,0.76799,0.76821,1.00,1.00
2014.08.27 05:54:58.396,0.76805,0.76821,1.00,1.00
2014.08.27 05:54:58.447,0.76799,0.76821,1.13,1.00
2014.08.27 05:54:58.642,0.76805,0.76822,1.00,1.00
2014.08.27 05:54:58.906,0.76799,0.76822,1.00,1.00
2014.08.27 05:54:58.956,0.76799,0.7682,1.00,1.00
2014.08.27 05:54:59.165,0.76799,0.76822,1.00,1.00
2014.08.27 05:54:59.517,0.76795,0.76822,1.00,1.00
2014.08.27 05:54:59.633,0.76799,0.76822,1.00,1.00
2014.08.27 05:55:00.293,0.76795,0.7682,1.00,1.00
2014.08.27 05:55:00.826,0.76795,0.76819,1.00,1.00
2014.08.27 05:55:01.164,0.76791,0.76818,2.25,1.00
2014.08.27 05:55:01.265,0.7679,0.76816,1.00,1.00
2014.08.27 05:55:01.815,0.76789,0.76817,1.38,1.00
2014.08.27 05:55:02.603,0.76794,0.76817,1.00,1.00
2014.08.27 05:55:02.816,0.7679,0.76817,1.38,1.00
2014.08.27 05:55:03.543,0.76789,0.76816,1.38,1.00
2014.08.27 05:55:04.253,0.76789,0.76815,1.38,1.00
2014.08.27 05:55:04.863,0.76789,0.76816,1.88,1.50
2014.08.27 05:55:06.449,0.76789,0.76816,1.88,1.88
2014.08.27 05:55:06.701,0.76787,0.76816,1.00,1.88
2014.08.27 05:55:06.801,0.76789,0.76813,1.00,1.50
2014.08.27 05:55:08.404,0.76784,0.76811,1.38,1.00
2014.08.27 05:55:08.455,0.76789,0.76811,1.00,1.00
2014.08.27 05:55:11.848,0.7679,0.76811,1.00,1.00
2014.08.27 05:55:12.388,0.76789,0.76811,1.00,1.00
2014.08.27 05:55:12.654,0.76784,0.7681,3.38,1.00
2014.08.27 05:55:13.365,0.76784,0.7681,2.25,1.00
2014.08.27 05:55:23.250,0.76784,0.7681,2.63,1.00
2014.08.27 05:55:32.848,0.76789,0.7681,1.00,1.00
2014.08.27 05:55:43.075,0.76785,0.7681,1.13,1.00
2014.08.27 05:55:43.835,0.76785,0.76809,1.00,1.13
2014.08.27 05:55:44.386,0.76785,0.76807,1.00,1.00
2014.08.27 05:55:44.740,0.76784,0.76805,1.00,1.00
2014.08.27 05:55:45.867,0.76784,0.76806,1.00,1.38
2014.08.27 05:55:46.478,0.76784,0.76806,1.00,1.38
2014.08.27 05:55:51.049,0.76784,0.76806,1.00,1.00
2014.08.27 05:55:51.150,0.76784,0.76808,1.00,1.13
2014.08.27 05:55:51.325,0.76789,0.76808,1.00,1.13
2014.08.27 05:55:51.478,0.76784,0.76808,1.00,1.13
2014.08.27 05:55:51.695,0.76784,0.7681,1.00,1.13
2014.08.27 05:55:51.925,0.76789,0.7681,1.00,1.13
2014.08.27 05:56:02.765,0.7679,0.7681,1.00,1.00
2014.08.27 05:56:09.485,0.76784,0.7681,1.00,1.00
2014.08.27 05:56:10.243,0.76784,0.7681,1.00,1.38
2014.08.27 05:56:12.495,0.76789,0.7681,1.00,1.38
2014.08.27 05:56:13.214,0.7679,0.7681,1.00,1.38
2014.08.27 05:56:13.593,0.76784,0.7681,1.00,1.00
2014.08.27 05:56:20.194,0.76789,0.7681,1.00,1.00
2014.08.27 05:56:20.366,0.76784,0.7681,1.00,1.00
2014.08.27 05:56:21.687,0.76789,0.7681,1.00,1.00
2014.08.27 05:56:32.406,0.76784,0.7681,1.00,1.00
2014.08.27 05:56:34.125,0.7679,0.7681,1.00,1.00
2014.08.27 05:56:35.117,0.76784,0.7681,1.00,1.00
2014.08.27 05:56:35.774,0.76784,0.7681,1.00,1.38
2014.08.27 05:56:37.326,0.76785,0.76808,1.00,1.13
2014.08.27 05:56:38.677,0.76784,0.76808,1.13,1.00
2014.08.27 05:56:39.226,0.76784,0.76807,1.00,1.00
2014.08.27 05:56:39.776,0.76785,0.76807,1.00,1.00
2014.08.27 05:56:40.506,0.76784,0.76807,1.00,1.00
2014.08.27 05:56:41.268,0.76785,0.76807,1.00,1.00
2014.08.27 05:56:41.598,0.76785,0.76807,1.00,1.38
2014.08.27 05:56:42.154,0.7678,0.76807,1.50,1.38
2014.08.27 05:56:42.308,0.76784,0.76807,1.00,1.38
2014.08.27 05:56:45.078,0.76784,0.76807,1.00,1.50
2014.08.27 05:56:45.179,0.76779,0.76804,1.00,1.13
2014.08.27 05:56:45.380,0.76774,0.76803,1.88,1.13
2014.08.27 05:56:45.595,0.76775,0.76801,1.38,1.00
2014.08.27 05:56:45.924,0.7678,0.76802,1.00,1.00
2014.08.27 05:56:46.550,0.76779,0.76802,1.00,1.00
2014.08.27 05:56:47.121,0.7678,0.76802,1.00,1.00
2014.08.27 05:56:47.865,0.76779,0.76802,1.00,1.00
2014.08.27 05:56:48.531,0.76775,0.76802,1.38,1.00
2014.08.27 05:56:50.899,0.76775,0.76802,1.38,1.00
2014.08.27 05:56:51.121,0.76775,0.76802,1.13,1.00
2014.08.27 05:56:51.324,0.76779,0.76802,1.00,1.00
2014.08.27 05:56:51.652,0.76774,0.76799,1.38,1.00
2014.08.27 05:56:52.693,0.76774,0.76798,1.38,1.00
2014.08.27 05:56:52.914,0.76774,0.768,1.38,1.00
2014.08.27 05:56:52.965,0.76779,0.768,1.00,1.00
2014.08.27 05:56:53.166,0.76774,0.768,1.13,1.00
2014.08.27 05:56:53.374,0.76779,0.768,1.00,1.00
2014.08.27 05:56:54.695,0.76774,0.768,1.38,1.00
2014.08.27 05:56:56.834,0.7678,0.768,1.00,1.00
2014.08.27 05:56:57.583,0.76779,0.76802,1.00,1.00
2014.08.27 05:56:57.753,0.76779,0.76805,1.00,1.00
2014.08.27 05:56:58.324,0.76779,0.76804,1.00,1.00
2014.08.27 05:56:58.523,0.76779,0.76802,1.00,1.00
2014.08.27 05:56:59.096,0.7678,0.76802,1.00,1.00
2014.08.27 05:57:00.853,0.76779,0.76802,1.00,1.00
2014.08.27 05:57:00.943,0.76779,0.76804,1.00,1.00
2014.08.27 05:57:02.064,0.7678,0.76804,1.00,1.00
2014.08.27 05:57:02.725,0.76779,0.76804,1.00,1.00
2014.08.27 05:57:05.784,0.76779,0.76805,1.13,1.00
2014.08.27 05:57:05.889,0.76779,0.76805,1.38,1.00
2014.08.27 05:57:06.686,0.76779,0.76805,1.88,1.00
2014.08.27 05:57:07.278,0.76779,0.76805,1.50,1.00
2014.08.27 05:57:08.114,0.7678,0.76805,1.00,1.00
2014.08.27 05:57:08.668,0.76779,0.76805,1.50,1.00
2014.08.27 05:57:09.606,0.76779,0.76805,1.88,1.00
2014.08.27 05:57:10.320,0.76779,0.76805,1.50,1.00
2014.08.27 05:57:11.603,0.76779,0.76805,1.88,1.38
2014.08.27 05:57:15.372,0.76781,0.76807,1.00,1.38
2014.08.27 05:57:15.422,0.76785,0.76807,1.00,1.00
2014.08.27 05:57:15.931,0.76784,0.76809,1.00,1.38
2014.08.27 05:57:17.357,0.76784,0.76809,1.00,1.13
2014.08.27 05:57:17.910,0.76784,0.76809,1.38,1.13
2014.08.27 05:57:18.905,0.76784,0.76809,1.13,1.00
2014.08.27 05:57:19.344,0.76784,0.76808,1.00,1.38
2014.08.27 05:57:19.723,0.76784,0.76805,1.00,1.00
2014.08.27 05:57:20.703,0.7678,0.76805,1.38,1.00
2014.08.27 05:57:21.214,0.7678,0.76804,1.38,1.00
2014.08.27 05:57:22.745,0.76785,0.76804,1.00,1.00
2014.08.27 05:57:23.444,0.76779,0.76804,1.38,1.00
2014.08.27 05:57:25.138,0.76779,0.76804,1.38,1.00
2014.08.27 05:57:25.189,0.76784,0.76804,1.00,1.00
2014.08.27 05:57:27.498,0.76784,0.76806,1.00,1.00
2014.08.27 05:57:28.352,0.7678,0.76806,1.38,1.00
2014.08.27 05:57:28.903,0.76784,0.76806,1.00,1.00
2014.08.27 05:57:39.243,0.76779,0.76806,1.38,1.00
2014.08.27 05:57:40.785,0.76784,0.76806,1.00,1.00
2014.08.27 05:57:43.644,0.76779,0.76806,1.38,1.00
2014.08.27 05:57:48.431,0.76779,0.76806,1.38,1.00
2014.08.27 05:57:48.531,0.76785,0.76806,1.00,1.00
2014.08.27 05:57:48.594,0.76779,0.76806,1.38,1.00
2014.08.27 05:57:49.269,0.76784,0.76806,1.00,1.00
2014.08.27 05:57:50.613,0.76779,0.76806,1.38,1.00
2014.08.27 05:57:52.844,0.7678,0.76806,1.00,1.38
2014.08.27 05:57:53.146,0.76775,0.76801,1.38,1.00
2014.08.27 05:57:53.414,0.76774,0.768,1.38,1.00
2014.08.27 05:57:53.742,0.76774,0.76798,1.38,1.00
2014.08.27 05:58:22.661,0.76774,0.76798,2.63,1.00
2014.08.27 05:58:25.088,0.76774,0.76798,2.63,1.00
2014.08.27 05:58:25.960,0.76774,0.76798,2.63,1.00
2014.08.27 05:58:27.613,0.76774,0.76798,2.63,1.00
2014.08.27 05:58:30.482,0.76774,0.76799,1.38,1.00
2014.08.27 05:58:37.121,0.76774,0.76799,2.63,1.00
2014.08.27 05:58:37.795,0.76774,0.76799,1.88,1.00
2014.08.27 05:58:40.901,0.76773,0.76799,1.88,1.00
2014.08.27 05:58:41.425,0.76773,0.76797,1.88,1.00
2014.08.27 05:58:49.173,0.76773,0.76797,1.88,1.00
2014.08.27 05:58:49.694,0.76773,0.76797,1.88,1.00
2014.08.27 05:58:50.301,0.76772,0.76797,1.88,1.00
2014.08.27 05:58:52.591,0.76774,0.76799,1.38,1.00
2014.08.27 05:58:55.121,0.76772,0.76798,1.88,1.00
2014.08.27 05:58:57.650,0.76774,0.76799,1.38,1.00
2014.08.27 05:59:00.167,0.76772,0.76799,1.88,1.13
2014.08.27 05:59:01.781,0.76772,0.76799,1.88,1.00
2014.08.27 05:59:02.324,0.76773,0.76798,1.88,1.00
2014.08.27 05:59:02.986,0.76773,0.76798,1.88,1.00
2014.08.27 05:59:04.075,0.76773,0.76798,1.88,1.00
2014.08.27 05:59:04.601,0.76776,0.76798,1.50,1.00
2014.08.27 05:59:04.891,0.76772,0.76798,1.38,1.00
2014.08.27 05:59:06.167,0.76775,0.76798,1.00,1.00
2014.08.27 05:59:06.268,0.76772,0.76798,1.50,1.00
2014.08.27 05:59:06.365,0.76772,0.76798,1.38,1.00
2014.08.27 05:59:09.034,0.76772,0.76798,1.38,1.00
2014.08.27 05:59:09.583,0.76772,0.76798,1.38,1.00
2014.08.27 05:59:18.799,0.76771,0.76798,1.38,1.00
2014.08.27 05:59:19.342,0.76771,0.76798,1.38,1.00
2014.08.27 05:59:20.041,0.76771,0.76798,1.38,1.00
2014.08.27 05:59:20.970,0.76771,0.76799,1.88,1.00
2014.08.27 05:59:21.693,0.76771,0.76798,1.38,1.00
2014.08.27 05:59:22.329,0.76771,0.76798,1.38,1.00
2014.08.27 05:59:23.213,0.76771,0.76798,1.38,1.00
2014.08.27 05:59:23.971,0.76771,0.76799,1.88,1.00
2014.08.27 05:59:24.663,0.76771,0.76798,1.38,1.00
2014.08.27 05:59:27.688,0.76771,0.76798,1.38,1.00
2014.08.27 05:59:29.892,0.76771,0.76798,2.63,1.00
2014.08.27 05:59:30.093,0.76771,0.76799,1.88,1.00
2014.08.27 05:59:31.177,0.76773,0.76799,1.38,1.00
2014.08.27 05:59:31.707,0.76773,0.76799,1.38,1.00
2014.08.27 05:59:32.247,0.76773,0.76799,1.38,1.00
2014.08.27 05:59:32.912,0.76775,0.76799,1.00,1.00
2014.08.27 05:59:33.824,0.76773,0.76799,1.88,1.00
2014.08.27 05:59:34.451,0.76773,0.76799,1.88,1.00
2014.08.27 05:59:35.697,0.76773,0.76799,1.88,1.00
2014.08.27 05:59:36.214,0.76773,0.76799,1.88,1.00
2014.08.27 05:59:36.828,0.76773,0.76798,1.38,1.00
2014.08.27 05:59:41.737,0.76773,0.76798,1.38,1.00
2014.08.27 05:59:42.486,0.76773,0.76799,1.88,1.00
2014.08.27 05:59:43.987,0.76773,0.76799,1.88,1.00
2014.08.27 05:59:45.066,0.76773,0.76799,1.00,1.00
2014.08.27 05:59:48.932,0.76771,0.76797,1.00,1.00
2014.08.27 05:59:49.240,0.7677,0.76795,1.00,1.00
2014.08.27 05:59:49.595,0.76769,0.76797,1.50,1.00
2014.08.27 05:59:50.012,0.76767,0.76796,1.00,1.50
2014.08.27 05:59:50.163,0.76766,0.76793,1.00,1.00
2014.08.27 05:59:50.791,0.76765,0.76795,1.00,1.00
2014.08.27 05:59:51.400,0.76765,0.76796,1.00,1.00
2014.08.27 05:59:54.023,0.76765,0.76795,1.00,1.50
2014.08.27 05:59:54.074,0.76762,0.76791,1.00,1.00
2014.08.27 05:59:54.275,0.76758,0.76789,1.50,1.00
2014.08.27 05:59:54.493,0.76756,0.76787,1.00,1.00
2014.08.27 05:59:55.297,0.76758,0.76787,1.00,1.00
2014.08.27 05:59:58.342,0.76755,0.76786,1.00,1.00
2014.08.27 05:59:58.531,0.76755,0.76783,1.00,1.50
2014.08.27 05:59:58.582,0.76749,0.7678,1.50,1.00
2014.08.27 05:59:58.683,0.76749,0.76777,1.00,1.00
2014.08.27 05:59:59.220,0.76749,0.76778,1.00,1.00
2014.08.27 05:59:59.321,0.76749,0.7678,1.50,1.00
