2011.07.05 13:00:00.061,0.70049,0.70087,2.85,3.23
2011.07.05 13:00:00.623,0.70052,0.7008,2.10,2.25
2011.07.05 13:00:00.735,0.70053,0.70089,2.85,2.85
2011.07.05 13:00:01.502,0.70052,0.70088,2.85,3.60
2011.07.05 13:00:01.832,0.70048,0.70086,4.35,3.23
2011.07.05 13:00:01.942,0.70048,0.70086,2.25,4.73
2011.07.05 13:00:02.838,0.70049,0.70086,2.85,2.48
2011.07.05 13:00:02.952,0.7005,0.70088,2.85,2.25
2011.07.05 13:00:03.218,0.7005,0.70088,2.85,2.63
2011.07.05 13:00:03.822,0.70047,0.70085,3.60,2.25
2011.07.05 13:00:03.932,0.70052,0.70088,3.23,2.25
2011.07.05 13:00:04.375,0.7005,0.70088,2.85,2.63
2011.07.05 13:00:04.754,0.70047,0.70083,2.85,2.25
2011.07.05 13:00:05.933,0.70048,0.70084,2.85,2.25
2011.07.05 13:00:07.092,0.70049,0.70087,2.85,2.25
2011.07.05 13:00:08.182,0.70049,0.70085,2.85,2.25
2011.07.05 13:00:08.294,0.70049,0.70085,2.25,2.25
2011.07.05 13:00:08.402,0.70041,0.70089,1.73,1.73
2011.07.05 13:00:08.512,0.70041,0.70089,1.73,2.10
2011.07.05 13:00:09.095,0.70038,0.70089,2.48,2.10
2011.07.05 13:00:09.652,0.70045,0.70083,2.85,2.63
2011.07.05 13:00:09.981,0.70047,0.70086,2.25,2.25
2011.07.05 13:00:10.907,0.70047,0.70086,2.63,2.25
2011.07.05 13:00:11.121,0.70057,0.70093,2.25,2.25
2011.07.05 13:00:11.231,0.70057,0.70093,2.25,3.00
2011.07.05 13:00:11.342,0.70049,0.70085,2.85,2.25
2011.07.05 13:00:11.562,0.70052,0.7009,2.25,2.25
2011.07.05 13:00:12.103,0.70053,0.70089,2.25,2.25
2011.07.05 13:00:13.058,0.70053,0.7009,2.25,2.25
2011.07.05 13:00:13.173,0.70048,0.70086,2.25,2.25
2011.07.05 13:00:14.644,0.70048,0.70084,2.25,2.25
2011.07.05 13:00:16.054,0.70047,0.70085,2.63,3.00
2011.07.05 13:00:16.691,0.70051,0.70085,2.10,3.00
2011.07.05 13:00:16.912,0.70051,0.70087,2.48,2.25
2011.07.05 13:00:20.256,0.70058,0.70087,1.50,2.25
2011.07.05 13:00:20.366,0.70058,0.70091,1.88,2.25
2011.07.05 13:00:20.472,0.7006,0.70096,2.25,2.85
2011.07.05 13:00:21.333,0.70058,0.70097,4.13,2.85
2011.07.05 13:00:23.158,0.70059,0.70095,3.23,2.25
2011.07.05 13:00:24.027,0.7006,0.70096,2.85,2.85
2011.07.05 13:00:24.914,0.70058,0.70097,2.85,3.23
2011.07.05 13:00:25.464,0.70054,0.70092,2.85,2.85
2011.07.05 13:00:26.682,0.70054,0.70092,3.23,2.25
2011.07.05 13:00:26.791,0.70058,0.70096,2.85,2.25
2011.07.05 13:00:27.385,0.70059,0.70097,2.25,2.25
2011.07.05 13:00:27.493,0.70061,0.70097,2.25,2.63
2011.07.05 13:00:27.601,0.70056,0.70094,3.60,2.63
2011.07.05 13:00:27.711,0.70056,0.70094,3.00,3.23
2011.07.05 13:00:28.032,0.70056,0.70094,2.25,3.23
2011.07.05 13:00:28.923,0.70052,0.7009,3.60,2.63
2011.07.05 13:00:31.371,0.70054,0.70092,2.85,2.63
2011.07.05 13:00:31.701,0.70059,0.70096,2.10,2.25
2011.07.05 13:00:32.723,0.70059,0.70095,2.10,3.00
2011.07.05 13:00:35.043,0.7006,0.70096,3.23,2.25
2011.07.05 13:00:36.321,0.70061,0.70097,3.23,2.25
2011.07.05 13:00:37.109,0.70059,0.70096,2.48,2.25
2011.07.05 13:00:37.794,0.70059,0.70093,2.48,2.25
2011.07.05 13:00:38.772,0.70049,0.70085,4.73,2.25
2011.07.05 13:00:38.881,0.70055,0.70085,1.35,2.25
2011.07.05 13:00:38.992,0.70056,0.70094,2.63,2.25
2011.07.05 13:00:39.101,0.70056,0.70094,4.73,2.25
2011.07.05 13:00:40.265,0.70056,0.70091,2.48,2.25
2011.07.05 13:00:46.153,0.70057,0.70092,1.73,2.25
2011.07.05 13:00:46.492,0.70057,0.70093,2.63,2.85
2011.07.05 13:00:47.036,0.70051,0.70083,2.10,2.25
2011.07.05 13:00:47.142,0.70047,0.70083,3.23,2.85
2011.07.05 13:00:47.362,0.70047,0.70074,2.10,2.25
2011.07.05 13:00:47.472,0.70042,0.70074,2.10,2.25
2011.07.05 13:00:52.379,0.70038,0.70074,2.48,2.25
2011.07.05 13:00:55.672,0.70042,0.70077,1.73,2.25
2011.07.05 13:00:56.094,0.70043,0.70079,3.23,2.85
2011.07.05 13:01:03.172,0.70044,0.70077,1.73,2.25
2011.07.05 13:01:03.435,0.70042,0.70077,1.73,2.25
2011.07.05 13:01:03.942,0.7004,0.70076,3.23,2.25
2011.07.05 13:01:05.097,0.70041,0.70075,1.73,2.25
2011.07.05 13:01:05.653,0.70041,0.70076,1.73,2.25
2011.07.05 13:01:05.872,0.70044,0.70078,1.35,2.25
2011.07.05 13:01:05.982,0.70042,0.70078,3.98,2.25
2011.07.05 13:01:06.091,0.70044,0.70078,2.10,2.25
2011.07.05 13:01:06.672,0.70044,0.70079,2.10,1.50
2011.07.05 13:01:07.044,0.70044,0.70071,2.10,2.25
2011.07.05 13:01:08.022,0.70044,0.7007,2.10,2.25
2011.07.05 13:01:10.323,0.70041,0.70069,1.73,2.25
2011.07.05 13:01:11.552,0.7004,0.70072,1.35,2.25
2011.07.05 13:01:12.644,0.70041,0.70071,1.73,2.25
2011.07.05 13:01:13.365,0.70042,0.70071,1.73,2.25
2011.07.05 13:01:13.472,0.70042,0.70074,1.73,2.25
2011.07.05 13:01:14.567,0.70046,0.70074,1.13,2.25
2011.07.05 13:01:16.076,0.70041,0.70074,2.10,2.25
2011.07.05 13:01:18.743,0.70046,0.70074,2.48,2.25
2011.07.05 13:01:19.072,0.70046,0.7007,2.48,2.25
2011.07.05 13:01:19.183,0.70042,0.70074,1.35,2.25
2011.07.05 13:01:19.682,0.7004,0.70071,2.48,2.25
2011.07.05 13:01:20.254,0.70036,0.70071,1.73,2.25
2011.07.05 13:01:20.614,0.70036,0.70068,1.73,2.25
2011.07.05 13:01:21.087,0.7004,0.70068,1.13,2.25
2011.07.05 13:01:22.662,0.70036,0.70065,1.13,2.25
2011.07.05 13:01:22.772,0.70036,0.70065,1.13,2.25
2011.07.05 13:01:23.283,0.70036,0.70065,1.13,2.25
2011.07.05 13:01:23.392,0.70031,0.70059,1.13,2.25
2011.07.05 13:01:23.694,0.70031,0.70059,1.13,2.25
2011.07.05 13:01:23.845,0.70031,0.70059,1.13,2.25
2011.07.05 13:01:24.504,0.70031,0.70059,1.13,2.25
2011.07.05 13:01:24.725,0.70031,0.70059,1.13,2.25
2011.07.05 13:01:24.831,0.70031,0.70059,1.13,2.25
2011.07.05 13:01:25.344,0.70031,0.70061,1.13,2.25
2011.07.05 13:01:25.452,0.70036,0.70061,1.73,2.25
2011.07.05 13:01:25.561,0.70036,0.70065,1.73,2.25
2011.07.05 13:01:25.671,0.70038,0.70067,1.73,2.25
2011.07.05 13:01:26.594,0.70037,0.70067,1.73,2.25
2011.07.05 13:01:26.701,0.70038,0.70067,1.73,2.25
2011.07.05 13:01:29.714,0.70038,0.70066,1.73,2.25
2011.07.05 13:01:30.042,0.7004,0.7007,1.13,2.25
2011.07.05 13:01:30.678,0.70036,0.7007,1.73,2.25
2011.07.05 13:01:30.792,0.70038,0.70065,1.35,2.25
2011.07.05 13:01:31.334,0.70038,0.70065,1.35,2.25
2011.07.05 13:01:33.453,0.70038,0.70066,1.35,2.25
2011.07.05 13:01:36.487,0.70036,0.70066,1.35,2.25
2011.07.05 13:01:36.644,0.70036,0.70063,1.35,2.25
2011.07.05 13:01:36.751,0.70034,0.70063,1.13,2.25
2011.07.05 13:01:36.861,0.70032,0.70063,1.73,2.25
2011.07.05 13:01:36.971,0.70032,0.7006,1.73,2.25
2011.07.05 13:01:37.302,0.70031,0.70056,1.35,2.25
2011.07.05 13:01:38.822,0.70026,0.7006,1.13,2.25
2011.07.05 13:01:39.812,0.70027,0.70061,1.13,2.25
2011.07.05 13:01:40.994,0.70028,0.70061,1.13,2.25
2011.07.05 13:01:41.232,0.70025,0.70061,2.63,2.25
2011.07.05 13:01:41.341,0.70025,0.70061,2.25,2.25
2011.07.05 13:01:41.452,0.70024,0.70059,1.13,2.25
2011.07.05 13:01:41.795,0.70026,0.7006,1.13,2.25
2011.07.05 13:01:42.472,0.70027,0.70064,1.35,2.25
2011.07.05 13:01:43.004,0.70032,0.70065,1.13,2.25
2011.07.05 13:01:43.966,0.70035,0.70065,1.13,2.25
2011.07.05 13:01:44.610,0.70037,0.70064,1.13,2.25
2011.07.05 13:01:44.942,0.70036,0.70067,1.50,2.25
2011.07.05 13:01:45.161,0.70041,0.7007,1.13,2.25
2011.07.05 13:01:45.972,0.70041,0.70071,1.13,2.25
2011.07.05 13:01:46.392,0.70037,0.70071,1.13,2.25
2011.07.05 13:01:46.501,0.70037,0.70068,1.13,2.25
2011.07.05 13:01:46.929,0.70037,0.7007,1.13,2.25
2011.07.05 13:01:47.043,0.70035,0.70067,1.13,2.25
2011.07.05 13:01:48.956,0.70035,0.70067,1.13,2.25
2011.07.05 13:01:49.171,0.70036,0.7007,1.13,2.25
2011.07.05 13:01:52.106,0.70036,0.7007,1.73,2.25
2011.07.05 13:01:53.514,0.70039,0.7007,1.13,2.25
2011.07.05 13:01:53.842,0.70041,0.70073,1.13,2.25
2011.07.05 13:01:54.444,0.70037,0.70074,1.50,2.25
2011.07.05 13:01:55.793,0.70042,0.70072,1.13,2.25
2011.07.05 13:01:57.233,0.70042,0.70071,1.13,2.25
2011.07.05 13:01:58.064,0.70036,0.70072,4.35,2.25
2011.07.05 13:02:03.841,0.70042,0.70075,1.13,2.25
2011.07.05 13:02:05.542,0.70037,0.70073,1.13,2.25
2011.07.05 13:02:05.651,0.70037,0.70073,1.73,2.25
2011.07.05 13:02:06.175,0.70041,0.70074,1.73,2.25
2011.07.05 13:02:07.251,0.70038,0.70075,3.60,2.25
2011.07.05 13:02:07.641,0.70042,0.70078,1.35,2.25
2011.07.05 13:02:08.512,0.70042,0.70075,1.73,2.25
2011.07.05 13:02:09.233,0.70042,0.70075,1.73,2.25
2011.07.05 13:02:10.062,0.70041,0.70074,1.73,2.25
2011.07.05 13:02:10.561,0.70041,0.70071,1.35,2.25
2011.07.05 13:02:11.461,0.70035,0.70068,1.13,2.25
2011.07.05 13:02:11.572,0.70032,0.70064,1.73,2.25
2011.07.05 13:02:12.154,0.70031,0.70064,1.73,2.25
2011.07.05 13:02:12.263,0.70032,0.70064,1.73,2.25
2011.07.05 13:02:12.755,0.70031,0.70063,1.73,2.25
2011.07.05 13:02:13.643,0.70031,0.7006,1.73,2.25
2011.07.05 13:02:14.012,0.70031,0.70067,1.73,2.25
2011.07.05 13:02:14.807,0.70031,0.70067,1.73,2.25
2011.07.05 13:02:15.976,0.70031,0.70065,1.73,2.25
2011.07.05 13:02:16.880,0.70031,0.70066,1.73,2.25
2011.07.05 13:02:19.891,0.70031,0.70065,1.73,2.25
2011.07.05 13:02:22.684,0.70032,0.70065,1.35,2.25
2011.07.05 13:02:23.249,0.70033,0.70071,3.23,2.25
2011.07.05 13:02:23.722,0.70032,0.70068,3.23,2.25
2011.07.05 13:02:24.116,0.70028,0.70067,5.10,2.25
2011.07.05 13:02:25.235,0.70031,0.70066,1.73,2.25
2011.07.05 13:02:26.917,0.70028,0.70067,4.73,2.25
2011.07.05 13:02:27.132,0.70029,0.70065,3.23,2.25
2011.07.05 13:02:28.552,0.70037,0.70073,2.10,2.63
2011.07.05 13:02:29.164,0.70037,0.70074,2.48,2.25
2011.07.05 13:02:29.892,0.70037,0.70072,2.48,2.25
2011.07.05 13:02:33.813,0.70042,0.70077,3.23,2.25
2011.07.05 13:02:34.252,0.70047,0.70081,1.35,2.25
2011.07.05 13:02:34.362,0.70047,0.70079,1.35,2.25
2011.07.05 13:02:34.993,0.70044,0.7008,3.23,2.25
2011.07.05 13:02:35.321,0.70042,0.70077,2.48,2.25
2011.07.05 13:02:35.882,0.7004,0.70075,1.35,2.25
2011.07.05 13:02:35.992,0.70039,0.70075,3.23,2.25
2011.07.05 13:02:36.919,0.70039,0.70076,3.23,2.25
2011.07.05 13:02:37.332,0.70043,0.70079,3.23,2.85
2011.07.05 13:02:37.933,0.70039,0.70077,3.23,2.25
2011.07.05 13:02:38.043,0.70039,0.70075,3.23,2.25
2011.07.05 13:02:39.835,0.70037,0.70072,3.60,2.25
2011.07.05 13:02:40.051,0.70042,0.70074,1.73,2.25
2011.07.05 13:02:40.272,0.70038,0.70076,3.60,2.25
2011.07.05 13:02:40.388,0.70043,0.70079,3.23,3.60
2011.07.05 13:02:40.752,0.70039,0.70076,3.23,2.25
2011.07.05 13:02:41.342,0.70039,0.70077,3.23,2.25
2011.07.05 13:02:43.916,0.70042,0.70078,3.60,2.85
2011.07.05 13:02:44.243,0.70037,0.70075,4.73,2.25
2011.07.05 13:02:47.042,0.70037,0.70074,2.48,2.25
2011.07.05 13:02:50.352,0.70037,0.70072,2.48,2.25
2011.07.05 13:02:50.831,0.70038,0.70074,3.23,2.25
2011.07.05 13:02:51.414,0.70037,0.70073,4.73,2.25
2011.07.05 13:02:51.950,0.70037,0.70072,2.48,2.25
2011.07.05 13:02:53.035,0.70036,0.70072,1.73,2.25
2011.07.05 13:02:53.142,0.70032,0.70067,1.73,2.25
2011.07.05 13:02:53.743,0.70032,0.70069,1.73,2.25
2011.07.05 13:02:58.892,0.70034,0.70069,1.35,2.25
2011.07.05 13:02:59.326,0.70034,0.70071,1.35,2.25
2011.07.05 13:03:01.261,0.70037,0.70073,1.73,2.25
2011.07.05 13:03:01.372,0.70035,0.70073,2.63,2.85
2011.07.05 13:03:01.482,0.70034,0.7007,2.63,2.85
2011.07.05 13:03:01.701,0.70032,0.70067,1.73,2.25
2011.07.05 13:03:01.811,0.70032,0.70067,1.73,2.25
2011.07.05 13:03:02.302,0.70032,0.70066,3.23,2.25
2011.07.05 13:03:03.361,0.70032,0.70065,2.48,2.25
2011.07.05 13:03:04.214,0.70031,0.70066,1.73,2.25
2011.07.05 13:03:05.304,0.70032,0.70066,2.10,2.25
2011.07.05 13:03:05.522,0.70034,0.7007,2.63,2.25
2011.07.05 13:03:05.751,0.70032,0.70068,1.73,2.25
2011.07.05 13:03:06.294,0.70032,0.70067,1.73,2.25
2011.07.05 13:03:07.037,0.70032,0.70067,1.73,2.25
2011.07.05 13:03:07.682,0.70032,0.70067,1.73,2.25
2011.07.05 13:03:08.273,0.70032,0.70066,1.73,2.25
2011.07.05 13:03:10.171,0.70031,0.70067,3.23,2.25
2011.07.05 13:03:10.722,0.70027,0.70065,4.73,2.25
2011.07.05 13:03:11.751,0.70027,0.70064,2.48,2.25
2011.07.05 13:03:12.351,0.70031,0.70065,1.35,2.25
2011.07.05 13:03:13.574,0.70031,0.70066,1.35,2.25
2011.07.05 13:03:14.375,0.70031,0.70067,1.35,2.25
2011.07.05 13:03:14.930,0.70029,0.70066,3.23,2.25
2011.07.05 13:03:16.465,0.70029,0.70065,3.23,2.25
2011.07.05 13:03:18.994,0.70032,0.70066,1.35,2.25
2011.07.05 13:03:21.103,0.70032,0.70067,1.35,2.25
2011.07.05 13:03:21.744,0.70032,0.70065,1.35,2.25
2011.07.05 13:03:22.293,0.70027,0.70062,3.23,2.25
2011.07.05 13:03:22.525,0.70027,0.70065,5.48,2.25
2011.07.05 13:03:24.832,0.70032,0.70066,1.73,2.25
2011.07.05 13:03:28.397,0.70033,0.70066,1.73,2.25
2011.07.05 13:03:28.503,0.70035,0.70068,1.13,2.25
2011.07.05 13:03:28.613,0.70035,0.70071,1.13,2.85
2011.07.05 13:03:28.765,0.70033,0.70071,3.23,2.85
2011.07.05 13:03:28.872,0.70033,0.70071,2.85,2.85
2011.07.05 13:03:29.478,0.70029,0.70065,3.23,2.25
2011.07.05 13:03:30.082,0.70032,0.70066,1.35,2.25
2011.07.05 13:03:30.582,0.70027,0.70062,1.73,2.25
2011.07.05 13:03:30.912,0.70021,0.70058,1.73,2.25
2011.07.05 13:03:31.253,0.70024,0.70062,3.23,2.85
2011.07.05 13:03:32.242,0.70022,0.7006,4.35,2.85
2011.07.05 13:03:34.402,0.70026,0.70062,1.13,2.25
2011.07.05 13:03:34.972,0.70027,0.70063,2.25,2.85
2011.07.05 13:03:35.081,0.70022,0.7006,3.98,2.25
2011.07.05 13:03:35.612,0.70022,0.70059,1.73,2.25
2011.07.05 13:03:36.005,0.70019,0.70055,2.48,2.25
2011.07.05 13:03:39.204,0.70019,0.70055,2.48,2.25
2011.07.05 13:03:39.422,0.70021,0.70059,2.85,2.85
2011.07.05 13:03:39.532,0.70019,0.70053,2.48,2.25
2011.07.05 13:03:40.474,0.70019,0.7005,2.48,2.25
2011.07.05 13:03:41.845,0.70014,0.7005,2.85,2.25
2011.07.05 13:03:42.073,0.70007,0.70045,2.25,2.85
2011.07.05 13:03:42.402,0.70003,0.70039,3.23,2.25
2011.07.05 13:03:42.741,0.70007,0.70039,1.13,2.25
2011.07.05 13:03:43.072,0.70004,0.7004,3.23,2.25
2011.07.05 13:03:43.403,0.70001,0.70035,1.73,2.25
2011.07.05 13:03:43.623,0.70001,0.70039,5.48,2.25
2011.07.05 13:03:44.843,0.70002,0.70036,1.73,2.25
2011.07.05 13:03:46.592,0.70002,0.70038,1.73,2.25
2011.07.05 13:03:47.152,0.70001,0.70037,2.48,2.25
2011.07.05 13:03:47.997,0.70002,0.70038,3.23,2.25
2011.07.05 13:03:48.985,0.70002,0.7004,3.23,2.25
2011.07.05 13:03:52.143,0.70002,0.70038,3.23,2.25
2011.07.05 13:03:53.362,0.70001,0.70037,3.23,2.25
2011.07.05 13:03:56.366,0.70001,0.70035,3.23,2.25
2011.07.05 13:03:57.822,0.70001,0.70035,1.35,2.25
2011.07.05 13:03:57.932,0.70001,0.70032,1.35,2.25
2011.07.05 13:03:58.392,0.70002,0.70032,1.35,2.25
2011.07.05 13:03:58.502,0.69998,0.70031,1.35,2.25
2011.07.05 13:03:58.612,0.69998,0.70035,1.35,2.25
2011.07.05 13:03:58.723,0.70002,0.70038,5.10,2.25
2011.07.05 13:03:59.052,0.70008,0.70042,2.48,2.25
2011.07.05 13:03:59.162,0.70008,0.70044,2.48,2.25
2011.07.05 13:03:59.384,0.70013,0.70044,2.48,2.25
2011.07.05 13:03:59.492,0.70013,0.7005,5.10,2.25
2011.07.05 13:04:00.053,0.70014,0.7005,3.60,2.25
2011.07.05 13:04:00.807,0.70015,0.70051,3.23,2.85
2011.07.05 13:04:01.322,0.70018,0.70051,1.35,2.85
2011.07.05 13:04:01.542,0.70017,0.70051,1.73,2.85
2011.07.05 13:04:03.344,0.70015,0.70051,3.23,2.85
2011.07.05 13:04:03.853,0.70015,0.70051,2.63,2.85
2011.07.05 13:04:04.072,0.70011,0.70046,1.73,2.25
2011.07.05 13:04:05.021,0.70007,0.70045,3.23,2.85
2011.07.05 13:04:05.132,0.70002,0.70036,3.23,2.25
2011.07.05 13:04:05.242,0.70002,0.70035,1.35,2.25
2011.07.05 13:04:05.462,0.69996,0.70034,3.98,2.25
2011.07.05 13:04:05.701,0.69996,0.70032,1.73,2.25
2011.07.05 13:04:06.264,0.69997,0.70031,2.48,2.25
2011.07.05 13:04:06.482,0.69997,0.70033,4.73,2.25
2011.07.05 13:04:06.592,0.7,0.70038,2.85,2.85
2011.07.05 13:04:06.812,0.70002,0.70036,1.73,2.25
2011.07.05 13:04:07.032,0.70003,0.70039,3.23,2.25
2011.07.05 13:04:07.622,0.70005,0.70041,1.35,2.85
2011.07.05 13:04:08.475,0.70005,0.70043,3.23,2.85
2011.07.05 13:04:09.814,0.70006,0.70043,1.73,2.85
2011.07.05 13:04:10.362,0.70006,0.70043,1.35,2.85
2011.07.05 13:04:10.984,0.70005,0.70043,3.60,2.85
2011.07.05 13:04:12.343,0.70004,0.70042,3.23,2.85
2011.07.05 13:04:13.214,0.70006,0.70042,1.35,2.85
2011.07.05 13:04:13.326,0.70008,0.70044,2.48,2.25
2011.07.05 13:04:14.343,0.70008,0.70046,2.48,2.85
2011.07.05 13:04:18.372,0.70009,0.70047,2.85,3.23
2011.07.05 13:04:18.483,0.70008,0.70042,2.10,2.25
2011.07.05 13:04:18.812,0.70008,0.7004,2.10,2.25
2011.07.05 13:04:19.474,0.70008,0.70037,2.10,2.25
2011.07.05 13:04:19.582,0.70002,0.70037,2.48,2.25
2011.07.05 13:04:21.142,0.70002,0.70036,2.48,2.25
2011.07.05 13:04:21.663,0.70002,0.70038,2.48,2.25
2011.07.05 13:04:26.294,0.70003,0.70039,3.23,2.25
2011.07.05 13:04:26.734,0.70003,0.70041,3.23,2.25
2011.07.05 13:04:27.061,0.70002,0.70038,4.73,2.25
2011.07.05 13:04:28.494,0.70007,0.70041,1.35,2.25
2011.07.05 13:04:28.866,0.70007,0.70041,2.85,2.25
2011.07.05 13:04:29.232,0.70007,0.70045,2.48,2.85
2011.07.05 13:04:32.482,0.70009,0.70045,3.60,2.85
2011.07.05 13:04:33.049,0.70011,0.70045,2.48,2.25
2011.07.05 13:04:33.152,0.70012,0.7005,3.23,2.25
2011.07.05 13:04:35.427,0.70012,0.70048,1.73,2.25
2011.07.05 13:04:36.662,0.70011,0.70045,1.13,2.25
2011.07.05 13:04:36.772,0.70012,0.70048,2.25,2.63
2011.07.05 13:04:36.882,0.70006,0.7004,1.73,2.25
2011.07.05 13:04:37.102,0.70012,0.70048,2.63,2.25
2011.07.05 13:04:37.943,0.70008,0.70044,3.23,2.25
2011.07.05 13:04:38.453,0.70006,0.70045,4.35,2.25
2011.07.05 13:04:40.504,0.70007,0.70045,3.98,2.25
2011.07.05 13:04:40.722,0.70004,0.7004,3.23,2.25
2011.07.05 13:04:41.233,0.70002,0.70039,3.23,2.25
2011.07.05 13:04:42.289,0.70001,0.70039,3.23,2.85
2011.07.05 13:04:43.882,0.69997,0.70033,4.73,2.25
2011.07.05 13:04:44.211,0.69997,0.7003,2.48,2.25
2011.07.05 13:04:44.322,0.69998,0.70034,3.23,2.25
2011.07.05 13:04:46.597,0.69998,0.70034,2.63,2.85
2011.07.05 13:04:49.852,0.70009,0.70038,2.25,2.10
2011.07.05 13:04:50.535,0.70008,0.70038,2.25,2.10
2011.07.05 13:04:51.503,0.70009,0.70038,2.25,2.10
2011.07.05 13:04:53.173,0.70008,0.70038,2.25,2.10
2011.07.05 13:04:54.883,0.7001,0.70038,2.25,2.10
2011.07.05 13:04:55.242,0.70007,0.70043,2.25,1.35
2011.07.05 13:04:55.352,0.70012,0.70043,2.25,1.35
2011.07.05 13:04:55.978,0.70013,0.70047,2.25,2.48
2011.07.05 13:04:56.752,0.70011,0.70041,2.25,2.10
2011.07.05 13:04:56.873,0.70013,0.70046,2.25,2.48
2011.07.05 13:04:59.034,0.70015,0.70046,2.25,2.48
2011.07.05 13:04:59.361,0.70017,0.70046,2.25,2.10
2011.07.05 13:04:59.472,0.70017,0.70051,2.25,1.50
2011.07.05 13:04:59.582,0.7002,0.70056,2.25,4.73
2011.07.05 13:04:59.692,0.70023,0.70056,2.25,3.23
2011.07.05 13:04:59.802,0.70025,0.70056,2.25,2.10
2011.07.05 13:05:00.322,0.70026,0.70056,2.25,2.10
2011.07.05 13:05:07.163,0.70026,0.7006,2.25,2.48
2011.07.05 13:05:07.822,0.70026,0.70064,2.25,3.23
2011.07.05 13:05:08.042,0.70032,0.70064,2.25,1.73
2011.07.05 13:05:08.442,0.70032,0.70069,2.25,4.35
2011.07.05 13:05:08.605,0.70032,0.70064,2.25,2.48
2011.07.05 13:05:09.693,0.70032,0.70062,2.25,2.10
2011.07.05 13:05:11.122,0.70027,0.70062,2.25,2.48
2011.07.05 13:05:13.654,0.70027,0.70056,2.25,2.10
2011.07.05 13:05:13.884,0.70023,0.70056,2.25,2.48
2011.07.05 13:05:17.873,0.70023,0.70056,2.25,2.10
2011.07.05 13:05:17.982,0.70027,0.70056,2.25,2.10
2011.07.05 13:05:18.311,0.70029,0.70056,2.25,2.10
2011.07.05 13:05:19.654,0.70028,0.70056,2.25,2.10
2011.07.05 13:05:23.827,0.70027,0.70056,2.25,2.10
2011.07.05 13:05:24.172,0.70027,0.70055,2.25,2.10
2011.07.05 13:05:25.493,0.70018,0.70055,2.25,2.10
2011.07.05 13:05:33.599,0.70021,0.70055,2.25,2.10
2011.07.05 13:05:33.923,0.70017,0.7005,2.25,2.10
2011.07.05 13:05:34.472,0.70016,0.70049,2.25,2.10
2011.07.05 13:05:34.692,0.70013,0.70049,2.85,4.35
2011.07.05 13:05:38.093,0.70013,0.70049,2.85,2.25
2011.07.05 13:05:38.202,0.70013,0.70049,3.23,2.25
2011.07.05 13:05:38.422,0.70017,0.70054,2.25,2.85
2011.07.05 13:05:39.105,0.70018,0.70056,2.25,3.23
2011.07.05 13:05:39.962,0.70019,0.70057,2.25,4.73
2011.07.05 13:05:40.183,0.70017,0.70053,2.25,2.85
2011.07.05 13:05:40.752,0.70017,0.70051,2.25,2.10
2011.07.05 13:05:42.052,0.70016,0.70051,2.25,2.10
2011.07.05 13:05:42.664,0.7002,0.70051,2.25,2.10
2011.07.05 13:05:42.992,0.70022,0.70051,2.25,2.10
2011.07.05 13:05:43.102,0.70016,0.70057,1.35,2.48
2011.07.05 13:05:43.593,0.70017,0.70059,2.10,1.73
2011.07.05 13:05:44.253,0.70019,0.70065,2.48,2.10
2011.07.05 13:05:44.364,0.70031,0.70067,2.25,2.85
2011.07.05 13:05:45.225,0.70031,0.70067,2.25,3.75
2011.07.05 13:05:47.042,0.70031,0.70067,2.25,2.85
2011.07.05 13:05:47.862,0.70028,0.70064,2.25,2.85
2011.07.05 13:05:48.464,0.70029,0.70067,2.25,3.23
2011.07.05 13:05:48.573,0.70027,0.70065,3.00,2.85
2011.07.05 13:05:50.942,0.70025,0.70061,2.25,2.10
2011.07.05 13:05:51.457,0.70025,0.70061,3.00,2.10
2011.07.05 13:05:51.792,0.70028,0.70061,2.25,2.10
2011.07.05 13:05:52.322,0.70024,0.70061,2.25,2.10
2011.07.05 13:05:53.440,0.70024,0.70062,3.60,3.23
2011.07.05 13:05:53.773,0.70028,0.70065,2.25,4.35
2011.07.05 13:05:54.934,0.70025,0.70061,3.00,2.85
2011.07.05 13:05:58.934,0.70025,0.70061,3.00,4.35
2011.07.05 13:05:59.065,0.70025,0.70061,2.25,4.35
2011.07.05 13:05:59.283,0.70023,0.70059,2.25,2.85
2011.07.05 13:06:07.678,0.70022,0.70059,3.00,2.25
2011.07.05 13:06:10.434,0.70022,0.70059,2.25,2.85
2011.07.05 13:06:10.872,0.70024,0.7006,2.25,2.10
2011.07.05 13:06:11.214,0.70024,0.7006,3.00,2.10
2011.07.05 13:06:11.593,0.70024,0.7006,2.25,2.10
2011.07.05 13:06:11.703,0.70027,0.70065,2.25,2.85
2011.07.05 13:06:12.032,0.7003,0.70066,2.25,4.35
2011.07.05 13:06:13.873,0.70028,0.70066,2.25,4.35
2011.07.05 13:06:14.683,0.70028,0.70064,2.25,2.25
2011.07.05 13:06:14.793,0.70022,0.70058,1.35,2.25
2011.07.05 13:06:15.012,0.70032,0.70069,2.25,1.35
2011.07.05 13:06:15.612,0.70031,0.70069,2.25,3.60
2011.07.05 13:06:16.054,0.70033,0.70069,2.25,3.60
2011.07.05 13:06:17.253,0.70033,0.70068,2.25,1.88
2011.07.05 13:06:17.583,0.70027,0.70063,3.00,2.10
2011.07.05 13:06:18.097,0.70025,0.70061,2.25,2.85
2011.07.05 13:06:18.203,0.70022,0.7006,3.00,2.85
2011.07.05 13:06:18.313,0.70022,0.70058,3.00,2.10
2011.07.05 13:06:20.883,0.70022,0.70059,3.00,2.85
2011.07.05 13:06:21.487,0.70021,0.70059,3.00,2.85
2011.07.05 13:06:25.553,0.70022,0.70058,2.25,2.85
2011.07.05 13:06:26.612,0.70021,0.70057,2.25,2.85
2011.07.05 13:06:27.595,0.70022,0.70058,2.25,4.35
2011.07.05 13:06:30.455,0.70022,0.70059,3.00,3.75
2011.07.05 13:06:32.113,0.70022,0.70059,2.25,4.50
2011.07.05 13:06:42.521,0.7002,0.70058,2.25,3.60
2011.07.05 13:06:42.743,0.70024,0.70062,2.25,2.85
2011.07.05 13:06:43.262,0.70024,0.70062,2.63,2.25
2011.07.05 13:06:43.372,0.70027,0.70066,2.25,2.25
2011.07.05 13:06:45.303,0.70028,0.70064,2.25,2.25
2011.07.05 13:06:45.525,0.70027,0.70066,2.25,2.25
2011.07.05 13:06:45.783,0.70027,0.70066,2.25,3.00
2011.07.05 13:06:46.722,0.70027,0.70066,2.25,2.25
2011.07.05 13:06:48.163,0.70027,0.70066,2.25,2.85
2011.07.05 13:06:48.492,0.70029,0.70065,2.25,2.85
2011.07.05 13:06:48.602,0.70025,0.70063,2.63,2.85
2011.07.05 13:06:48.711,0.70025,0.70063,2.25,2.85
2011.07.05 13:06:49.457,0.70021,0.70059,2.25,2.25
2011.07.05 13:06:49.563,0.70021,0.70059,2.25,2.85
2011.07.05 13:06:53.578,0.70022,0.70059,2.25,3.60
2011.07.05 13:06:54.233,0.70022,0.7006,3.00,2.25
2011.07.05 13:06:54.345,0.70026,0.70063,2.25,1.35
2011.07.05 13:06:54.972,0.70022,0.7006,3.00,2.25
2011.07.05 13:06:55.242,0.70024,0.7006,2.25,2.25
2011.07.05 13:06:55.625,0.70021,0.70057,3.00,2.25
2011.07.05 13:06:56.203,0.70021,0.70057,2.25,2.25
2011.07.05 13:07:00.155,0.70024,0.7006,2.25,2.85
2011.07.05 13:07:00.485,0.70026,0.70062,2.25,2.85
2011.07.05 13:07:01.034,0.70027,0.70063,2.63,2.25
2011.07.05 13:07:01.142,0.70031,0.70067,2.25,1.50
2011.07.05 13:07:01.263,0.70031,0.70067,2.25,2.10
2011.07.05 13:07:01.482,0.70029,0.70067,2.25,4.35
2011.07.05 13:07:02.908,0.70028,0.70066,2.25,2.85
2011.07.05 13:07:03.662,0.70032,0.70067,2.25,2.10
2011.07.05 13:07:03.992,0.70027,0.70064,2.63,2.85
2011.07.05 13:07:04.212,0.70032,0.70067,2.25,2.10
2011.07.05 13:07:04.335,0.7003,0.70067,2.25,2.10
2011.07.05 13:07:06.302,0.70029,0.70067,2.25,4.35
2011.07.05 13:07:06.812,0.70029,0.70067,3.00,4.35
2011.07.05 13:07:07.397,0.70032,0.70067,2.25,2.10
2011.07.05 13:07:08.132,0.70031,0.70067,2.25,2.48
2011.07.05 13:07:09.732,0.70027,0.70064,2.63,2.85
2011.07.05 13:07:09.843,0.70031,0.70067,2.25,2.10
2011.07.05 13:07:10.173,0.70029,0.70065,2.25,2.85
2011.07.05 13:07:10.282,0.70031,0.70067,2.25,2.10
2011.07.05 13:07:10.822,0.70028,0.70066,2.25,2.85
2011.07.05 13:07:11.375,0.70029,0.70067,2.25,4.73
2011.07.05 13:07:11.688,0.70027,0.70064,3.38,2.85
2011.07.05 13:07:12.467,0.70028,0.70066,2.25,2.85
2011.07.05 13:07:16.749,0.70027,0.70065,2.25,3.23
2011.07.05 13:07:17.223,0.70025,0.70063,2.25,3.23
2011.07.05 13:07:17.442,0.70023,0.70061,2.25,2.85
2011.07.05 13:07:23.939,0.70021,0.7006,2.25,2.85
2011.07.05 13:07:34.475,0.70022,0.70059,2.25,2.85
2011.07.05 13:07:40.793,0.70021,0.70057,2.25,2.85
2011.07.05 13:07:41.013,0.70021,0.70057,2.25,2.85
2011.07.05 13:07:41.173,0.70019,0.70057,2.25,2.85
2011.07.05 13:07:45.788,0.70016,0.70052,3.00,2.85
2011.07.05 13:07:46.436,0.70018,0.70054,2.25,2.85
2011.07.05 13:07:46.995,0.7002,0.70056,2.25,2.85
2011.07.05 13:07:53.782,0.7002,0.70056,3.00,2.85
2011.07.05 13:07:58.434,0.70021,0.70057,2.25,2.85
2011.07.05 13:07:58.542,0.70025,0.70061,2.25,2.85
2011.07.05 13:08:00.404,0.70026,0.70062,2.25,2.85
2011.07.05 13:08:00.815,0.70026,0.70059,2.25,2.10
2011.07.05 13:08:01.982,0.70026,0.7006,2.25,1.50
2011.07.05 13:08:02.412,0.70026,0.7006,2.25,2.10
2011.07.05 13:08:05.163,0.70021,0.70058,3.00,2.10
2011.07.05 13:08:06.635,0.70021,0.70058,3.00,2.10
2011.07.05 13:08:08.611,0.70021,0.70058,3.00,2.10
2011.07.05 13:08:08.834,0.70024,0.7006,2.25,4.35
2011.07.05 13:08:09.435,0.70025,0.7006,2.25,2.10
2011.07.05 13:08:09.892,0.70021,0.70057,2.25,3.23
2011.07.05 13:08:10.396,0.70019,0.70057,2.25,3.23
2011.07.05 13:08:13.302,0.70019,0.7005,2.25,2.10
2011.07.05 13:08:13.413,0.70016,0.7005,2.25,2.48
2011.07.05 13:08:13.742,0.70012,0.70048,3.00,3.23
2011.07.05 13:08:15.083,0.70012,0.70045,2.25,2.10
2011.07.05 13:08:15.983,0.70011,0.70045,2.25,2.10
2011.07.05 13:08:16.704,0.70011,0.70045,2.25,2.10
2011.07.05 13:08:18.228,0.70015,0.70045,2.25,2.10
2011.07.05 13:08:20.664,0.70015,0.70048,2.25,2.10
2011.07.05 13:08:23.403,0.70011,0.70048,3.60,2.10
2011.07.05 13:08:29.502,0.70014,0.70048,2.25,2.85
2011.07.05 13:08:29.635,0.7001,0.70048,2.85,5.10
2011.07.05 13:08:30.182,0.70014,0.70048,2.25,2.10
2011.07.05 13:08:30.514,0.70014,0.7005,3.23,2.85
2011.07.05 13:08:30.625,0.70018,0.70053,2.25,2.10
2011.07.05 13:08:32.642,0.70019,0.70053,2.25,2.10
2011.07.05 13:08:34.607,0.7002,0.70053,2.25,2.10
2011.07.05 13:08:35.184,0.7002,0.70052,2.25,2.10
2011.07.05 13:08:36.646,0.70016,0.70051,3.00,2.10
2011.07.05 13:08:45.272,0.70016,0.70054,3.00,4.73
2011.07.05 13:08:50.723,0.70017,0.70055,2.25,2.85
2011.07.05 13:08:51.063,0.70021,0.7006,2.25,3.23
2011.07.05 13:08:51.623,0.70021,0.70059,3.00,3.23
2011.07.05 13:08:52.666,0.70021,0.70059,3.00,3.23
2011.07.05 13:08:53.392,0.70022,0.7006,2.25,3.23
2011.07.05 13:08:56.462,0.70021,0.70059,2.25,2.85
2011.07.05 13:08:56.989,0.7002,0.70056,3.00,2.85
2011.07.05 13:08:57.373,0.7002,0.70056,2.25,2.85
2011.07.05 13:08:58.513,0.70021,0.70059,2.25,3.98
2011.07.05 13:09:01.015,0.70022,0.7006,2.25,2.85
2011.07.05 13:09:01.346,0.70024,0.7006,2.25,3.23
2011.07.05 13:09:06.517,0.70022,0.7006,2.25,3.23
2011.07.05 13:09:07.342,0.70024,0.7006,2.25,3.23
2011.07.05 13:09:11.448,0.70025,0.70062,2.25,2.48
2011.07.05 13:09:11.552,0.70025,0.70063,2.25,3.23
2011.07.05 13:09:12.092,0.70024,0.7006,2.25,2.63
2011.07.05 13:09:12.707,0.70023,0.70059,2.25,2.25
2011.07.05 13:09:13.493,0.70022,0.70059,2.25,2.25
2011.07.05 13:09:14.212,0.70027,0.70063,2.25,2.85
2011.07.05 13:09:14.793,0.70027,0.70063,2.25,2.85
2011.07.05 13:09:15.667,0.70028,0.70065,2.25,2.85
2011.07.05 13:09:16.343,0.70029,0.70065,2.25,2.85
2011.07.05 13:09:16.452,0.70027,0.70066,2.25,3.23
2011.07.05 13:09:17.229,0.70034,0.70066,2.10,2.25
2011.07.05 13:09:17.533,0.70042,0.70078,2.48,2.25
2011.07.05 13:09:17.823,0.70042,0.7008,3.23,2.25
2011.07.05 13:09:18.043,0.70045,0.70083,2.25,3.00
2011.07.05 13:09:18.364,0.70045,0.70081,2.25,2.25
2011.07.05 13:09:18.962,0.70042,0.7008,2.25,2.25
2011.07.05 13:09:19.804,0.70041,0.7008,2.25,2.25
2011.07.05 13:09:20.322,0.70041,0.70079,2.25,2.25
2011.07.05 13:09:20.432,0.70041,0.70077,2.25,2.25
2011.07.05 13:09:22.505,0.70045,0.70083,2.25,2.25
2011.07.05 13:09:22.613,0.70045,0.70081,2.25,2.25
2011.07.05 13:09:23.485,0.70045,0.70081,2.85,2.25
2011.07.05 13:09:23.592,0.70045,0.70083,2.85,2.25
2011.07.05 13:09:23.704,0.70045,0.70083,2.25,2.85
2011.07.05 13:09:24.604,0.70045,0.70083,3.00,2.85
2011.07.05 13:09:25.465,0.70046,0.70081,1.35,2.25
2011.07.05 13:09:25.917,0.70047,0.70085,2.85,2.85
2011.07.05 13:09:27.024,0.70046,0.70082,3.23,2.25
2011.07.05 13:09:27.587,0.70051,0.70089,2.25,4.73
2011.07.05 13:09:27.913,0.70052,0.7009,2.48,2.25
2011.07.05 13:09:28.133,0.70054,0.70092,3.23,2.25
2011.07.05 13:09:28.682,0.70053,0.70091,2.25,2.25
2011.07.05 13:09:29.193,0.70053,0.70091,2.25,3.00
2011.07.05 13:09:30.445,0.70053,0.70091,2.25,2.25
2011.07.05 13:09:31.984,0.70053,0.70091,2.25,2.63
2011.07.05 13:09:32.747,0.7005,0.70086,2.25,2.85
2011.07.05 13:09:45.065,0.70049,0.70087,2.25,2.85
2011.07.05 13:09:45.551,0.70049,0.70087,2.85,2.85
2011.07.05 13:09:45.662,0.70049,0.70087,2.85,3.60
2011.07.05 13:09:45.772,0.70049,0.70087,2.85,2.85
2011.07.05 13:09:52.506,0.70049,0.70085,2.85,2.25
2011.07.05 13:09:55.773,0.70051,0.70087,2.25,3.23
2011.07.05 13:09:57.109,0.7005,0.70086,2.85,2.25
2011.07.05 13:09:57.902,0.70051,0.70087,2.25,3.23
2011.07.05 13:09:58.854,0.70051,0.70085,2.25,2.48
2011.07.05 13:09:59.372,0.70047,0.70083,3.00,2.85
2011.07.05 13:10:00.296,0.70045,0.70083,2.85,1.35
2011.07.05 13:10:01.468,0.70046,0.70084,2.25,3.23
2011.07.05 13:10:02.296,0.70048,0.70084,2.25,3.23
2011.07.05 13:10:02.402,0.70048,0.70084,2.85,2.85
2011.07.05 13:10:02.512,0.70051,0.70088,2.25,4.73
2011.07.05 13:10:04.474,0.70052,0.70088,2.25,5.10
2011.07.05 13:10:05.484,0.70051,0.70088,2.25,5.10
2011.07.05 13:10:06.663,0.70052,0.70088,2.25,5.10
2011.07.05 13:10:07.233,0.70055,0.70088,2.25,2.85
2011.07.05 13:10:07.604,0.70054,0.7009,3.23,2.85
2011.07.05 13:10:07.713,0.70057,0.70093,2.25,2.85
2011.07.05 13:10:08.555,0.70056,0.70093,2.25,2.85
2011.07.05 13:10:11.533,0.70051,0.70089,3.60,2.85
2011.07.05 13:10:11.945,0.70051,0.70087,3.00,2.10
2011.07.05 13:10:12.695,0.70051,0.70087,3.00,2.10
2011.07.05 13:10:13.514,0.70051,0.70087,2.25,2.10
2011.07.05 13:10:14.429,0.70051,0.70089,2.25,2.85
2011.07.05 13:10:14.593,0.70054,0.7009,2.25,2.85
2011.07.05 13:10:19.073,0.70052,0.70088,2.25,2.85
2011.07.05 13:10:24.802,0.70052,0.70088,2.25,2.85
2011.07.05 13:10:25.384,0.70053,0.70089,2.25,2.85
2011.07.05 13:10:25.766,0.70051,0.70089,3.00,2.85
2011.07.05 13:10:26.616,0.70051,0.70089,3.00,3.23
2011.07.05 13:10:26.832,0.70046,0.70085,3.98,2.25
2011.07.05 13:10:26.963,0.70046,0.70085,3.38,2.85
2011.07.05 13:10:27.413,0.70046,0.70085,3.38,2.85
2011.07.05 13:10:27.812,0.70046,0.70085,3.00,2.85
2011.07.05 13:10:28.946,0.70046,0.70085,3.00,2.25
2011.07.05 13:10:29.385,0.70051,0.70088,2.25,3.23
2011.07.05 13:10:29.983,0.70052,0.70088,2.25,2.85
2011.07.05 13:10:31.002,0.70052,0.70088,3.00,2.85
2011.07.05 13:10:31.373,0.70055,0.70091,2.25,2.85
2011.07.05 13:10:31.593,0.70055,0.70091,3.00,2.85
2011.07.05 13:10:31.702,0.70055,0.70091,3.38,2.85
2011.07.05 13:10:31.922,0.70055,0.70093,2.63,2.85
2011.07.05 13:10:32.589,0.70056,0.70094,2.25,2.85
2011.07.05 13:10:38.782,0.70058,0.70096,2.25,3.23
2011.07.05 13:10:38.892,0.70051,0.70097,1.35,1.35
2011.07.05 13:10:41.613,0.70055,0.70098,1.13,2.48
2011.07.05 13:10:41.833,0.70052,0.70098,1.13,3.23
2011.07.05 13:10:43.408,0.70055,0.70098,1.13,2.48
2011.07.05 13:10:43.923,0.70051,0.70098,1.73,2.48
2011.07.05 13:10:44.559,0.70056,0.70098,1.13,2.85
2011.07.05 13:10:44.662,0.70056,0.70097,1.13,1.35
2011.07.05 13:10:47.875,0.70058,0.70097,1.13,1.35
2011.07.05 13:10:48.203,0.70067,0.70103,2.63,3.23
2011.07.05 13:10:48.965,0.70066,0.70102,2.63,3.23
2011.07.05 13:10:50.113,0.70066,0.70102,2.63,4.73
2011.07.05 13:10:50.663,0.70064,0.70102,2.63,4.73
2011.07.05 13:10:50.944,0.70065,0.70102,2.63,3.23
2011.07.05 13:10:51.162,0.70063,0.70101,2.25,3.00
2011.07.05 13:10:52.003,0.7006,0.70098,2.63,2.63
2011.07.05 13:10:52.743,0.70065,0.70102,2.63,3.23
2011.07.05 13:10:53.283,0.70065,0.70102,3.00,2.85
2011.07.05 13:10:56.338,0.70069,0.70108,2.63,3.98
2011.07.05 13:10:57.794,0.70071,0.70107,2.63,3.23
2011.07.05 13:11:03.304,0.70073,0.70109,2.63,2.63
2011.07.05 13:11:04.475,0.70072,0.70108,3.38,2.63
2011.07.05 13:11:04.692,0.70074,0.70112,2.63,3.23
2011.07.05 13:11:05.023,0.70078,0.70113,2.63,1.35
2011.07.05 13:11:05.133,0.70073,0.70113,2.63,3.23
2011.07.05 13:11:05.243,0.70071,0.70107,2.63,2.63
2011.07.05 13:11:07.087,0.70071,0.70107,2.63,2.63
2011.07.05 13:11:07.194,0.70069,0.70105,2.25,3.00
2011.07.05 13:11:07.303,0.70064,0.70102,2.63,2.63
2011.07.05 13:11:08.302,0.70063,0.70102,2.63,2.63
2011.07.05 13:11:11.078,0.70064,0.70102,2.63,2.63
2011.07.05 13:11:12.332,0.70065,0.70103,2.63,3.23
2011.07.05 13:11:13.053,0.70065,0.70101,2.63,2.63
2011.07.05 13:11:14.214,0.70063,0.70101,2.63,2.63
2011.07.05 13:11:15.014,0.70065,0.70101,2.63,2.63
2011.07.05 13:11:15.453,0.70065,0.70099,2.25,1.35
2011.07.05 13:11:15.563,0.7006,0.70096,3.00,2.25
2011.07.05 13:11:15.672,0.70064,0.70102,2.63,3.23
2011.07.05 13:11:16.429,0.70064,0.701,2.25,3.23
2011.07.05 13:11:16.995,0.70062,0.701,2.63,2.63
2011.07.05 13:11:17.854,0.70062,0.701,2.63,2.63
2011.07.05 13:11:19.204,0.70062,0.701,3.38,2.63
2011.07.05 13:11:20.094,0.70062,0.70098,2.63,1.13
2011.07.05 13:11:23.073,0.70062,0.701,2.63,2.63
2011.07.05 13:11:23.523,0.70062,0.701,3.00,2.25
2011.07.05 13:11:23.965,0.70069,0.70108,2.63,3.23
2011.07.05 13:11:29.900,0.70071,0.70107,3.00,1.35
2011.07.05 13:11:30.122,0.70067,0.70106,2.63,3.23
2011.07.05 13:11:30.453,0.7007,0.70106,2.25,4.13
2011.07.05 13:11:31.053,0.70067,0.70106,3.38,4.13
2011.07.05 13:11:31.743,0.70067,0.70106,2.25,3.23
2011.07.05 13:11:31.852,0.70051,0.70103,1.50,2.48
2011.07.05 13:11:31.962,0.70051,0.70103,1.50,2.10
2011.07.05 13:11:32.243,0.70052,0.70091,2.63,2.25
2011.07.05 13:11:32.572,0.70065,0.701,2.63,2.10
2011.07.05 13:11:33.066,0.70065,0.70103,3.23,3.23
2011.07.05 13:11:33.283,0.70071,0.70106,2.63,1.88
2011.07.05 13:11:33.408,0.70071,0.70103,2.63,2.10
2011.07.05 13:11:33.513,0.70071,0.70103,2.25,2.48
2011.07.05 13:11:33.623,0.70065,0.70103,2.63,2.48
2011.07.05 13:11:33.955,0.70065,0.70104,3.23,3.23
2011.07.05 13:11:34.176,0.70065,0.70103,2.63,2.48
2011.07.05 13:11:36.394,0.70065,0.70104,2.63,2.63
2011.07.05 13:11:36.517,0.70065,0.70104,3.00,2.25
2011.07.05 13:11:37.306,0.70071,0.70107,2.63,3.23
2011.07.05 13:11:37.674,0.70071,0.70109,2.63,3.23
2011.07.05 13:11:38.354,0.70071,0.70107,2.63,3.23
2011.07.05 13:11:38.883,0.70071,0.70108,2.63,3.98
2011.07.05 13:11:45.523,0.70072,0.70106,2.25,1.35
2011.07.05 13:11:45.655,0.70067,0.70105,2.63,3.23
2011.07.05 13:11:45.764,0.70067,0.70104,2.25,2.25
2011.07.05 13:11:45.873,0.70064,0.701,2.63,2.63
2011.07.05 13:11:49.023,0.70067,0.70103,2.63,3.23
2011.07.05 13:11:52.572,0.70067,0.70103,2.25,1.35
2011.07.05 13:11:52.683,0.70067,0.70105,2.63,3.23
2011.07.05 13:11:54.393,0.70069,0.70102,2.25,1.35
2011.07.05 13:11:55.195,0.70067,0.70101,2.25,2.48
2011.07.05 13:11:55.303,0.70064,0.70101,2.63,2.48
2011.07.05 13:11:59.063,0.70064,0.70101,2.63,2.48
2011.07.05 13:11:59.392,0.70068,0.70101,2.25,2.48
2011.07.05 13:11:59.503,0.70068,0.70104,2.25,1.35
2011.07.05 13:11:59.612,0.70066,0.70104,3.75,3.23
2011.07.05 13:12:00.353,0.70071,0.70108,2.63,1.73
2011.07.05 13:12:01.158,0.70072,0.70109,2.63,1.73
2011.07.05 13:12:06.072,0.7007,0.70107,2.63,3.23
2011.07.05 13:12:06.885,0.7007,0.70108,2.63,3.23
2011.07.05 13:12:07.473,0.70069,0.70108,2.63,2.63
2011.07.05 13:12:07.583,0.70069,0.70108,3.00,2.63
2011.07.05 13:12:08.561,0.70073,0.70111,2.63,2.63
2011.07.05 13:12:09.033,0.70073,0.70107,2.63,2.10
2011.07.05 13:12:09.252,0.70071,0.70107,1.13,2.48
2011.07.05 13:12:09.734,0.7007,0.70107,3.60,2.48
2011.07.05 13:12:09.843,0.70071,0.70108,1.73,2.63
2011.07.05 13:12:11.136,0.70074,0.70109,2.85,1.35
2011.07.05 13:12:11.243,0.70074,0.7011,3.23,3.23
2011.07.05 13:12:11.465,0.70074,0.70112,3.23,3.23
2011.07.05 13:12:12.848,0.70074,0.7011,3.23,2.63
2011.07.05 13:12:13.468,0.70074,0.7011,3.23,2.63
2011.07.05 13:12:13.784,0.70076,0.70112,2.63,3.23
2011.07.05 13:12:14.753,0.70075,0.70111,2.85,3.23
2011.07.05 13:12:18.188,0.70076,0.70112,2.25,3.23
2011.07.05 13:12:19.593,0.70076,0.70112,2.63,3.23
2011.07.05 13:12:24.857,0.70076,0.70112,2.63,3.23
2011.07.05 13:12:25.292,0.70074,0.70112,3.23,3.23
2011.07.05 13:12:25.403,0.70074,0.70112,2.85,3.60
2011.07.05 13:12:27.622,0.70072,0.70108,3.98,2.63
2011.07.05 13:12:28.502,0.70072,0.70108,3.60,2.63
2011.07.05 13:12:28.613,0.70072,0.70108,2.25,3.23
2011.07.05 13:12:28.723,0.70069,0.70107,2.63,3.23
2011.07.05 13:12:29.495,0.70068,0.70106,3.23,2.63
2011.07.05 13:12:32.022,0.7007,0.70108,2.63,1.73
2011.07.05 13:12:32.756,0.70071,0.70109,3.98,3.00
2011.07.05 13:12:33.103,0.70073,0.70109,3.60,2.25
2011.07.05 13:12:33.214,0.70075,0.70111,2.63,3.23
2011.07.05 13:12:33.687,0.70075,0.70111,2.63,3.23
2011.07.05 13:12:36.280,0.70076,0.70111,1.13,3.23
2011.07.05 13:12:36.613,0.70077,0.70115,3.38,3.23
2011.07.05 13:12:38.243,0.70079,0.70115,2.63,3.23
2011.07.05 13:12:38.715,0.70078,0.70114,2.25,3.23
2011.07.05 13:12:39.793,0.70075,0.70114,2.63,3.23
2011.07.05 13:12:40.855,0.70075,0.70114,2.63,3.23
2011.07.05 13:12:41.663,0.7008,0.70116,2.25,3.23
2011.07.05 13:12:43.094,0.70078,0.70116,2.63,3.23
2011.07.05 13:12:44.054,0.70078,0.70116,2.63,3.23
2011.07.05 13:12:49.183,0.70078,0.70116,2.63,3.23
2011.07.05 13:12:50.409,0.7008,0.70115,1.35,2.25
2011.07.05 13:12:50.512,0.70084,0.7012,3.00,3.00
2011.07.05 13:12:51.088,0.70084,0.70122,3.60,4.73
2011.07.05 13:12:51.192,0.70084,0.70122,3.23,4.73
2011.07.05 13:12:51.413,0.70084,0.70122,2.63,3.23
2011.07.05 13:12:52.265,0.70084,0.70122,2.63,3.23
2011.07.05 13:12:52.593,0.70084,0.70119,2.25,1.35
2011.07.05 13:12:52.703,0.70078,0.70114,2.63,3.23
2011.07.05 13:12:52.813,0.70082,0.7012,2.63,3.23
2011.07.05 13:12:54.090,0.70085,0.70121,2.25,3.23
2011.07.05 13:12:54.428,0.70082,0.7012,2.63,3.23
2011.07.05 13:12:55.083,0.70081,0.7012,2.25,3.60
2011.07.05 13:12:56.204,0.70079,0.70115,2.63,4.73
2011.07.05 13:12:57.293,0.70079,0.70115,3.23,3.23
2011.07.05 13:12:58.265,0.70081,0.70119,2.85,1.35
2011.07.05 13:12:58.374,0.70081,0.70119,3.23,3.23
2011.07.05 13:13:00.993,0.70083,0.70118,2.25,1.35
2011.07.05 13:13:01.108,0.70079,0.70115,2.25,3.23
2011.07.05 13:13:01.503,0.70079,0.70112,2.25,1.35
2011.07.05 13:13:01.723,0.70074,0.70112,2.25,1.35
2011.07.05 13:13:01.866,0.7007,0.70109,2.63,2.63
2011.07.05 13:13:01.973,0.7007,0.70109,3.00,2.25
2011.07.05 13:13:02.445,0.70075,0.70113,3.00,3.23
2011.07.05 13:13:04.464,0.70079,0.70115,2.63,3.23
2011.07.05 13:13:05.488,0.70077,0.70114,3.38,3.23
2011.07.05 13:13:06.395,0.70077,0.70113,3.38,3.23
2011.07.05 13:13:08.035,0.70079,0.70115,2.63,3.23
2011.07.05 13:13:08.723,0.70072,0.7011,2.25,3.00
2011.07.05 13:13:09.479,0.70071,0.70109,3.38,3.23
2011.07.05 13:13:09.937,0.70071,0.70106,3.00,1.35
2011.07.05 13:13:10.163,0.70067,0.70106,1.13,3.60
2011.07.05 13:13:10.274,0.70065,0.70105,2.63,1.35
2011.07.05 13:13:10.849,0.70069,0.70105,2.25,1.35
2011.07.05 13:13:11.053,0.70069,0.70107,2.63,2.63
2011.07.05 13:13:12.642,0.7007,0.70106,3.38,2.63
2011.07.05 13:13:13.522,0.7007,0.70108,2.63,5.25
2011.07.05 13:13:15.284,0.7007,0.70108,2.25,5.25
2011.07.05 13:13:15.393,0.70069,0.70107,2.25,5.10
2011.07.05 13:13:15.845,0.70066,0.70102,2.63,3.23
2011.07.05 13:13:17.346,0.70066,0.70102,3.38,3.23
2011.07.05 13:13:22.092,0.70066,0.70104,2.63,3.23
2011.07.05 13:13:27.232,0.70066,0.70103,1.13,3.23
2011.07.05 13:13:28.165,0.70065,0.70103,2.63,3.23
2011.07.05 13:13:29.993,0.70067,0.70103,2.25,3.23
2011.07.05 13:13:30.862,0.70066,0.70103,2.63,3.23
2011.07.05 13:13:31.414,0.70067,0.70105,2.25,3.23
2011.07.05 13:13:32.182,0.70062,0.70099,1.13,2.25
2011.07.05 13:13:32.493,0.70066,0.70102,3.00,2.85
2011.07.05 13:13:32.713,0.70068,0.70108,2.63,1.73
2011.07.05 13:13:32.823,0.70068,0.70108,3.00,1.35
2011.07.05 13:13:33.153,0.70079,0.70109,2.25,1.13
2011.07.05 13:13:33.373,0.70075,0.70111,2.63,2.63
2011.07.05 13:13:35.341,0.70075,0.70111,3.00,2.25
2011.07.05 13:13:35.683,0.70078,0.70113,2.25,2.48
2011.07.05 13:13:35.806,0.70074,0.70112,2.63,3.23
2011.07.05 13:13:40.534,0.70074,0.70112,2.63,2.63
2011.07.05 13:13:40.637,0.70074,0.70112,3.00,2.25
2011.07.05 13:13:41.183,0.70078,0.70116,2.63,3.23
2011.07.05 13:13:43.565,0.70078,0.70116,3.23,3.23
2011.07.05 13:13:43.904,0.70078,0.70114,2.85,1.35
2011.07.05 13:13:44.187,0.70074,0.70112,2.63,3.23
2011.07.05 13:13:44.293,0.70074,0.70111,2.63,2.48
2011.07.05 13:13:44.446,0.70074,0.70112,2.63,3.23
2011.07.05 13:13:45.453,0.70077,0.70113,2.25,1.35
2011.07.05 13:13:45.994,0.70074,0.70112,2.63,2.63
2011.07.05 13:13:47.364,0.70074,0.70112,3.00,2.25
2011.07.05 13:13:48.274,0.70078,0.70116,2.63,3.23
2011.07.05 13:13:51.614,0.70074,0.70112,3.60,2.85
2011.07.05 13:13:51.723,0.70074,0.70112,3.23,3.23
2011.07.05 13:13:51.833,0.70074,0.70111,3.23,1.35
2011.07.05 13:13:56.443,0.70071,0.70109,3.23,1.73
2011.07.05 13:13:56.553,0.70071,0.70109,2.63,1.73
2011.07.05 13:13:56.765,0.70071,0.70109,2.63,2.10
2011.07.05 13:14:04.175,0.70074,0.7011,2.63,3.23
2011.07.05 13:14:04.634,0.70074,0.70109,2.25,1.73
2011.07.05 13:14:04.864,0.70069,0.70107,2.63,2.63
2011.07.05 13:14:05.304,0.70071,0.70108,2.63,2.48
2011.07.05 13:14:06.025,0.70071,0.70108,2.63,2.48
2011.07.05 13:14:06.243,0.70071,0.70109,2.63,3.23
2011.07.05 13:14:06.984,0.70072,0.70108,2.63,2.63
2011.07.05 13:14:07.093,0.70072,0.70108,2.25,3.00
2011.07.05 13:14:07.203,0.70069,0.70107,2.63,3.00
2011.07.05 13:14:07.743,0.70065,0.70103,3.23,2.63
2011.07.05 13:14:07.853,0.70065,0.70103,3.23,2.63
2011.07.05 13:14:09.274,0.70065,0.70101,2.63,2.63
2011.07.05 13:14:10.389,0.70066,0.70103,2.25,1.35
2011.07.05 13:14:10.503,0.70061,0.701,2.63,3.23
2011.07.05 13:14:11.331,0.70061,0.701,2.63,3.23
2011.07.05 13:14:14.756,0.70061,0.701,2.63,3.23
2011.07.05 13:14:17.143,0.70061,0.701,2.63,3.60
2011.07.05 13:14:18.543,0.70059,0.70097,2.63,3.23
2011.07.05 13:14:18.863,0.70063,0.701,2.63,3.23
2011.07.05 13:14:20.173,0.70062,0.701,2.63,3.23
2011.07.05 13:14:23.605,0.70063,0.701,2.25,3.60
2011.07.05 13:14:23.713,0.7006,0.70096,2.63,3.23
2011.07.05 13:14:23.933,0.7006,0.70096,2.63,3.23
2011.07.05 13:14:24.795,0.70059,0.70095,2.85,2.63
2011.07.05 13:14:25.123,0.70056,0.70094,2.25,3.75
2011.07.05 13:14:25.233,0.70053,0.70091,2.63,2.63
2011.07.05 13:14:25.666,0.70053,0.70091,3.00,2.25
2011.07.05 13:14:26.484,0.70055,0.70091,2.63,2.63
2011.07.05 13:14:26.813,0.70054,0.7009,3.00,2.25
2011.07.05 13:14:26.922,0.70054,0.7009,2.63,2.25
2011.07.05 13:14:27.820,0.70055,0.70093,2.63,2.63
2011.07.05 13:14:27.934,0.70054,0.70091,2.63,3.23
2011.07.05 13:14:28.354,0.7005,0.70088,2.63,3.23
2011.07.05 13:14:29.476,0.7005,0.70088,2.63,3.23
2011.07.05 13:14:29.694,0.70052,0.70088,2.63,2.63
2011.07.05 13:14:31.647,0.70052,0.7009,2.63,3.00
2011.07.05 13:14:31.863,0.70051,0.70089,2.63,2.63
2011.07.05 13:14:33.735,0.70052,0.7009,2.63,2.63
2011.07.05 13:14:34.968,0.70052,0.70088,2.63,2.63
2011.07.05 13:14:35.831,0.70052,0.70088,2.63,2.63
2011.07.05 13:14:36.834,0.70052,0.70091,2.63,2.63
2011.07.05 13:14:37.504,0.70052,0.70091,2.63,3.00
2011.07.05 13:14:37.984,0.70053,0.70089,2.63,2.63
2011.07.05 13:14:40.054,0.70053,0.7009,2.63,2.63
2011.07.05 13:14:41.995,0.70053,0.70091,2.63,2.63
2011.07.05 13:14:43.723,0.70053,0.7009,2.63,2.63
2011.07.05 13:14:44.063,0.70056,0.70094,2.63,3.23
2011.07.05 13:14:44.174,0.7006,0.70096,2.63,2.63
2011.07.05 13:14:45.375,0.7006,0.70096,2.63,2.63
2011.07.05 13:14:45.595,0.7006,0.70098,2.63,3.23
2011.07.05 13:14:48.117,0.70068,0.70102,2.25,1.35
2011.07.05 13:14:49.218,0.7007,0.70102,2.25,1.35
2011.07.05 13:14:50.013,0.70071,0.70102,2.25,1.35
2011.07.05 13:14:50.316,0.70069,0.70102,2.25,1.35
2011.07.05 13:14:51.233,0.70068,0.70102,2.25,1.35
2011.07.05 13:14:52.156,0.70068,0.70101,2.25,1.35
2011.07.05 13:14:52.932,0.70069,0.70098,2.25,1.13
2011.07.05 13:14:53.580,0.70069,0.70102,2.25,1.35
2011.07.05 13:14:54.098,0.70068,0.70098,2.25,1.13
2011.07.05 13:14:54.693,0.70069,0.70098,2.25,1.13
2011.07.05 13:14:55.428,0.70068,0.70098,2.25,1.13
2011.07.05 13:14:58.499,0.70076,0.70105,2.10,3.00
2011.07.05 13:14:58.833,0.70078,0.70112,2.25,2.48
2011.07.05 13:14:59.783,0.70078,0.70114,2.85,2.48
2011.07.05 13:15:00.453,0.70079,0.70114,2.25,2.48
2011.07.05 13:15:00.674,0.70083,0.7012,2.25,1.35
2011.07.05 13:15:00.903,0.70083,0.70117,2.63,2.48
2011.07.05 13:15:01.424,0.70085,0.70117,2.25,2.85
2011.07.05 13:15:01.533,0.70081,0.70117,2.25,5.10
2011.07.05 13:15:01.905,0.70081,0.70117,2.63,4.73
2011.07.05 13:15:02.568,0.70087,0.70117,2.25,2.48
2011.07.05 13:15:02.676,0.70085,0.7012,2.25,1.35
2011.07.05 13:15:03.424,0.70085,0.70121,2.25,1.35
2011.07.05 13:15:05.775,0.70092,0.70121,2.25,1.35
2011.07.05 13:15:07.772,0.70094,0.70121,2.25,1.35
2011.07.05 13:15:07.978,0.70092,0.70121,2.25,1.35
2011.07.05 13:15:12.533,0.70094,0.70121,2.25,1.35
2011.07.05 13:15:17.373,0.70094,0.70117,2.25,1.35
2011.07.05 13:15:17.746,0.7009,0.70117,2.25,1.35
2011.07.05 13:15:21.524,0.70092,0.70117,2.25,1.35
2011.07.05 13:15:21.633,0.7009,0.70117,2.25,1.35
2011.07.05 13:15:24.993,0.70089,0.70117,2.25,1.35
2011.07.05 13:15:28.284,0.70092,0.70117,2.25,1.35
2011.07.05 13:15:28.613,0.70089,0.70118,2.25,2.48
2011.07.05 13:15:28.723,0.70089,0.7012,2.25,2.48
2011.07.05 13:15:28.833,0.70093,0.7012,2.25,2.48
2011.07.05 13:15:29.829,0.70094,0.7012,2.25,2.48
2011.07.05 13:15:35.892,0.70095,0.7012,2.25,2.48
2011.07.05 13:15:36.223,0.70097,0.7012,2.25,2.48
2011.07.05 13:15:36.443,0.7008,0.70118,2.25,2.85
2011.07.05 13:15:36.553,0.70074,0.70118,2.48,1.35
2011.07.05 13:15:36.664,0.70072,0.70114,1.35,1.35
2011.07.05 13:15:36.993,0.70076,0.70115,1.35,2.48
2011.07.05 13:15:42.241,0.70089,0.70115,2.25,2.48
2011.07.05 13:15:42.463,0.70089,0.7012,2.25,1.35
2011.07.05 13:15:43.460,0.70088,0.7012,2.25,1.35
2011.07.05 13:15:44.077,0.70087,0.7012,2.25,1.35
2011.07.05 13:15:45.282,0.70087,0.70119,2.25,1.35
2011.07.05 13:15:46.593,0.70089,0.70119,2.25,2.10
2011.07.05 13:15:50.473,0.70089,0.70116,2.25,1.35
2011.07.05 13:15:50.583,0.70087,0.70118,2.25,1.73
2011.07.05 13:15:50.693,0.70089,0.70118,2.25,1.73
2011.07.05 13:15:51.085,0.70091,0.7012,2.25,1.35
2011.07.05 13:15:51.794,0.70091,0.70122,2.25,1.35
2011.07.05 13:15:55.833,0.70091,0.7012,2.25,1.35
2011.07.05 13:15:55.945,0.70089,0.7012,2.25,1.35
2011.07.05 13:16:00.960,0.70089,0.70122,2.25,1.35
2011.07.05 13:16:02.613,0.70088,0.70119,2.25,1.50
2011.07.05 13:16:04.175,0.70088,0.70119,2.25,1.13
2011.07.05 13:16:04.414,0.70092,0.70123,2.25,1.35
2011.07.05 13:16:05.800,0.70092,0.70122,2.25,1.35
2011.07.05 13:16:05.904,0.70089,0.70122,2.25,1.35
2011.07.05 13:16:06.013,0.70089,0.70122,2.25,1.35
2011.07.05 13:16:07.855,0.70089,0.70122,2.25,1.35
2011.07.05 13:16:08.117,0.70091,0.70122,2.25,1.35
2011.07.05 13:16:18.493,0.70091,0.70123,2.25,1.73
2011.07.05 13:16:18.714,0.70096,0.70126,2.25,2.48
2011.07.05 13:16:19.236,0.70096,0.70128,2.25,1.35
2011.07.05 13:16:24.156,0.70098,0.70128,2.25,2.10
2011.07.05 13:16:26.381,0.70098,0.70128,2.25,2.10
2011.07.05 13:16:27.345,0.70098,0.70128,2.25,1.73
2011.07.05 13:16:29.214,0.70099,0.70128,2.25,1.73
2011.07.05 13:16:30.265,0.70099,0.70128,2.25,2.10
2011.07.05 13:16:32.534,0.701,0.70123,2.25,1.13
2011.07.05 13:16:32.644,0.70098,0.70123,2.25,1.13
2011.07.05 13:16:33.307,0.70096,0.70128,2.25,2.10
2011.07.05 13:16:33.523,0.70097,0.70133,2.25,2.48
2011.07.05 13:16:33.633,0.70099,0.70133,2.25,2.48
2011.07.05 13:16:34.364,0.70098,0.70128,2.25,1.73
2011.07.05 13:16:34.912,0.70098,0.70128,2.25,1.50
2011.07.05 13:16:35.014,0.70098,0.70128,2.25,1.13
2011.07.05 13:16:38.154,0.70099,0.70131,2.25,1.35
2011.07.05 13:16:38.264,0.70102,0.70134,2.25,2.10
2011.07.05 13:16:39.007,0.70105,0.70137,2.25,1.35
2011.07.05 13:16:40.370,0.70105,0.70137,2.25,1.35
2011.07.05 13:16:41.947,0.70105,0.70138,2.25,2.10
2011.07.05 13:16:42.164,0.70114,0.70143,2.25,1.50
2011.07.05 13:16:42.603,0.70112,0.70144,2.25,1.50
2011.07.05 13:16:44.432,0.70112,0.70146,2.25,1.35
2011.07.05 13:16:45.175,0.70113,0.70139,2.25,1.13
2011.07.05 13:16:45.783,0.70112,0.70144,2.25,1.50
2011.07.05 13:16:46.694,0.70111,0.70144,2.25,1.50
2011.07.05 13:16:47.395,0.70111,0.70144,2.25,1.50
2011.07.05 13:16:48.053,0.70113,0.70144,2.25,1.50
2011.07.05 13:16:48.879,0.70112,0.70144,2.25,1.50
2011.07.05 13:16:49.534,0.70113,0.70144,2.25,1.50
2011.07.05 13:16:50.185,0.70111,0.70144,2.25,1.50
2011.07.05 13:16:51.445,0.70111,0.70144,2.25,1.50
2011.07.05 13:16:51.553,0.70113,0.70144,2.25,1.50
2011.07.05 13:16:54.663,0.70113,0.70139,2.25,1.13
2011.07.05 13:16:55.171,0.70112,0.70139,2.25,1.13
2011.07.05 13:17:02.534,0.70112,0.70147,2.25,3.23
2011.07.05 13:17:02.644,0.7012,0.70149,2.25,1.73
2011.07.05 13:17:02.897,0.7012,0.70149,2.63,1.35
2011.07.05 13:17:03.113,0.70128,0.70157,2.25,2.48
2011.07.05 13:17:03.699,0.70128,0.70158,2.25,1.50
2011.07.05 13:17:05.699,0.70128,0.70162,2.25,1.35
2011.07.05 13:17:05.804,0.70133,0.70162,2.25,1.35
2011.07.05 13:17:06.905,0.70132,0.70162,2.25,1.35
2011.07.05 13:17:08.483,0.70132,0.70161,2.25,1.35
2011.07.05 13:17:08.593,0.70127,0.70161,2.25,1.35
2011.07.05 13:17:09.235,0.70127,0.70157,2.25,1.35
2011.07.05 13:17:18.585,0.70127,0.70158,2.25,2.10
2011.07.05 13:17:22.959,0.7013,0.70158,2.25,1.35
2011.07.05 13:17:23.063,0.70132,0.70163,2.25,2.85
2011.07.05 13:17:23.667,0.70132,0.70164,2.25,1.50
2011.07.05 13:17:24.444,0.70132,0.70164,2.25,1.50
2011.07.05 13:17:24.555,0.70119,0.70161,1.35,1.35
2011.07.05 13:17:25.403,0.70117,0.70158,1.35,1.13
2011.07.05 13:17:26.135,0.70113,0.70158,1.35,1.50
2011.07.05 13:17:26.573,0.70125,0.70159,2.25,1.35
2011.07.05 13:17:27.404,0.70126,0.70157,2.25,1.35
2011.07.05 13:17:28.274,0.70125,0.70155,2.25,2.48
2011.07.05 13:17:28.945,0.70125,0.70153,2.25,1.13
2011.07.05 13:17:29.294,0.70125,0.70153,2.25,1.73
2011.07.05 13:17:29.816,0.70119,0.7015,2.25,1.35
2011.07.05 13:17:31.073,0.70119,0.70145,2.25,1.13
2011.07.05 13:17:31.182,0.70119,0.7015,2.25,1.35
2011.07.05 13:17:31.573,0.70126,0.70153,2.25,1.35
2011.07.05 13:17:31.683,0.70126,0.70154,2.25,3.23
2011.07.05 13:17:31.905,0.70126,0.70154,2.25,3.23
2011.07.05 13:17:33.237,0.70126,0.70153,2.25,1.73
2011.07.05 13:17:33.824,0.70125,0.7015,2.25,2.10
2011.07.05 13:17:34.153,0.70121,0.7015,2.25,2.48
2011.07.05 13:17:34.263,0.70121,0.70147,2.25,2.48
2011.07.05 13:17:34.373,0.70114,0.70147,2.25,2.48
2011.07.05 13:17:34.593,0.70116,0.70147,2.25,2.48
2011.07.05 13:17:35.244,0.70114,0.70143,2.25,1.35
2011.07.05 13:17:35.368,0.70112,0.70143,2.25,1.35
2011.07.05 13:17:36.058,0.70113,0.70143,2.25,2.10
2011.07.05 13:17:36.195,0.70113,0.70143,2.25,1.73
2011.07.05 13:17:36.634,0.70115,0.70143,2.25,1.73
2011.07.05 13:17:37.094,0.70115,0.70148,2.25,1.35
2011.07.05 13:17:37.203,0.7012,0.70149,2.25,1.13
2011.07.05 13:17:37.948,0.7012,0.70157,2.25,3.60
2011.07.05 13:17:38.045,0.7012,0.70153,2.25,2.25
2011.07.05 13:17:38.944,0.7012,0.70151,2.25,1.35
2011.07.05 13:17:39.795,0.7012,0.70149,2.25,1.73
2011.07.05 13:17:41.147,0.7012,0.70149,2.25,1.73
2011.07.05 13:17:41.254,0.70114,0.70148,2.25,3.23
2011.07.05 13:17:42.274,0.70114,0.70149,2.63,1.73
2011.07.05 13:17:42.915,0.70116,0.70149,2.25,1.73
2011.07.05 13:17:45.108,0.70115,0.70148,2.63,1.35
2011.07.05 13:17:45.339,0.70117,0.70148,2.25,1.35
2011.07.05 13:17:47.898,0.70117,0.70151,2.25,1.88
2011.07.05 13:17:48.015,0.70115,0.7015,2.25,2.63
2011.07.05 13:17:48.503,0.70115,0.7015,2.25,3.23
2011.07.05 13:17:48.967,0.70115,0.70148,2.25,1.35
2011.07.05 13:17:49.184,0.70112,0.70147,2.25,3.23
2011.07.05 13:17:49.294,0.7011,0.70145,2.25,3.23
2011.07.05 13:17:49.403,0.7011,0.70145,2.25,3.60
2011.07.05 13:17:49.763,0.70109,0.70144,2.25,4.73
2011.07.05 13:17:50.794,0.70107,0.70143,2.25,1.73
2011.07.05 13:17:51.386,0.70106,0.70143,2.25,3.23
2011.07.05 13:17:57.405,0.70106,0.70143,3.00,3.23
2011.07.05 13:17:57.733,0.70114,0.70148,2.25,1.35
2011.07.05 13:17:57.843,0.70109,0.70146,2.63,3.23
2011.07.05 13:17:59.192,0.70109,0.70146,2.63,3.23
2011.07.05 13:18:01.165,0.70109,0.70144,2.63,1.13
2011.07.05 13:18:03.363,0.70108,0.70144,2.63,1.13
2011.07.05 13:18:03.584,0.70108,0.70145,2.63,3.23
2011.07.05 13:18:03.915,0.70114,0.70148,2.63,1.73
2011.07.05 13:18:08.763,0.7011,0.70145,2.25,3.23
2011.07.05 13:18:09.434,0.70108,0.70144,2.63,2.63
2011.07.05 13:18:09.774,0.70114,0.70149,2.63,3.98
2011.07.05 13:18:11.853,0.70114,0.70148,2.25,1.35
2011.07.05 13:18:12.324,0.7011,0.70145,2.25,3.23
2011.07.05 13:18:15.493,0.70112,0.70149,2.63,3.23
2011.07.05 13:18:15.824,0.7011,0.70147,3.00,2.85
2011.07.05 13:18:16.373,0.70114,0.70148,2.63,1.35
2011.07.05 13:18:16.704,0.70113,0.70148,2.63,1.73
2011.07.05 13:18:18.116,0.70113,0.70148,2.25,2.10
2011.07.05 13:18:18.223,0.70111,0.70148,2.63,4.35
2011.07.05 13:18:18.443,0.7011,0.70145,3.00,1.35
2011.07.05 13:18:18.553,0.70115,0.70148,2.63,1.73
2011.07.05 13:18:18.663,0.70115,0.70148,2.63,1.13
2011.07.05 13:18:19.133,0.70113,0.70149,2.63,1.13
2011.07.05 13:18:19.715,0.70114,0.70149,2.25,2.63
2011.07.05 13:18:19.823,0.70114,0.70148,2.25,2.48
2011.07.05 13:18:21.014,0.70114,0.70147,2.25,1.35
2011.07.05 13:18:21.123,0.70111,0.70146,2.25,3.23
2011.07.05 13:18:24.414,0.70111,0.70146,2.63,2.25
2011.07.05 13:18:24.523,0.70114,0.70149,2.25,3.38
2011.07.05 13:18:25.774,0.70114,0.70149,2.25,3.38
2011.07.05 13:18:30.196,0.70114,0.70148,2.25,2.63
2011.07.05 13:18:30.864,0.70113,0.70149,2.63,1.13
2011.07.05 13:18:31.395,0.70113,0.7015,2.63,3.00
2011.07.05 13:18:31.833,0.70117,0.70153,2.25,1.13
2011.07.05 13:18:32.883,0.70118,0.70154,2.25,3.38
2011.07.05 13:18:33.474,0.70119,0.70154,2.25,3.38
2011.07.05 13:18:35.925,0.70119,0.70152,2.25,2.48
2011.07.05 13:18:36.345,0.70114,0.70151,2.25,3.23
2011.07.05 13:18:43.333,0.70114,0.70148,2.63,1.35
2011.07.05 13:18:43.943,0.70117,0.70148,2.25,1.73
2011.07.05 13:18:44.053,0.70114,0.70151,2.25,3.23
2011.07.05 13:18:46.983,0.70115,0.70152,2.25,3.23
2011.07.05 13:18:47.094,0.70118,0.70153,2.25,3.23
2011.07.05 13:18:47.203,0.70114,0.70148,2.85,3.23
2011.07.05 13:18:47.472,0.70114,0.70148,2.25,3.23
2011.07.05 13:18:53.434,0.70109,0.70143,2.63,2.63
2011.07.05 13:18:55.264,0.70109,0.70143,2.63,2.63
2011.07.05 13:18:55.934,0.70109,0.70143,2.63,3.38
2011.07.05 13:18:56.043,0.70109,0.70143,2.25,3.38
2011.07.05 13:18:56.154,0.70105,0.70142,2.63,2.63
2011.07.05 13:19:00.734,0.70104,0.70141,2.63,2.63
2011.07.05 13:19:00.888,0.70107,0.70142,2.25,2.63
2011.07.05 13:19:00.994,0.70104,0.70141,2.63,2.63
2011.07.05 13:19:05.124,0.70104,0.70138,2.63,2.25
2011.07.05 13:19:05.633,0.70106,0.70141,2.25,2.63
2011.07.05 13:19:07.770,0.70106,0.70141,2.63,2.63
2011.07.05 13:19:15.628,0.70105,0.70142,2.63,2.63
2011.07.05 13:19:16.580,0.701,0.70134,1.35,2.25
2011.07.05 13:19:16.965,0.70098,0.70133,2.63,2.25
2011.07.05 13:19:17.073,0.70098,0.70133,2.63,2.25
2011.07.05 13:19:20.374,0.70104,0.70138,2.25,3.23
2011.07.05 13:19:20.483,0.70097,0.70132,2.63,2.25
2011.07.05 13:19:21.195,0.701,0.70135,2.63,2.63
2011.07.05 13:19:22.194,0.70102,0.70137,2.63,2.63
2011.07.05 13:19:22.523,0.70097,0.70132,2.63,2.63
2011.07.05 13:19:22.744,0.70098,0.70134,2.63,2.63
2011.07.05 13:19:23.444,0.70098,0.70133,2.25,2.63
2011.07.05 13:19:24.604,0.70096,0.70133,2.63,2.63
2011.07.05 13:19:25.257,0.70098,0.70133,2.63,2.63
2011.07.05 13:19:26.156,0.70097,0.70134,2.63,2.25
2011.07.05 13:19:29.096,0.701,0.70135,2.63,2.25
2011.07.05 13:19:30.216,0.701,0.70137,3.23,2.63
2011.07.05 13:19:31.786,0.70101,0.70138,3.23,3.23
2011.07.05 13:19:33.179,0.70101,0.70138,2.85,3.23
2011.07.05 13:19:36.807,0.70099,0.70136,3.23,3.23
2011.07.05 13:19:38.370,0.70099,0.70134,4.73,3.38
2011.07.05 13:19:38.694,0.70102,0.70138,3.23,1.13
2011.07.05 13:19:39.995,0.70102,0.70137,2.63,2.10
2011.07.05 13:19:40.214,0.70098,0.70134,3.23,3.23
2011.07.05 13:19:47.005,0.70099,0.70132,2.85,1.35
2011.07.05 13:19:47.114,0.70099,0.70131,2.25,1.35
2011.07.05 13:19:47.223,0.70093,0.70128,3.23,2.63
2011.07.05 13:19:47.333,0.70089,0.70126,4.73,2.63
2011.07.05 13:19:47.444,0.70091,0.70126,2.63,3.23
2011.07.05 13:19:48.814,0.70088,0.70123,3.23,3.23
2011.07.05 13:19:48.924,0.70088,0.70123,3.23,3.23
2011.07.05 13:19:49.463,0.70088,0.70123,3.23,3.23
2011.07.05 13:19:49.573,0.70088,0.70123,3.23,3.23
2011.07.05 13:19:56.936,0.70087,0.70122,2.63,3.23
2011.07.05 13:19:57.154,0.70089,0.70125,2.63,2.48
2011.07.05 13:19:57.306,0.70089,0.70125,2.25,2.48
2011.07.05 13:19:57.413,0.70087,0.70124,2.63,3.23
2011.07.05 13:20:14.414,0.7009,0.70127,2.85,3.60
2011.07.05 13:20:14.658,0.70087,0.70124,3.23,3.23
2011.07.05 13:20:14.764,0.70091,0.70124,2.10,2.63
2011.07.05 13:20:15.653,0.70096,0.70132,3.23,2.48
2011.07.05 13:20:16.806,0.70096,0.70132,3.23,2.10
2011.07.05 13:20:16.914,0.70096,0.70131,3.23,2.25
2011.07.05 13:20:17.024,0.70098,0.70135,2.63,3.23
2011.07.05 13:20:25.224,0.701,0.70135,3.60,2.25
2011.07.05 13:20:25.334,0.70104,0.70139,2.63,3.23
2011.07.05 13:20:25.444,0.70104,0.70139,2.25,3.60
2011.07.05 13:20:25.554,0.701,0.70135,3.23,3.23
2011.07.05 13:20:59.709,0.70098,0.70134,2.63,2.48
2011.07.05 13:20:59.923,0.70095,0.70132,2.63,3.23
2011.07.05 13:21:02.237,0.70096,0.70133,3.23,3.23
2011.07.05 13:21:09.368,0.70096,0.70133,3.60,2.85
2011.07.05 13:21:09.694,0.701,0.70137,3.23,2.63
2011.07.05 13:21:15.039,0.70102,0.70137,2.63,3.23
2011.07.05 13:21:15.754,0.701,0.70137,2.25,3.23
2011.07.05 13:21:15.864,0.701,0.70135,2.25,3.23
2011.07.05 13:21:16.265,0.701,0.70137,2.63,3.23
2011.07.05 13:21:17.969,0.701,0.70137,2.63,2.63
2011.07.05 13:21:20.259,0.701,0.70137,3.00,2.25
2011.07.05 13:21:20.624,0.70104,0.70141,2.63,3.23
2011.07.05 13:21:21.694,0.70106,0.70141,2.25,3.60
2011.07.05 13:21:21.804,0.70102,0.70137,2.63,2.63
2011.07.05 13:21:31.536,0.70102,0.70137,3.00,2.85
2011.07.05 13:21:32.289,0.70103,0.7014,3.00,2.85
2011.07.05 13:21:34.905,0.7011,0.70145,2.63,3.23
2011.07.05 13:21:45.686,0.7011,0.70145,2.63,2.85
2011.07.05 13:21:46.714,0.70113,0.70148,2.63,4.73
2011.07.05 13:21:46.934,0.7011,0.70144,2.63,3.23
2011.07.05 13:21:48.021,0.7011,0.70144,2.63,2.85
2011.07.05 13:21:48.234,0.70111,0.70147,2.25,1.35
2011.07.05 13:21:48.614,0.70107,0.70144,2.63,3.23
2011.07.05 13:21:49.386,0.70107,0.70144,2.63,3.23
2011.07.05 13:21:53.114,0.70108,0.7014,2.25,2.48
2011.07.05 13:21:53.334,0.70105,0.7014,2.63,4.73
2011.07.05 13:21:53.553,0.70105,0.7014,2.63,3.23
2011.07.05 13:21:56.372,0.70104,0.70141,3.60,4.73
2011.07.05 13:22:00.145,0.70108,0.70141,2.25,2.48
2011.07.05 13:22:00.254,0.70103,0.7014,3.23,3.23
2011.07.05 13:22:01.373,0.70103,0.70136,2.63,2.10
2011.07.05 13:22:03.379,0.70103,0.70136,3.00,2.10
2011.07.05 13:22:03.484,0.70104,0.7014,1.35,2.85
2011.07.05 13:22:15.419,0.70108,0.70144,3.23,2.63
2011.07.05 13:22:15.525,0.7011,0.70144,1.35,2.63
2011.07.05 13:22:15.634,0.70112,0.70147,3.38,3.23
2011.07.05 13:22:15.903,0.70113,0.70149,3.23,3.23
2011.07.05 13:22:19.750,0.70109,0.70144,4.73,2.63
2011.07.05 13:22:20.907,0.70109,0.70144,3.23,2.63
2011.07.05 13:22:21.715,0.70109,0.70144,3.23,2.25
2011.07.05 13:22:21.835,0.70113,0.70149,2.63,3.23
2011.07.05 13:22:23.924,0.70113,0.70149,3.23,3.23
2011.07.05 13:22:27.177,0.70114,0.70148,2.25,3.23
2011.07.05 13:22:27.284,0.70114,0.70148,2.25,3.23
2011.07.05 13:22:27.946,0.70108,0.70145,3.23,2.63
2011.07.05 13:22:29.608,0.70116,0.70151,2.85,3.00
2011.07.05 13:22:29.713,0.70116,0.70151,2.85,2.63
2011.07.05 13:22:29.933,0.70116,0.70151,2.85,2.63
2011.07.05 13:22:32.544,0.70114,0.70148,3.23,2.25
2011.07.05 13:22:33.389,0.70119,0.70153,2.63,2.63
2011.07.05 13:22:33.505,0.70117,0.70151,1.73,2.63
2011.07.05 13:22:35.697,0.70116,0.70151,2.63,2.63
2011.07.05 13:22:38.975,0.70116,0.70151,2.25,3.00
2011.07.05 13:22:39.304,0.70108,0.70139,1.35,2.25
2011.07.05 13:22:39.413,0.70111,0.70148,2.63,2.63
2011.07.05 13:22:40.234,0.70109,0.70144,3.23,2.63
2011.07.05 13:22:44.124,0.70113,0.70149,2.25,3.60
2011.07.05 13:22:44.234,0.70113,0.70149,2.63,3.23
2011.07.05 13:22:45.296,0.70113,0.70149,2.63,3.23
2011.07.05 13:22:46.945,0.70113,0.70149,2.63,3.23
2011.07.05 13:22:49.194,0.70113,0.70149,2.25,3.60
2011.07.05 13:22:49.304,0.70108,0.70145,2.63,2.63
2011.07.05 13:22:50.504,0.70108,0.70145,2.25,3.00
2011.07.05 13:22:50.613,0.70106,0.70141,2.63,2.63
2011.07.05 13:22:51.494,0.70106,0.70141,3.00,2.25
2011.07.05 13:22:51.603,0.7011,0.70145,2.63,2.63
2011.07.05 13:22:55.725,0.7011,0.70145,3.23,2.63
2011.07.05 13:23:06.167,0.7011,0.70146,2.63,2.48
2011.07.05 13:23:08.467,0.7011,0.70147,3.23,3.23
2011.07.05 13:23:35.094,0.7011,0.70146,2.63,2.48
2011.07.05 13:23:35.204,0.7011,0.70146,2.25,2.48
2011.07.05 13:23:35.355,0.70107,0.70142,2.63,3.23
2011.07.05 13:23:35.464,0.70107,0.70142,2.25,3.60
2011.07.05 13:23:36.106,0.70102,0.70139,3.98,2.63
2011.07.05 13:23:39.953,0.70102,0.70139,3.98,2.63
2011.07.05 13:23:43.356,0.70103,0.70139,2.63,4.73
2011.07.05 13:23:43.646,0.70103,0.70139,3.23,3.23
2011.07.05 13:23:43.863,0.70103,0.70139,2.63,4.73
2011.07.05 13:23:46.584,0.70105,0.70139,2.25,2.48
2011.07.05 13:23:47.424,0.70105,0.7014,2.85,3.23
2011.07.05 13:23:51.004,0.701,0.70137,4.73,2.63
2011.07.05 13:23:52.763,0.701,0.70135,2.48,2.25
2011.07.05 13:23:54.083,0.701,0.70135,2.48,2.63
2011.07.05 13:23:54.194,0.70103,0.70139,3.23,3.23
2011.07.05 13:23:58.224,0.70103,0.70139,2.85,3.23
2011.07.05 13:23:58.334,0.70106,0.70143,2.25,3.60
2011.07.05 13:23:59.306,0.70106,0.7014,2.25,1.35
2011.07.05 13:23:59.634,0.70104,0.70138,2.25,2.48
2011.07.05 13:23:59.743,0.701,0.70137,2.25,3.23
2011.07.05 13:24:00.739,0.70101,0.70138,2.25,5.48
2011.07.05 13:24:01.390,0.70102,0.70138,2.25,4.73
2011.07.05 13:24:01.824,0.70101,0.70138,3.23,3.23
2011.07.05 13:24:01.934,0.70104,0.70138,1.35,2.85
2011.07.05 13:24:02.044,0.70113,0.70148,2.63,5.48
2011.07.05 13:24:02.594,0.70111,0.70148,2.63,7.80
2011.07.05 13:24:02.704,0.70111,0.70146,2.25,3.60
2011.07.05 13:24:03.275,0.70109,0.70144,2.25,4.73
2011.07.05 13:24:04.267,0.70107,0.70144,2.25,4.73
2011.07.05 13:24:04.374,0.70107,0.70144,2.85,3.23
2011.07.05 13:24:06.744,0.70109,0.70144,2.85,3.23
2011.07.05 13:24:07.104,0.70105,0.7014,2.63,4.73
2011.07.05 13:24:10.974,0.70105,0.7014,3.23,2.25
2011.07.05 13:24:11.569,0.70108,0.70143,2.85,3.23
2011.07.05 13:24:16.408,0.70107,0.70144,3.23,3.23
2011.07.05 13:24:17.298,0.7011,0.70146,2.25,1.35
2011.07.05 13:24:17.904,0.70112,0.70147,2.25,4.73
2011.07.05 13:24:18.264,0.70108,0.70145,3.23,3.23
2011.07.05 13:24:20.454,0.7011,0.70145,2.25,3.23
2011.07.05 13:24:20.694,0.70112,0.70147,2.25,5.10
2011.07.05 13:24:21.403,0.70109,0.70146,2.85,3.23
2011.07.05 13:24:21.513,0.70111,0.70147,2.25,2.85
2011.07.05 13:24:23.326,0.70108,0.70145,3.23,3.23
2011.07.05 13:24:23.916,0.70111,0.70146,2.25,3.23
2011.07.05 13:24:24.024,0.70108,0.70145,3.23,3.23
2011.07.05 13:24:24.637,0.7011,0.70145,2.25,3.23
2011.07.05 13:24:26.524,0.70111,0.70147,2.25,2.85
2011.07.05 13:24:29.204,0.70109,0.70146,2.85,3.23
2011.07.05 13:24:32.214,0.70108,0.70145,3.60,3.23
2011.07.05 13:24:32.324,0.70108,0.70145,5.10,3.23
2011.07.05 13:24:36.571,0.70115,0.70149,2.25,2.48
2011.07.05 13:24:39.788,0.70115,0.70149,2.63,2.48
2011.07.05 13:24:40.113,0.70119,0.70149,2.25,2.48
2011.07.05 13:24:40.223,0.70117,0.70149,2.25,2.48
2011.07.05 13:24:43.204,0.70114,0.70149,2.63,2.48
2011.07.05 13:24:43.314,0.70114,0.70151,3.23,3.23
2011.07.05 13:24:43.534,0.70111,0.70145,2.48,2.63
2011.07.05 13:24:43.645,0.70108,0.70142,3.23,2.25
2011.07.05 13:24:45.354,0.70108,0.70142,3.23,2.63
2011.07.05 13:24:45.885,0.70106,0.70141,3.23,2.25
2011.07.05 13:24:47.135,0.70106,0.70141,3.23,2.25
2011.07.05 13:24:47.245,0.70106,0.70141,3.23,2.25
2011.07.05 13:24:47.370,0.70107,0.70143,3.23,3.23
2011.07.05 13:24:49.344,0.70106,0.70143,3.98,3.23
2011.07.05 13:24:51.226,0.70106,0.70142,1.73,2.25
2011.07.05 13:24:52.554,0.70107,0.70142,3.23,2.25
2011.07.05 13:24:53.210,0.70105,0.7014,3.23,2.25
2011.07.05 13:24:53.714,0.70106,0.70141,3.23,2.25
2011.07.05 13:24:58.587,0.70106,0.70141,3.23,2.25
2011.07.05 13:25:00.755,0.70106,0.70143,3.23,2.85
2011.07.05 13:25:00.866,0.70106,0.70141,3.23,2.25
2011.07.05 13:25:02.945,0.70107,0.70142,3.23,2.63
2011.07.05 13:25:03.584,0.70104,0.70141,3.60,2.25
2011.07.05 13:25:04.266,0.70104,0.7014,1.35,2.25
2011.07.05 13:25:05.054,0.70103,0.7014,5.10,2.25
2011.07.05 13:25:06.876,0.70104,0.7014,1.35,2.25
2011.07.05 13:25:09.007,0.70105,0.7014,1.35,2.25
2011.07.05 13:25:09.922,0.70103,0.7014,5.10,2.25
2011.07.05 13:25:11.087,0.70105,0.7014,1.35,2.25
2011.07.05 13:25:11.718,0.70104,0.7014,1.35,2.25
2011.07.05 13:25:12.019,0.70103,0.70137,2.85,2.25
2011.07.05 13:25:12.419,0.70104,0.70139,3.23,2.25
2011.07.05 13:25:13.113,0.70103,0.70138,2.85,2.25
2011.07.05 13:25:14.082,0.70104,0.70139,3.23,2.25
2011.07.05 13:25:16.095,0.70104,0.70139,3.60,2.25
2011.07.05 13:25:16.392,0.70104,0.70141,3.60,2.25
2011.07.05 13:25:17.268,0.70104,0.7014,1.35,2.25
2011.07.05 13:25:18.104,0.70104,0.7014,1.35,3.00
2011.07.05 13:25:18.434,0.70104,0.7014,1.35,2.25
2011.07.05 13:25:19.315,0.70103,0.7014,5.10,2.25
2011.07.05 13:25:22.015,0.70103,0.7014,5.10,3.00
2011.07.05 13:25:22.624,0.70102,0.70139,3.60,3.60
2011.07.05 13:25:23.135,0.70097,0.70133,4.35,2.85
2011.07.05 13:25:24.269,0.70097,0.70133,3.23,2.85
2011.07.05 13:25:24.865,0.70097,0.70133,3.23,2.85
2011.07.05 13:25:26.728,0.70098,0.70132,3.23,2.85
2011.07.05 13:25:26.876,0.70098,0.70132,2.85,3.23
2011.07.05 13:25:27.432,0.70093,0.70129,2.85,2.25
2011.07.05 13:25:27.655,0.70093,0.70127,3.00,2.85
2011.07.05 13:25:28.064,0.70097,0.70132,3.23,2.85
2011.07.05 13:25:28.174,0.70096,0.7013,1.73,2.25
2011.07.05 13:25:28.284,0.70096,0.70132,1.73,2.85
2011.07.05 13:25:28.948,0.70096,0.70132,2.10,2.85
2011.07.05 13:25:30.085,0.70099,0.70134,2.63,2.85
2011.07.05 13:25:33.006,0.70102,0.70134,1.13,2.85
2011.07.05 13:25:33.224,0.70102,0.70138,1.13,3.23
2011.07.05 13:25:35.364,0.70104,0.70138,1.35,2.25
2011.07.05 13:25:35.474,0.70106,0.70141,3.60,2.25
2011.07.05 13:25:37.317,0.70107,0.70142,3.23,2.25
2011.07.05 13:25:37.993,0.70106,0.7014,1.35,2.25
2011.07.05 13:25:38.106,0.70106,0.70143,3.60,3.23
2011.07.05 13:25:39.309,0.70106,0.70141,1.35,2.25
2011.07.05 13:25:40.196,0.70106,0.70142,1.35,2.25
2011.07.05 13:25:40.948,0.70106,0.70143,3.60,3.23
2011.07.05 13:25:41.955,0.70106,0.70142,1.35,2.25
2011.07.05 13:25:42.743,0.70106,0.7014,1.35,2.25
2011.07.05 13:25:43.367,0.70105,0.7014,3.60,2.25
2011.07.05 13:25:43.910,0.70107,0.70142,3.23,2.25
2011.07.05 13:25:46.593,0.70106,0.70141,3.23,2.25
2011.07.05 13:25:47.214,0.70106,0.70143,3.23,2.85
2011.07.05 13:25:47.866,0.70104,0.70141,3.60,2.25
2011.07.05 13:25:50.666,0.70106,0.70141,1.35,2.25
2011.07.05 13:25:53.736,0.70105,0.70141,1.35,2.25
2011.07.05 13:25:56.968,0.70105,0.70139,1.35,2.25
2011.07.05 13:25:57.234,0.70105,0.70141,1.35,2.25
2011.07.05 13:25:57.746,0.70105,0.70139,1.35,2.25
2011.07.05 13:25:59.306,0.70105,0.7014,1.35,2.25
2011.07.05 13:26:00.184,0.70105,0.70139,1.35,2.25
2011.07.05 13:26:00.936,0.70104,0.70139,3.60,2.25
2011.07.05 13:26:01.858,0.70105,0.7014,3.23,2.25
2011.07.05 13:26:04.655,0.70106,0.70143,3.60,2.25
2011.07.05 13:26:05.406,0.70108,0.70143,1.35,2.25
2011.07.05 13:26:08.858,0.70108,0.70142,3.60,2.25
2011.07.05 13:26:09.545,0.70108,0.70142,3.60,2.25
2011.07.05 13:26:09.654,0.70109,0.70146,3.00,2.85
2011.07.05 13:26:12.189,0.7011,0.70147,3.23,2.63
2011.07.05 13:26:17.837,0.7011,0.70147,3.23,2.63
2011.07.05 13:26:18.354,0.70106,0.70143,3.23,2.25
2011.07.05 13:26:22.358,0.70105,0.70142,3.23,2.25
2011.07.05 13:26:24.655,0.70107,0.70142,3.23,2.63
2011.07.05 13:26:24.762,0.70105,0.70139,1.35,2.25
2011.07.05 13:26:26.584,0.70104,0.70139,1.35,2.25
2011.07.05 13:26:29.413,0.70104,0.70141,5.10,2.25
2011.07.05 13:26:30.103,0.70107,0.70141,1.73,2.25
2011.07.05 13:26:34.558,0.70107,0.7014,1.73,2.25
2011.07.05 13:26:35.123,0.70105,0.70141,1.35,2.25
2011.07.05 13:26:36.020,0.70105,0.70138,1.35,2.25
2011.07.05 13:26:36.233,0.70105,0.7014,3.00,2.85
2011.07.05 13:26:37.479,0.70107,0.7014,1.13,2.85
2011.07.05 13:26:39.553,0.70106,0.7014,1.50,2.85
2011.07.05 13:26:40.795,0.70106,0.7014,1.13,2.85
2011.07.05 13:26:42.767,0.70105,0.7014,3.38,3.23
2011.07.05 13:26:43.374,0.70102,0.70138,3.23,2.25
2011.07.05 13:26:43.996,0.70102,0.70138,3.23,2.63
2011.07.05 13:26:44.674,0.70102,0.70138,3.23,2.63
2011.07.05 13:26:45.364,0.70103,0.70137,3.23,2.63
2011.07.05 13:26:46.763,0.70102,0.70139,3.23,2.63
2011.07.05 13:26:47.624,0.70103,0.70137,3.23,2.25
2011.07.05 13:26:49.573,0.70102,0.70139,3.23,2.63
2011.07.05 13:26:56.105,0.70102,0.70138,3.23,2.25
2011.07.05 13:26:59.736,0.70102,0.70138,3.23,2.25
2011.07.05 13:27:00.216,0.70103,0.70138,3.60,2.25
2011.07.05 13:27:00.432,0.70106,0.70141,3.23,2.25
2011.07.05 13:27:01.874,0.70107,0.70141,1.35,2.25
2011.07.05 13:27:02.223,0.70108,0.70143,2.48,2.25
2011.07.05 13:27:03.565,0.70108,0.70142,4.73,2.25
2011.07.05 13:27:06.736,0.70107,0.70142,3.23,2.85
2011.07.05 13:27:08.255,0.70107,0.70142,3.23,2.85
2011.07.05 13:27:08.843,0.70107,0.70142,3.98,2.85
2011.07.05 13:27:10.474,0.70107,0.70142,4.73,2.25
2011.07.05 13:27:11.124,0.70107,0.70143,4.73,2.25
2011.07.05 13:27:12.372,0.70107,0.70142,4.73,2.25
2011.07.05 13:27:12.593,0.70104,0.7014,3.23,2.25
2011.07.05 13:27:12.923,0.70102,0.70139,2.63,2.85
2011.07.05 13:27:13.983,0.70102,0.70138,3.23,2.25
2011.07.05 13:27:14.305,0.70103,0.70138,1.35,2.25
2011.07.05 13:27:14.572,0.70105,0.7014,3.23,2.63
2011.07.05 13:27:16.105,0.70105,0.7014,3.23,2.25
2011.07.05 13:27:20.247,0.70108,0.7014,2.10,2.25
2011.07.05 13:27:20.463,0.70108,0.70142,2.48,2.25
2011.07.05 13:27:21.035,0.70108,0.70143,4.73,3.23
2011.07.05 13:27:21.144,0.70108,0.70142,3.23,2.25
2011.07.05 13:27:21.903,0.70109,0.70142,2.48,2.25
2011.07.05 13:27:22.224,0.70108,0.70142,3.23,2.25
2011.07.05 13:27:22.773,0.70104,0.70137,2.85,2.25
2011.07.05 13:27:23.892,0.70104,0.70139,2.48,2.25
2011.07.05 13:27:24.004,0.70104,0.70137,2.48,2.25
2011.07.05 13:27:24.364,0.70103,0.70137,3.23,2.25
2011.07.05 13:27:24.693,0.70103,0.7014,3.23,2.25
2011.07.05 13:27:31.466,0.70107,0.7014,2.10,2.25
2011.07.05 13:27:31.573,0.70107,0.70143,2.48,2.63
2011.07.05 13:27:31.794,0.70109,0.70141,1.35,2.25
2011.07.05 13:27:31.903,0.70109,0.70144,1.35,2.85
2011.07.05 13:27:32.187,0.70108,0.70145,3.23,3.23
2011.07.05 13:27:32.403,0.70107,0.70141,3.23,2.25
2011.07.05 13:27:33.555,0.70107,0.70139,2.48,2.25
2011.07.05 13:27:33.662,0.70104,0.70139,3.60,2.25
2011.07.05 13:27:34.343,0.70104,0.70138,1.35,2.25
2011.07.05 13:27:34.568,0.70103,0.70138,2.63,2.25
2011.07.05 13:27:36.528,0.70103,0.7014,2.63,2.85
2011.07.05 13:27:38.726,0.70107,0.7014,2.48,2.25
2011.07.05 13:27:39.324,0.70107,0.70141,2.48,2.25
2011.07.05 13:27:39.926,0.70107,0.70142,4.73,2.25
2011.07.05 13:27:47.221,0.70112,0.70142,1.73,2.25
2011.07.05 13:27:47.334,0.70109,0.70145,2.85,2.25
2011.07.05 13:27:51.874,0.70105,0.70141,1.35,2.25
2011.07.05 13:27:52.194,0.70109,0.70141,1.35,2.25
2011.07.05 13:27:52.759,0.70109,0.70144,3.60,2.25
2011.07.05 13:27:53.755,0.70109,0.70146,3.60,2.25
2011.07.05 13:27:54.523,0.70109,0.70143,1.35,2.25
2011.07.05 13:27:54.658,0.70109,0.70145,1.35,2.25
2011.07.05 13:27:56.599,0.70109,0.70144,1.35,2.25
2011.07.05 13:27:57.913,0.70111,0.70145,1.13,2.25
2011.07.05 13:27:58.664,0.70111,0.70145,1.13,2.25
2011.07.05 13:27:58.903,0.70111,0.70143,1.13,2.25
2011.07.05 13:28:01.415,0.70111,0.70143,1.13,2.25
2011.07.05 13:28:02.415,0.70109,0.70144,3.23,2.25
2011.07.05 13:28:03.773,0.70109,0.70144,3.60,2.25
2011.07.05 13:28:09.445,0.70109,0.70144,3.60,2.25
2011.07.05 13:28:10.057,0.70109,0.70143,1.35,2.25
2011.07.05 13:28:11.175,0.70108,0.70143,3.23,2.25
2011.07.05 13:28:11.384,0.70104,0.7014,1.35,2.25
2011.07.05 13:28:11.863,0.70104,0.70135,1.35,2.25
2011.07.05 13:28:11.974,0.701,0.70135,3.00,2.25
2011.07.05 13:28:12.083,0.70097,0.70132,1.35,2.25
2011.07.05 13:28:13.049,0.70097,0.70127,1.35,2.25
2011.07.05 13:28:13.154,0.70093,0.70127,1.35,2.25
2011.07.05 13:28:22.083,0.70095,0.70127,2.48,2.25
2011.07.05 13:28:22.194,0.70093,0.70127,1.35,2.25
2011.07.05 13:28:22.377,0.70093,0.70124,1.35,2.25
2011.07.05 13:28:22.704,0.70101,0.70124,2.48,2.25
2011.07.05 13:28:23.144,0.70106,0.70141,3.23,2.25
2011.07.05 13:28:23.254,0.70108,0.70141,1.35,2.25
2011.07.05 13:28:23.584,0.70109,0.70145,1.35,2.25
2011.07.05 13:28:24.215,0.70113,0.70146,1.35,2.25
2011.07.05 13:28:25.645,0.70112,0.70146,1.35,2.63
2011.07.05 13:28:25.754,0.70103,0.70139,1.35,2.25
2011.07.05 13:28:26.143,0.70102,0.70133,2.48,2.25
2011.07.05 13:28:27.883,0.70099,0.70133,1.35,2.25
2011.07.05 13:28:27.993,0.70099,0.70135,1.35,2.25
2011.07.05 13:28:28.910,0.70099,0.70134,3.60,2.25
2011.07.05 13:28:34.188,0.70099,0.70136,3.60,2.25
2011.07.05 13:28:34.298,0.70099,0.70134,3.60,2.25
2011.07.05 13:28:34.523,0.70099,0.70134,2.25,3.23
2011.07.05 13:28:34.634,0.70096,0.70127,1.13,2.25
2011.07.05 13:28:35.614,0.70092,0.70135,1.13,1.35
2011.07.05 13:28:35.833,0.70096,0.70137,2.10,2.48
2011.07.05 13:28:36.394,0.70097,0.70137,1.50,2.48
2011.07.05 13:28:37.455,0.70101,0.70142,2.48,1.35
2011.07.05 13:28:37.673,0.70107,0.70144,3.60,3.23
2011.07.05 13:28:37.783,0.70107,0.70144,2.63,3.23
2011.07.05 13:28:38.575,0.70104,0.70139,3.23,2.25
2011.07.05 13:28:41.362,0.70105,0.70139,1.35,2.25
2011.07.05 13:28:41.583,0.70108,0.70143,2.63,2.25
2011.07.05 13:28:44.753,0.70108,0.70143,2.25,2.63
2011.07.05 13:28:44.863,0.70104,0.70139,3.23,2.25
2011.07.05 13:28:46.865,0.70106,0.70139,1.35,2.25
2011.07.05 13:28:46.973,0.70108,0.70142,2.63,2.25
2011.07.05 13:28:50.143,0.70108,0.70142,2.63,2.25
2011.07.05 13:28:53.976,0.70108,0.70142,2.25,2.63
2011.07.05 13:28:54.721,0.70102,0.70139,4.35,3.23
2011.07.05 13:29:03.443,0.70102,0.70139,3.60,2.63
2011.07.05 13:29:03.553,0.70102,0.70137,1.35,2.25
2011.07.05 13:29:09.754,0.70112,0.70137,1.35,2.25
2011.07.05 13:29:09.865,0.70109,0.70137,2.48,2.25
2011.07.05 13:29:09.973,0.70112,0.70149,2.25,3.23
2011.07.05 13:29:10.083,0.70105,0.70141,1.35,2.25
2011.07.05 13:29:10.413,0.7011,0.70145,1.35,2.25
2011.07.05 13:29:16.308,0.70111,0.70146,3.23,2.25
2011.07.05 13:29:21.736,0.70109,0.70146,3.23,2.63
2011.07.05 13:29:21.843,0.70111,0.70146,2.25,3.23
2011.07.05 13:29:21.953,0.70106,0.70143,3.98,2.25
2011.07.05 13:29:22.452,0.70111,0.70146,2.63,2.85
2011.07.05 13:29:26.094,0.70112,0.70147,2.63,2.25
2011.07.05 13:29:26.664,0.70113,0.70148,2.63,2.25
2011.07.05 13:29:27.233,0.70113,0.70148,2.63,2.63
2011.07.05 13:29:29.734,0.70112,0.70146,1.13,2.25
2011.07.05 13:29:30.514,0.70111,0.70146,3.00,2.25
2011.07.05 13:29:30.624,0.70114,0.70151,2.63,2.25
2011.07.05 13:29:30.844,0.70111,0.70146,3.38,2.25
2011.07.05 13:29:45.034,0.7011,0.70145,3.00,2.25
2011.07.05 13:29:45.620,0.70111,0.70146,2.63,2.25
2011.07.05 13:29:46.507,0.70112,0.70145,1.13,2.25
2011.07.05 13:29:47.804,0.70111,0.70146,2.63,2.25
2011.07.05 13:30:01.465,0.70109,0.70144,1.35,2.25
2011.07.05 13:30:02.553,0.70109,0.70144,1.35,2.25
2011.07.05 13:30:02.989,0.70113,0.70148,3.00,2.25
2011.07.05 13:30:06.533,0.70113,0.70148,2.63,2.25
2011.07.05 13:30:06.647,0.70111,0.70146,1.50,2.25
2011.07.05 13:30:07.494,0.70116,0.70146,1.35,2.25
2011.07.05 13:30:07.906,0.70116,0.7015,2.10,2.25
2011.07.05 13:30:09.044,0.70116,0.70149,1.35,2.25
2011.07.05 13:30:09.154,0.70116,0.70147,1.35,2.25
2011.07.05 13:30:09.373,0.70115,0.70149,3.00,2.25
2011.07.05 13:30:09.704,0.70112,0.70147,3.23,2.25
2011.07.05 13:30:11.063,0.70112,0.70147,3.23,2.25
2011.07.05 13:30:12.443,0.70112,0.70147,2.25,3.23
2011.07.05 13:30:12.663,0.70107,0.70144,3.23,2.25
2011.07.05 13:30:16.709,0.70109,0.70143,2.63,2.25
2011.07.05 13:30:18.453,0.70108,0.70143,2.25,2.63
2011.07.05 13:30:19.065,0.70103,0.70139,2.63,2.63
2011.07.05 13:30:19.583,0.70103,0.70139,3.23,2.63
2011.07.05 13:30:19.694,0.70109,0.70143,2.25,2.63
2011.07.05 13:30:20.245,0.70105,0.70142,3.23,2.63
2011.07.05 13:30:20.990,0.70104,0.70139,3.23,2.25
2011.07.05 13:30:21.125,0.70106,0.70141,3.23,2.25
2011.07.05 13:30:21.881,0.70111,0.70141,1.35,2.25
2011.07.05 13:30:21.985,0.70109,0.70146,3.60,2.63
2011.07.05 13:30:26.035,0.70109,0.70146,3.23,2.63
2011.07.05 13:30:29.196,0.70107,0.70144,4.35,2.63
2011.07.05 13:30:29.478,0.70107,0.70144,3.98,2.63
2011.07.05 13:30:29.584,0.70107,0.70144,2.63,3.23
2011.07.05 13:30:29.693,0.70103,0.70139,2.63,2.63
2011.07.05 13:30:31.864,0.70099,0.70136,3.00,2.85
2011.07.05 13:30:32.443,0.70104,0.70138,2.63,2.85
2011.07.05 13:30:34.324,0.70109,0.70139,2.10,2.25
2011.07.05 13:30:34.434,0.70117,0.70152,2.63,2.63
2011.07.05 13:30:34.547,0.70117,0.70152,2.25,3.00
2011.07.05 13:30:35.168,0.70109,0.70143,3.00,2.25
2011.07.05 13:30:35.274,0.70109,0.70143,2.25,2.63
2011.07.05 13:30:39.677,0.70102,0.70136,1.35,2.25
2011.07.05 13:30:40.004,0.70101,0.70136,3.23,2.25
2011.07.05 13:30:40.114,0.701,0.70133,1.35,2.25
2011.07.05 13:30:40.224,0.701,0.70135,1.35,2.25
2011.07.05 13:30:43.235,0.70098,0.70135,3.23,2.25
2011.07.05 13:30:43.453,0.70098,0.70134,3.23,3.38
2011.07.05 13:30:43.844,0.70095,0.7013,3.23,2.25
2011.07.05 13:30:44.784,0.70095,0.7013,2.63,3.23
2011.07.05 13:30:44.893,0.70087,0.70122,3.60,2.25
2011.07.05 13:30:45.114,0.70095,0.7013,3.23,2.25
2011.07.05 13:30:48.603,0.70095,0.7013,2.25,2.63
2011.07.05 13:30:48.823,0.70091,0.70126,3.23,2.25
2011.07.05 13:30:49.255,0.70091,0.70126,3.60,2.25
2011.07.05 13:30:49.473,0.70094,0.70129,3.23,2.25
2011.07.05 13:30:50.133,0.70093,0.7013,3.60,2.25
2011.07.05 13:30:50.813,0.70094,0.70129,3.23,2.25
2011.07.05 13:30:54.384,0.70097,0.70129,1.35,2.25
2011.07.05 13:30:54.617,0.70097,0.70136,3.60,2.63
2011.07.05 13:30:54.833,0.70098,0.70134,3.23,2.25
2011.07.05 13:30:55.314,0.70103,0.70138,2.63,2.85
2011.07.05 13:30:55.874,0.70103,0.70138,4.73,2.25
2011.07.05 13:30:55.974,0.70111,0.70146,2.63,2.25
2011.07.05 13:30:56.687,0.70111,0.70146,3.23,2.25
2011.07.05 13:30:57.194,0.70111,0.70144,2.25,1.35
2011.07.05 13:30:58.394,0.70107,0.70142,3.23,2.85
2011.07.05 13:31:00.245,0.70108,0.70142,2.48,2.25
2011.07.05 13:31:00.772,0.70108,0.70143,4.73,2.25
2011.07.05 13:31:02.863,0.70108,0.70142,2.48,2.25
2011.07.05 13:31:04.175,0.70108,0.70143,4.73,2.25
2011.07.05 13:31:04.953,0.70108,0.70144,2.48,2.63
2011.07.05 13:31:05.334,0.70108,0.70142,2.48,2.25
2011.07.05 13:31:05.845,0.70108,0.70144,2.48,2.63
2011.07.05 13:31:09.937,0.70109,0.70144,1.35,2.25
2011.07.05 13:31:10.454,0.70111,0.70148,2.63,2.85
2011.07.05 13:31:10.563,0.70107,0.70144,3.98,2.63
2011.07.05 13:31:11.063,0.70107,0.70144,3.23,3.00
2011.07.05 13:31:12.194,0.70103,0.70139,2.63,2.63
2011.07.05 13:31:12.639,0.70103,0.70139,3.00,2.25
2011.07.05 13:31:12.758,0.70103,0.70139,3.00,2.25
2011.07.05 13:31:12.863,0.70104,0.70141,3.00,2.85
2011.07.05 13:31:13.193,0.70102,0.70139,3.00,2.25
2011.07.05 13:31:13.527,0.70101,0.70135,1.35,2.25
2011.07.05 13:31:13.634,0.701,0.70135,3.23,2.25
2011.07.05 13:31:17.953,0.70097,0.70142,1.50,1.35
2011.07.05 13:31:18.237,0.70097,0.7014,1.13,1.35
2011.07.05 13:31:18.475,0.70097,0.70138,1.13,2.48
2011.07.05 13:31:23.505,0.70092,0.70133,2.10,1.73
2011.07.05 13:31:23.984,0.70092,0.70128,1.35,2.25
2011.07.05 13:31:24.312,0.70097,0.70132,2.63,2.25
2011.07.05 13:31:25.019,0.70097,0.70132,2.63,2.25
2011.07.05 13:31:25.246,0.70097,0.70132,3.00,2.25
2011.07.05 13:31:26.188,0.70099,0.70134,2.63,3.23
2011.07.05 13:31:28.523,0.70098,0.70133,2.63,3.23
2011.07.05 13:31:28.908,0.70093,0.70129,3.23,2.63
2011.07.05 13:31:29.234,0.70089,0.70124,3.23,2.25
2011.07.05 13:31:29.565,0.701,0.70135,3.23,2.25
2011.07.05 13:31:30.053,0.70104,0.7014,2.63,2.25
2011.07.05 13:31:30.164,0.70104,0.7014,2.63,2.63
2011.07.05 13:31:30.745,0.70104,0.70139,2.25,2.63
2011.07.05 13:31:30.853,0.70099,0.70135,3.23,2.25
2011.07.05 13:31:31.204,0.70104,0.70139,3.00,2.25
2011.07.05 13:31:31.534,0.701,0.70131,2.85,2.25
2011.07.05 13:31:31.643,0.701,0.70135,2.85,2.25
2011.07.05 13:31:32.144,0.70101,0.70135,1.35,2.85
2011.07.05 13:31:32.363,0.701,0.70135,3.23,2.85
2011.07.05 13:31:32.585,0.70099,0.70134,2.85,3.23
2011.07.05 13:31:32.693,0.70095,0.70129,4.73,2.25
2011.07.05 13:31:33.177,0.70095,0.70129,3.23,2.85
2011.07.05 13:31:33.284,0.70095,0.70129,3.23,3.23
2011.07.05 13:31:33.749,0.70091,0.70125,2.48,2.25
2011.07.05 13:31:33.855,0.70086,0.70122,2.85,2.25
2011.07.05 13:31:37.424,0.70087,0.7012,1.35,2.25
2011.07.05 13:31:37.534,0.70089,0.70123,1.35,2.25
2011.07.05 13:31:37.976,0.70089,0.70123,1.35,2.85
2011.07.05 13:31:38.357,0.70089,0.70119,1.35,2.25
2011.07.05 13:31:38.463,0.70085,0.70119,2.85,2.25
2011.07.05 13:31:39.014,0.70085,0.70118,1.35,2.25
2011.07.05 13:31:39.754,0.70087,0.70118,1.13,2.25
2011.07.05 13:31:39.863,0.70087,0.70121,1.13,2.25
2011.07.05 13:31:39.996,0.70087,0.70123,1.13,2.63
2011.07.05 13:31:41.265,0.70086,0.70123,3.00,2.25
2011.07.05 13:31:41.593,0.70086,0.70123,2.63,2.63
2011.07.05 13:31:42.387,0.70085,0.70118,1.35,2.25
2011.07.05 13:31:42.496,0.70083,0.70118,3.23,2.25
2011.07.05 13:31:47.883,0.70083,0.70118,3.23,2.25
2011.07.05 13:31:48.495,0.70086,0.70119,1.13,2.85
2011.07.05 13:31:49.193,0.70086,0.70122,1.13,4.73
2011.07.05 13:31:50.637,0.70083,0.7012,3.60,3.23
2011.07.05 13:31:51.041,0.70083,0.7012,3.00,2.63
2011.07.05 13:31:52.176,0.70083,0.7012,2.63,2.63
2011.07.05 13:31:52.394,0.7008,0.70118,1.35,2.25
2011.07.05 13:31:53.326,0.70085,0.7012,2.63,2.63
2011.07.05 13:31:53.873,0.70084,0.70119,2.63,2.25
2011.07.05 13:31:54.293,0.70084,0.70121,2.63,2.63
2011.07.05 13:31:56.007,0.70082,0.70118,3.00,2.25
2011.07.05 13:31:56.627,0.70081,0.70117,1.50,2.25
2011.07.05 13:31:56.733,0.70083,0.7012,3.00,2.63
2011.07.05 13:31:56.843,0.70083,0.70117,3.00,2.25
2011.07.05 13:31:57.268,0.70083,0.7012,3.00,2.63
2011.07.05 13:31:59.864,0.70082,0.70118,3.00,2.25
2011.07.05 13:32:00.413,0.7008,0.70117,3.60,2.25
2011.07.05 13:32:01.018,0.70082,0.70119,3.00,2.25
2011.07.05 13:32:01.586,0.70083,0.7012,3.00,2.63
2011.07.05 13:32:02.023,0.7008,0.70115,3.60,2.25
2011.07.05 13:32:02.558,0.7008,0.70115,3.60,2.25
2011.07.05 13:32:02.653,0.70083,0.70119,3.00,2.25
2011.07.05 13:32:03.236,0.70083,0.70118,3.00,2.25
2011.07.05 13:32:04.064,0.70085,0.70122,3.00,2.85
2011.07.05 13:32:04.770,0.70084,0.70119,3.00,2.25
2011.07.05 13:32:06.115,0.70084,0.70119,3.00,2.25
2011.07.05 13:32:08.057,0.70083,0.7012,3.00,2.25
2011.07.05 13:32:14.181,0.70085,0.7012,2.63,2.25
2011.07.05 13:32:14.836,0.70083,0.7012,3.00,3.00
2011.07.05 13:32:14.944,0.70082,0.70117,2.63,2.25
2011.07.05 13:32:15.055,0.70079,0.70114,1.35,2.25
2011.07.05 13:32:15.656,0.70079,0.70115,1.35,2.25
2011.07.05 13:32:16.749,0.70081,0.70116,2.63,2.25
2011.07.05 13:32:17.583,0.70082,0.70117,3.00,2.85
2011.07.05 13:32:17.956,0.70083,0.70119,3.60,2.25
2011.07.05 13:32:19.794,0.70083,0.70119,3.00,2.85
2011.07.05 13:32:20.014,0.70085,0.7012,1.35,2.25
2011.07.05 13:32:20.509,0.70085,0.70122,3.60,2.25
2011.07.05 13:32:20.625,0.70085,0.70122,3.23,3.23
2011.07.05 13:32:21.574,0.70081,0.70118,3.23,2.25
2011.07.05 13:32:23.517,0.7008,0.70117,5.10,2.25
2011.07.05 13:32:25.995,0.7008,0.70115,3.00,2.25
2011.07.05 13:32:26.214,0.70086,0.70121,2.63,2.25
2011.07.05 13:32:26.846,0.70086,0.70121,2.25,2.63
2011.07.05 13:32:27.176,0.70081,0.70118,2.63,2.63
2011.07.05 13:32:28.257,0.70077,0.70113,3.60,2.25
2011.07.05 13:32:28.814,0.70076,0.70113,3.23,2.63
2011.07.05 13:32:29.044,0.70075,0.70108,1.35,2.25
2011.07.05 13:32:29.154,0.70072,0.70108,5.48,2.25
2011.07.05 13:32:29.720,0.70072,0.70109,4.73,2.25
2011.07.05 13:32:31.545,0.70073,0.70107,3.23,2.25
2011.07.05 13:32:34.535,0.70073,0.70107,2.63,2.25
2011.07.05 13:32:35.196,0.70072,0.70108,3.23,2.25
2011.07.05 13:32:36.105,0.70072,0.70108,4.35,2.25
2011.07.05 13:32:36.724,0.70074,0.70109,2.63,2.25
2011.07.05 13:32:39.045,0.70072,0.70108,3.60,2.25
2011.07.05 13:32:40.623,0.70074,0.70109,2.63,2.25
2011.07.05 13:32:40.996,0.70072,0.70108,2.63,2.85
2011.07.05 13:32:42.643,0.70071,0.70106,3.60,2.25
2011.07.05 13:32:43.853,0.70071,0.70106,3.23,2.63
2011.07.05 13:32:44.194,0.70067,0.70101,3.60,2.25
2011.07.05 13:32:46.027,0.70067,0.70101,3.23,2.25
2011.07.05 13:32:46.363,0.70065,0.70093,2.48,2.25
2011.07.05 13:32:46.473,0.70065,0.70098,2.48,2.25
2011.07.05 13:32:58.624,0.70063,0.70098,3.23,2.25
2011.07.05 13:32:59.808,0.70062,0.70096,4.73,2.25
2011.07.05 13:33:00.243,0.7006,0.70095,3.23,3.23
2011.07.05 13:33:00.353,0.70057,0.70092,3.98,2.25
2011.07.05 13:33:05.176,0.70062,0.70096,1.35,2.25
2011.07.05 13:33:11.385,0.70062,0.70096,2.63,3.23
2011.07.05 13:33:11.603,0.70057,0.70093,1.35,2.25
2011.07.05 13:33:12.254,0.70056,0.70088,2.48,2.25
2011.07.05 13:33:13.543,0.70056,0.7009,3.23,2.25
2011.07.05 13:33:15.248,0.70056,0.70087,2.48,2.25
2011.07.05 13:33:16.346,0.70056,0.70089,2.48,2.25
2011.07.05 13:33:17.124,0.70056,0.70088,2.48,2.25
2011.07.05 13:33:17.234,0.70054,0.70089,1.35,2.25
2011.07.05 13:33:19.067,0.70054,0.70087,1.35,2.25
2011.07.05 13:33:20.214,0.70054,0.70088,1.35,2.25
2011.07.05 13:33:20.867,0.70054,0.70089,3.60,2.25
2011.07.05 13:33:20.974,0.70054,0.70089,2.85,2.63
2011.07.05 13:33:21.084,0.7005,0.70085,2.63,2.25
2011.07.05 13:33:21.425,0.70054,0.70085,1.35,2.25
2011.07.05 13:33:21.646,0.70054,0.70088,1.35,2.25
2011.07.05 13:33:21.754,0.70056,0.70093,2.63,3.23
2011.07.05 13:33:21.864,0.70056,0.70093,2.25,3.60
2011.07.05 13:33:22.085,0.70049,0.70085,2.48,2.25
2011.07.05 13:33:22.594,0.70049,0.70084,5.10,2.25
2011.07.05 13:33:23.680,0.70049,0.70082,2.85,2.25
2011.07.05 13:33:23.787,0.70049,0.70085,2.85,2.25
2011.07.05 13:33:25.938,0.70048,0.70085,3.60,2.25
2011.07.05 13:33:26.402,0.70048,0.70085,3.60,2.25
2011.07.05 13:33:26.734,0.70051,0.70088,3.00,2.25
2011.07.05 13:33:27.313,0.70052,0.70089,3.00,2.25
2011.07.05 13:33:27.574,0.70052,0.70089,3.00,2.25
2011.07.05 13:33:28.734,0.70049,0.70084,3.00,2.25
2011.07.05 13:33:30.054,0.70052,0.70089,3.00,2.25
2011.07.05 13:33:31.172,0.70051,0.70088,3.00,2.25
2011.07.05 13:33:32.274,0.70054,0.70086,1.35,2.25
2011.07.05 13:33:33.180,0.70052,0.70086,3.23,2.25
2011.07.05 13:33:33.395,0.70049,0.70084,3.60,2.25
2011.07.05 13:33:34.154,0.70054,0.70084,1.35,2.25
2011.07.05 13:33:34.265,0.70065,0.70102,3.60,2.25
2011.07.05 13:33:34.676,0.70063,0.70096,1.35,2.25
2011.07.05 13:33:34.784,0.70066,0.70101,3.00,2.25
2011.07.05 13:33:35.004,0.70063,0.701,3.60,2.25
2011.07.05 13:33:35.595,0.70063,0.70099,1.35,2.25
2011.07.05 13:33:42.009,0.70063,0.70098,1.35,2.25
2011.07.05 13:33:43.767,0.70063,0.70099,1.35,2.25
2011.07.05 13:33:43.984,0.70067,0.70099,1.35,2.25
2011.07.05 13:33:44.094,0.70068,0.70102,3.23,2.85
2011.07.05 13:33:44.425,0.7007,0.70103,1.35,2.25
2011.07.05 13:33:44.644,0.7007,0.70107,3.60,2.25
2011.07.05 13:33:44.754,0.70067,0.70102,3.60,2.25
2011.07.05 13:33:45.296,0.70067,0.70101,1.35,2.25
2011.07.05 13:33:45.863,0.70065,0.70102,3.00,2.25
2011.07.05 13:33:48.075,0.70066,0.70102,1.73,2.25
2011.07.05 13:33:48.184,0.70065,0.70098,2.85,2.25
2011.07.05 13:33:48.863,0.70066,0.701,1.73,2.85
2011.07.05 13:33:50.305,0.70066,0.70101,2.10,2.85
2011.07.05 13:33:50.415,0.70068,0.70103,2.63,2.25
2011.07.05 13:33:50.524,0.70068,0.70103,3.00,2.25
2011.07.05 13:33:53.446,0.70067,0.70102,4.35,2.25
2011.07.05 13:33:55.684,0.70065,0.70097,1.35,2.25
2011.07.05 13:33:56.450,0.70073,0.70106,1.35,2.25
2011.07.05 13:33:56.849,0.70073,0.70108,1.35,2.25
2011.07.05 13:33:57.344,0.7007,0.70103,2.48,2.25
2011.07.05 13:33:58.276,0.70068,0.70101,1.35,2.25
2011.07.05 13:34:00.203,0.70068,0.701,1.35,2.25
2011.07.05 13:34:00.320,0.70068,0.70104,1.35,2.25
2011.07.05 13:34:00.764,0.70068,0.70103,3.23,2.25
2011.07.05 13:34:00.874,0.70064,0.70098,1.35,2.25
2011.07.05 13:34:01.124,0.70064,0.70101,3.60,2.25
2011.07.05 13:34:01.627,0.70068,0.70101,1.35,2.25
2011.07.05 13:34:01.844,0.70073,0.70109,3.23,2.25
2011.07.05 13:34:01.956,0.70076,0.70109,1.35,2.25
2011.07.05 13:34:02.064,0.70078,0.70113,2.63,2.85
2011.07.05 13:34:03.376,0.70078,0.70113,3.23,2.63
2011.07.05 13:34:03.783,0.70074,0.70109,1.35,2.85
2011.07.05 13:34:10.055,0.70074,0.70106,1.35,2.25
2011.07.05 13:34:10.656,0.70072,0.70106,1.35,2.25
2011.07.05 13:34:11.275,0.7007,0.70106,2.48,2.25
2011.07.05 13:34:11.396,0.7007,0.70101,2.48,2.25
2011.07.05 13:34:12.075,0.70072,0.70106,1.35,2.25
2011.07.05 13:34:20.281,0.70072,0.70105,2.10,2.25
2011.07.05 13:34:20.543,0.70072,0.70103,1.35,2.25
2011.07.05 13:34:21.720,0.70072,0.70104,2.10,2.25
2011.07.05 13:34:24.617,0.70072,0.70107,2.10,2.85
2011.07.05 13:34:24.725,0.70072,0.70105,2.10,2.25
2011.07.05 13:34:28.287,0.70074,0.70105,1.35,2.25
2011.07.05 13:34:30.008,0.70072,0.70105,2.10,2.25
2011.07.05 13:34:31.698,0.70072,0.70104,2.10,2.25
2011.07.05 13:34:32.246,0.70072,0.70107,1.35,2.85
2011.07.05 13:34:36.616,0.70072,0.70107,1.73,3.23
2011.07.05 13:34:36.848,0.7007,0.70103,2.48,2.25
2011.07.05 13:34:37.724,0.70068,0.70103,1.35,2.25
2011.07.05 13:34:39.171,0.70071,0.70103,1.35,2.25
2011.07.05 13:34:39.393,0.70071,0.70107,1.35,2.25
2011.07.05 13:34:40.055,0.70071,0.70106,1.35,2.25
2011.07.05 13:34:40.844,0.70071,0.70102,1.35,2.25
2011.07.05 13:34:40.991,0.70071,0.70102,1.35,2.25
2011.07.05 13:34:41.094,0.70071,0.70106,3.60,2.25
2011.07.05 13:34:41.315,0.70071,0.70103,1.35,2.25
2011.07.05 13:34:42.256,0.70072,0.70104,1.73,2.25
2011.07.05 13:34:42.922,0.70072,0.70103,1.73,2.25
2011.07.05 13:34:43.294,0.70074,0.70106,1.35,2.25
2011.07.05 13:34:44.087,0.70074,0.70108,3.60,2.25
2011.07.05 13:34:44.174,0.70076,0.70111,1.35,2.85
2011.07.05 13:34:44.868,0.70077,0.70111,1.50,2.25
2011.07.05 13:34:45.757,0.70077,0.70111,1.13,2.25
2011.07.05 13:34:48.818,0.70077,0.7011,1.13,2.25
2011.07.05 13:34:49.304,0.70072,0.70107,1.35,2.25
2011.07.05 13:34:49.737,0.70075,0.70106,1.35,2.25
2011.07.05 13:34:49.844,0.70075,0.70109,3.60,2.25
2011.07.05 13:34:50.534,0.70075,0.7011,1.35,2.25
2011.07.05 13:34:50.774,0.70073,0.70108,3.23,2.25
2011.07.05 13:34:50.994,0.70075,0.70105,1.35,2.25
2011.07.05 13:34:51.104,0.70075,0.70109,1.35,2.25
2011.07.05 13:34:56.706,0.70072,0.70109,3.00,2.25
2011.07.05 13:34:56.924,0.70076,0.70113,3.00,2.25
2011.07.05 13:34:57.399,0.70076,0.70111,3.00,2.25
2011.07.05 13:34:57.914,0.70077,0.70112,3.00,2.25
2011.07.05 13:34:58.390,0.70073,0.70108,3.00,2.25
2011.07.05 13:34:58.495,0.70073,0.70108,3.00,2.25
2011.07.05 13:34:59.563,0.70072,0.70107,3.00,2.25
2011.07.05 13:34:59.894,0.70072,0.70107,3.75,2.25
2011.07.05 13:35:00.036,0.70076,0.70111,3.00,2.25
2011.07.05 13:35:00.675,0.70076,0.70111,3.60,2.25
2011.07.05 13:35:00.784,0.70076,0.70109,1.35,2.25
2011.07.05 13:35:01.137,0.7008,0.70109,2.85,2.25
2011.07.05 13:35:01.634,0.7008,0.70115,2.85,2.25
2011.07.05 13:35:01.924,0.70079,0.70113,1.35,2.25
2011.07.05 13:35:02.814,0.7008,0.70115,3.00,2.25
2011.07.05 13:35:03.794,0.70081,0.70114,2.10,2.25
2011.07.05 13:35:03.904,0.70081,0.7011,1.35,2.25
2011.07.05 13:35:04.015,0.70077,0.70109,1.13,2.25
2011.07.05 13:35:04.234,0.70072,0.70106,1.35,2.25
2011.07.05 13:35:05.110,0.70072,0.70109,3.60,3.23
2011.07.05 13:35:05.644,0.70072,0.70107,3.98,2.85
2011.07.05 13:35:10.054,0.70078,0.70112,2.25,2.48
2011.07.05 13:35:10.273,0.70078,0.70113,2.63,3.23
2011.07.05 13:35:10.795,0.70076,0.70111,2.63,2.85
2011.07.05 13:35:10.904,0.70076,0.70111,2.63,2.85
2011.07.05 13:35:11.545,0.70073,0.7011,3.00,2.85
2011.07.05 13:35:12.084,0.70072,0.70107,3.00,2.25
2011.07.05 13:35:12.194,0.70074,0.70109,2.63,3.23
2011.07.05 13:35:12.304,0.70071,0.70105,2.63,2.85
2011.07.05 13:35:13.895,0.7007,0.70105,2.63,2.85
2011.07.05 13:35:16.226,0.70069,0.70105,2.25,1.35
2011.07.05 13:35:16.444,0.70065,0.70099,1.13,2.85
2011.07.05 13:35:17.096,0.70066,0.701,2.63,2.85
2011.07.05 13:35:18.855,0.70066,0.701,3.75,2.85
2011.07.05 13:35:18.965,0.70067,0.70103,1.35,2.25
2011.07.05 13:35:19.514,0.70068,0.70105,3.23,2.25
2011.07.05 13:35:20.167,0.70068,0.70105,3.23,2.63
2011.07.05 13:35:20.274,0.70067,0.70102,3.23,2.25
2011.07.05 13:35:20.604,0.70067,0.70104,3.23,2.63
2011.07.05 13:35:24.647,0.70068,0.70104,1.35,2.25
2011.07.05 13:35:25.382,0.70071,0.70105,3.23,2.25
2011.07.05 13:35:25.764,0.70071,0.70106,3.23,2.25
2011.07.05 13:35:26.308,0.70071,0.70105,3.23,2.25
2011.07.05 13:35:29.005,0.70071,0.70105,3.23,2.25
2011.07.05 13:35:30.957,0.70071,0.70105,3.23,3.00
2011.07.05 13:35:31.064,0.70071,0.70105,3.23,2.25
2011.07.05 13:35:33.115,0.70071,0.70105,2.25,3.23
2011.07.05 13:35:33.224,0.70066,0.70103,2.63,2.25
2011.07.05 13:35:33.566,0.70066,0.70103,3.00,2.63
2011.07.05 13:35:34.926,0.70067,0.70104,3.23,5.48
2011.07.05 13:35:35.696,0.70068,0.70104,2.48,3.38
2011.07.05 13:35:35.974,0.70067,0.70104,3.23,5.48
2011.07.05 13:35:36.523,0.70063,0.701,4.73,3.23
2011.07.05 13:35:37.416,0.70063,0.70099,4.73,1.13
2011.07.05 13:35:38.143,0.70064,0.701,3.23,2.63
2011.07.05 13:35:38.834,0.70065,0.70099,3.23,2.25
2011.07.05 13:35:39.285,0.70063,0.70097,1.35,2.25
2011.07.05 13:35:39.857,0.70063,0.70098,3.00,2.25
2011.07.05 13:35:40.185,0.70066,0.70099,1.35,2.25
2011.07.05 13:35:40.404,0.70071,0.70108,3.00,3.23
2011.07.05 13:35:40.916,0.70071,0.70108,3.00,2.85
2011.07.05 13:35:41.035,0.70075,0.70112,2.63,3.23
2011.07.05 13:35:41.256,0.70074,0.70109,1.35,2.25
2011.07.05 13:35:41.474,0.70074,0.70111,3.60,2.25
2011.07.05 13:35:41.694,0.70074,0.70111,3.23,2.63
2011.07.05 13:35:42.023,0.70071,0.70108,2.63,2.63
2011.07.05 13:35:46.205,0.70069,0.70106,3.23,2.25
2011.07.05 13:35:46.742,0.7007,0.70104,2.63,2.25
2011.07.05 13:35:47.074,0.70072,0.70107,2.63,2.25
2011.07.05 13:35:48.504,0.7007,0.70106,3.00,2.25
2011.07.05 13:35:49.035,0.70067,0.70102,3.23,2.25
2011.07.05 13:35:49.586,0.70066,0.70103,3.23,2.63
2011.07.05 13:35:49.806,0.70066,0.70101,3.23,2.25
2011.07.05 13:35:50.026,0.70066,0.70103,3.23,2.63
2011.07.05 13:35:51.445,0.70066,0.70103,3.23,2.63
2011.07.05 13:35:53.139,0.70068,0.70102,1.35,2.25
2011.07.05 13:35:53.427,0.70071,0.70105,2.63,2.85
2011.07.05 13:35:54.257,0.70071,0.70104,2.63,1.35
2011.07.05 13:35:55.412,0.70071,0.70104,2.63,1.35
2011.07.05 13:35:56.158,0.70071,0.70105,3.23,3.00
2011.07.05 13:35:56.264,0.70071,0.70105,3.23,2.25
2011.07.05 13:35:56.485,0.70071,0.70105,2.63,2.85
2011.07.05 13:35:57.865,0.70071,0.70103,2.25,1.35
2011.07.05 13:35:58.385,0.70067,0.70102,1.35,2.85
2011.07.05 13:36:00.622,0.70066,0.70102,3.23,3.23
2011.07.05 13:36:00.725,0.70066,0.70098,2.48,2.25
2011.07.05 13:36:01.243,0.70066,0.70099,2.48,2.25
2011.07.05 13:36:01.574,0.70064,0.70099,3.23,2.25
2011.07.05 13:36:04.545,0.70066,0.70097,1.35,2.25
2011.07.05 13:36:04.655,0.70066,0.70103,3.23,2.25
2011.07.05 13:36:05.179,0.70068,0.70103,3.23,2.25
2011.07.05 13:36:14.806,0.70069,0.70102,1.35,2.25
2011.07.05 13:36:14.914,0.70071,0.70106,3.00,2.85
2011.07.05 13:36:15.024,0.70075,0.70106,1.35,2.25
2011.07.05 13:36:15.536,0.70075,0.70111,3.60,2.25
2011.07.05 13:36:16.645,0.70075,0.70112,3.60,2.25
2011.07.05 13:36:17.206,0.70076,0.7011,2.25,3.23
2011.07.05 13:36:17.594,0.70071,0.70106,2.63,3.23
2011.07.05 13:36:17.704,0.70071,0.70106,3.23,2.63
2011.07.05 13:36:18.253,0.7007,0.70107,3.23,3.23
2011.07.05 13:36:19.767,0.7007,0.70107,3.23,2.63
2011.07.05 13:36:20.474,0.70069,0.70105,2.85,2.25
2011.07.05 13:36:21.976,0.70069,0.70104,2.85,2.25
2011.07.05 13:36:22.434,0.70071,0.70108,3.23,2.63
2011.07.05 13:36:22.557,0.70069,0.70104,5.10,2.25
2011.07.05 13:36:26.954,0.70071,0.70105,3.23,2.25
2011.07.05 13:36:27.064,0.7007,0.70107,3.60,2.25
2011.07.05 13:36:28.914,0.70071,0.70106,3.23,2.25
2011.07.05 13:36:29.166,0.70081,0.70106,2.10,2.25
2011.07.05 13:36:29.385,0.70086,0.70122,2.63,4.35
2011.07.05 13:36:29.824,0.70081,0.70116,2.63,2.85
2011.07.05 13:36:30.555,0.70084,0.70121,2.63,2.25
2011.07.05 13:36:32.159,0.70084,0.70121,2.63,2.63
2011.07.05 13:36:32.938,0.70081,0.70116,2.25,2.63
2011.07.05 13:36:33.154,0.70076,0.70111,3.23,2.25
2011.07.05 13:36:34.074,0.70077,0.70112,3.23,2.25
2011.07.05 13:36:35.830,0.70078,0.70112,1.35,2.25
2011.07.05 13:36:35.934,0.70079,0.70116,2.63,2.25
2011.07.05 13:36:36.044,0.70079,0.70115,2.63,2.10
2011.07.05 13:36:36.374,0.70079,0.70113,2.25,2.48
2011.07.05 13:36:36.484,0.70079,0.70114,2.25,3.23
2011.07.05 13:36:36.594,0.70076,0.70113,2.63,3.23
2011.07.05 13:36:36.705,0.70071,0.70106,2.25,1.35
2011.07.05 13:36:36.919,0.70064,0.701,3.60,2.85
2011.07.05 13:36:39.588,0.70065,0.701,3.23,2.85
2011.07.05 13:36:39.805,0.70061,0.70096,3.23,2.85
2011.07.05 13:36:40.134,0.70064,0.701,3.00,2.25
2011.07.05 13:36:40.464,0.70068,0.70114,1.35,2.10
2011.07.05 13:36:40.596,0.70068,0.70112,1.35,1.35
2011.07.05 13:36:42.224,0.70067,0.70108,1.35,1.13
2011.07.05 13:36:43.815,0.70067,0.70106,1.35,1.13
2011.07.05 13:36:46.321,0.70066,0.70106,1.35,1.13
2011.07.05 13:36:53.134,0.70066,0.70111,1.35,1.35
2011.07.05 13:36:53.244,0.70068,0.70113,1.35,1.73
2011.07.05 13:36:53.583,0.70077,0.70118,2.48,4.80
2011.07.05 13:36:53.694,0.70079,0.70118,1.35,2.10
2011.07.05 13:36:53.914,0.70079,0.70118,1.35,1.35
2011.07.05 13:36:55.004,0.70079,0.70119,1.35,1.13
2011.07.05 13:36:55.888,0.70079,0.70119,1.35,1.13
2011.07.05 13:36:56.267,0.70078,0.70118,1.35,1.13
2011.07.05 13:36:56.575,0.70077,0.70118,1.35,1.13
2011.07.05 13:36:56.684,0.70081,0.70115,3.23,2.25
2011.07.05 13:37:00.826,0.70071,0.70108,3.00,2.25
2011.07.05 13:37:00.934,0.70067,0.70104,3.23,2.63
2011.07.05 13:37:10.204,0.70067,0.70104,3.23,2.85
2011.07.05 13:37:10.424,0.7007,0.70104,2.25,3.23
2011.07.05 13:37:10.850,0.70069,0.70104,2.63,3.23
2011.07.05 13:37:17.327,0.70068,0.70095,2.25,1.35
2011.07.05 13:37:17.655,0.70062,0.70097,2.25,3.00
2011.07.05 13:37:17.875,0.70066,0.70101,2.25,3.23
2011.07.05 13:37:18.387,0.70062,0.70099,2.63,3.00
2011.07.05 13:37:18.715,0.70058,0.70094,2.63,3.23
2011.07.05 13:37:18.937,0.70054,0.70089,2.63,2.25
2011.07.05 13:37:19.725,0.70061,0.70096,2.25,1.35
2011.07.05 13:37:20.356,0.70066,0.70096,2.25,2.10
2011.07.05 13:37:20.454,0.70066,0.70101,2.63,4.35
2011.07.05 13:37:20.926,0.70066,0.70101,3.00,4.35
2011.07.05 13:37:22.618,0.7007,0.70107,2.63,2.85
2011.07.05 13:37:22.727,0.7007,0.70107,3.00,3.23
2011.07.05 13:37:22.834,0.7007,0.70107,2.25,3.23
2011.07.05 13:37:22.944,0.7007,0.70103,2.25,1.35
2011.07.05 13:37:23.716,0.70066,0.70103,2.63,2.85
2011.07.05 13:37:26.566,0.70066,0.70103,2.63,3.23
2011.07.05 13:37:26.785,0.70058,0.70094,2.63,2.63
2011.07.05 13:37:27.648,0.7006,0.70097,2.25,3.23
2011.07.05 13:37:27.757,0.7006,0.70097,2.63,3.23
2011.07.05 13:37:30.344,0.7006,0.70091,2.63,2.10
2011.07.05 13:37:30.961,0.70063,0.70091,2.63,2.10
2011.07.05 13:37:31.715,0.70052,0.70089,3.23,3.23
2011.07.05 13:37:32.737,0.70052,0.70087,2.63,2.25
2011.07.05 13:37:33.548,0.70051,0.70088,2.63,2.25
2011.07.05 13:37:34.055,0.70053,0.70087,2.63,2.25
2011.07.05 13:37:34.164,0.70052,0.70089,2.63,3.38
2011.07.05 13:37:35.154,0.70052,0.70089,3.00,2.25
2011.07.05 13:37:35.891,0.70056,0.70091,2.63,3.23
2011.07.05 13:37:36.192,0.70061,0.70094,2.63,1.35
2011.07.05 13:37:37.824,0.70062,0.70097,2.25,2.48
2011.07.05 13:37:38.385,0.70059,0.70096,2.63,3.23
2011.07.05 13:37:38.604,0.70047,0.70082,2.63,3.23
2011.07.05 13:37:39.274,0.70046,0.70082,2.63,3.23
2011.07.05 13:37:39.714,0.70042,0.70079,2.63,4.35
2011.07.05 13:37:39.934,0.70041,0.70078,2.63,3.23
2011.07.05 13:37:40.318,0.70039,0.70074,2.25,2.48
2011.07.05 13:37:40.645,0.70038,0.70075,3.23,3.23
2011.07.05 13:37:40.755,0.70041,0.70078,2.63,3.23
2011.07.05 13:37:41.085,0.70038,0.70073,3.23,2.63
2011.07.05 13:37:42.086,0.70038,0.70073,2.63,2.63
2011.07.05 13:37:42.648,0.70038,0.70073,2.25,3.00
2011.07.05 13:37:42.864,0.70035,0.7007,2.63,2.63
2011.07.05 13:37:43.425,0.70035,0.7007,2.63,2.25
2011.07.05 13:37:43.570,0.70037,0.70072,2.63,2.25
2011.07.05 13:37:43.674,0.70037,0.7007,2.63,1.35
2011.07.05 13:37:44.274,0.70034,0.70069,2.63,3.38
2011.07.05 13:37:44.683,0.70034,0.70071,2.63,3.23
2011.07.05 13:37:45.255,0.70034,0.70066,2.25,2.85
2011.07.05 13:37:45.584,0.70029,0.70064,2.63,3.23
2011.07.05 13:37:45.694,0.70027,0.7006,1.35,2.25
2011.07.05 13:37:45.804,0.70025,0.7006,3.23,2.63
2011.07.05 13:37:45.914,0.70026,0.7006,1.35,2.25
2011.07.05 13:37:46.134,0.70029,0.70064,2.63,2.85
2011.07.05 13:37:48.405,0.70029,0.70064,2.63,3.23
2011.07.05 13:37:48.974,0.70027,0.70062,2.63,2.25
2011.07.05 13:37:49.795,0.70027,0.70062,2.63,2.85
2011.07.05 13:37:51.024,0.70027,0.70062,2.63,2.85
2011.07.05 13:37:52.105,0.70027,0.70064,3.23,3.98
2011.07.05 13:37:52.435,0.70019,0.70053,3.00,2.10
2011.07.05 13:37:52.545,0.70026,0.70059,2.63,2.10
2011.07.05 13:37:52.654,0.70026,0.70059,2.25,2.48
2011.07.05 13:37:53.427,0.70024,0.7006,2.63,2.48
2011.07.05 13:37:55.591,0.70023,0.70058,2.63,2.85
2011.07.05 13:37:55.695,0.70025,0.70061,3.00,2.10
2011.07.05 13:37:56.835,0.70023,0.70058,3.00,2.85
2011.07.05 13:37:57.808,0.70023,0.70058,2.63,3.60
2011.07.05 13:37:59.208,0.70021,0.70057,2.10,2.85
2011.07.05 13:38:00.798,0.70024,0.70059,3.23,2.25
2011.07.05 13:38:00.906,0.70027,0.70059,1.35,2.25
2011.07.05 13:38:01.015,0.70027,0.70061,1.35,2.85
2011.07.05 13:38:01.125,0.70027,0.70061,1.35,2.85
2011.07.05 13:38:01.454,0.70031,0.70065,3.23,3.00
2011.07.05 13:38:03.070,0.70031,0.70065,3.23,3.00
2011.07.05 13:38:03.175,0.70031,0.70065,3.23,3.00
2011.07.05 13:38:04.288,0.70029,0.70066,3.23,3.60
2011.07.05 13:38:05.198,0.70029,0.70063,2.63,1.35
2011.07.05 13:38:06.309,0.70029,0.70066,3.00,3.23
2011.07.05 13:38:07.106,0.70031,0.70068,3.00,3.98
2011.07.05 13:38:08.585,0.70031,0.70068,2.63,2.85
2011.07.05 13:38:09.125,0.7003,0.70065,2.63,2.85
2011.07.05 13:38:10.798,0.70027,0.70064,2.63,2.85
2011.07.05 13:38:11.568,0.70033,0.70068,2.25,3.60
2011.07.05 13:38:11.685,0.70028,0.70065,3.23,3.23
2011.07.05 13:38:12.447,0.70029,0.70066,3.23,3.23
2011.07.05 13:38:12.774,0.70031,0.70065,3.38,2.85
2011.07.05 13:38:13.104,0.7003,0.70062,2.63,2.10
2011.07.05 13:38:13.366,0.7003,0.70066,2.63,4.73
2011.07.05 13:38:13.906,0.7003,0.70066,3.00,4.35
2011.07.05 13:38:14.728,0.70035,0.70066,2.63,2.10
2011.07.05 13:38:14.944,0.70035,0.70066,2.25,2.48
2011.07.05 13:38:15.054,0.70031,0.70066,3.38,2.48
2011.07.05 13:38:15.164,0.70031,0.70064,2.63,2.10
2011.07.05 13:38:15.638,0.70029,0.70064,2.63,2.48
2011.07.05 13:38:16.176,0.70029,0.70064,2.63,2.10
2011.07.05 13:38:16.724,0.70031,0.70064,2.63,2.10
2011.07.05 13:38:17.825,0.70032,0.70064,1.13,2.10
2011.07.05 13:38:18.287,0.70033,0.70069,2.63,2.10
2011.07.05 13:38:20.344,0.70035,0.7007,2.63,3.23
2011.07.05 13:38:22.238,0.70035,0.7007,2.63,2.85
2011.07.05 13:38:23.554,0.70033,0.7007,3.23,2.85
2011.07.05 13:38:24.424,0.70034,0.70069,3.23,3.60
2011.07.05 13:38:25.125,0.70033,0.70068,3.23,2.25
2011.07.05 13:38:25.836,0.70032,0.70067,3.23,2.25
2011.07.05 13:38:26.065,0.70031,0.70063,2.48,2.25
2011.07.05 13:38:28.488,0.70028,0.70063,5.10,3.00
2011.07.05 13:38:29.685,0.70029,0.70064,2.63,2.85
2011.07.05 13:38:34.745,0.70024,0.70057,1.35,2.25
2011.07.05 13:38:36.704,0.70024,0.70059,3.00,2.25
2011.07.05 13:38:37.920,0.70024,0.7006,3.00,2.85
2011.07.05 13:38:38.136,0.70031,0.7006,1.35,2.25
2011.07.05 13:38:38.465,0.70038,0.70083,1.35,1.35
2011.07.05 13:38:38.905,0.7004,0.70077,3.00,2.25
2011.07.05 13:38:39.125,0.70045,0.70079,2.63,2.85
2011.07.05 13:38:39.958,0.70045,0.70079,2.25,3.23
2011.07.05 13:38:40.175,0.70039,0.70076,2.63,2.63
2011.07.05 13:38:40.694,0.70035,0.7007,3.60,2.25
2011.07.05 13:38:40.805,0.70035,0.7007,2.63,2.25
2011.07.05 13:38:42.150,0.70035,0.7007,2.63,2.85
2011.07.05 13:38:42.369,0.70035,0.7007,3.23,2.85
2011.07.05 13:38:42.694,0.70036,0.7007,1.35,2.85
2011.07.05 13:38:42.914,0.70037,0.7007,1.35,2.25
2011.07.05 13:38:43.024,0.70038,0.70075,3.23,2.85
2011.07.05 13:38:43.734,0.70037,0.70074,3.60,2.25
2011.07.05 13:38:44.256,0.70037,0.70074,3.60,3.00
2011.07.05 13:38:44.980,0.70037,0.70074,3.60,2.25
2011.07.05 13:38:45.697,0.70038,0.70075,3.23,2.85
2011.07.05 13:38:45.804,0.7004,0.70075,2.48,2.25
2011.07.05 13:38:50.316,0.7004,0.70075,2.48,3.38
2011.07.05 13:38:50.469,0.7004,0.70075,2.48,2.63
2011.07.05 13:38:50.907,0.7004,0.70075,2.48,3.38
2011.07.05 13:38:51.906,0.7004,0.70075,2.48,2.63
2011.07.05 13:38:52.427,0.7004,0.70075,2.48,3.38
2011.07.05 13:38:52.534,0.7004,0.70075,2.48,2.63
2011.07.05 13:38:56.687,0.7004,0.70075,2.48,3.38
2011.07.05 13:38:57.404,0.7004,0.70074,2.48,3.00
2011.07.05 13:38:57.765,0.70037,0.70071,1.35,3.60
2011.07.05 13:38:57.874,0.70032,0.70068,2.48,2.25
2011.07.05 13:39:00.864,0.70034,0.70069,3.23,3.38
2011.07.05 13:39:01.806,0.70033,0.70068,3.23,2.25
2011.07.05 13:39:03.425,0.7004,0.70068,1.35,2.25
2011.07.05 13:39:03.534,0.7004,0.70075,3.60,2.25
2011.07.05 13:39:04.155,0.70041,0.70076,3.23,2.85
2011.07.05 13:39:04.495,0.70043,0.7008,3.23,3.23
2011.07.05 13:39:05.044,0.70043,0.7008,3.23,3.23
2011.07.05 13:39:05.265,0.70041,0.70078,3.23,2.85
2011.07.05 13:39:06.166,0.7004,0.70077,3.23,2.85
2011.07.05 13:39:07.147,0.7004,0.70075,3.23,2.25
2011.07.05 13:39:08.291,0.7004,0.70075,3.23,2.25
2011.07.05 13:39:10.126,0.7004,0.70075,3.23,3.00
2011.07.05 13:39:10.454,0.70036,0.70073,3.60,3.60
2011.07.05 13:39:10.565,0.70036,0.70073,3.60,2.85
2011.07.05 13:39:11.485,0.70036,0.70072,2.85,2.25
2011.07.05 13:39:12.670,0.70038,0.70072,1.35,2.25
2011.07.05 13:39:12.774,0.7004,0.70075,3.23,2.25
2011.07.05 13:39:21.867,0.70041,0.70076,2.63,1.50
2011.07.05 13:39:22.471,0.70041,0.70076,2.63,1.88
2011.07.05 13:39:23.425,0.70038,0.70074,2.63,1.13
2011.07.05 13:39:23.535,0.70035,0.7007,3.23,2.63
2011.07.05 13:39:24.195,0.70035,0.70069,3.23,2.25
2011.07.05 13:39:24.525,0.70035,0.70069,3.23,2.63
2011.07.05 13:39:25.228,0.70035,0.7007,3.23,2.63
2011.07.05 13:39:25.897,0.70036,0.7007,2.63,1.13
2011.07.05 13:39:26.224,0.70041,0.70076,2.63,4.73
2011.07.05 13:39:26.554,0.70039,0.70068,2.63,1.50
2011.07.05 13:39:26.775,0.70036,0.70068,2.63,1.50
2011.07.05 13:39:27.744,0.70037,0.70072,2.63,2.63
2011.07.05 13:39:28.528,0.70038,0.70073,2.63,3.38
2011.07.05 13:39:29.486,0.70038,0.70073,2.63,3.38
2011.07.05 13:39:31.695,0.70035,0.70069,2.63,2.25
2011.07.05 13:39:32.044,0.70032,0.70067,2.63,2.25
2011.07.05 13:39:32.154,0.7003,0.70067,2.63,2.63
2011.07.05 13:39:32.969,0.7003,0.70067,2.25,2.63
2011.07.05 13:39:33.826,0.70028,0.70065,3.00,2.25
2011.07.05 13:39:34.045,0.7003,0.70065,2.63,2.63
2011.07.05 13:39:34.797,0.7003,0.70065,2.63,2.25
2011.07.05 13:39:35.297,0.70032,0.70067,2.63,2.63
2011.07.05 13:39:36.450,0.7003,0.70065,2.63,2.25
2011.07.05 13:39:37.047,0.70029,0.70064,2.63,3.00
2011.07.05 13:39:37.625,0.7003,0.70065,2.63,2.63
2011.07.05 13:39:39.956,0.7003,0.70065,2.63,2.63
2011.07.05 13:39:41.117,0.70029,0.70065,2.63,1.13
2011.07.05 13:39:42.087,0.70029,0.70064,2.63,1.13
2011.07.05 13:39:42.629,0.70029,0.70064,2.63,3.38
2011.07.05 13:39:44.366,0.7003,0.70064,2.25,1.13
2011.07.05 13:39:49.095,0.7003,0.70065,2.63,2.63
2011.07.05 13:39:49.457,0.70031,0.70068,2.63,2.63
2011.07.05 13:39:49.607,0.70031,0.70068,2.63,2.63
2011.07.05 13:39:51.567,0.70031,0.70068,2.63,2.63
2011.07.05 13:39:52.944,0.7003,0.70065,2.63,3.38
2011.07.05 13:39:53.475,0.70027,0.70064,2.63,3.38
2011.07.05 13:39:54.805,0.7003,0.70063,2.25,1.73
2011.07.05 13:39:55.576,0.70028,0.70063,2.63,2.25
2011.07.05 13:39:56.226,0.70029,0.70064,2.63,3.38
2011.07.05 13:39:56.334,0.70029,0.70064,2.63,3.98
2011.07.05 13:39:58.445,0.70027,0.70064,3.23,3.38
2011.07.05 13:39:58.555,0.70029,0.70064,1.35,2.25
2011.07.05 13:39:58.774,0.70029,0.70069,1.35,1.73
2011.07.05 13:39:59.536,0.70029,0.70069,1.35,1.73
2011.07.05 13:40:00.655,0.70034,0.7007,2.63,2.85
2011.07.05 13:40:02.687,0.70034,0.70069,2.63,1.35
2011.07.05 13:40:02.904,0.70029,0.70066,3.60,2.25
2011.07.05 13:40:03.455,0.70029,0.70066,2.63,2.25
2011.07.05 13:40:04.438,0.70031,0.70066,2.63,2.25
2011.07.05 13:40:05.222,0.70029,0.70066,2.63,2.25
2011.07.05 13:40:05.327,0.70025,0.7006,2.63,3.23
2011.07.05 13:40:06.269,0.70025,0.70059,2.63,3.23
2011.07.05 13:40:07.985,0.70025,0.70059,2.63,3.23
2011.07.05 13:40:11.279,0.70025,0.70062,2.63,3.23
2011.07.05 13:40:12.195,0.70027,0.70064,2.63,3.23
2011.07.05 13:40:13.405,0.70027,0.70063,2.63,1.73
2011.07.05 13:40:13.735,0.7003,0.70066,3.00,2.10
2011.07.05 13:40:13.955,0.70034,0.70068,2.63,1.35
2011.07.05 13:40:14.896,0.70031,0.70065,2.63,2.48
2011.07.05 13:40:16.056,0.70031,0.70065,2.63,2.10
2011.07.05 13:40:16.928,0.70031,0.70068,3.23,3.23
2011.07.05 13:40:17.035,0.70032,0.70068,1.35,2.85
2011.07.05 13:40:20.228,0.70035,0.70067,2.63,2.10
2011.07.05 13:40:21.074,0.70035,0.70069,2.63,2.85
2011.07.05 13:40:21.184,0.70035,0.70069,3.00,2.85
2011.07.05 13:40:23.275,0.70035,0.70069,3.00,2.25
2011.07.05 13:40:25.090,0.70032,0.70066,1.13,2.25
2011.07.05 13:40:25.194,0.70033,0.7007,2.63,2.85
2011.07.05 13:40:25.650,0.70033,0.7007,3.00,2.85
2011.07.05 13:40:25.865,0.70034,0.7007,2.85,2.63
2011.07.05 13:40:25.974,0.70034,0.7007,3.60,2.25
2011.07.05 13:40:30.585,0.70038,0.70074,2.63,2.63
2011.07.05 13:40:30.804,0.70038,0.70074,2.63,2.63
2011.07.05 13:40:31.266,0.70041,0.70076,2.63,4.73
2011.07.05 13:40:36.574,0.70039,0.70076,3.23,3.23
2011.07.05 13:40:37.605,0.70039,0.70076,2.63,4.13
2011.07.05 13:40:39.917,0.70039,0.70074,2.63,2.10
2011.07.05 13:40:50.389,0.70039,0.70074,2.63,3.00
2011.07.05 13:40:50.717,0.70035,0.70071,3.00,1.50
2011.07.05 13:40:50.935,0.70034,0.7007,2.63,2.25
2011.07.05 13:40:51.044,0.7003,0.70067,3.23,2.63
2011.07.05 13:40:51.578,0.70032,0.70067,3.23,2.25
2011.07.05 13:40:52.345,0.70033,0.70068,2.63,2.25
2011.07.05 13:40:54.069,0.70033,0.70068,2.63,2.25
2011.07.05 13:40:55.154,0.70031,0.70068,3.60,2.63
2011.07.05 13:40:56.194,0.70031,0.70068,2.63,2.63
2011.07.05 13:40:56.585,0.70031,0.70065,2.25,2.48
2011.07.05 13:40:56.805,0.70032,0.70067,2.63,2.25
2011.07.05 13:41:00.726,0.70032,0.70067,2.63,2.25
2011.07.05 13:41:01.507,0.70032,0.70067,2.63,2.63
2011.07.05 13:41:01.614,0.70032,0.70067,2.63,3.23
2011.07.05 13:41:01.835,0.70027,0.70062,2.63,2.85
2011.07.05 13:41:02.429,0.70025,0.70062,3.23,2.85
2011.07.05 13:41:02.906,0.70025,0.70062,2.63,2.85
2011.07.05 13:41:04.445,0.70025,0.70062,3.23,2.25
2011.07.05 13:41:06.076,0.70025,0.70062,2.63,4.35
2011.07.05 13:41:06.416,0.70027,0.70062,1.50,2.10
2011.07.05 13:41:06.744,0.70023,0.70062,1.35,2.10
2011.07.05 13:41:06.855,0.70029,0.70066,1.35,2.10
2011.07.05 13:41:13.825,0.7003,0.70066,2.63,2.10
2011.07.05 13:41:14.045,0.7003,0.70064,2.63,3.23
2011.07.05 13:41:14.155,0.70026,0.70061,2.63,2.85
2011.07.05 13:41:18.204,0.70025,0.7006,3.23,2.85
2011.07.05 13:41:18.535,0.70021,0.70058,3.23,2.25
2011.07.05 13:41:18.893,0.70025,0.70062,2.63,2.25
2011.07.05 13:41:19.428,0.70026,0.70063,2.63,2.25
2011.07.05 13:41:20.735,0.70026,0.70063,2.63,3.00
2011.07.05 13:41:24.277,0.70026,0.70063,2.63,2.63
2011.07.05 13:41:24.605,0.70027,0.70062,2.63,2.25
2011.07.05 13:41:27.126,0.7003,0.70064,2.48,2.63
2011.07.05 13:41:27.237,0.70033,0.70068,3.23,2.25
2011.07.05 13:41:27.377,0.70033,0.70068,3.60,2.25
2011.07.05 13:41:27.484,0.70037,0.70072,2.63,2.85
2011.07.05 13:41:27.657,0.70037,0.70072,3.23,2.25
2011.07.05 13:41:27.765,0.7004,0.70078,3.23,3.23
2011.07.05 13:41:29.085,0.70036,0.70073,2.63,2.63
2011.07.05 13:41:30.430,0.70036,0.70071,2.63,2.63
2011.07.05 13:41:37.919,0.70036,0.7007,2.63,2.25
2011.07.05 13:41:39.459,0.70035,0.70072,2.63,2.63
2011.07.05 13:41:39.914,0.70034,0.70071,2.63,2.63
2011.07.05 13:41:40.024,0.70033,0.7007,3.00,2.25
2011.07.05 13:41:40.560,0.70038,0.70073,2.63,2.25
2011.07.05 13:41:40.785,0.70042,0.70076,2.63,2.25
2011.07.05 13:41:41.305,0.70043,0.7008,2.25,3.00
2011.07.05 13:41:41.415,0.70043,0.7008,2.25,3.00
2011.07.05 13:41:41.525,0.70038,0.70078,2.25,3.60
2011.07.05 13:41:41.745,0.70035,0.70072,2.25,3.60
2011.07.05 13:41:41.854,0.70032,0.70067,2.63,2.63
2011.07.05 13:41:42.557,0.70032,0.70067,2.63,2.63
2011.07.05 13:41:51.826,0.70032,0.70067,3.60,2.85
2011.07.05 13:41:52.158,0.70053,0.70067,2.10,2.25
2011.07.05 13:41:52.266,0.70061,0.7009,2.25,2.10
2011.07.05 13:41:52.375,0.70054,0.70089,2.25,2.85
2011.07.05 13:41:52.485,0.70059,0.70089,2.10,2.25
2011.07.05 13:41:52.704,0.70061,0.70098,2.85,2.85
2011.07.05 13:41:52.815,0.70066,0.701,2.25,2.10
2011.07.05 13:41:53.034,0.70066,0.70103,2.85,2.85
2011.07.05 13:41:54.526,0.70067,0.70102,2.25,2.25
2011.07.05 13:41:57.330,0.70067,0.70102,2.63,2.63
2011.07.05 13:42:01.086,0.70067,0.70102,2.63,2.63
2011.07.05 13:42:01.536,0.70071,0.70106,2.63,3.23
2011.07.05 13:42:04.606,0.70071,0.70106,3.00,2.85
2011.07.05 13:42:04.726,0.70071,0.70106,3.60,2.25
2011.07.05 13:42:04.835,0.70073,0.70113,2.63,3.98
2011.07.05 13:42:04.946,0.70073,0.7011,2.25,1.35
2011.07.05 13:42:05.164,0.70071,0.70108,2.25,3.38
2011.07.05 13:42:05.274,0.70071,0.70108,2.25,3.75
2011.07.05 13:42:05.900,0.7007,0.70105,2.63,2.63
2011.07.05 13:42:06.714,0.70068,0.70104,2.63,2.63
2011.07.05 13:42:07.045,0.70075,0.70112,3.23,3.23
2011.07.05 13:42:07.595,0.7008,0.70115,2.63,2.48
2011.07.05 13:42:07.926,0.7008,0.70107,2.63,2.10
2011.07.05 13:42:08.304,0.7008,0.70112,2.63,2.10
2011.07.05 13:42:08.980,0.70085,0.70116,2.25,2.85
2011.07.05 13:42:09.085,0.70077,0.70112,3.23,3.23
2011.07.05 13:42:09.195,0.70077,0.70112,3.60,2.85
2011.07.05 13:42:09.305,0.70079,0.70116,2.63,2.63
2011.07.05 13:42:09.478,0.70079,0.70116,3.00,2.25
2011.07.05 13:42:09.584,0.70084,0.7012,2.63,3.23
2011.07.05 13:42:09.805,0.70084,0.70119,2.25,1.35
2011.07.05 13:42:10.024,0.70085,0.70119,2.63,3.23
2011.07.05 13:42:10.625,0.70084,0.70121,3.23,2.63
2011.07.05 13:42:11.556,0.70084,0.70119,2.25,1.35
2011.07.05 13:42:11.784,0.70079,0.70116,2.63,3.23
2011.07.05 13:42:17.740,0.70079,0.70115,2.63,3.23
2011.07.05 13:42:17.855,0.70077,0.70111,3.38,1.50
2011.07.05 13:42:19.694,0.70076,0.70111,3.38,1.88
2011.07.05 13:42:20.135,0.70074,0.7011,2.63,1.88
2011.07.05 13:42:22.225,0.70076,0.70111,2.63,2.63
2011.07.05 13:42:22.335,0.70077,0.70111,1.13,2.25
2011.07.05 13:42:22.945,0.70082,0.70118,2.25,1.50
2011.07.05 13:42:23.054,0.70071,0.70106,2.25,2.63
2011.07.05 13:42:25.457,0.70071,0.70106,2.63,2.63
2011.07.05 13:42:27.158,0.70072,0.70107,2.63,2.63
2011.07.05 13:42:27.377,0.70072,0.70107,3.00,2.25
2011.07.05 13:42:27.594,0.70073,0.70113,2.63,3.23
2011.07.05 13:42:28.145,0.70074,0.70112,3.00,2.85
2011.07.05 13:42:28.784,0.70079,0.70113,2.63,2.25
2011.07.05 13:42:28.898,0.70079,0.70114,3.00,2.25
2011.07.05 13:42:29.006,0.70082,0.70119,2.63,3.23
2011.07.05 13:42:29.617,0.70083,0.7012,2.63,2.63
2011.07.05 13:42:31.356,0.70083,0.7012,2.63,2.63
2011.07.05 13:42:34.555,0.7008,0.70115,2.63,2.25
2011.07.05 13:42:34.665,0.70086,0.70121,3.23,3.23
2011.07.05 13:42:34.775,0.70086,0.70121,3.23,3.23
2011.07.05 13:42:34.995,0.70087,0.70121,2.25,1.35
2011.07.05 13:42:35.869,0.70081,0.70118,4.73,2.63
2011.07.05 13:42:36.380,0.70081,0.70118,4.73,2.63
2011.07.05 13:42:40.356,0.70082,0.70119,3.23,2.63
2011.07.05 13:42:44.494,0.70083,0.70119,2.25,2.48
2011.07.05 13:42:44.604,0.7008,0.70115,2.63,3.23
2011.07.05 13:42:45.738,0.7008,0.70115,2.63,2.85
2011.07.05 13:42:46.065,0.70085,0.70115,1.88,2.25
2011.07.05 13:42:46.175,0.70087,0.70124,2.63,2.63
2011.07.05 13:42:47.938,0.70085,0.70119,3.23,2.63
2011.07.05 13:42:50.486,0.70084,0.70119,3.23,2.63
2011.07.05 13:42:59.304,0.70087,0.70123,2.63,2.48
2011.07.05 13:43:01.776,0.70088,0.70125,3.23,2.63
2011.07.05 13:43:11.268,0.70088,0.70123,3.60,2.25
2011.07.05 13:43:11.736,0.7009,0.70123,1.35,2.25
2011.07.05 13:43:12.075,0.70093,0.70126,3.00,2.25
2011.07.05 13:43:12.795,0.70097,0.70132,2.63,3.23
2011.07.05 13:43:14.593,0.70097,0.70132,2.25,2.63
2011.07.05 13:43:14.922,0.70094,0.70127,2.25,2.25
2011.07.05 13:43:15.143,0.70094,0.70127,2.85,2.25
2011.07.05 13:43:20.211,0.70091,0.70126,4.73,2.25
2011.07.05 13:43:20.748,0.70092,0.70127,3.23,2.25
2011.07.05 13:43:21.413,0.70093,0.70126,3.23,2.25
2011.07.05 13:43:21.654,0.70093,0.70128,3.23,3.38
2011.07.05 13:43:22.614,0.70093,0.70126,3.23,2.25
2011.07.05 13:43:23.463,0.70091,0.70126,3.60,2.25
2011.07.05 13:43:23.572,0.70094,0.70129,2.63,2.25
2011.07.05 13:43:23.682,0.70095,0.70131,3.00,2.25
2011.07.05 13:43:23.792,0.70099,0.70135,3.23,3.23
2011.07.05 13:43:24.204,0.701,0.70135,1.35,2.25
2011.07.05 13:43:24.311,0.70105,0.70138,2.63,3.23
2011.07.05 13:43:26.802,0.7011,0.70142,1.35,2.25
2011.07.05 13:43:26.912,0.70114,0.70149,2.63,2.63
2011.07.05 13:43:27.022,0.70107,0.70141,2.25,2.63
2011.07.05 13:43:27.351,0.70115,0.70148,2.25,2.25
2011.07.05 13:43:27.904,0.70106,0.70142,2.63,2.63
2011.07.05 13:43:31.272,0.70106,0.70142,2.25,3.00
2011.07.05 13:43:31.383,0.70102,0.70137,3.23,2.63
2011.07.05 13:43:31.641,0.70107,0.70141,2.25,3.00
2011.07.05 13:43:31.751,0.70102,0.70137,3.23,2.63
2011.07.05 13:43:32.302,0.70103,0.70136,2.85,2.63
2011.07.05 13:43:32.652,0.70103,0.70136,3.23,2.25
2011.07.05 13:43:32.872,0.7011,0.70144,2.63,2.25
2011.07.05 13:43:33.091,0.70114,0.70147,2.25,2.63
2011.07.05 13:43:35.514,0.70115,0.70147,2.10,2.63
2011.07.05 13:43:35.747,0.70114,0.70147,3.23,2.25
2011.07.05 13:43:35.851,0.70119,0.70152,2.25,3.75
2011.07.05 13:43:35.961,0.70119,0.70152,2.25,1.88
2011.07.05 13:43:36.071,0.70114,0.7015,3.23,2.63
2011.07.05 13:43:36.712,0.70114,0.7015,2.63,3.23
2011.07.05 13:43:37.325,0.70114,0.70148,2.63,2.63
2011.07.05 13:43:37.431,0.70114,0.70148,3.00,2.25
2011.07.05 13:43:37.898,0.70117,0.70152,2.63,3.23
2011.07.05 13:43:38.002,0.70118,0.70151,2.63,2.63
2011.07.05 13:43:38.421,0.70117,0.70151,2.25,2.63
2011.07.05 13:43:38.751,0.70111,0.70147,2.85,2.63
2011.07.05 13:43:39.231,0.70111,0.70147,2.63,3.23
2011.07.05 13:43:40.173,0.70111,0.70147,2.25,3.60
2011.07.05 13:43:40.502,0.70107,0.70134,1.35,2.25
2011.07.05 13:43:40.611,0.70111,0.70147,2.63,3.23
2011.07.05 13:43:40.722,0.70113,0.70142,2.25,1.35
2011.07.05 13:43:40.831,0.70105,0.70139,2.63,2.63
2011.07.05 13:43:41.622,0.70107,0.70142,2.63,2.63
2011.07.05 13:43:43.174,0.70107,0.7014,2.63,2.25
2011.07.05 13:43:44.155,0.70108,0.70143,2.25,2.63
2011.07.05 13:43:44.692,0.70102,0.70146,2.10,2.25
2011.07.05 13:43:45.622,0.70101,0.70146,2.10,2.25
2011.07.05 13:43:46.003,0.70102,0.70146,1.35,2.25
2011.07.05 13:43:46.221,0.70104,0.70146,1.35,2.25
2011.07.05 13:43:46.555,0.70111,0.70145,2.63,2.63
2011.07.05 13:43:47.262,0.70111,0.70145,2.63,2.63
2011.07.05 13:43:47.886,0.70111,0.70145,2.63,2.25
2011.07.05 13:43:49.001,0.70114,0.7015,3.23,3.23
2011.07.05 13:43:49.331,0.70111,0.70151,1.73,2.48
2011.07.05 13:43:50.853,0.70113,0.70151,1.35,2.10
2011.07.05 13:43:50.962,0.70116,0.70159,2.85,2.85
2011.07.05 13:43:51.071,0.70124,0.70157,2.63,3.23
2011.07.05 13:43:51.983,0.70124,0.70152,2.63,2.10
2011.07.05 13:43:52.092,0.70119,0.70152,2.63,2.48
2011.07.05 13:43:52.201,0.70119,0.70152,3.00,2.10
2011.07.05 13:43:52.312,0.70127,0.7016,2.63,4.35
2011.07.05 13:43:52.422,0.70129,0.70162,3.23,3.23
2011.07.05 13:43:53.173,0.7013,0.70163,2.25,3.23
2011.07.05 13:43:53.691,0.7013,0.7016,2.25,2.48
2011.07.05 13:43:53.911,0.70128,0.7016,2.25,2.48
2011.07.05 13:43:54.463,0.70124,0.7016,3.23,4.73
2011.07.05 13:43:55.906,0.70124,0.70159,2.85,1.35
2011.07.05 13:43:56.132,0.70121,0.70155,2.63,3.23
2011.07.05 13:43:56.351,0.70121,0.70155,2.25,3.60
2011.07.05 13:43:56.462,0.70117,0.7015,2.85,2.63
2011.07.05 13:43:56.572,0.70117,0.7015,3.23,2.25
2011.07.05 13:43:56.681,0.70121,0.70155,2.63,3.23
2011.07.05 13:43:57.241,0.70124,0.7016,2.63,3.23
2011.07.05 13:43:57.602,0.70124,0.70158,2.63,1.13
2011.07.05 13:43:59.397,0.70128,0.70161,2.25,4.73
2011.07.05 13:44:00.930,0.70129,0.70161,2.25,2.48
2011.07.05 13:44:01.042,0.70124,0.7016,2.63,3.23
2011.07.05 13:44:02.611,0.70128,0.70161,2.25,2.48
2011.07.05 13:44:03.146,0.70129,0.70161,2.25,2.48
2011.07.05 13:44:04.432,0.70127,0.70161,2.25,2.48
2011.07.05 13:44:04.542,0.70129,0.70161,2.25,2.48
2011.07.05 13:44:04.784,0.70125,0.70158,2.63,1.13
2011.07.05 13:44:05.961,0.70125,0.70156,2.63,2.10
2011.07.05 13:44:08.502,0.70125,0.70156,2.63,2.10
2011.07.05 13:44:08.831,0.70125,0.70161,2.63,3.23
2011.07.05 13:44:12.461,0.70125,0.7016,2.25,1.35
2011.07.05 13:44:12.681,0.70121,0.70155,2.63,3.23
2011.07.05 13:44:13.285,0.70123,0.70159,2.25,3.23
2011.07.05 13:44:13.502,0.7012,0.70154,2.25,3.23
2011.07.05 13:44:13.612,0.7012,0.70154,3.00,2.85
2011.07.05 13:44:14.303,0.70129,0.70161,2.25,2.48
2011.07.05 13:44:14.922,0.70128,0.70161,2.25,2.48
2011.07.05 13:44:15.950,0.70122,0.70161,1.13,2.48
2011.07.05 13:44:16.409,0.70122,0.70161,1.50,2.10
2011.07.05 13:44:16.523,0.70132,0.70165,2.25,2.48
2011.07.05 13:44:17.838,0.70134,0.70165,2.25,2.48
2011.07.05 13:44:18.074,0.70131,0.70165,2.25,2.48
2011.07.05 13:44:20.094,0.70127,0.70157,2.25,1.88
2011.07.05 13:44:20.203,0.70121,0.70157,2.63,4.13
2011.07.05 13:44:20.751,0.70121,0.70155,2.25,2.63
2011.07.05 13:44:20.862,0.70124,0.70158,2.25,2.48
2011.07.05 13:44:21.357,0.70126,0.70158,2.25,3.23
2011.07.05 13:44:21.951,0.70126,0.70158,2.25,2.48
2011.07.05 13:44:22.171,0.70124,0.70157,2.25,3.23
2011.07.05 13:44:23.242,0.70124,0.70157,2.25,4.13
2011.07.05 13:44:23.352,0.70121,0.70157,2.63,4.13
2011.07.05 13:44:24.214,0.70125,0.70157,2.25,1.88
2011.07.05 13:44:24.772,0.70123,0.70157,2.25,1.88
2011.07.05 13:44:24.894,0.70126,0.70157,2.25,1.88
2011.07.05 13:44:25.222,0.70127,0.70157,2.25,1.88
2011.07.05 13:44:26.472,0.70129,0.70162,2.25,2.63
2011.07.05 13:44:29.261,0.70129,0.70162,2.25,2.63
2011.07.05 13:44:29.773,0.70127,0.7016,2.25,2.63
2011.07.05 13:44:29.881,0.70127,0.7016,2.25,3.00
2011.07.05 13:44:29.991,0.70123,0.70158,2.63,3.23
2011.07.05 13:44:31.192,0.70123,0.70158,2.25,3.23
2011.07.05 13:44:31.471,0.70123,0.70156,2.25,3.60
2011.07.05 13:44:31.582,0.70121,0.70156,2.25,1.35
2011.07.05 13:44:32.290,0.7012,0.70154,2.25,2.63
2011.07.05 13:44:32.372,0.70124,0.70159,2.25,7.80
2011.07.05 13:44:32.703,0.70126,0.7016,2.25,3.60
2011.07.05 13:44:33.032,0.70129,0.70162,2.25,1.35
2011.07.05 13:44:33.461,0.70129,0.70165,2.25,3.23
2011.07.05 13:44:33.572,0.70134,0.70168,2.25,1.35
2011.07.05 13:44:34.062,0.70131,0.70164,2.25,2.63
2011.07.05 13:44:34.463,0.70124,0.7016,2.63,2.63
2011.07.05 13:44:34.861,0.70134,0.70167,2.25,3.23
2011.07.05 13:44:35.413,0.70132,0.70174,1.35,1.73
2011.07.05 13:44:35.522,0.70134,0.70174,1.35,1.73
2011.07.05 13:44:35.852,0.70135,0.70178,1.35,2.48
2011.07.05 13:44:36.072,0.70139,0.70174,2.25,3.23
2011.07.05 13:44:36.314,0.70141,0.70175,2.25,3.23
2011.07.05 13:44:36.861,0.70139,0.70175,2.63,2.63
2011.07.05 13:44:37.378,0.70139,0.70175,2.25,3.00
2011.07.05 13:44:37.591,0.70135,0.70169,2.25,2.63
2011.07.05 13:44:37.702,0.70135,0.70169,2.63,2.25
2011.07.05 13:44:38.182,0.70139,0.70174,2.25,3.23
2011.07.05 13:44:38.293,0.70143,0.70178,2.63,3.23
2011.07.05 13:44:39.122,0.70141,0.70177,2.63,3.23
2011.07.05 13:44:39.631,0.70141,0.70177,2.25,3.60
2011.07.05 13:44:39.962,0.70138,0.70171,3.00,2.85
2011.07.05 13:44:41.271,0.70142,0.70176,2.63,2.63
2011.07.05 13:44:41.822,0.70139,0.70174,2.85,2.63
2011.07.05 13:44:43.155,0.70137,0.70171,2.63,2.63
2011.07.05 13:44:43.482,0.70135,0.70171,2.63,2.63
2011.07.05 13:44:43.812,0.70128,0.70161,2.25,2.25
2011.07.05 13:44:44.142,0.70124,0.70157,2.25,2.25
2011.07.05 13:44:44.402,0.70124,0.70159,2.63,2.63
2011.07.05 13:44:45.680,0.70124,0.70159,2.63,2.63
2011.07.05 13:44:45.792,0.70129,0.70164,2.25,2.63
2011.07.05 13:44:46.236,0.70129,0.70164,3.00,2.25
2011.07.05 13:44:46.341,0.70134,0.70169,2.63,3.38
2011.07.05 13:44:46.451,0.70143,0.70173,2.25,2.10
2011.07.05 13:44:46.562,0.70143,0.70176,2.25,2.63
2011.07.05 13:44:46.781,0.70143,0.70173,2.25,2.10
2011.07.05 13:44:47.002,0.70134,0.70169,2.63,2.63
2011.07.05 13:44:47.774,0.70134,0.70169,2.63,2.63
2011.07.05 13:44:47.895,0.70134,0.70169,3.23,2.63
2011.07.05 13:44:48.112,0.70143,0.70176,2.63,2.63
2011.07.05 13:44:48.222,0.70143,0.70176,2.25,3.00
2011.07.05 13:44:48.441,0.70135,0.70168,2.63,2.63
2011.07.05 13:44:49.993,0.70135,0.70168,2.63,3.23
2011.07.05 13:44:51.583,0.70135,0.70168,2.25,1.73
2011.07.05 13:44:51.802,0.70131,0.70167,2.63,2.63
2011.07.05 13:44:53.113,0.70133,0.70166,2.25,2.63
2011.07.05 13:44:53.706,0.70134,0.70167,2.25,2.63
2011.07.05 13:44:53.921,0.70132,0.70166,2.63,2.63
2011.07.05 13:44:54.741,0.70132,0.70166,2.63,2.63
2011.07.05 13:45:01.242,0.7013,0.70163,2.25,3.75
2011.07.05 13:45:01.352,0.70126,0.7016,2.25,2.63
2011.07.05 13:45:02.751,0.70128,0.70161,2.25,2.63
2011.07.05 13:45:03.293,0.70128,0.70161,2.25,2.63
2011.07.05 13:45:05.846,0.70127,0.70162,2.25,2.63
2011.07.05 13:45:05.951,0.70127,0.70162,2.63,2.25
2011.07.05 13:45:06.064,0.70131,0.70167,2.25,3.23
2011.07.05 13:45:06.184,0.70131,0.70167,2.63,3.23
2011.07.05 13:45:06.401,0.70136,0.7017,2.25,3.23
2011.07.05 13:45:06.512,0.70136,0.7017,2.63,2.25
2011.07.05 13:45:07.141,0.70141,0.70174,2.25,3.23
2011.07.05 13:45:07.471,0.70136,0.70172,2.63,2.63
2011.07.05 13:45:11.881,0.70139,0.70174,2.25,3.60
2011.07.05 13:45:12.376,0.70137,0.70173,2.63,2.63
2011.07.05 13:45:13.265,0.70138,0.7017,2.63,1.88
2011.07.05 13:45:16.561,0.70137,0.7017,2.63,1.50
2011.07.05 13:45:18.248,0.70137,0.70166,2.63,1.50
2011.07.05 13:45:18.812,0.70135,0.70166,2.25,1.50
2011.07.05 13:45:19.706,0.70136,0.70166,2.25,1.50
2011.07.05 13:45:20.181,0.70137,0.70166,2.25,1.88
2011.07.05 13:45:20.292,0.7013,0.70163,2.63,1.50
2011.07.05 13:45:20.572,0.70123,0.70157,2.63,1.50
2011.07.05 13:45:20.803,0.70123,0.70157,2.25,1.88
2011.07.05 13:45:21.324,0.70119,0.70155,2.63,2.63
2011.07.05 13:45:21.432,0.70121,0.70157,2.63,4.13
2011.07.05 13:45:22.081,0.70123,0.70157,2.63,1.88
2011.07.05 13:45:25.313,0.70126,0.70162,2.25,3.60
2011.07.05 13:45:25.532,0.70125,0.70161,2.63,2.63
2011.07.05 13:45:26.152,0.70127,0.70161,2.63,2.63
2011.07.05 13:45:26.538,0.70127,0.70161,2.25,2.63
2011.07.05 13:45:26.641,0.70124,0.70159,2.63,2.63
2011.07.05 13:45:28.233,0.70124,0.70159,2.63,2.63
2011.07.05 13:45:28.342,0.70128,0.70163,2.25,3.38
2011.07.05 13:45:28.672,0.70138,0.70166,2.25,1.50
2011.07.05 13:45:28.878,0.70134,0.70166,2.63,1.50
2011.07.05 13:45:29.311,0.70134,0.70168,2.63,1.35
2011.07.05 13:45:30.030,0.70134,0.70168,2.63,1.35
2011.07.05 13:45:30.143,0.70138,0.70173,2.63,4.88
2011.07.05 13:45:31.084,0.70138,0.70173,2.25,2.63
2011.07.05 13:45:31.801,0.70141,0.70174,2.25,1.88
2011.07.05 13:45:33.146,0.70139,0.70174,2.63,4.13
2011.07.05 13:45:33.774,0.70139,0.7017,2.63,1.50
2011.07.05 13:45:34.461,0.70139,0.70171,2.63,1.50
2011.07.05 13:45:35.093,0.70139,0.70174,2.63,3.38
2011.07.05 13:45:36.851,0.70141,0.70172,2.25,1.88
2011.07.05 13:45:37.886,0.7014,0.70172,2.63,1.88
2011.07.05 13:45:38.353,0.70142,0.70172,2.25,1.88
2011.07.05 13:45:38.461,0.70139,0.70172,2.63,4.13
2011.07.05 13:45:39.022,0.70139,0.70172,2.25,2.63
2011.07.05 13:45:39.132,0.70137,0.7017,2.63,1.50
2011.07.05 13:45:41.064,0.70137,0.70171,2.63,2.25
2011.07.05 13:45:41.503,0.70137,0.70169,2.63,1.88
2011.07.05 13:45:41.612,0.70133,0.70167,2.63,2.63
2011.07.05 13:45:42.202,0.70131,0.70166,2.63,1.50
2011.07.05 13:45:42.692,0.70131,0.70165,2.25,4.13
2011.07.05 13:45:42.912,0.70127,0.70161,2.63,2.25
2011.07.05 13:45:43.971,0.70127,0.70161,2.25,3.00
2011.07.05 13:45:44.282,0.70122,0.70157,3.23,2.63
2011.07.05 13:45:44.392,0.70119,0.70155,3.60,2.25
2011.07.05 13:45:44.681,0.70119,0.70155,2.63,2.63
2011.07.05 13:45:45.395,0.7012,0.70156,2.63,2.63
2011.07.05 13:45:46.532,0.7012,0.70156,2.63,2.63
2011.07.05 13:45:47.916,0.70122,0.70156,2.63,2.63
2011.07.05 13:45:48.486,0.70124,0.70157,2.63,2.25
2011.07.05 13:45:50.888,0.70124,0.70157,2.63,2.25
2011.07.05 13:45:51.211,0.70125,0.70161,2.63,3.23
2011.07.05 13:45:56.753,0.70128,0.70161,2.25,3.23
2011.07.05 13:45:57.623,0.70128,0.7016,2.25,1.73
2011.07.05 13:45:58.833,0.70128,0.7016,2.25,1.73
2011.07.05 13:45:59.782,0.70128,0.70161,2.25,3.23
2011.07.05 13:46:00.445,0.70127,0.70162,2.63,3.23
2011.07.05 13:46:03.303,0.70124,0.7016,2.63,3.98
2011.07.05 13:46:04.012,0.70129,0.70164,2.63,3.00
2011.07.05 13:46:06.445,0.70129,0.70164,3.23,3.60
2011.07.05 13:46:08.974,0.70129,0.70164,2.63,3.60
2011.07.05 13:46:09.384,0.70125,0.70159,3.23,2.25
2011.07.05 13:46:10.153,0.70126,0.7016,3.23,3.23
2011.07.05 13:46:10.661,0.70125,0.70159,3.23,2.25
2011.07.05 13:46:11.490,0.70125,0.70161,3.23,3.23
2011.07.05 13:46:21.528,0.70125,0.70161,2.63,3.23
2011.07.05 13:46:21.742,0.70129,0.70164,2.63,3.98
2011.07.05 13:46:22.611,0.70129,0.70162,2.25,2.85
2011.07.05 13:46:23.222,0.7013,0.70163,2.25,2.85
2011.07.05 13:46:25.210,0.70129,0.70162,2.63,3.23
2011.07.05 13:46:27.884,0.70127,0.70162,3.00,2.85
2011.07.05 13:46:27.993,0.70129,0.70162,1.35,2.25
2011.07.05 13:46:28.102,0.70136,0.70169,2.25,2.48
2011.07.05 13:46:28.432,0.70127,0.70162,3.00,3.75
2011.07.05 13:46:29.380,0.70132,0.70162,2.25,1.88
2011.07.05 13:46:29.644,0.70132,0.70162,2.25,1.88
2011.07.05 13:46:30.152,0.70124,0.70157,2.63,4.35
2011.07.05 13:46:31.123,0.70125,0.70157,2.25,2.10
2011.07.05 13:46:32.190,0.70124,0.70157,2.63,4.35
2011.07.05 13:46:33.692,0.7012,0.70156,3.23,2.85
2011.07.05 13:46:33.803,0.70125,0.70158,1.35,2.25
2011.07.05 13:46:34.424,0.70132,0.70163,2.63,2.10
2011.07.05 13:46:34.662,0.70129,0.70163,2.63,2.48
2011.07.05 13:46:35.584,0.7013,0.70163,2.63,2.48
2011.07.05 13:46:36.664,0.7013,0.70163,2.63,2.10
2011.07.05 13:46:37.102,0.70125,0.70161,3.23,3.23
2011.07.05 13:46:37.926,0.70125,0.70161,2.63,3.23
2011.07.05 13:46:38.366,0.70125,0.70161,3.00,2.85
2011.07.05 13:46:40.014,0.70129,0.70165,2.63,3.23
2011.07.05 13:46:40.916,0.70129,0.70165,2.25,3.23
2011.07.05 13:46:41.131,0.70125,0.70161,3.23,3.23
2011.07.05 13:46:44.306,0.70129,0.70165,2.25,2.63
2011.07.05 13:46:44.412,0.70129,0.70165,2.63,2.63
2011.07.05 13:46:46.982,0.70129,0.70165,2.63,2.63
2011.07.05 13:46:47.093,0.70134,0.7017,2.63,3.23
2011.07.05 13:46:47.406,0.70134,0.70169,2.25,1.35
2011.07.05 13:46:47.512,0.7013,0.70166,2.25,2.63
2011.07.05 13:46:47.622,0.70134,0.70167,2.25,2.63
2011.07.05 13:46:47.732,0.70129,0.70163,2.63,2.25
2011.07.05 13:46:49.174,0.70129,0.70163,2.63,2.85
2011.07.05 13:46:51.041,0.70131,0.70164,2.25,3.23
2011.07.05 13:46:53.848,0.70129,0.70163,2.63,2.85
2011.07.05 13:46:57.049,0.7013,0.70164,2.25,2.48
2011.07.05 13:46:57.605,0.70131,0.70164,2.25,2.48
2011.07.05 13:46:57.967,0.70133,0.70164,2.25,2.48
2011.07.05 13:46:58.486,0.70132,0.70164,2.25,2.48
2011.07.05 13:47:05.412,0.70132,0.70164,2.25,2.85
2011.07.05 13:47:05.924,0.70129,0.70162,2.25,3.23
2011.07.05 13:47:06.944,0.70126,0.7016,2.63,3.23
2011.07.05 13:47:08.531,0.70129,0.70164,2.63,2.48
2011.07.05 13:47:09.559,0.70127,0.70159,2.25,1.73
2011.07.05 13:47:09.772,0.70135,0.70169,2.63,2.10
2011.07.05 13:47:09.896,0.70135,0.70169,3.00,2.10
2011.07.05 13:47:10.112,0.70139,0.70174,2.63,3.23
2011.07.05 13:47:10.398,0.70139,0.70174,2.25,3.23
2011.07.05 13:47:10.612,0.70135,0.7017,3.23,2.63
2011.07.05 13:47:12.712,0.70135,0.70168,2.25,3.00
2011.07.05 13:47:12.822,0.7013,0.70164,2.63,2.63
2011.07.05 13:47:13.476,0.70134,0.70166,1.35,2.25
2011.07.05 13:47:13.582,0.70133,0.70166,3.23,2.25
2011.07.05 13:47:13.913,0.70134,0.70166,2.48,2.25
2011.07.05 13:47:14.352,0.70141,0.70172,2.48,2.25
2011.07.05 13:47:14.682,0.70148,0.70171,1.35,2.25
2011.07.05 13:47:15.012,0.70155,0.70176,1.35,2.25
2011.07.05 13:47:15.122,0.70155,0.70182,1.35,2.25
2011.07.05 13:47:15.427,0.70155,0.70187,1.35,2.25
2011.07.05 13:47:15.903,0.70161,0.70197,2.63,3.23
2011.07.05 13:47:16.002,0.70163,0.70196,2.25,3.23
2011.07.05 13:47:16.112,0.70161,0.70195,2.25,3.23
2011.07.05 13:47:16.223,0.70155,0.70191,2.25,3.23
2011.07.05 13:47:17.114,0.70154,0.7019,2.63,3.23
2011.07.05 13:47:17.452,0.70156,0.7019,2.25,3.23
2011.07.05 13:47:17.782,0.70151,0.70186,2.85,2.63
2011.07.05 13:47:18.324,0.70151,0.70186,2.25,3.23
2011.07.05 13:47:18.542,0.70147,0.7018,2.25,3.23
2011.07.05 13:47:18.854,0.70147,0.7018,2.25,3.23
2011.07.05 13:47:19.053,0.70145,0.70181,2.63,3.23
2011.07.05 13:47:19.422,0.70145,0.70181,2.63,3.23
2011.07.05 13:47:19.532,0.70146,0.70181,2.63,3.23
2011.07.05 13:47:20.132,0.70145,0.70181,2.63,3.23
2011.07.05 13:47:20.912,0.70145,0.70181,2.63,3.23
2011.07.05 13:47:22.143,0.70145,0.70181,3.23,2.63
2011.07.05 13:47:23.830,0.70146,0.70181,1.35,2.25
2011.07.05 13:47:23.942,0.70147,0.70181,2.48,2.25
2011.07.05 13:47:24.212,0.70152,0.70185,3.23,2.25
2011.07.05 13:47:24.762,0.70152,0.70187,2.85,2.63
2011.07.05 13:47:24.993,0.70152,0.70185,2.85,2.63
2011.07.05 13:47:27.069,0.70151,0.70185,3.23,2.63
2011.07.05 13:47:27.183,0.70148,0.70183,2.85,3.38
2011.07.05 13:47:29.213,0.70148,0.70181,2.85,2.63
2011.07.05 13:47:31.233,0.70148,0.70183,3.23,3.38
2011.07.05 13:47:31.341,0.70148,0.70183,2.63,3.98
2011.07.05 13:47:31.934,0.70148,0.70183,2.63,3.98
2011.07.05 13:47:32.511,0.70149,0.70183,2.25,1.73
2011.07.05 13:47:32.624,0.70149,0.70185,2.63,3.23
2011.07.05 13:47:33.781,0.7015,0.70186,2.63,4.73
2011.07.05 13:47:34.582,0.7015,0.7017,2.25,2.10
2011.07.05 13:47:34.692,0.70128,0.70175,2.10,2.10
2011.07.05 13:47:34.912,0.70124,0.7017,1.35,2.10
2011.07.05 13:47:35.242,0.70125,0.70159,2.25,2.85
2011.07.05 13:47:35.776,0.70127,0.70156,2.25,1.50
2011.07.05 13:47:36.409,0.70128,0.70161,2.25,3.75
2011.07.05 13:47:36.513,0.7013,0.70161,2.25,1.50
2011.07.05 13:47:38.053,0.7013,0.70166,2.63,2.85
2011.07.05 13:47:38.555,0.70131,0.70166,2.25,2.85
2011.07.05 13:47:39.323,0.70132,0.70167,2.25,2.85
2011.07.05 13:47:40.475,0.70133,0.70168,2.25,4.35
2011.07.05 13:47:42.329,0.70132,0.70167,2.25,2.85
2011.07.05 13:47:46.568,0.70132,0.70163,2.63,1.50
2011.07.05 13:47:47.363,0.70129,0.70163,2.63,4.13
2011.07.05 13:47:48.353,0.70129,0.70163,2.25,2.63
2011.07.05 13:47:53.068,0.70129,0.70163,2.63,2.63
2011.07.05 13:47:53.282,0.7013,0.70164,2.63,2.63
2011.07.05 13:47:54.313,0.70131,0.70165,2.25,2.48
2011.07.05 13:47:55.302,0.70131,0.70165,2.25,2.48
2011.07.05 13:47:55.632,0.70138,0.7017,2.63,2.10
2011.07.05 13:47:55.852,0.70141,0.70174,2.25,2.48
2011.07.05 13:48:02.963,0.70143,0.70174,2.25,2.10
2011.07.05 13:48:04.491,0.70142,0.70174,2.25,2.48
2011.07.05 13:48:04.711,0.7014,0.70174,2.25,2.48
2011.07.05 13:48:06.556,0.7014,0.70174,2.63,2.10
2011.07.05 13:48:06.882,0.70135,0.70169,2.25,3.23
2011.07.05 13:48:06.992,0.70135,0.70168,2.25,2.48
2011.07.05 13:48:07.692,0.70132,0.70168,2.25,4.73
2011.07.05 13:48:08.214,0.70131,0.70166,2.63,3.23
2011.07.05 13:48:12.864,0.70131,0.70166,3.00,2.85
2011.07.05 13:48:13.335,0.70132,0.70167,2.63,3.23
2011.07.05 13:48:16.432,0.70132,0.70167,2.63,3.23
2011.07.05 13:48:17.112,0.70131,0.70164,3.00,3.23
2011.07.05 13:48:18.733,0.70131,0.70164,2.25,3.23
2011.07.05 13:48:20.212,0.7013,0.70164,2.25,3.23
2011.07.05 13:48:20.322,0.70128,0.70162,2.25,3.23
2011.07.05 13:48:26.223,0.70128,0.70162,2.25,3.23
2011.07.05 13:48:26.333,0.70128,0.70162,2.63,2.25
2011.07.05 13:48:27.609,0.70136,0.70169,2.25,2.48
2011.07.05 13:48:38.566,0.70137,0.7017,2.25,3.23
2011.07.05 13:48:38.892,0.70135,0.70171,2.63,3.23
2011.07.05 13:48:39.001,0.70138,0.70173,2.25,3.23
2011.07.05 13:48:43.433,0.7014,0.70174,2.25,3.23
2011.07.05 13:48:44.064,0.70136,0.70171,2.63,3.23
2011.07.05 13:48:44.172,0.70136,0.70171,2.25,2.63
2011.07.05 13:48:44.282,0.70128,0.70173,1.35,1.50
2011.07.05 13:48:45.283,0.70127,0.70172,1.50,2.48
2011.07.05 13:48:46.677,0.70127,0.70168,1.50,1.73
2011.07.05 13:48:47.333,0.70127,0.70168,1.50,1.73
2011.07.05 13:48:47.783,0.70126,0.70167,1.35,1.73
2011.07.05 13:48:50.362,0.70126,0.70164,1.35,1.13
2011.07.05 13:48:51.433,0.7013,0.70166,2.63,2.63
2011.07.05 13:48:56.724,0.70131,0.70165,2.25,2.63
2011.07.05 13:48:56.941,0.70128,0.70164,2.63,2.63
2011.07.05 13:48:57.254,0.70128,0.70164,2.63,2.63
2011.07.05 13:48:57.641,0.70134,0.70167,2.25,3.23
2011.07.05 13:48:58.464,0.70134,0.70167,2.25,3.23
2011.07.05 13:49:05.702,0.7013,0.70164,2.63,2.25
2011.07.05 13:49:07.906,0.7013,0.70164,2.63,2.25
2011.07.05 13:49:08.012,0.7013,0.70164,3.00,2.25
2011.07.05 13:49:08.254,0.70136,0.70171,2.25,3.23
2011.07.05 13:49:10.232,0.70133,0.70166,2.25,2.63
2011.07.05 13:49:12.654,0.70134,0.70167,2.25,3.23
2011.07.05 13:49:15.702,0.70133,0.70166,2.25,2.63
2011.07.05 13:49:16.569,0.70133,0.70165,2.25,1.13
2011.07.05 13:49:16.682,0.70133,0.70166,2.25,2.63
2011.07.05 13:49:17.617,0.70134,0.70166,2.25,1.88
2011.07.05 13:49:18.082,0.70128,0.70163,2.63,2.25
2011.07.05 13:49:18.192,0.70132,0.70165,2.25,1.88
2011.07.05 13:49:18.302,0.70132,0.70167,2.25,4.73
2011.07.05 13:49:20.803,0.7013,0.70166,2.63,3.23
2011.07.05 13:49:22.693,0.7013,0.70166,2.25,3.60
2011.07.05 13:49:23.022,0.70128,0.70163,2.25,3.23
2011.07.05 13:49:27.378,0.70129,0.70163,2.25,3.98
2011.07.05 13:49:28.182,0.70129,0.70165,3.23,3.23
2011.07.05 13:49:28.512,0.70135,0.70167,2.25,1.35
2011.07.05 13:49:28.732,0.70129,0.70165,3.23,3.23
2011.07.05 13:49:29.413,0.70129,0.70165,3.23,2.85
2011.07.05 13:49:29.524,0.70133,0.70168,2.63,1.73
2011.07.05 13:49:29.918,0.70133,0.70167,2.25,1.35
2011.07.05 13:49:30.021,0.70129,0.70165,2.63,3.23
2011.07.05 13:49:33.212,0.70131,0.70164,2.25,3.23
2011.07.05 13:49:36.507,0.7013,0.70164,2.63,3.98
2011.07.05 13:49:38.703,0.70129,0.70163,2.63,1.73
2011.07.05 13:49:42.372,0.70128,0.70162,2.63,3.23
2011.07.05 13:49:42.482,0.70121,0.70163,1.50,2.48
2011.07.05 13:49:43.784,0.70121,0.70163,1.13,2.48
2011.07.05 13:49:44.313,0.70122,0.70168,1.35,1.35
2011.07.05 13:49:45.292,0.70127,0.7016,3.38,2.25
2011.07.05 13:49:47.174,0.70127,0.70162,2.63,2.25
2011.07.05 13:49:48.585,0.70127,0.70162,2.63,2.25
2011.07.05 13:49:48.910,0.70129,0.70165,2.63,3.23
2011.07.05 13:49:50.553,0.70129,0.70165,2.63,3.23
2011.07.05 13:49:54.663,0.7013,0.70164,3.00,2.25
2011.07.05 13:49:55.206,0.70132,0.70168,2.63,3.23
2011.07.05 13:49:55.422,0.70129,0.70163,2.63,2.63
2011.07.05 13:49:57.246,0.7013,0.70164,2.63,2.25
2011.07.05 13:49:58.833,0.70128,0.70163,2.63,2.25
2011.07.05 13:50:06.943,0.70123,0.70159,2.63,2.63
2011.07.05 13:50:09.964,0.70123,0.70159,2.63,2.63
2011.07.05 13:50:11.363,0.70123,0.70159,3.00,2.25
2011.07.05 13:50:11.582,0.70127,0.70162,3.23,2.25
2011.07.05 13:50:12.163,0.70127,0.7016,3.23,2.25
2011.07.05 13:50:12.686,0.70128,0.70161,3.23,2.25
2011.07.05 13:50:13.676,0.70127,0.7016,3.23,2.25
2011.07.05 13:50:14.336,0.70128,0.70161,3.23,2.25
2011.07.05 13:50:16.426,0.70128,0.70162,3.23,2.25
2011.07.05 13:50:17.064,0.70128,0.70162,2.63,2.85
2011.07.05 13:50:20.973,0.70128,0.70162,2.25,3.23
2011.07.05 13:50:22.017,0.70123,0.70159,4.73,3.23
2011.07.05 13:50:23.033,0.70123,0.70159,3.23,3.98
2011.07.05 13:50:27.043,0.70122,0.70158,3.23,3.23
2011.07.05 13:50:32.097,0.70122,0.70158,3.23,2.63
2011.07.05 13:50:33.495,0.70122,0.70158,3.23,2.63
2011.07.05 13:50:33.934,0.70123,0.70156,2.63,2.85
2011.07.05 13:50:34.043,0.70118,0.70152,3.23,2.85
2011.07.05 13:50:39.824,0.70118,0.70147,2.63,2.10
2011.07.05 13:50:43.242,0.70118,0.70152,2.63,4.73
2011.07.05 13:50:43.426,0.70118,0.70152,2.63,3.23
2011.07.05 13:50:44.113,0.70118,0.70152,3.23,2.63
2011.07.05 13:50:44.204,0.70123,0.70156,2.63,3.23
2011.07.05 13:50:48.082,0.70122,0.70153,2.63,1.35
2011.07.05 13:50:56.872,0.7012,0.70153,2.63,1.35
2011.07.05 13:50:57.415,0.7012,0.70152,2.63,2.10
2011.07.05 13:50:57.522,0.70116,0.70149,2.63,2.85
2011.07.05 13:50:59.635,0.70116,0.70149,2.63,2.85
2011.07.05 13:50:59.925,0.70116,0.70149,2.63,2.25
2011.07.05 13:51:01.352,0.70116,0.70149,2.63,2.25
2011.07.05 13:51:01.571,0.70117,0.70153,3.23,3.23
2011.07.05 13:51:08.272,0.70117,0.70151,2.63,2.10
2011.07.05 13:51:08.664,0.70117,0.70153,2.63,2.63
2011.07.05 13:51:11.428,0.70117,0.70151,2.63,2.10
2011.07.05 13:51:11.645,0.70117,0.70151,2.25,2.48
2011.07.05 13:51:12.193,0.70115,0.70149,2.63,2.85
2011.07.05 13:51:12.742,0.70113,0.70147,2.63,3.23
2011.07.05 13:51:13.902,0.70113,0.70147,2.63,2.85
2011.07.05 13:51:16.512,0.70114,0.70147,2.10,2.25
2011.07.05 13:51:17.062,0.70112,0.70148,3.23,3.23
2011.07.05 13:51:17.174,0.70112,0.70148,3.23,2.85
2011.07.05 13:51:17.582,0.70112,0.70148,3.23,3.23
2011.07.05 13:51:18.278,0.70112,0.70148,3.23,3.23
2011.07.05 13:51:21.346,0.70113,0.70148,1.35,2.85
2011.07.05 13:51:21.452,0.70113,0.70148,1.35,2.25
2011.07.05 13:51:21.562,0.70117,0.70152,3.23,3.23
2011.07.05 13:51:21.782,0.70113,0.70147,3.23,2.25
2011.07.05 13:51:22.044,0.70117,0.70152,2.85,3.23
2011.07.05 13:51:23.042,0.70109,0.7014,2.63,2.10
2011.07.05 13:51:23.273,0.70117,0.70151,2.25,2.48
2011.07.05 13:51:23.382,0.70113,0.70147,3.23,2.85
2011.07.05 13:51:23.493,0.70113,0.70146,2.63,2.10
2011.07.05 13:51:23.956,0.70113,0.70147,2.63,2.25
2011.07.05 13:51:26.182,0.70112,0.70147,3.23,2.85
2011.07.05 13:51:26.752,0.70112,0.70145,3.23,2.85
2011.07.05 13:51:32.742,0.70115,0.70148,2.25,2.48
2011.07.05 13:51:33.123,0.70109,0.7014,2.63,2.10
2011.07.05 13:51:33.642,0.7011,0.7014,2.63,2.10
2011.07.05 13:51:36.922,0.70107,0.70136,2.63,2.10
2011.07.05 13:51:37.034,0.70105,0.70139,2.63,3.23
2011.07.05 13:51:37.472,0.70108,0.70142,2.63,4.35
2011.07.05 13:51:38.846,0.70108,0.70142,2.63,2.85
2011.07.05 13:51:40.066,0.70113,0.70146,2.25,4.73
2011.07.05 13:51:40.293,0.70107,0.70143,2.63,3.23
2011.07.05 13:51:48.756,0.70108,0.70141,2.63,2.25
2011.07.05 13:51:49.308,0.70107,0.70143,2.63,3.98
2011.07.05 13:51:56.846,0.70107,0.70143,2.63,3.98
2011.07.05 13:51:57.715,0.70108,0.70142,3.00,2.85
2011.07.05 13:52:09.243,0.70107,0.7014,2.63,2.10
2011.07.05 13:52:09.899,0.70107,0.70142,3.23,3.23
2011.07.05 13:52:10.244,0.70105,0.7014,3.23,2.85
2011.07.05 13:52:10.573,0.70111,0.70143,3.23,1.35
2011.07.05 13:52:11.222,0.70111,0.70145,2.25,2.48
2011.07.05 13:52:11.332,0.70108,0.70141,3.23,2.85
2011.07.05 13:52:11.652,0.70108,0.70141,2.85,3.23
2011.07.05 13:52:11.762,0.70103,0.70137,3.23,2.85
2011.07.05 13:52:11.872,0.70103,0.70137,3.60,2.85
2011.07.05 13:52:12.322,0.70102,0.70138,3.23,3.23
2011.07.05 13:52:12.433,0.70104,0.70138,1.35,2.25
2011.07.05 13:52:12.542,0.70107,0.70142,3.23,2.85
2011.07.05 13:52:12.856,0.70107,0.70142,2.63,4.35
2011.07.05 13:52:12.962,0.70107,0.70142,2.25,4.73
2011.07.05 13:52:13.072,0.70102,0.70138,3.23,2.85
2011.07.05 13:52:13.182,0.70103,0.70138,1.35,2.85
2011.07.05 13:52:13.512,0.70108,0.70141,3.00,2.25
2011.07.05 13:52:13.945,0.70112,0.70145,2.63,2.25
2011.07.05 13:52:16.151,0.7011,0.70145,2.63,3.00
2011.07.05 13:52:16.725,0.70111,0.70144,2.63,2.25
2011.07.05 13:52:16.927,0.70111,0.70146,2.63,3.23
2011.07.05 13:52:18.465,0.7011,0.70145,2.63,2.25
2011.07.05 13:52:18.572,0.7011,0.70145,2.63,3.00
2011.07.05 13:52:19.177,0.7011,0.70145,2.63,2.25
2011.07.05 13:52:19.896,0.70111,0.70144,2.63,2.25
2011.07.05 13:52:22.866,0.70112,0.70145,2.63,2.25
2011.07.05 13:52:23.162,0.70109,0.70145,2.63,3.00
2011.07.05 13:52:36.109,0.7011,0.70144,2.63,3.00
2011.07.05 13:52:36.472,0.70106,0.70141,2.63,2.25
2011.07.05 13:52:37.022,0.70105,0.70141,2.63,3.00
2011.07.05 13:52:37.865,0.70105,0.70141,2.63,2.25
2011.07.05 13:52:38.412,0.70106,0.7014,2.63,2.63
2011.07.05 13:52:38.683,0.70106,0.7014,3.00,3.00
2011.07.05 13:52:39.213,0.7011,0.70144,2.63,3.00
2011.07.05 13:52:39.806,0.7011,0.70144,2.63,3.00
2011.07.05 13:52:40.025,0.7011,0.70144,2.63,3.60
2011.07.05 13:52:41.582,0.70107,0.70139,2.63,1.50
2011.07.05 13:52:41.693,0.70107,0.70139,2.25,2.63
2011.07.05 13:52:41.802,0.70107,0.70137,2.25,1.13
2011.07.05 13:52:41.912,0.70103,0.70136,2.63,3.00
2011.07.05 13:52:42.243,0.70099,0.70133,3.23,3.00
2011.07.05 13:52:43.562,0.701,0.70134,2.63,3.00
2011.07.05 13:52:43.952,0.70097,0.70132,2.63,2.25
2011.07.05 13:52:44.063,0.70097,0.70132,2.25,2.63
2011.07.05 13:52:45.013,0.70095,0.70129,3.23,2.63
2011.07.05 13:52:45.533,0.70096,0.7013,2.63,2.63
2011.07.05 13:52:46.344,0.70097,0.70132,2.25,2.63
2011.07.05 13:52:46.954,0.70097,0.70132,2.63,2.63
2011.07.05 13:52:47.292,0.70097,0.70132,2.63,2.85
2011.07.05 13:52:47.623,0.70108,0.70143,2.63,3.23
2011.07.05 13:52:47.842,0.70108,0.70143,2.25,3.23
2011.07.05 13:52:47.952,0.70105,0.70141,3.23,3.23
2011.07.05 13:52:48.063,0.70105,0.70139,2.63,2.10
2011.07.05 13:52:49.227,0.70105,0.70139,2.25,2.48
2011.07.05 13:52:49.719,0.70102,0.70135,2.63,2.85
2011.07.05 13:52:51.142,0.70098,0.70131,2.63,2.25
2011.07.05 13:52:51.886,0.70098,0.70131,2.63,2.25
2011.07.05 13:52:52.212,0.70101,0.70135,2.63,4.35
2011.07.05 13:52:53.176,0.70099,0.70133,2.63,1.35
2011.07.05 13:52:55.153,0.70099,0.70132,2.63,3.23
2011.07.05 13:52:57.534,0.70099,0.70132,2.63,3.23
2011.07.05 13:52:57.862,0.701,0.70134,2.63,2.85
2011.07.05 13:52:58.192,0.70104,0.70137,2.63,4.73
2011.07.05 13:52:58.833,0.70101,0.70135,3.23,2.25
2011.07.05 13:52:58.943,0.70102,0.70135,1.35,2.25
2011.07.05 13:52:59.483,0.70104,0.70138,2.25,2.63
2011.07.05 13:52:59.592,0.70104,0.70138,2.63,2.25
2011.07.05 13:53:00.832,0.70104,0.70138,2.63,3.38
2011.07.05 13:53:03.354,0.70102,0.70135,3.23,2.25
2011.07.05 13:53:05.233,0.70103,0.70135,1.35,2.25
2011.07.05 13:53:05.343,0.70109,0.70145,2.63,2.85
2011.07.05 13:53:05.453,0.70109,0.70144,2.25,1.35
2011.07.05 13:53:05.563,0.70101,0.70136,3.23,2.25
2011.07.05 13:53:05.673,0.70103,0.70136,1.35,2.25
2011.07.05 13:53:05.783,0.70105,0.70141,2.63,2.25
2011.07.05 13:53:06.334,0.70109,0.70145,2.63,2.85
2011.07.05 13:53:06.553,0.70107,0.70142,2.63,2.25
2011.07.05 13:53:07.353,0.70112,0.70147,2.63,2.85
2011.07.05 13:53:07.463,0.70113,0.70147,1.35,2.25
2011.07.05 13:53:07.573,0.70117,0.70151,2.63,3.23
2011.07.05 13:53:15.023,0.7012,0.70156,3.23,3.23
2011.07.05 13:53:15.136,0.7012,0.70156,2.85,3.23
2011.07.05 13:53:16.185,0.70117,0.70151,3.23,2.25
2011.07.05 13:53:16.608,0.70117,0.70151,2.63,2.85
2011.07.05 13:53:16.933,0.70117,0.70152,3.38,3.23
2011.07.05 13:53:17.042,0.70124,0.70157,2.25,3.60
2011.07.05 13:53:17.455,0.70126,0.70151,2.25,1.35
2011.07.05 13:53:17.673,0.70116,0.70151,2.25,3.60
2011.07.05 13:53:18.254,0.70113,0.70146,2.63,3.23
2011.07.05 13:53:19.205,0.70113,0.70146,2.63,3.98
2011.07.05 13:53:19.326,0.70113,0.70146,2.63,3.23
2011.07.05 13:53:19.543,0.70109,0.70145,3.23,2.63
2011.07.05 13:53:19.889,0.7011,0.70144,3.23,3.00
2011.07.05 13:53:20.102,0.7011,0.70146,2.63,2.63
2011.07.05 13:53:20.394,0.70109,0.70143,3.23,2.25
2011.07.05 13:53:21.896,0.70109,0.70143,3.60,2.25
2011.07.05 13:53:22.003,0.70109,0.70143,3.23,2.25
2011.07.05 13:53:22.112,0.70114,0.70147,2.25,3.23
2011.07.05 13:53:22.442,0.70108,0.70141,2.25,3.23
2011.07.05 13:53:24.233,0.70104,0.70137,2.63,2.63
2011.07.05 13:53:25.033,0.70104,0.70137,3.23,2.25
2011.07.05 13:53:25.142,0.70105,0.70139,3.23,2.25
2011.07.05 13:53:30.241,0.70105,0.70139,3.60,2.25
2011.07.05 13:53:30.494,0.70107,0.70142,3.23,2.63
2011.07.05 13:53:33.213,0.70109,0.70143,3.23,2.85
2011.07.05 13:53:33.447,0.70109,0.70143,3.23,2.25
2011.07.05 13:53:33.993,0.70112,0.70145,2.85,2.63
2011.07.05 13:53:34.323,0.70108,0.70133,2.25,2.10
2011.07.05 13:53:34.543,0.70094,0.70128,2.25,2.10
2011.07.05 13:53:35.203,0.70095,0.70128,2.25,2.10
2011.07.05 13:53:36.204,0.70095,0.7013,2.85,2.85
2011.07.05 13:53:36.313,0.70099,0.70134,2.25,2.10
2011.07.05 13:53:36.702,0.70102,0.70134,2.63,2.10
2011.07.05 13:53:38.313,0.70103,0.70136,2.63,3.23
2011.07.05 13:53:38.635,0.70103,0.70136,2.25,3.23
2011.07.05 13:53:38.853,0.70099,0.70133,2.63,2.25
2011.07.05 13:53:38.963,0.70103,0.70137,2.25,3.23
2011.07.05 13:53:39.182,0.70099,0.70135,2.63,3.38
2011.07.05 13:53:39.293,0.70102,0.70137,2.25,3.23
2011.07.05 13:53:39.402,0.701,0.70134,2.63,2.25
2011.07.05 13:53:39.512,0.70103,0.70135,2.25,1.13
2011.07.05 13:53:39.937,0.70098,0.70131,2.63,2.25
2011.07.05 13:53:40.043,0.70098,0.70131,2.63,2.25
2011.07.05 13:53:40.583,0.70098,0.70131,2.63,2.25
2011.07.05 13:53:40.692,0.70097,0.70133,2.63,3.23
2011.07.05 13:53:42.484,0.70098,0.70134,2.63,3.23
2011.07.05 13:53:43.025,0.70098,0.70132,2.63,2.25
2011.07.05 13:53:44.753,0.70099,0.70133,2.63,3.23
2011.07.05 13:53:46.193,0.701,0.70134,2.63,2.85
2011.07.05 13:53:52.903,0.70102,0.70137,2.25,1.35
2011.07.05 13:53:53.234,0.70099,0.70133,2.25,1.73
2011.07.05 13:53:53.342,0.70096,0.70129,2.25,2.63
2011.07.05 13:53:54.224,0.70096,0.70128,2.25,1.35
2011.07.05 13:53:55.196,0.70096,0.70128,2.25,1.73
2011.07.05 13:53:55.412,0.70092,0.70125,2.63,2.63
2011.07.05 13:53:55.523,0.70092,0.70125,2.63,3.23
2011.07.05 13:53:56.253,0.70091,0.70124,2.63,2.85
2011.07.05 13:53:57.370,0.70089,0.70124,2.63,1.35
2011.07.05 13:53:57.704,0.70086,0.70121,3.00,2.25
2011.07.05 13:53:57.923,0.70086,0.70121,3.00,2.25
2011.07.05 13:53:58.143,0.70089,0.70124,1.35,2.25
2011.07.05 13:53:58.252,0.70092,0.70127,3.23,2.25
2011.07.05 13:53:58.573,0.70092,0.70127,3.60,2.25
2011.07.05 13:54:00.214,0.70096,0.70129,2.63,3.23
2011.07.05 13:54:00.324,0.70092,0.70125,3.23,2.63
2011.07.05 13:54:02.723,0.70092,0.70125,3.60,2.25
2011.07.05 13:54:02.832,0.70096,0.70129,2.63,3.23
2011.07.05 13:54:02.944,0.70096,0.70129,3.23,2.63
2011.07.05 13:54:03.982,0.70096,0.70129,2.63,3.23
2011.07.05 13:54:05.724,0.70096,0.70129,2.63,2.85
2011.07.05 13:54:06.744,0.70098,0.70129,2.63,1.35
2011.07.05 13:54:07.403,0.70093,0.70126,3.23,2.25
2011.07.05 13:54:07.518,0.70094,0.70129,3.23,1.35
2011.07.05 13:54:07.783,0.70094,0.70129,2.25,1.73
2011.07.05 13:54:08.003,0.7009,0.70125,2.63,2.63
2011.07.05 13:54:08.834,0.7009,0.70125,2.63,3.38
2011.07.05 13:54:10.114,0.7009,0.70125,2.63,2.63
2011.07.05 13:54:10.472,0.70093,0.70128,2.25,1.73
2011.07.05 13:54:10.802,0.70096,0.70128,2.63,1.35
2011.07.05 13:54:12.212,0.70098,0.70129,2.25,1.35
2011.07.05 13:54:12.624,0.70098,0.70132,2.85,2.63
2011.07.05 13:54:12.842,0.70099,0.70133,3.23,2.25
2011.07.05 13:54:13.563,0.70099,0.70133,3.60,2.25
2011.07.05 13:54:14.301,0.70103,0.70136,3.23,3.38
2011.07.05 13:54:14.963,0.70103,0.70136,2.63,3.23
2011.07.05 13:54:15.494,0.70103,0.70135,2.63,1.35
2011.07.05 13:54:17.274,0.70103,0.70133,2.25,1.13
2011.07.05 13:54:17.384,0.70098,0.70132,2.63,2.63
2011.07.05 13:54:17.493,0.70102,0.70137,2.63,3.23
2011.07.05 13:54:21.458,0.70109,0.70144,2.63,1.13
2011.07.05 13:54:21.672,0.70109,0.70142,2.25,1.13
2011.07.05 13:54:22.663,0.70108,0.70141,2.63,3.00
2011.07.05 13:54:22.934,0.70108,0.7014,2.63,1.13
2011.07.05 13:54:23.154,0.70105,0.70139,2.25,1.73
2011.07.05 13:54:23.262,0.70102,0.70135,2.63,1.35
2011.07.05 13:54:23.862,0.701,0.70134,2.63,3.38
2011.07.05 13:54:23.972,0.70103,0.70134,2.25,1.13
2011.07.05 13:54:24.343,0.70098,0.70132,2.63,2.25
2011.07.05 13:54:24.562,0.70104,0.70134,2.25,1.13
2011.07.05 13:54:25.224,0.70103,0.70134,2.25,1.13
2011.07.05 13:54:25.333,0.70099,0.70134,2.63,1.13
2011.07.05 13:54:25.894,0.70099,0.70134,2.63,1.13
2011.07.05 13:54:28.056,0.70101,0.70134,2.25,1.13
2011.07.05 13:54:29.045,0.70101,0.70134,2.25,1.13
2011.07.05 13:54:29.373,0.70099,0.70133,2.63,3.00
2011.07.05 13:54:32.663,0.70101,0.70133,2.25,1.73
2011.07.05 13:54:32.994,0.70101,0.70134,2.25,3.98
2011.07.05 13:54:33.578,0.70102,0.70134,2.25,1.73
2011.07.05 13:54:35.146,0.70101,0.70133,2.63,1.73
2011.07.05 13:54:35.305,0.70101,0.70134,2.63,1.73
2011.07.05 13:54:35.723,0.70101,0.70133,2.63,1.73
2011.07.05 13:54:36.385,0.70099,0.70133,2.63,3.23
2011.07.05 13:54:36.492,0.70099,0.70133,2.63,3.98
2011.07.05 13:54:40.123,0.70099,0.70133,2.63,3.23
2011.07.05 13:54:40.232,0.70099,0.70133,3.00,2.85
2011.07.05 13:54:40.592,0.70098,0.70134,3.23,3.98
2011.07.05 13:54:42.153,0.70098,0.70133,3.23,1.35
2011.07.05 13:54:43.233,0.70099,0.70132,2.25,1.13
2011.07.05 13:54:43.563,0.70097,0.7013,3.23,3.00
2011.07.05 13:54:43.923,0.701,0.70133,3.00,1.35
2011.07.05 13:54:44.034,0.70103,0.70138,3.23,1.13
2011.07.05 13:54:44.252,0.701,0.70134,3.23,3.60
2011.07.05 13:54:44.473,0.701,0.70134,2.85,3.98
2011.07.05 13:54:45.966,0.70095,0.7013,3.23,3.23
2011.07.05 13:54:46.533,0.70095,0.7013,3.23,3.98
2011.07.05 13:54:49.304,0.70093,0.70127,3.23,2.25
2011.07.05 13:54:49.413,0.70095,0.7013,2.48,3.38
2011.07.05 13:54:51.905,0.70097,0.70132,3.23,2.63
2011.07.05 13:54:52.013,0.70096,0.70131,3.23,3.00
2011.07.05 13:54:52.504,0.70098,0.70132,3.23,2.63
2011.07.05 13:54:53.885,0.70098,0.70132,3.23,3.38
2011.07.05 13:54:54.334,0.70098,0.70132,3.23,2.63
2011.07.05 13:54:54.553,0.70098,0.70132,3.23,3.38
2011.07.05 13:54:54.662,0.70098,0.70132,3.23,2.63
2011.07.05 13:54:56.903,0.70097,0.70132,3.23,3.38
2011.07.05 13:54:57.233,0.70096,0.70129,2.85,1.13
2011.07.05 13:54:57.342,0.70096,0.70131,3.23,3.38
2011.07.05 13:54:58.362,0.70098,0.70129,2.85,1.13
2011.07.05 13:54:58.473,0.70098,0.7013,2.63,1.35
2011.07.05 13:54:58.582,0.70096,0.70126,2.48,2.25
2011.07.05 13:54:58.802,0.70098,0.70131,3.23,3.00
2011.07.05 13:54:59.605,0.70098,0.70129,2.85,1.13
2011.07.05 13:54:59.823,0.70098,0.70131,2.25,3.38
2011.07.05 13:55:00.043,0.70096,0.70129,2.63,3.38
2011.07.05 13:55:00.368,0.70095,0.70129,2.85,3.38
2011.07.05 13:55:00.693,0.70092,0.70127,3.60,2.25
2011.07.05 13:55:00.803,0.70097,0.7013,2.63,2.25
2011.07.05 13:55:02.404,0.70097,0.7013,2.63,2.63
2011.07.05 13:55:03.042,0.70097,0.7013,2.63,3.38
2011.07.05 13:55:04.226,0.70097,0.7013,2.63,2.63
2011.07.05 13:55:11.004,0.70097,0.7013,2.25,2.63
2011.07.05 13:55:11.222,0.70098,0.70133,2.63,1.73
2011.07.05 13:55:11.746,0.70098,0.70132,2.25,2.63
2011.07.05 13:55:12.265,0.70098,0.70132,2.25,5.10
2011.07.05 13:55:12.374,0.70093,0.70126,2.63,2.85
2011.07.05 13:55:12.606,0.70093,0.70126,3.23,2.25
2011.07.05 13:55:13.043,0.70096,0.70131,2.25,2.63
2011.07.05 13:55:13.434,0.70095,0.70129,2.85,2.63
2011.07.05 13:55:14.235,0.70092,0.70127,3.98,2.25
2011.07.05 13:55:14.365,0.70094,0.7013,3.23,2.63
2011.07.05 13:55:23.754,0.70092,0.70125,2.85,2.63
2011.07.05 13:55:24.497,0.70092,0.70125,2.85,2.63
2011.07.05 13:55:26.515,0.70091,0.70124,3.60,2.25
2011.07.05 13:55:26.776,0.70094,0.70129,3.23,1.13
2011.07.05 13:55:26.882,0.70094,0.70128,2.85,1.13
2011.07.05 13:55:27.414,0.7009,0.70125,3.23,3.23
2011.07.05 13:55:29.644,0.7009,0.70125,4.73,2.63
2011.07.05 13:55:30.513,0.7009,0.70125,3.23,3.23
2011.07.05 13:55:34.165,0.7009,0.70125,2.63,3.23
2011.07.05 13:55:35.045,0.7009,0.70125,3.23,3.23
2011.07.05 13:55:35.264,0.7009,0.70125,3.23,2.85
2011.07.05 13:55:35.373,0.70092,0.70127,2.63,2.85
2011.07.05 13:55:35.488,0.70092,0.70127,3.23,2.25
2011.07.05 13:55:35.704,0.70095,0.70125,2.25,2.10
2011.07.05 13:55:36.383,0.70088,0.70124,2.63,3.23
2011.07.05 13:55:43.033,0.7009,0.70125,1.35,2.25
2011.07.05 13:55:43.143,0.70094,0.70128,2.63,2.85
2011.07.05 13:55:43.663,0.70094,0.70128,2.63,2.25
2011.07.05 13:55:43.777,0.70098,0.70132,2.63,2.85
2011.07.05 13:55:46.035,0.70098,0.70132,2.63,2.85
2011.07.05 13:55:46.142,0.70098,0.70132,3.23,2.25
2011.07.05 13:55:46.252,0.701,0.70135,3.23,3.60
2011.07.05 13:55:47.924,0.70102,0.70137,2.63,3.23
2011.07.05 13:55:49.894,0.70102,0.70137,2.63,3.23
2011.07.05 13:55:50.882,0.70102,0.70137,2.63,3.23
2011.07.05 13:55:52.572,0.70106,0.70138,2.25,1.73
2011.07.05 13:55:56.472,0.70107,0.7014,2.25,4.73
2011.07.05 13:55:56.582,0.70107,0.70142,2.25,3.23
2011.07.05 13:55:56.890,0.70102,0.70138,3.23,3.98
2011.07.05 13:55:58.483,0.70102,0.70133,2.25,2.85
2011.07.05 13:55:58.592,0.70094,0.70129,2.63,3.23
2011.07.05 13:55:58.703,0.70094,0.70129,2.63,3.23
2011.07.05 13:55:59.264,0.70094,0.70129,3.23,3.23
2011.07.05 13:56:03.196,0.70094,0.70129,3.60,2.85
2011.07.05 13:56:13.348,0.70096,0.70128,2.63,1.35
2011.07.05 13:56:18.503,0.70096,0.70129,3.23,2.25
2011.07.05 13:56:18.612,0.70099,0.70134,2.63,1.35
2011.07.05 13:56:24.735,0.70099,0.70135,3.23,3.38
2011.07.05 13:56:28.076,0.70099,0.70133,3.23,1.13
2011.07.05 13:56:28.293,0.70099,0.70133,3.23,1.73
2011.07.05 13:56:32.135,0.70098,0.70131,2.85,3.23
2011.07.05 13:56:32.474,0.70092,0.70128,3.23,3.23
2011.07.05 13:56:34.185,0.70092,0.70128,3.23,2.63
2011.07.05 13:56:41.243,0.70093,0.70128,1.35,2.25
2011.07.05 13:56:41.354,0.70093,0.70129,3.23,2.63
2011.07.05 13:56:44.822,0.70094,0.70124,2.48,2.25
2011.07.05 13:56:44.932,0.70094,0.70129,4.73,3.38
2011.07.05 13:56:47.626,0.70094,0.70128,4.35,1.13
2011.07.05 13:56:47.952,0.70095,0.70128,3.23,3.38
2011.07.05 13:56:48.477,0.70097,0.70128,2.10,3.38
2011.07.05 13:57:01.598,0.70097,0.70128,2.10,1.13
2011.07.05 13:57:01.704,0.70094,0.70129,2.85,3.38
2011.07.05 13:57:02.230,0.70094,0.70127,2.85,1.13
2011.07.05 13:57:02.334,0.70101,0.70132,1.35,2.25
2011.07.05 13:57:02.443,0.70104,0.70132,1.35,2.25
2011.07.05 13:57:02.773,0.70107,0.70142,3.23,2.25
2011.07.05 13:57:02.993,0.70106,0.70141,3.23,3.00
2011.07.05 13:57:03.412,0.70104,0.70136,2.48,2.25
2011.07.05 13:57:03.524,0.70103,0.70136,2.85,2.63
2011.07.05 13:57:03.632,0.70098,0.70132,4.73,2.25
2011.07.05 13:57:03.956,0.70099,0.70135,3.23,2.63
2011.07.05 13:57:05.536,0.70099,0.70134,3.23,1.13
2011.07.05 13:57:09.457,0.70098,0.70132,4.73,2.25
2011.07.05 13:57:11.343,0.701,0.70134,3.23,3.38
2011.07.05 13:57:12.918,0.70101,0.70134,1.35,2.25
2011.07.05 13:57:13.033,0.70103,0.70136,3.23,2.25
2011.07.05 13:57:20.107,0.70104,0.70137,3.23,2.25
2011.07.05 13:57:20.663,0.70101,0.70135,1.35,2.25
2011.07.05 13:57:20.773,0.701,0.70135,3.23,2.63
2011.07.05 13:57:24.417,0.701,0.70134,3.23,3.00
2011.07.05 13:57:27.391,0.70098,0.70132,3.23,2.25
2011.07.05 13:57:28.023,0.70099,0.70133,3.23,1.35
2011.07.05 13:57:30.088,0.70099,0.70133,2.85,1.73
2011.07.05 13:57:30.303,0.70099,0.70133,2.85,3.98
2011.07.05 13:57:31.066,0.70094,0.70125,2.48,2.25
2011.07.05 13:57:31.174,0.70097,0.7013,3.23,2.25
2011.07.05 13:57:32.585,0.70097,0.7013,3.23,3.00
2011.07.05 13:57:33.254,0.70095,0.70129,2.25,3.38
2011.07.05 13:57:33.363,0.7009,0.70125,3.23,2.63
2011.07.05 13:57:34.234,0.7009,0.70125,3.23,3.38
2011.07.05 13:57:34.750,0.70089,0.70124,3.23,1.13
2011.07.05 13:57:36.853,0.70089,0.70125,3.23,3.38
2011.07.05 13:57:37.193,0.70092,0.70125,2.48,3.00
2011.07.05 13:57:37.523,0.70092,0.70126,2.48,2.25
2011.07.05 13:57:37.744,0.70096,0.70131,3.23,2.85
2011.07.05 13:57:37.854,0.70098,0.70133,3.23,2.63
2011.07.05 13:57:37.963,0.70098,0.70133,2.85,3.00
2011.07.05 13:57:39.141,0.70094,0.70128,3.23,2.63
2011.07.05 13:57:40.365,0.70092,0.70125,4.73,2.25
2011.07.05 13:57:40.724,0.70092,0.70125,4.73,3.00
2011.07.05 13:57:41.285,0.70092,0.70125,4.73,3.00
2011.07.05 13:57:41.543,0.70098,0.70129,2.63,1.35
2011.07.05 13:57:43.423,0.70098,0.70131,2.25,3.00
2011.07.05 13:57:43.966,0.70096,0.70131,2.63,3.00
2011.07.05 13:57:44.905,0.70095,0.70131,2.63,3.00
2011.07.05 13:57:45.455,0.70095,0.7013,2.63,1.13
2011.07.05 13:57:48.044,0.70096,0.7013,2.63,2.63
2011.07.05 13:57:49.040,0.70099,0.70133,2.63,3.00
2011.07.05 13:57:49.154,0.70094,0.7013,3.00,2.25
2011.07.05 13:57:50.255,0.70096,0.70129,2.63,2.25
2011.07.05 13:57:52.019,0.70098,0.70131,2.63,2.63
2011.07.05 13:57:52.993,0.70097,0.7013,2.63,2.25
2011.07.05 13:57:53.713,0.70097,0.7013,2.63,2.25
2011.07.05 13:57:55.745,0.70097,0.7013,2.63,2.85
2011.07.05 13:58:00.417,0.70097,0.70129,2.25,1.73
2011.07.05 13:58:00.744,0.70097,0.7013,2.63,2.63
2011.07.05 13:58:01.293,0.70096,0.70131,3.23,2.63
2011.07.05 13:58:01.505,0.70096,0.7013,3.23,1.13
2011.07.05 13:58:06.994,0.70096,0.70131,3.60,2.25
2011.07.05 13:58:07.594,0.70109,0.70143,2.63,3.98
2011.07.05 13:58:07.703,0.70109,0.70143,3.00,2.85
2011.07.05 13:58:08.852,0.70104,0.7014,2.63,3.23
2011.07.05 13:58:10.176,0.70104,0.70138,2.63,2.25
2011.07.05 13:58:12.473,0.70104,0.70138,2.63,3.23
2011.07.05 13:58:16.299,0.70104,0.70138,2.63,3.98
2011.07.05 13:58:18.763,0.701,0.70136,2.63,3.00
2011.07.05 13:58:20.595,0.701,0.70136,2.63,3.00
2011.07.05 13:58:21.153,0.70101,0.70136,2.63,3.00
2011.07.05 13:58:21.891,0.70099,0.70133,2.63,2.25
2011.07.05 13:58:22.007,0.70104,0.70139,3.23,1.35
2011.07.05 13:58:22.224,0.70108,0.70141,2.63,2.85
2011.07.05 13:58:22.554,0.70108,0.70143,3.23,2.85
2011.07.05 13:58:23.484,0.70109,0.70142,2.63,2.25
2011.07.05 13:58:23.703,0.70109,0.70142,2.63,2.25
2011.07.05 13:58:24.274,0.70108,0.70144,3.23,3.23
2011.07.05 13:58:25.003,0.70109,0.70142,2.63,2.25
2011.07.05 13:58:27.564,0.70108,0.70141,3.23,2.25
2011.07.05 13:58:27.782,0.70109,0.70143,2.63,3.60
2011.07.05 13:58:29.967,0.70112,0.70143,2.10,3.00
2011.07.05 13:58:30.183,0.70119,0.70153,2.25,2.85
2011.07.05 13:58:30.293,0.7012,0.70153,2.10,2.25
2011.07.05 13:58:30.403,0.70128,0.70161,2.63,2.85
2011.07.05 13:58:30.733,0.70131,0.70166,2.25,2.85
2011.07.05 13:58:30.843,0.70133,0.70167,2.25,2.85
2011.07.05 13:58:31.454,0.70131,0.70164,2.25,2.25
2011.07.05 13:58:31.564,0.70132,0.7017,2.25,2.85
2011.07.05 13:58:32.325,0.70133,0.70169,2.25,2.85
2011.07.05 13:58:32.623,0.70136,0.70169,2.25,2.25
2011.07.05 13:58:32.938,0.70132,0.70167,2.85,2.25
2011.07.05 13:58:33.042,0.70132,0.70167,2.25,2.25
2011.07.05 13:58:33.373,0.70128,0.70162,2.85,2.25
2011.07.05 13:58:33.788,0.70132,0.70165,2.25,2.25
2011.07.05 13:58:34.002,0.70134,0.70168,2.85,2.25
2011.07.05 13:58:36.285,0.70132,0.70168,2.85,2.25
2011.07.05 13:58:36.863,0.70133,0.70167,2.85,2.25
2011.07.05 13:58:36.973,0.70133,0.70167,2.25,2.85
2011.07.05 13:58:37.084,0.7013,0.70165,2.25,2.25
2011.07.05 13:58:37.193,0.70131,0.70167,2.25,2.85
2011.07.05 13:58:38.697,0.70132,0.70168,2.25,2.85
2011.07.05 13:58:42.194,0.70132,0.70168,2.85,2.25
2011.07.05 13:58:42.304,0.70132,0.70168,2.63,2.25
2011.07.05 13:58:42.413,0.70137,0.70173,2.25,3.00
2011.07.05 13:58:43.588,0.7014,0.70173,2.25,3.00
2011.07.05 13:58:47.273,0.70138,0.70174,2.25,3.00
2011.07.05 13:58:50.747,0.70138,0.70174,2.25,3.00
2011.07.05 13:58:51.073,0.70141,0.70176,2.25,2.25
2011.07.05 13:58:51.664,0.70147,0.70183,2.25,2.25
2011.07.05 13:58:51.883,0.70149,0.70184,2.25,2.25
2011.07.05 13:58:52.213,0.70154,0.70188,2.25,3.00
2011.07.05 13:58:56.474,0.70145,0.7018,2.25,2.25
2011.07.05 13:58:58.467,0.70145,0.7018,2.25,3.00
2011.07.05 13:58:58.923,0.70141,0.70175,2.25,2.25
2011.07.05 13:58:59.257,0.70141,0.70175,2.63,2.25
2011.07.05 13:58:59.375,0.70149,0.70184,2.25,3.00
2011.07.05 13:59:00.124,0.70147,0.70183,2.25,3.00
2011.07.05 13:59:02.363,0.70144,0.70178,2.25,2.25
2011.07.05 13:59:03.203,0.7014,0.70173,2.25,2.25
2011.07.05 13:59:05.563,0.70135,0.70168,2.25,2.25
2011.07.05 13:59:08.803,0.7013,0.70165,2.25,2.25
2011.07.05 13:59:08.914,0.70128,0.70164,2.25,2.25
2011.07.05 13:59:09.133,0.70132,0.70165,2.25,2.25
2011.07.05 13:59:09.243,0.70128,0.70164,2.25,2.25
2011.07.05 13:59:09.353,0.7013,0.70163,2.25,2.25
2011.07.05 13:59:09.923,0.70129,0.70163,2.25,2.25
2011.07.05 13:59:10.816,0.70128,0.70164,2.25,3.00
2011.07.05 13:59:11.655,0.70128,0.70164,2.25,2.25
2011.07.05 13:59:13.015,0.70128,0.70164,2.25,3.00
2011.07.05 13:59:13.352,0.70132,0.70168,2.63,3.38
2011.07.05 13:59:15.983,0.70132,0.70168,2.25,3.75
2011.07.05 13:59:16.093,0.70124,0.70158,2.63,2.63
2011.07.05 13:59:16.203,0.70121,0.70154,2.25,2.63
2011.07.05 13:59:16.313,0.70116,0.70151,2.63,2.63
2011.07.05 13:59:18.777,0.70115,0.70148,2.63,2.25
2011.07.05 13:59:19.383,0.70115,0.70148,2.25,2.63
2011.07.05 13:59:19.493,0.7011,0.70144,2.25,2.63
2011.07.05 13:59:19.603,0.70107,0.7014,2.63,2.25
2011.07.05 13:59:20.135,0.70108,0.70141,2.25,2.25
2011.07.05 13:59:20.915,0.70107,0.7014,2.63,2.25
2011.07.05 13:59:21.555,0.70106,0.70141,2.63,2.25
2011.07.05 13:59:25.168,0.70107,0.70142,2.63,2.63
2011.07.05 13:59:25.383,0.70107,0.7014,2.63,2.25
2011.07.05 13:59:27.375,0.70107,0.7014,2.63,2.25
2011.07.05 13:59:27.487,0.70108,0.70144,2.63,3.38
2011.07.05 13:59:29.416,0.70116,0.70152,3.00,3.00
2011.07.05 13:59:29.523,0.70117,0.70151,2.63,2.25
2011.07.05 13:59:30.706,0.70117,0.70151,2.25,2.25
2011.07.05 13:59:31.673,0.70119,0.70154,2.25,3.00
2011.07.05 13:59:32.518,0.70119,0.70154,2.25,3.00
2011.07.05 13:59:32.973,0.70116,0.70152,2.25,2.25
2011.07.05 13:59:35.928,0.70116,0.70151,2.25,2.25
2011.07.05 13:59:36.033,0.70116,0.70151,2.25,3.00
2011.07.05 13:59:36.188,0.70116,0.70151,2.25,2.25
2011.07.05 13:59:36.733,0.7012,0.70153,2.25,3.00
2011.07.05 13:59:36.843,0.70118,0.70152,2.25,2.25
2011.07.05 13:59:37.343,0.70119,0.70153,2.25,2.25
2011.07.05 13:59:38.086,0.70118,0.70152,2.25,2.25
2011.07.05 13:59:38.193,0.70117,0.7015,2.25,2.25
2011.07.05 13:59:38.304,0.70113,0.70147,2.25,2.25
2011.07.05 13:59:38.832,0.70111,0.70144,2.25,2.25
2011.07.05 13:59:38.943,0.70108,0.70142,2.25,2.25
2011.07.05 13:59:39.053,0.7011,0.70145,2.25,2.25
2011.07.05 13:59:40.053,0.70109,0.70143,2.25,2.25
2011.07.05 13:59:41.038,0.70107,0.70142,2.25,2.25
2011.07.05 13:59:41.621,0.7011,0.70144,2.25,2.25
2011.07.05 13:59:43.445,0.70107,0.70142,2.25,2.25
2011.07.05 13:59:43.790,0.70109,0.70145,2.25,2.25
2011.07.05 13:59:44.309,0.70111,0.70146,2.25,2.25
2011.07.05 13:59:45.071,0.70114,0.70148,2.25,2.25
2011.07.05 13:59:45.695,0.70112,0.70145,2.25,2.25
2011.07.05 13:59:46.433,0.70114,0.70148,2.25,2.25
2011.07.05 13:59:46.993,0.70106,0.7019,0.75,1.35
2011.07.05 13:59:47.103,0.70097,0.70143,0.75,0.75
2011.07.05 13:59:47.213,0.70101,0.7019,0.75,1.35
2011.07.05 13:59:48.037,0.70083,0.7019,1.26,1.35
2011.07.05 13:59:48.257,0.7011,0.70145,2.25,2.25
2011.07.05 13:59:49.608,0.70111,0.70146,2.25,2.25
2011.07.05 13:59:50.094,0.70114,0.70148,2.25,2.25
2011.07.05 13:59:50.203,0.70112,0.70147,2.25,2.25
2011.07.05 13:59:50.730,0.70113,0.70147,2.25,2.25
2011.07.05 13:59:50.833,0.70118,0.70151,2.25,2.25
2011.07.05 13:59:51.053,0.70119,0.70155,2.25,2.25
2011.07.05 13:59:51.164,0.70121,0.70156,2.25,2.25
2011.07.05 13:59:51.558,0.70119,0.70153,2.25,2.25
2011.07.05 13:59:51.993,0.70126,0.70161,2.25,2.25
2011.07.05 13:59:52.424,0.70122,0.70158,2.25,2.25
2011.07.05 13:59:52.526,0.70126,0.70161,2.25,2.25
2011.07.05 13:59:52.633,0.70122,0.70158,2.25,2.25
2011.07.05 13:59:52.963,0.70129,0.70164,2.25,2.25
2011.07.05 13:59:53.073,0.70133,0.70166,2.25,2.25
2011.07.05 13:59:53.205,0.70133,0.70169,2.25,2.25
2011.07.05 13:59:53.563,0.7013,0.70163,2.25,2.25
2011.07.05 13:59:54.014,0.70125,0.7016,2.25,2.25
2011.07.05 13:59:54.124,0.70123,0.70159,2.25,2.25
2011.07.05 13:59:54.234,0.70132,0.70165,2.25,2.25
2011.07.05 13:59:56.076,0.70084,0.70169,1.19,0.75
2011.07.05 13:59:56.502,0.70084,0.70168,1.19,0.75
2011.07.05 13:59:56.864,0.70084,0.70168,1.19,0.75
2011.07.05 13:59:57.859,0.70084,0.70174,1.19,0.75
2011.07.05 13:59:58.073,0.70117,0.70168,0.75,0.75
2011.07.05 13:59:58.625,0.70117,0.70173,0.75,0.75
2011.07.05 13:59:58.732,0.70111,0.70169,0.75,0.75
2011.07.05 13:59:58.847,0.70106,0.70169,0.75,0.75
2011.07.05 13:59:59.372,0.70063,0.70159,1.13,0.75
2011.07.05 13:59:59.835,0.70063,0.70158,1.13,0.75
