2014.05.07 19:00:00.202,0.75992,0.76016,1.00,1.00
2014.05.07 19:00:00.402,0.75988,0.76014,1.50,1.00
2014.05.07 19:00:01.220,0.75986,0.7601,2.25,1.00
2014.05.07 19:00:01.329,0.75987,0.76013,1.00,1.00
2014.05.07 19:00:01.391,0.75989,0.76015,1.00,1.50
2014.05.07 19:00:02.321,0.75991,0.76015,1.00,1.00
2014.05.07 19:00:04.921,0.75997,0.76013,1.00,1.00
2014.05.07 19:00:05.132,0.75992,0.76013,1.00,1.00
2014.05.07 19:00:05.289,0.75989,0.76012,1.00,1.00
2014.05.07 19:00:05.351,0.75983,0.76008,1.00,1.00
2014.05.07 19:00:05.733,0.75986,0.7601,1.00,1.00
2014.05.07 19:00:06.044,0.75986,0.76012,1.00,1.50
2014.05.07 19:00:06.147,0.75986,0.7601,1.00,1.00
2014.05.07 19:00:07.112,0.75995,0.76013,1.00,1.00
2014.05.07 19:00:07.990,0.75983,0.76007,1.50,1.00
2014.05.07 19:00:08.369,0.75984,0.7601,1.00,1.00
2014.05.07 19:00:09.669,0.75986,0.76012,1.50,1.00
2014.05.07 19:00:10.088,0.7599,0.76014,1.00,1.00
2014.05.07 19:00:10.191,0.75992,0.76017,1.00,1.00
2014.05.07 19:00:10.328,0.75992,0.7601,1.00,1.00
2014.05.07 19:00:10.631,0.75992,0.76006,1.00,1.00
2014.05.07 19:00:11.401,0.75989,0.76006,1.00,1.00
2014.05.07 19:00:11.451,0.75989,0.75999,1.00,1.00
2014.05.07 19:00:11.561,0.75988,0.76005,1.50,1.00
2014.05.07 19:00:11.620,0.75992,0.76005,1.00,1.00
2014.05.07 19:00:12.061,0.7599,0.76005,1.00,1.00
2014.05.07 19:00:12.162,0.7599,0.76011,1.00,1.00
2014.05.07 19:00:16.129,0.75991,0.76011,1.00,1.00
2014.05.07 19:00:17.177,0.75991,0.76012,1.00,1.00
2014.05.07 19:00:17.609,0.75993,0.76012,1.00,1.00
2014.05.07 19:00:17.929,0.75995,0.76012,1.00,1.00
2014.05.07 19:00:18.875,0.75995,0.76013,1.00,1.00
2014.05.07 19:00:20.510,0.75995,0.76007,1.00,1.00
2014.05.07 19:00:20.611,0.75995,0.76011,1.00,1.00
2014.05.07 19:00:20.678,0.75992,0.76011,1.50,1.00
2014.05.07 19:00:21.499,0.75992,0.7601,1.00,1.00
2014.05.07 19:00:25.518,0.75989,0.7601,1.00,1.00
2014.05.07 19:00:25.569,0.75989,0.76014,1.00,1.00
2014.05.07 19:00:25.619,0.75992,0.76015,1.00,1.00
2014.05.07 19:00:25.957,0.75996,0.76015,1.00,1.00
2014.05.07 19:00:29.477,0.75995,0.76015,1.00,1.00
2014.05.07 19:00:29.796,0.75995,0.76008,1.00,1.00
2014.05.07 19:00:29.847,0.75995,0.76012,1.00,1.00
2014.05.07 19:00:29.947,0.75991,0.76012,1.50,1.00
2014.05.07 19:00:30.250,0.75991,0.76014,1.50,1.00
2014.05.07 19:00:30.791,0.75992,0.76009,1.00,1.00
2014.05.07 19:00:34.409,0.75992,0.76012,1.00,1.35
2014.05.07 19:00:37.388,0.75992,0.76012,1.00,1.12
2014.05.07 19:00:41.098,0.75992,0.76011,1.00,1.00
2014.05.07 19:00:43.408,0.75992,0.76016,1.00,1.88
2014.05.07 19:00:48.800,0.75996,0.76016,1.00,1.88
2014.05.07 19:00:48.851,0.75996,0.76016,1.00,1.50
2014.05.07 19:00:50.915,0.75996,0.76015,1.00,1.00
2014.05.07 19:00:51.110,0.75998,0.76015,1.00,1.00
2014.05.07 19:01:01.010,0.75997,0.76015,1.50,1.00
2014.05.07 19:01:03.022,0.75997,0.76016,1.50,1.00
2014.05.07 19:01:03.274,0.75994,0.76015,1.00,1.00
2014.05.07 19:01:04.230,0.75994,0.76017,1.00,1.00
2014.05.07 19:01:04.281,0.75996,0.76017,1.00,1.00
2014.05.07 19:01:05.038,0.75999,0.76019,1.00,1.38
2014.05.07 19:01:05.340,0.75992,0.76015,1.00,1.38
2014.05.07 19:01:06.272,0.75991,0.76014,1.00,1.38
2014.05.07 19:01:06.800,0.75993,0.76015,1.00,1.38
2014.05.07 19:01:07.209,0.75995,0.76016,1.00,1.38
2014.05.07 19:01:07.579,0.75995,0.76011,1.00,1.00
2014.05.07 19:01:07.629,0.75993,0.76011,1.00,1.00
2014.05.07 19:01:07.684,0.75993,0.76017,1.00,1.38
2014.05.07 19:01:07.889,0.75993,0.76011,1.00,1.00
2014.05.07 19:01:08.228,0.75994,0.76009,1.00,1.00
2014.05.07 19:01:08.738,0.75993,0.76009,1.00,1.00
2014.05.07 19:01:09.057,0.75991,0.76009,1.00,1.00
2014.05.07 19:01:12.399,0.75992,0.76015,1.00,1.38
2014.05.07 19:01:12.560,0.75995,0.76017,1.00,1.38
2014.05.07 19:01:12.711,0.75992,0.7601,1.00,1.00
2014.05.07 19:01:12.903,0.75992,0.76015,1.00,1.88
2014.05.07 19:01:13.404,0.75993,0.76015,1.00,1.13
2014.05.07 19:01:13.806,0.75993,0.76016,1.00,1.88
2014.05.07 19:01:14.320,0.75992,0.76013,1.00,1.38
2014.05.07 19:01:14.797,0.75992,0.76008,1.00,1.00
2014.05.07 19:01:14.920,0.7599,0.76008,1.00,1.38
2014.05.07 19:01:15.021,0.75988,0.76008,1.00,1.38
2014.05.07 19:01:15.250,0.75986,0.7601,1.50,1.38
2014.05.07 19:01:15.469,0.7599,0.76015,1.00,1.88
2014.05.07 19:01:15.529,0.75988,0.76014,1.00,1.38
2014.05.07 19:01:16.232,0.75991,0.76012,1.00,1.38
2014.05.07 19:01:16.300,0.75989,0.76012,1.00,1.38
2014.05.07 19:01:18.060,0.75986,0.76012,2.25,1.88
2014.05.07 19:01:19.168,0.75986,0.7601,1.50,1.38
2014.05.07 19:01:20.599,0.75987,0.76005,1.00,1.00
2014.05.07 19:01:20.700,0.75985,0.76006,1.00,1.00
2014.05.07 19:01:20.869,0.75985,0.76004,1.00,1.00
2014.05.07 19:01:21.070,0.75979,0.76003,1.00,2.63
2014.05.07 19:01:21.799,0.75977,0.76002,1.00,1.38
2014.05.07 19:01:22.664,0.75976,0.76,1.00,1.13
2014.05.07 19:01:32.514,0.75977,0.76001,1.00,1.00
2014.05.07 19:01:33.463,0.75977,0.76001,1.00,1.38
2014.05.07 19:01:38.000,0.75976,0.76002,1.00,1.38
2014.05.07 19:01:57.786,0.75977,0.76002,1.00,1.88
2014.05.07 19:01:58.023,0.75977,0.76003,1.50,1.88
2014.05.07 19:01:58.361,0.75979,0.76005,1.00,1.38
2014.05.07 19:02:00.410,0.75981,0.76005,1.00,1.38
2014.05.07 19:02:01.180,0.75979,0.76005,1.00,1.73
2014.05.07 19:02:01.705,0.75979,0.76002,1.00,1.00
2014.05.07 19:02:09.460,0.75979,0.76002,1.00,1.38
2014.05.07 19:02:12.069,0.75978,0.76002,1.00,1.38
2014.05.07 19:02:17.724,0.75976,0.76,1.00,1.00
2014.05.07 19:02:18.877,0.75977,0.76001,1.00,1.13
2014.05.07 19:02:21.416,0.75977,0.76002,1.50,1.00
2014.05.07 19:02:27.799,0.75978,0.76002,1.00,1.00
2014.05.07 19:02:27.850,0.75978,0.76004,1.00,1.50
2014.05.07 19:02:32.097,0.75978,0.76004,1.00,2.10
2014.05.07 19:02:34.962,0.75978,0.76003,1.00,1.60
2014.05.07 19:02:35.207,0.75977,0.76,1.00,1.00
2014.05.07 19:02:36.206,0.75977,0.76,1.00,1.38
2014.05.07 19:02:37.087,0.75977,0.76,1.50,1.00
2014.05.07 19:02:47.381,0.75978,0.76,1.00,1.13
2014.05.07 19:02:48.313,0.75978,0.75999,1.00,1.00
2014.05.07 19:02:56.330,0.75977,0.75999,1.00,1.00
2014.05.07 19:02:56.649,0.7598,0.76,1.00,1.00
2014.05.07 19:02:56.948,0.75978,0.76,1.00,1.00
2014.05.07 19:03:02.202,0.75978,0.76002,1.35,1.50
2014.05.07 19:03:02.373,0.7598,0.76002,1.00,1.00
2014.05.07 19:03:02.706,0.75976,0.75998,1.50,1.00
2014.05.07 19:03:03.105,0.75979,0.76,1.00,1.00
2014.05.07 19:03:03.768,0.75978,0.76,1.00,1.00
2014.05.07 19:03:05.015,0.75978,0.75999,1.00,1.00
2014.05.07 19:03:05.116,0.75976,0.75998,1.00,1.00
2014.05.07 19:03:05.639,0.75975,0.75999,1.00,1.13
2014.05.07 19:03:09.930,0.75973,0.75998,1.00,1.00
2014.05.07 19:03:26.007,0.75973,0.75999,1.50,1.88
2014.05.07 19:03:26.058,0.75973,0.75997,1.00,1.00
2014.05.07 19:03:26.245,0.75973,0.75999,1.00,1.88
2014.05.07 19:03:35.466,0.75973,0.75999,1.00,1.88
2014.05.07 19:03:36.391,0.75973,0.75999,1.00,1.88
2014.05.07 19:03:36.441,0.75972,0.75997,1.00,1.00
2014.05.07 19:03:36.988,0.75982,0.75999,1.00,1.13
2014.05.07 19:03:41.117,0.75982,0.75994,1.00,1.00
2014.05.07 19:03:41.219,0.75979,0.75994,1.00,1.00
2014.05.07 19:03:41.437,0.75977,0.75994,1.00,1.00
2014.05.07 19:04:35.624,0.75978,0.75994,1.00,1.00
2014.05.07 19:04:36.233,0.75978,0.75992,1.00,1.00
2014.05.07 19:04:36.283,0.75976,0.75992,1.00,1.00
2014.05.07 19:04:36.385,0.75976,0.75983,1.00,1.00
2014.05.07 19:04:36.435,0.75967,0.75983,1.00,1.13
2014.05.07 19:04:36.537,0.75962,0.75983,1.00,1.13
2014.05.07 19:04:36.587,0.75962,0.75979,1.00,1.00
2014.05.07 19:04:36.927,0.75965,0.75978,1.00,1.00
2014.05.07 19:04:37.158,0.75963,0.75978,1.00,1.00
2014.05.07 19:04:37.928,0.75964,0.75978,1.00,1.00
2014.05.07 19:04:39.107,0.75964,0.75976,1.00,1.00
2014.05.07 19:04:39.158,0.7596,0.75976,1.00,1.38
2014.05.07 19:04:39.368,0.75957,0.75973,1.00,1.00
2014.05.07 19:04:39.520,0.75956,0.75969,1.00,1.00
2014.05.07 19:04:39.858,0.75957,0.75973,1.00,1.88
2014.05.07 19:04:40.274,0.75957,0.7597,1.00,1.00
2014.05.07 19:04:40.599,0.75955,0.7597,1.00,1.00
2014.05.07 19:04:40.925,0.75951,0.7597,1.00,1.00
2014.05.07 19:04:45.076,0.75951,0.7597,1.00,1.38
2014.05.07 19:04:47.234,0.75951,0.7597,1.00,1.00
2014.05.07 19:04:53.583,0.75951,0.75965,1.00,1.00
2014.05.07 19:04:53.878,0.75949,0.75965,1.00,1.00
2014.05.07 19:04:55.418,0.75948,0.75965,1.00,1.00
2014.05.07 19:05:03.263,0.75948,0.75964,1.00,1.00
2014.05.07 19:05:06.748,0.75949,0.75964,1.00,1.00
2014.05.07 19:05:17.197,0.75948,0.75964,1.00,1.00
2014.05.07 19:05:27.684,0.75948,0.75965,1.00,1.00
2014.05.07 19:05:31.937,0.75946,0.75965,1.00,1.00
2014.05.07 19:05:36.259,0.75944,0.75965,1.00,1.10
2014.05.07 19:05:40.294,0.75944,0.75965,1.00,1.38
2014.05.07 19:05:40.445,0.75939,0.75963,1.00,1.38
2014.05.07 19:05:40.496,0.75939,0.75963,1.00,1.90
2014.05.07 19:05:40.546,0.75937,0.75961,1.00,1.38
2014.05.07 19:05:40.597,0.75935,0.75955,1.00,1.98
2014.05.07 19:05:40.800,0.75933,0.75952,1.00,2.48
2014.05.07 19:05:40.900,0.75931,0.75952,1.00,2.48
2014.05.07 19:05:41.644,0.75929,0.75951,1.00,1.13
2014.05.07 19:05:42.248,0.7593,0.75952,1.00,1.73
2014.05.07 19:05:44.839,0.7593,0.75952,1.00,1.35
2014.05.07 19:05:44.940,0.75932,0.75953,1.00,1.73
2014.05.07 19:05:45.358,0.75931,0.75956,1.00,1.88
2014.05.07 19:05:47.859,0.75931,0.75955,1.00,1.38
2014.05.07 19:05:48.515,0.75931,0.75955,1.00,1.88
2014.05.07 19:05:49.824,0.75931,0.75951,1.00,1.38
2014.05.07 19:05:49.874,0.75926,0.75951,1.00,1.38
2014.05.07 19:05:50.246,0.75926,0.75945,1.00,1.38
2014.05.07 19:05:50.877,0.75925,0.75945,1.00,1.38
2014.05.07 19:05:51.647,0.75923,0.75945,1.00,1.38
2014.05.07 19:05:57.897,0.75925,0.75947,1.00,1.38
2014.05.07 19:06:00.182,0.75925,0.75947,1.00,1.00
2014.05.07 19:06:00.233,0.75928,0.7595,1.00,1.30
2014.05.07 19:06:21.173,0.75928,0.75951,1.00,1.35
2014.05.07 19:06:22.832,0.75928,0.75951,1.00,1.73
2014.05.07 19:06:23.183,0.75931,0.75951,1.00,2.48
2014.05.07 19:06:25.953,0.75928,0.75949,1.00,1.38
2014.05.07 19:06:26.361,0.75928,0.75951,1.00,1.05
2014.05.07 19:06:27.380,0.75929,0.75951,1.00,1.30
2014.05.07 19:06:46.957,0.7593,0.75952,1.00,1.73
2014.05.07 19:06:49.556,0.7593,0.75952,1.00,1.13
2014.05.07 19:07:05.085,0.75931,0.75955,1.00,1.13
2014.05.07 19:07:05.135,0.75937,0.75956,1.00,1.80
2014.05.07 19:07:05.437,0.75939,0.75959,1.00,1.00
2014.05.07 19:07:05.589,0.75942,0.75964,1.00,1.38
2014.05.07 19:07:08.188,0.75943,0.75964,1.00,1.88
2014.05.07 19:07:08.848,0.75942,0.75964,1.00,1.88
2014.05.07 19:07:09.342,0.75945,0.75964,1.00,1.38
2014.05.07 19:07:26.556,0.75944,0.75963,1.00,1.38
2014.05.07 19:07:35.624,0.75944,0.75963,1.00,1.38
2014.05.07 19:07:35.725,0.75942,0.75961,1.00,1.00
2014.05.07 19:07:36.127,0.75944,0.75961,1.00,1.00
2014.05.07 19:07:36.593,0.75942,0.75961,1.00,1.00
2014.05.07 19:07:54.317,0.75946,0.75963,1.00,1.13
2014.05.07 19:07:54.642,0.75949,0.75963,1.00,1.00
2014.05.07 19:07:54.751,0.75949,0.75965,1.00,1.00
2014.05.07 19:07:56.897,0.75949,0.75967,1.00,1.00
2014.05.07 19:07:58.461,0.75951,0.75967,1.00,1.00
2014.05.07 19:07:59.410,0.7595,0.75967,1.00,1.00
2014.05.07 19:08:24.802,0.7595,0.75969,1.00,1.88
2014.05.07 19:08:24.903,0.75952,0.75969,1.00,1.88
2014.05.07 19:08:25.350,0.75953,0.75971,1.00,1.00
2014.05.07 19:08:25.765,0.75955,0.75971,1.00,1.00
2014.05.07 19:08:25.866,0.75953,0.75971,1.00,1.00
2014.05.07 19:08:27.502,0.75953,0.75971,1.00,1.38
2014.05.07 19:08:27.552,0.75951,0.75971,1.00,1.73
2014.05.07 19:08:27.877,0.75949,0.75968,1.00,1.00
2014.05.07 19:08:29.300,0.75949,0.75967,1.00,1.00
2014.05.07 19:08:33.369,0.75949,0.75968,1.00,1.50
2014.05.07 19:08:34.574,0.75953,0.75968,1.00,1.00
2014.05.07 19:08:36.660,0.75953,0.75971,1.00,1.38
2014.05.07 19:08:38.075,0.75956,0.75971,1.00,1.38
2014.05.07 19:08:39.874,0.75956,0.75971,1.00,1.13
2014.05.07 19:08:44.811,0.75953,0.75971,1.00,1.00
2014.05.07 19:08:44.897,0.75955,0.75971,1.00,1.00
2014.05.07 19:08:48.526,0.75954,0.75971,1.00,1.00
2014.05.07 19:08:49.745,0.75957,0.75971,1.00,1.00
2014.05.07 19:08:58.315,0.75955,0.75971,1.00,1.00
2014.05.07 19:09:02.386,0.75957,0.75971,1.00,1.00
2014.05.07 19:09:04.420,0.75957,0.75973,1.00,1.38
2014.05.07 19:09:09.536,0.75948,0.75973,1.38,1.38
2014.05.07 19:09:13.328,0.75948,0.75973,1.00,1.38
2014.05.07 19:09:23.764,0.75949,0.75973,1.00,1.88
2014.05.07 19:09:25.268,0.75947,0.75973,1.00,2.63
2014.05.07 19:09:25.420,0.75947,0.75971,1.00,2.63
2014.05.07 19:09:25.737,0.75942,0.75966,1.50,1.00
2014.05.07 19:09:25.838,0.75946,0.75966,1.00,1.00
2014.05.07 19:09:26.256,0.75943,0.75966,1.00,1.00
2014.05.07 19:09:31.538,0.75942,0.75966,1.00,1.00
2014.05.07 19:09:32.196,0.75943,0.75966,1.00,1.00
2014.05.07 19:09:42.535,0.75941,0.75966,1.00,1.00
2014.05.07 19:09:47.068,0.75941,0.75965,1.00,1.00
2014.05.07 19:09:54.528,0.75941,0.75964,1.00,1.00
2014.05.07 19:09:55.184,0.7594,0.75964,1.00,1.00
2014.05.07 19:09:55.659,0.75942,0.75965,1.00,1.13
2014.05.07 19:10:00.773,0.75942,0.75966,1.00,1.00
2014.05.07 19:10:04.010,0.75942,0.75966,1.00,1.38
2014.05.07 19:10:04.142,0.75939,0.75963,1.00,1.13
2014.05.07 19:10:04.429,0.75937,0.75962,1.00,1.00
2014.05.07 19:10:06.080,0.75937,0.75956,1.00,1.00
2014.05.07 19:10:07.065,0.75941,0.75956,1.00,1.00
2014.05.07 19:10:07.216,0.75941,0.7596,1.50,1.00
2014.05.07 19:10:07.448,0.75944,0.7596,1.00,1.00
2014.05.07 19:10:07.762,0.75942,0.75957,1.00,1.00
2014.05.07 19:10:07.833,0.75936,0.75957,1.00,1.00
2014.05.07 19:10:08.097,0.75938,0.75957,1.00,1.00
2014.05.07 19:10:09.375,0.75942,0.75957,1.00,1.00
2014.05.07 19:10:09.425,0.75942,0.75961,1.00,1.00
2014.05.07 19:10:09.935,0.75942,0.75958,1.00,1.00
2014.05.07 19:10:12.239,0.75942,0.75955,1.00,1.00
2014.05.07 19:10:31.644,0.75942,0.75957,1.00,1.00
2014.05.07 19:10:32.057,0.75942,0.75959,1.00,1.00
2014.05.07 19:10:32.404,0.75942,0.75956,1.00,1.00
2014.05.07 19:10:32.918,0.75942,0.75955,1.00,1.00
2014.05.07 19:10:34.804,0.75942,0.75956,1.00,1.00
2014.05.07 19:10:34.915,0.75942,0.75958,1.00,1.00
2014.05.07 19:10:35.448,0.75942,0.75954,1.00,1.00
2014.05.07 19:10:35.888,0.75942,0.75957,1.00,1.00
2014.05.07 19:10:39.873,0.75942,0.75955,1.00,1.00
2014.05.07 19:10:43.802,0.75938,0.75955,1.00,1.00
2014.05.07 19:10:45.033,0.75942,0.75955,1.00,1.00
2014.05.07 19:10:56.013,0.75938,0.75955,1.00,1.00
2014.05.07 19:11:06.471,0.75938,0.75959,1.00,1.00
2014.05.07 19:11:06.748,0.7594,0.75959,1.00,1.00
2014.05.07 19:11:07.898,0.7594,0.75958,1.00,1.00
2014.05.07 19:11:08.563,0.75941,0.75958,1.00,1.00
2014.05.07 19:11:09.407,0.7594,0.75958,1.00,1.00
2014.05.07 19:11:12.442,0.75942,0.7596,1.00,1.00
2014.05.07 19:11:18.335,0.75947,0.7596,1.00,1.00
2014.05.07 19:11:18.723,0.75947,0.75964,1.00,1.00
2014.05.07 19:11:18.789,0.75947,0.75962,1.00,1.00
2014.05.07 19:11:18.889,0.75944,0.75962,1.00,1.00
2014.05.07 19:11:18.940,0.75944,0.75965,1.00,1.00
2014.05.07 19:11:19.745,0.75944,0.75967,1.00,1.38
2014.05.07 19:11:19.873,0.75946,0.75967,1.00,1.00
2014.05.07 19:11:20.988,0.75946,0.75968,1.00,1.00
2014.05.07 19:11:27.658,0.75947,0.75968,1.00,1.00
2014.05.07 19:11:29.162,0.75947,0.75969,1.00,1.00
2014.05.07 19:11:29.973,0.75946,0.75969,1.00,1.00
2014.05.07 19:11:37.278,0.75946,0.75965,1.00,1.00
2014.05.07 19:11:48.088,0.75946,0.75964,1.00,1.00
2014.05.07 19:11:48.292,0.75944,0.75964,1.00,1.00
2014.05.07 19:11:48.343,0.75941,0.75964,1.00,1.00
2014.05.07 19:11:48.845,0.75937,0.75962,3.00,1.00
2014.05.07 19:11:49.064,0.75937,0.75959,1.50,1.13
2014.05.07 19:11:55.123,0.75938,0.75959,1.00,1.13
2014.05.07 19:11:57.890,0.75937,0.75961,2.10,1.13
2014.05.07 19:11:57.958,0.75937,0.75957,2.10,1.00
2014.05.07 19:11:58.728,0.75938,0.75956,1.35,1.00
2014.05.07 19:12:00.507,0.75937,0.75959,2.10,1.00
2014.05.07 19:12:00.607,0.75942,0.75959,1.00,1.00
2014.05.07 19:12:01.368,0.75942,0.75956,1.00,1.00
2014.05.07 19:12:01.563,0.75937,0.75956,1.60,1.00
2014.05.07 19:12:09.744,0.75937,0.7596,1.60,1.00
2014.05.07 19:12:09.794,0.7594,0.7596,1.00,1.00
2014.05.07 19:12:10.133,0.75943,0.75962,1.00,1.00
2014.05.07 19:12:10.452,0.75946,0.75965,1.50,1.00
2014.05.07 19:12:11.379,0.75946,0.75963,1.00,1.00
2014.05.07 19:12:11.429,0.75943,0.75963,1.00,1.00
2014.05.07 19:12:11.573,0.75946,0.75963,1.00,1.00
2014.05.07 19:12:13.160,0.75943,0.75963,1.00,1.00
2014.05.07 19:12:13.677,0.75942,0.75963,1.00,1.00
2014.05.07 19:12:13.728,0.75941,0.75961,1.50,1.00
2014.05.07 19:12:14.386,0.75941,0.7596,1.50,1.00
2014.05.07 19:12:31.640,0.75942,0.7596,1.00,1.00
2014.05.07 19:12:32.789,0.75943,0.75961,1.00,1.00
2014.05.07 19:12:48.669,0.75943,0.7596,1.00,1.00
2014.05.07 19:12:48.719,0.75941,0.7596,1.50,1.00
2014.05.07 19:12:48.778,0.75941,0.75958,1.50,1.00
2014.05.07 19:12:48.929,0.75939,0.75958,1.50,1.00
2014.05.07 19:12:49.174,0.75937,0.75958,1.00,1.00
2014.05.07 19:12:51.342,0.75937,0.75956,1.00,1.00
2014.05.07 19:12:58.700,0.75938,0.75956,1.00,1.00
2014.05.07 19:13:02.137,0.75939,0.7596,1.00,1.00
2014.05.07 19:13:02.198,0.75939,0.75963,1.00,1.00
2014.05.07 19:13:02.354,0.75944,0.75963,1.00,1.00
2014.05.07 19:13:02.747,0.75943,0.7596,1.00,1.00
2014.05.07 19:13:02.900,0.75939,0.7596,1.00,1.00
2014.05.07 19:13:05.159,0.75938,0.75959,1.00,1.00
2014.05.07 19:13:05.392,0.75937,0.75956,1.00,1.00
2014.05.07 19:13:10.117,0.75937,0.75954,1.00,1.00
2014.05.07 19:13:11.657,0.75937,0.75953,1.00,1.00
2014.05.07 19:13:22.354,0.75937,0.75958,1.00,1.00
2014.05.07 19:13:27.041,0.75935,0.75958,1.00,1.00
2014.05.07 19:13:28.820,0.75936,0.75958,1.00,1.00
2014.05.07 19:13:36.880,0.75936,0.75961,1.00,1.38
2014.05.07 19:13:40.871,0.75936,0.75961,1.00,1.00
2014.05.07 19:13:42.357,0.75937,0.75961,1.00,1.00
2014.05.07 19:13:43.320,0.75941,0.75961,1.00,1.00
2014.05.07 19:13:44.412,0.75937,0.75961,1.35,1.00
2014.05.07 19:13:45.402,0.75942,0.75961,1.00,1.00
2014.05.07 19:13:45.570,0.75942,0.75964,1.00,1.13
2014.05.07 19:13:52.992,0.75938,0.75964,1.00,1.13
2014.05.07 19:13:53.162,0.75937,0.75961,1.00,1.00
2014.05.07 19:14:00.985,0.75937,0.75963,1.00,1.00
2014.05.07 19:14:01.057,0.75939,0.75965,1.00,1.73
2014.05.07 19:14:03.187,0.75938,0.75962,1.00,1.13
2014.05.07 19:14:03.256,0.75936,0.75961,1.50,1.00
2014.05.07 19:14:03.339,0.75938,0.75961,1.00,1.00
2014.05.07 19:14:03.588,0.7594,0.75966,1.00,1.60
2014.05.07 19:14:03.638,0.75944,0.75966,1.00,1.00
2014.05.07 19:14:03.940,0.75946,0.75968,1.00,1.00
2014.05.07 19:14:17.610,0.75944,0.75968,1.00,1.00
2014.05.07 19:14:18.820,0.75946,0.75968,1.00,1.00
2014.05.07 19:14:19.043,0.75944,0.75968,1.00,1.00
2014.05.07 19:14:19.264,0.75947,0.75968,1.00,1.00
2014.05.07 19:14:27.390,0.75947,0.75969,1.00,1.00
2014.05.07 19:14:39.829,0.75945,0.75969,1.00,1.00
2014.05.07 19:14:53.086,0.75944,0.75967,1.00,1.00
2014.05.07 19:15:37.207,0.75943,0.75967,1.00,1.00
2014.05.07 19:15:55.496,0.75941,0.7597,1.00,1.13
2014.05.07 19:15:59.740,0.75941,0.75969,1.00,1.00
2014.05.07 19:15:59.791,0.75941,0.75965,1.00,1.00
2014.05.07 19:16:30.129,0.75939,0.75965,1.50,1.00
2014.05.07 19:16:38.773,0.75939,0.75965,1.50,1.38
2014.05.07 19:16:39.460,0.75939,0.75965,1.50,1.00
2014.05.07 19:16:40.933,0.75939,0.75965,1.50,1.38
2014.05.07 19:16:40.995,0.75941,0.75965,1.00,1.38
2014.05.07 19:16:45.811,0.75941,0.75965,1.00,1.00
2014.05.07 19:16:49.266,0.75942,0.75965,1.00,1.00
2014.05.07 19:16:58.065,0.75941,0.75965,1.00,1.00
2014.05.07 19:17:02.796,0.75942,0.75965,1.00,1.00
2014.05.07 19:17:31.704,0.75945,0.7597,1.00,1.88
2014.05.07 19:17:37.777,0.75948,0.75969,1.00,1.38
2014.05.07 19:17:38.028,0.7595,0.75973,1.00,1.88
2014.05.07 19:17:38.807,0.7595,0.7597,1.00,1.00
2014.05.07 19:17:39.317,0.7595,0.75971,1.00,1.13
2014.05.07 19:17:40.419,0.7595,0.75971,1.00,1.38
2014.05.07 19:17:41.935,0.75947,0.75972,2.10,1.38
2014.05.07 19:17:49.739,0.75947,0.75972,2.10,1.38
2014.05.07 19:17:50.313,0.75947,0.75972,1.35,1.88
2014.05.07 19:17:50.414,0.75945,0.75968,1.00,1.38
2014.05.07 19:17:50.657,0.75947,0.75968,1.00,1.38
2014.05.07 19:17:52.515,0.75945,0.75968,1.00,1.38
2014.05.07 19:17:53.726,0.75947,0.75968,1.00,1.38
2014.05.07 19:17:53.834,0.75945,0.75968,1.00,1.38
2014.05.07 19:17:53.945,0.75947,0.75968,1.00,1.38
2014.05.07 19:17:55.044,0.75945,0.75969,1.00,1.38
2014.05.07 19:17:55.424,0.75946,0.75968,1.00,1.38
2014.05.07 19:18:03.506,0.75949,0.75969,1.00,1.38
2014.05.07 19:18:10.417,0.75949,0.75969,1.00,1.38
2014.05.07 19:18:15.828,0.75954,0.75973,1.00,1.50
2014.05.07 19:18:15.929,0.75954,0.75976,1.00,1.43
2014.05.07 19:18:16.365,0.75959,0.75976,1.00,1.50
2014.05.07 19:18:16.516,0.75957,0.75976,1.00,1.38
2014.05.07 19:18:50.467,0.75955,0.75975,1.00,1.13
2014.05.07 19:18:51.046,0.75955,0.75973,1.00,1.00
2014.05.07 19:18:51.597,0.75955,0.75972,1.00,1.00
2014.05.07 19:18:53.871,0.75955,0.75973,1.00,1.00
2014.05.07 19:18:57.956,0.75954,0.75973,1.00,1.00
2014.05.07 19:18:58.523,0.75954,0.75971,1.00,1.00
2014.05.07 19:19:00.188,0.75956,0.75971,1.00,1.00
2014.05.07 19:19:00.498,0.75954,0.75968,1.00,1.00
2014.05.07 19:19:03.983,0.75954,0.75969,1.00,1.00
2014.05.07 19:19:08.149,0.75954,0.75969,1.00,1.38
2014.05.07 19:19:08.313,0.75951,0.75969,1.00,1.38
2014.05.07 19:19:08.627,0.75949,0.75969,1.00,1.38
2014.05.07 19:19:17.249,0.75949,0.75969,1.00,1.38
2014.05.07 19:19:17.743,0.75951,0.75969,1.00,1.38
2014.05.07 19:19:19.124,0.75951,0.75969,1.00,1.00
2014.05.07 19:19:19.659,0.75951,0.7597,1.00,1.88
2014.05.07 19:19:27.665,0.75953,0.7597,1.00,1.13
2014.05.07 19:19:32.594,0.75951,0.75971,1.00,1.38
2014.05.07 19:19:33.530,0.75951,0.75968,1.00,1.00
2014.05.07 19:19:40.485,0.75951,0.75968,1.00,1.38
2014.05.07 19:19:47.115,0.75949,0.75968,1.00,1.38
2014.05.07 19:19:50.196,0.7595,0.75967,1.00,1.13
2014.05.07 19:20:10.464,0.7595,0.75967,1.00,1.38
2014.05.07 19:20:14.380,0.7595,0.75967,1.00,1.00
2014.05.07 19:20:14.431,0.75952,0.75968,1.00,1.13
2014.05.07 19:20:14.683,0.75954,0.75972,1.00,1.00
2014.05.07 19:20:14.843,0.7596,0.75974,1.00,1.00
2014.05.07 19:20:15.080,0.7596,0.75977,1.00,1.38
2014.05.07 19:20:15.951,0.7596,0.75975,1.00,1.00
2014.05.07 19:20:45.682,0.7596,0.7598,1.00,1.88
2014.05.07 19:20:45.783,0.75964,0.75981,1.00,2.25
2014.05.07 19:20:46.221,0.75968,0.75984,1.00,1.38
2014.05.07 19:20:46.969,0.75969,0.75984,1.00,1.38
2014.05.07 19:20:47.279,0.75969,0.75986,1.00,1.38
2014.05.07 19:20:47.440,0.75969,0.75988,1.00,1.38
2014.05.07 19:20:48.041,0.75968,0.75986,1.00,1.38
2014.05.07 19:20:59.709,0.75966,0.75987,1.00,1.88
2014.05.07 19:21:01.379,0.75966,0.75983,1.00,1.00
2014.05.07 19:21:04.660,0.75965,0.75983,1.00,1.00
2014.05.07 19:21:08.121,0.75965,0.75983,1.00,1.38
2014.05.07 19:21:14.950,0.75965,0.75983,1.00,2.48
2014.05.07 19:21:15.050,0.75958,0.7598,1.13,1.35
2014.05.07 19:21:15.101,0.75957,0.7598,1.00,1.73
2014.05.07 19:21:15.517,0.75957,0.75978,1.00,1.38
2014.05.07 19:21:31.211,0.75957,0.75976,1.00,1.38
2014.05.07 19:21:31.548,0.75952,0.75973,1.00,1.38
2014.05.07 19:21:32.109,0.75953,0.7597,1.00,1.38
2014.05.07 19:21:32.160,0.7595,0.7597,1.00,1.38
2014.05.07 19:21:32.210,0.7595,0.75966,1.00,1.38
2014.05.07 19:21:32.311,0.75948,0.75966,1.00,1.38
2014.05.07 19:21:32.855,0.75947,0.75966,1.00,1.38
2014.05.07 19:21:34.579,0.75946,0.75966,1.00,1.80
2014.05.07 19:21:40.627,0.75946,0.75966,1.00,1.38
2014.05.07 19:21:42.635,0.75944,0.75964,1.00,2.63
2014.05.07 19:21:43.185,0.75944,0.75963,1.00,1.38
2014.05.07 19:21:43.292,0.75941,0.75963,1.00,1.38
2014.05.07 19:21:43.872,0.75941,0.7596,1.00,1.00
2014.05.07 19:21:43.973,0.75941,0.75956,1.00,1.00
2014.05.07 19:21:44.074,0.75939,0.75956,1.00,1.00
2014.05.07 19:21:44.259,0.75941,0.75956,1.00,1.00
2014.05.07 19:21:54.489,0.75939,0.75956,1.00,1.00
2014.05.07 19:21:57.680,0.75941,0.75956,1.00,1.00
2014.05.07 19:21:58.140,0.75945,0.75957,1.00,1.00
2014.05.07 19:21:58.291,0.75945,0.7596,1.00,1.00
2014.05.07 19:21:58.589,0.75945,0.75962,1.00,1.00
2014.05.07 19:22:17.924,0.75946,0.75962,1.00,1.00
2014.05.07 19:22:20.850,0.75946,0.75964,1.00,1.38
2014.05.07 19:22:21.775,0.75946,0.75964,1.00,1.00
2014.05.07 19:22:26.880,0.75949,0.75967,1.00,1.88
2014.05.07 19:22:27.881,0.7595,0.75967,1.00,1.73
2014.05.07 19:22:31.479,0.75951,0.75968,1.00,1.60
2014.05.07 19:22:31.739,0.75954,0.75972,1.00,1.00
2014.05.07 19:22:32.312,0.75955,0.75972,1.00,1.00
2014.05.07 19:22:32.554,0.75958,0.75971,1.00,1.00
2014.05.07 19:22:32.799,0.75958,0.75975,1.00,2.33
2014.05.07 19:22:33.209,0.7596,0.75975,1.00,1.10
2014.05.07 19:22:33.988,0.7596,0.75976,1.00,1.20
2014.05.07 19:22:37.390,0.75958,0.75976,1.00,1.00
2014.05.07 19:22:37.662,0.75958,0.75973,1.00,1.00
2014.05.07 19:22:38.751,0.75957,0.75973,1.00,1.00
2014.05.07 19:22:40.937,0.75957,0.75972,1.00,1.00
2014.05.07 19:22:41.019,0.75954,0.75972,1.00,1.00
2014.05.07 19:22:56.199,0.75957,0.75972,1.00,1.00
2014.05.07 19:22:56.777,0.75957,0.75973,1.00,1.00
2014.05.07 19:23:26.230,0.75956,0.75973,1.00,1.00
2014.05.07 19:23:32.608,0.75957,0.75973,1.00,1.00
2014.05.07 19:23:42.621,0.75959,0.75973,1.00,1.00
2014.05.07 19:23:43.196,0.75959,0.75974,1.00,1.00
2014.05.07 19:24:15.619,0.75958,0.75974,1.00,1.00
2014.05.07 19:24:32.590,0.75955,0.75974,1.00,1.00
2014.05.07 19:24:41.689,0.75954,0.75974,1.00,1.00
2014.05.07 19:24:41.739,0.75954,0.75972,1.00,1.00
2014.05.07 19:24:42.019,0.7595,0.75972,1.00,1.00
2014.05.07 19:24:42.383,0.7595,0.75969,1.00,1.00
2014.05.07 19:24:44.790,0.75949,0.75969,1.00,1.00
2014.05.07 19:24:54.255,0.75949,0.75971,1.00,1.00
2014.05.07 19:24:54.358,0.75952,0.75971,1.00,1.00
2014.05.07 19:25:03.489,0.75955,0.75971,1.00,1.00
2014.05.07 19:25:03.846,0.75957,0.75971,1.00,1.00
2014.05.07 19:25:23.707,0.75956,0.75971,1.00,1.00
2014.05.07 19:25:26.347,0.75955,0.75971,1.00,1.00
2014.05.07 19:25:33.194,0.75955,0.75973,1.00,1.00
2014.05.07 19:25:37.281,0.75956,0.75973,1.00,1.00
2014.05.07 19:25:39.107,0.75959,0.75973,1.00,1.00
2014.05.07 19:25:39.437,0.75956,0.75973,1.00,1.00
2014.05.07 19:25:39.877,0.75959,0.75973,1.00,1.00
2014.05.07 19:25:39.987,0.75956,0.75973,1.00,1.00
2014.05.07 19:25:41.642,0.7596,0.75973,1.00,1.00
2014.05.07 19:25:41.750,0.75957,0.75973,1.00,1.00
2014.05.07 19:25:41.860,0.75959,0.75973,1.00,1.00
2014.05.07 19:25:42.077,0.75957,0.75973,1.00,1.00
2014.05.07 19:25:42.298,0.75959,0.75973,1.00,1.00
2014.05.07 19:25:42.407,0.75956,0.75973,1.00,1.00
2014.05.07 19:25:43.948,0.75957,0.75973,1.00,1.00
2014.05.07 19:25:44.096,0.75955,0.75973,1.00,1.00
2014.05.07 19:25:44.204,0.75957,0.75973,1.00,1.00
2014.05.07 19:25:44.388,0.75955,0.75973,1.00,1.00
2014.05.07 19:25:44.938,0.75958,0.75973,1.00,1.00
2014.05.07 19:26:11.776,0.75959,0.75973,1.00,1.00
2014.05.07 19:26:19.258,0.75958,0.75973,1.00,1.00
2014.05.07 19:27:09.420,0.75955,0.75973,1.00,1.00
2014.05.07 19:27:26.864,0.75955,0.75976,1.00,2.40
2014.05.07 19:27:39.591,0.75957,0.75977,1.00,1.88
2014.05.07 19:27:39.913,0.7596,0.75975,1.00,1.00
2014.05.07 19:27:40.133,0.7596,0.75983,1.00,2.25
2014.05.07 19:27:40.234,0.75966,0.75983,1.00,2.25
2014.05.07 19:27:40.657,0.75969,0.75983,1.00,2.25
2014.05.07 19:27:41.756,0.75968,0.75983,1.00,1.00
2014.05.07 19:27:50.116,0.75964,0.75983,1.00,1.00
2014.05.07 19:28:02.792,0.75964,0.75981,1.00,1.00
2014.05.07 19:28:13.027,0.75961,0.75981,1.00,1.00
2014.05.07 19:28:21.575,0.75963,0.75981,1.00,1.00
2014.05.07 19:28:28.533,0.75963,0.7598,1.00,1.00
2014.05.07 19:28:35.656,0.75962,0.7598,1.00,1.00
2014.05.07 19:28:45.705,0.75967,0.75985,1.00,1.10
2014.05.07 19:28:45.808,0.75967,0.75987,1.00,1.88
2014.05.07 19:28:46.106,0.75974,0.75991,1.00,2.63
2014.05.07 19:28:46.257,0.75974,0.75991,1.00,1.88
2014.05.07 19:29:17.716,0.75974,0.75994,1.00,1.38
2014.05.07 19:29:17.819,0.7597,0.75993,1.00,1.88
2014.05.07 19:29:18.559,0.75969,0.75987,1.00,1.13
2014.05.07 19:29:22.092,0.7597,0.75987,1.00,1.13
2014.05.07 19:29:30.545,0.75972,0.75987,1.00,1.13
2014.05.07 19:29:33.001,0.75969,0.75987,1.00,1.38
2014.05.07 19:29:41.054,0.75969,0.75987,1.00,1.38
2014.05.07 19:29:48.585,0.75971,0.75987,1.00,1.38
2014.05.07 19:29:50.115,0.75971,0.75987,1.00,1.38
2014.05.07 19:29:50.267,0.75973,0.7599,1.00,1.38
2014.05.07 19:30:00.264,0.75972,0.75991,1.00,1.88
2014.05.07 19:30:00.575,0.75967,0.75989,1.13,1.13
2014.05.07 19:30:01.245,0.75967,0.75989,1.00,1.38
2014.05.07 19:30:01.460,0.75963,0.75987,1.00,1.38
2014.05.07 19:30:02.236,0.75963,0.75987,1.00,1.13
2014.05.07 19:30:02.667,0.75965,0.75989,1.00,2.63
2014.05.07 19:31:00.235,0.75965,0.75989,1.00,1.00
2014.05.07 19:31:01.324,0.75966,0.75992,1.00,1.38
2014.05.07 19:31:09.912,0.75966,0.75988,1.00,1.00
2014.05.07 19:31:11.900,0.75964,0.75988,1.00,2.63
2014.05.07 19:31:12.499,0.75964,0.75987,1.00,1.00
2014.05.07 19:31:13.311,0.75964,0.75985,1.00,1.00
2014.05.07 19:31:13.652,0.75958,0.75984,1.00,1.50
2014.05.07 19:31:14.546,0.75958,0.75984,1.00,1.88
2014.05.07 19:31:14.656,0.75958,0.75984,1.00,1.50
2014.05.07 19:31:15.734,0.75958,0.75983,1.00,1.38
2014.05.07 19:31:16.175,0.75958,0.75983,1.00,1.00
2014.05.07 19:31:17.388,0.75958,0.75983,1.00,1.38
2014.05.07 19:31:17.607,0.75958,0.75983,1.00,1.13
2014.05.07 19:31:17.721,0.75958,0.75983,1.00,1.38
2014.05.07 19:31:18.023,0.75957,0.75981,1.00,1.38
2014.05.07 19:31:18.279,0.75953,0.75979,1.00,1.88
2014.05.07 19:31:19.224,0.75953,0.75977,1.00,1.00
2014.05.07 19:31:22.773,0.75954,0.75977,1.00,1.00
2014.05.07 19:31:27.639,0.75954,0.75974,1.00,1.00
2014.05.07 19:31:28.613,0.75954,0.75977,1.00,1.00
2014.05.07 19:31:29.120,0.75954,0.75978,1.00,1.13
2014.05.07 19:31:41.115,0.75961,0.75978,1.00,1.13
2014.05.07 19:31:43.528,0.75961,0.75978,1.00,1.38
2014.05.07 19:31:54.736,0.75961,0.75978,1.00,1.00
2014.05.07 19:31:56.844,0.75962,0.75978,1.00,1.00
2014.05.07 19:31:59.494,0.7596,0.75978,1.00,1.00
2014.05.07 19:32:03.775,0.75963,0.75978,1.00,1.00
2014.05.07 19:32:04.108,0.75963,0.75984,1.00,2.63
2014.05.07 19:32:05.978,0.75963,0.75979,1.00,1.00
2014.05.07 19:32:11.197,0.75963,0.75979,1.00,1.38
2014.05.07 19:32:11.959,0.75963,0.75979,1.00,1.13
2014.05.07 19:32:17.655,0.75963,0.75984,1.00,2.63
2014.05.07 19:32:19.380,0.75963,0.75984,1.00,2.63
2014.05.07 19:32:19.494,0.75963,0.75984,1.00,2.63
2014.05.07 19:32:29.250,0.75964,0.75984,1.00,2.63
2014.05.07 19:33:24.021,0.75964,0.75984,1.00,1.38
2014.05.07 19:33:32.587,0.75956,0.75984,1.13,1.38
2014.05.07 19:33:35.078,0.75956,0.75984,1.00,1.38
2014.05.07 19:33:35.311,0.75966,0.75984,1.00,1.38
2014.05.07 19:33:35.625,0.7596,0.75981,1.00,1.38
2014.05.07 19:33:45.381,0.7596,0.7598,1.00,1.00
2014.05.07 19:33:45.433,0.75965,0.7598,1.00,1.00
2014.05.07 19:33:45.963,0.75964,0.75981,1.00,1.00
2014.05.07 19:33:47.417,0.75964,0.75986,1.00,2.48
2014.05.07 19:33:50.913,0.75965,0.75986,1.00,2.48
2014.05.07 19:34:24.957,0.75965,0.75985,1.00,1.38
2014.05.07 19:34:25.479,0.75964,0.75986,1.00,3.23
2014.05.07 19:34:26.051,0.75964,0.75986,1.00,3.23
2014.05.07 19:34:26.553,0.75965,0.75986,1.00,1.73
2014.05.07 19:34:27.056,0.75965,0.75986,1.00,3.23
2014.05.07 19:34:28.007,0.75965,0.75986,1.00,1.73
2014.05.07 19:34:28.158,0.75964,0.75986,1.00,1.73
2014.05.07 19:34:28.973,0.75966,0.75986,1.00,3.23
2014.05.07 19:34:29.868,0.75963,0.75986,1.00,2.48
2014.05.07 19:34:40.330,0.75963,0.75985,1.00,1.73
2014.05.07 19:34:46.696,0.75965,0.75985,1.00,1.73
2014.05.07 19:34:47.029,0.75968,0.75987,1.00,2.10
2014.05.07 19:34:47.079,0.75968,0.75987,1.00,1.50
2014.05.07 19:34:47.180,0.75968,0.75989,1.00,1.00
2014.05.07 19:34:47.281,0.75971,0.75992,1.00,2.78
2014.05.07 19:34:53.418,0.75968,0.75993,1.00,4.73
2014.05.07 19:34:53.519,0.75971,0.75992,1.00,1.88
2014.05.07 19:35:54.835,0.75967,0.7599,1.00,1.10
2014.05.07 19:36:01.066,0.75962,0.7599,1.00,1.10
2014.05.07 19:36:04.671,0.75962,0.7599,1.38,1.10
2014.05.07 19:36:06.683,0.75963,0.7599,1.13,1.10
2014.05.07 19:36:10.093,0.75962,0.75991,1.88,1.05
2014.05.07 19:36:12.903,0.75964,0.75991,1.13,1.05
2014.05.07 19:36:14.903,0.7597,0.75991,1.00,1.05
2014.05.07 19:36:16.246,0.7597,0.7599,1.00,1.58
2014.05.07 19:36:17.789,0.75969,0.75989,1.00,1.05
2014.05.07 19:36:18.135,0.75972,0.75989,1.00,1.05
2014.05.07 19:36:19.619,0.75972,0.75991,1.00,2.03
2014.05.07 19:36:20.156,0.75972,0.75992,1.00,1.30
2014.05.07 19:36:20.689,0.75972,0.75991,1.00,1.45
2014.05.07 19:36:31.025,0.75972,0.75991,1.00,1.88
2014.05.07 19:36:41.917,0.75972,0.75991,1.00,1.88
2014.05.07 19:36:42.536,0.75972,0.75991,1.00,1.28
2014.05.07 19:36:49.037,0.75972,0.75991,1.00,1.65
2014.05.07 19:36:54.339,0.75972,0.75991,1.00,1.30
2014.05.07 19:37:18.037,0.75966,0.75996,1.00,1.95
2014.05.07 19:37:22.604,0.75967,0.75997,1.00,3.60
2014.05.07 19:37:26.235,0.75966,0.75994,1.00,1.60
2014.05.07 19:37:40.168,0.75962,0.75994,1.00,2.10
2014.05.07 19:37:42.108,0.75962,0.75994,1.00,2.10
2014.05.07 19:37:42.417,0.7597,0.75986,1.00,1.60
2014.05.07 19:37:42.738,0.7597,0.75989,1.00,1.20
2014.05.07 19:37:42.791,0.75972,0.75989,1.00,1.20
2014.05.07 19:37:43.451,0.75973,0.75988,1.00,1.00
2014.05.07 19:37:45.997,0.75971,0.75988,1.00,1.38
2014.05.07 19:37:46.537,0.75969,0.75988,1.00,2.63
2014.05.07 19:37:50.527,0.75969,0.75988,1.00,1.00
2014.05.07 19:37:50.635,0.75972,0.75988,1.00,1.00
2014.05.07 19:37:51.136,0.75972,0.75989,1.00,1.30
2014.05.07 19:37:51.439,0.75974,0.75994,1.00,1.38
2014.05.07 19:37:51.490,0.75976,0.75994,1.00,1.38
2014.05.07 19:37:51.540,0.75976,0.75996,1.00,1.13
2014.05.07 19:37:51.591,0.75979,0.75996,1.00,1.13
2014.05.07 19:37:51.692,0.75979,0.75998,1.00,1.00
2014.05.07 19:37:51.743,0.75982,0.75998,1.00,1.00
2014.05.07 19:37:52.033,0.75973,0.75997,1.88,1.00
2014.05.07 19:37:52.251,0.75971,0.75996,1.00,1.00
2014.05.07 19:37:52.402,0.75976,0.75996,1.00,1.00
2014.05.07 19:37:53.105,0.75976,0.75995,1.00,1.00
2014.05.07 19:38:04.241,0.75976,0.75997,1.00,1.50
2014.05.07 19:38:04.461,0.75976,0.76,1.50,1.35
2014.05.07 19:38:22.847,0.75977,0.76,1.00,1.80
2014.05.07 19:38:24.054,0.75976,0.76,1.00,1.80
2014.05.07 19:38:24.204,0.75976,0.75997,1.00,1.00
2014.05.07 19:38:34.655,0.75976,0.75998,1.00,1.13
2014.05.07 19:39:07.946,0.75971,0.75998,1.00,1.13
2014.05.07 19:39:26.601,0.75969,0.75998,1.00,1.13
2014.05.07 19:39:36.483,0.75969,0.76,1.00,2.48
2014.05.07 19:39:44.717,0.75963,0.75998,1.35,1.88
2014.05.07 19:39:49.453,0.7597,0.75999,1.00,2.48
2014.05.07 19:39:49.791,0.75979,0.75999,1.00,1.73
2014.05.07 19:39:51.050,0.75977,0.75999,1.00,1.73
2014.05.07 19:40:00.181,0.75978,0.75999,1.00,1.98
2014.05.07 19:40:11.773,0.75978,0.75999,1.00,1.73
2014.05.07 19:40:49.537,0.75978,0.76001,1.00,3.23
2014.05.07 19:40:52.387,0.75977,0.75997,1.00,1.73
2014.05.07 19:40:55.236,0.75977,0.75997,1.00,1.88
2014.05.07 19:41:03.807,0.75979,0.75997,1.00,1.38
2014.05.07 19:41:04.623,0.75979,0.75999,1.00,3.68
2014.05.07 19:41:14.590,0.75979,0.75999,1.00,2.03
2014.05.07 19:41:21.435,0.75979,0.75999,1.00,1.80
2014.05.07 19:41:37.574,0.75979,0.75997,1.00,1.00
2014.05.07 19:41:37.675,0.75976,0.75997,1.00,1.88
2014.05.07 19:41:37.775,0.7597,0.75996,1.00,1.38
2014.05.07 19:41:41.526,0.75972,0.75997,1.00,1.88
2014.05.07 19:41:43.745,0.75972,0.75997,1.00,1.58
2014.05.07 19:41:43.845,0.7597,0.75996,1.00,1.88
2014.05.07 19:41:44.137,0.7597,0.75996,1.00,1.50
2014.05.07 19:41:46.884,0.75972,0.75996,1.00,1.00
2014.05.07 19:42:00.150,0.75972,0.75996,1.00,1.38
2014.05.07 19:42:12.744,0.75967,0.75993,2.25,1.00
2014.05.07 19:42:13.625,0.75967,0.75993,1.50,2.63
2014.05.07 19:42:17.139,0.75967,0.75993,1.50,2.63
2014.05.07 19:42:18.124,0.75967,0.75993,1.50,2.63
2014.05.07 19:42:18.275,0.75969,0.75993,1.00,1.13
2014.05.07 19:42:19.663,0.75967,0.7599,1.00,1.00
2014.05.07 19:42:22.341,0.75967,0.75986,1.00,1.00
2014.05.07 19:42:32.258,0.75961,0.75986,2.10,1.00
2014.05.07 19:42:32.916,0.75966,0.75986,1.00,1.00
2014.05.07 19:42:41.774,0.75966,0.75988,1.00,1.00
2014.05.07 19:42:43.753,0.75966,0.75986,1.00,1.00
2014.05.07 19:42:47.858,0.75966,0.75989,1.00,1.00
2014.05.07 19:42:48.594,0.75966,0.75986,1.00,1.00
2014.05.07 19:43:04.054,0.75962,0.75986,1.50,1.00
2014.05.07 19:43:04.278,0.75966,0.75986,1.00,1.00
2014.05.07 19:43:09.383,0.75966,0.75991,1.00,1.13
2014.05.07 19:43:49.093,0.75968,0.75992,1.00,1.88
2014.05.07 19:44:07.795,0.75968,0.75992,1.00,1.88
2014.05.07 19:44:10.872,0.75969,0.75993,1.00,1.38
2014.05.07 19:44:11.878,0.75966,0.75992,1.00,1.13
2014.05.07 19:44:17.949,0.75968,0.75993,1.00,1.13
2014.05.07 19:44:18.572,0.75968,0.75992,1.00,1.00
2014.05.07 19:44:21.323,0.75969,0.75993,1.00,1.13
2014.05.07 19:44:22.147,0.75972,0.75993,1.00,1.13
2014.05.07 19:44:29.572,0.75972,0.75991,1.00,1.00
2014.05.07 19:44:30.452,0.75972,0.75989,1.00,1.00
2014.05.07 19:44:32.741,0.75966,0.75989,1.00,1.00
2014.05.07 19:44:32.791,0.75966,0.75986,1.00,1.00
2014.05.07 19:44:36.762,0.75966,0.75985,1.00,1.00
2014.05.07 19:44:44.224,0.75961,0.75985,3.23,1.00
2014.05.07 19:44:44.886,0.75966,0.75985,1.00,1.00
2014.05.07 19:44:53.133,0.75962,0.75985,1.50,1.00
2014.05.07 19:44:53.355,0.75966,0.75985,1.00,1.00
2014.05.07 19:44:53.574,0.75962,0.75985,1.88,1.00
2014.05.07 19:44:54.673,0.75966,0.75985,1.00,1.00
2014.05.07 19:44:56.872,0.75961,0.75985,3.38,1.00
2014.05.07 19:44:59.481,0.75961,0.75985,3.30,1.00
2014.05.07 19:45:00.197,0.75961,0.75985,3.00,1.00
2014.05.07 19:45:00.615,0.75966,0.75984,1.00,1.00
2014.05.07 19:45:00.702,0.75966,0.75986,1.00,1.00
2014.05.07 19:45:01.055,0.75962,0.75986,1.00,1.00
2014.05.07 19:45:02.349,0.75966,0.75991,1.00,1.00
2014.05.07 19:45:02.460,0.75969,0.75991,1.00,1.00
2014.05.07 19:45:03.060,0.75969,0.75992,1.00,1.50
2014.05.07 19:45:05.113,0.75969,0.75993,1.00,1.00
2014.05.07 19:45:06.864,0.75968,0.75992,1.00,1.00
2014.05.07 19:45:11.287,0.75966,0.75992,1.50,1.00
2014.05.07 19:45:13.491,0.75968,0.75992,1.00,1.00
2014.05.07 19:45:16.211,0.75972,0.75993,1.00,1.00
2014.05.07 19:45:19.306,0.75974,0.75993,1.00,1.13
2014.05.07 19:45:19.613,0.75979,0.75997,1.00,1.38
2014.05.07 19:45:19.663,0.75976,0.75997,1.00,1.38
2014.05.07 19:45:20.427,0.75975,0.75996,1.00,1.88
2014.05.07 19:45:21.178,0.75977,0.75997,1.00,1.88
2014.05.07 19:45:23.419,0.75977,0.75994,1.00,1.00
2014.05.07 19:45:23.929,0.75977,0.75995,1.00,1.13
2014.05.07 19:45:24.433,0.75977,0.75995,1.00,1.38
2014.05.07 19:45:24.483,0.75975,0.75995,1.00,1.38
2014.05.07 19:45:43.148,0.75975,0.75991,1.00,1.00
2014.05.07 19:45:43.299,0.75972,0.75991,1.00,1.13
2014.05.07 19:45:44.090,0.7597,0.75991,1.00,1.13
2014.05.07 19:45:44.141,0.7597,0.75991,1.00,1.38
2014.05.07 19:45:46.788,0.75973,0.75991,1.00,1.38
2014.05.07 19:45:47.671,0.7597,0.7599,1.00,1.38
2014.05.07 19:45:47.919,0.75972,0.7599,1.00,1.38
2014.05.07 19:45:49.679,0.75971,0.75991,1.00,1.38
2014.05.07 19:45:49.830,0.75971,0.75991,1.00,1.00
2014.05.07 19:45:49.880,0.75973,0.75991,1.00,1.00
2014.05.07 19:45:50.408,0.75973,0.75992,1.00,1.00
2014.05.07 19:45:50.744,0.75975,0.75995,1.00,2.63
2014.05.07 19:45:57.854,0.75975,0.75995,1.00,1.88
2014.05.07 19:45:58.395,0.75975,0.75995,1.00,1.50
2014.05.07 19:45:59.068,0.75975,0.75996,1.00,1.00
2014.05.07 19:46:00.026,0.75975,0.75996,1.00,1.38
2014.05.07 19:46:00.740,0.75975,0.75996,1.00,1.00
2014.05.07 19:46:07.258,0.75977,0.75996,1.00,1.00
2014.05.07 19:46:07.761,0.75977,0.75997,1.00,1.30
2014.05.07 19:46:11.077,0.75977,0.75997,1.00,2.10
2014.05.07 19:46:11.366,0.75975,0.75994,1.00,2.85
2014.05.07 19:46:12.931,0.75975,0.75998,1.00,2.48
2014.05.07 19:46:12.981,0.75977,0.75998,1.00,2.48
2014.05.07 19:46:14.096,0.75977,0.75999,1.00,2.85
2014.05.07 19:46:14.508,0.75979,0.75998,1.00,1.35
2014.05.07 19:46:23.637,0.7598,0.75998,1.00,1.20
2014.05.07 19:46:26.246,0.7598,0.76,1.00,1.38
2014.05.07 19:46:42.133,0.7598,0.76001,1.00,2.10
2014.05.07 19:46:48.479,0.7598,0.76001,1.00,3.60
2014.05.07 19:46:49.984,0.7598,0.76001,1.00,1.80
2014.05.07 19:46:59.796,0.7598,0.75999,1.00,1.00
2014.05.07 19:47:00.046,0.75977,0.75999,1.00,1.00
2014.05.07 19:47:07.018,0.75977,0.75999,1.00,1.88
2014.05.07 19:47:39.040,0.75977,0.75999,1.00,1.73
2014.05.07 19:47:39.405,0.75979,0.75998,1.00,1.30
2014.05.07 19:47:39.456,0.75977,0.75998,1.00,1.30
2014.05.07 19:47:59.856,0.75977,0.75997,1.00,1.00
2014.05.07 19:48:11.075,0.75977,0.75999,1.00,1.80
2014.05.07 19:48:13.968,0.75979,0.75998,1.00,1.30
2014.05.07 19:48:14.335,0.75981,0.75998,1.00,1.30
2014.05.07 19:48:18.171,0.7598,0.75998,1.00,1.30
2014.05.07 19:48:20.895,0.75981,0.75998,1.00,1.30
2014.05.07 19:48:43.997,0.75981,0.75995,1.00,1.00
2014.05.07 19:48:44.186,0.75981,0.75999,1.00,1.88
2014.05.07 19:48:44.629,0.75981,0.75996,1.00,1.00
2014.05.07 19:48:59.519,0.75981,0.75999,1.00,1.95
2014.05.07 19:49:02.328,0.75981,0.76,1.00,1.00
2014.05.07 19:49:17.345,0.75983,0.76,1.00,1.00
2014.05.07 19:49:21.608,0.75983,0.76001,1.00,1.73
2014.05.07 19:49:22.694,0.75984,0.76004,1.00,1.73
2014.05.07 19:49:27.635,0.75984,0.75998,1.00,1.00
2014.05.07 19:49:27.937,0.75979,0.75993,1.00,1.00
2014.05.07 19:49:28.037,0.75975,0.75993,1.00,1.00
2014.05.07 19:49:28.155,0.75975,0.75991,1.00,1.30
2014.05.07 19:49:28.705,0.75974,0.75991,1.00,1.30
2014.05.07 19:49:29.337,0.7597,0.75991,1.00,1.73
2014.05.07 19:49:49.386,0.7597,0.75992,1.00,1.98
2014.05.07 19:49:55.686,0.7597,0.75992,1.00,1.98
2014.05.07 19:50:00.322,0.7597,0.75991,1.00,1.00
2014.05.07 19:50:00.423,0.75974,0.75993,1.00,1.73
2014.05.07 19:50:09.394,0.75972,0.75993,1.00,1.73
2014.05.07 19:50:28.204,0.75973,0.75993,1.00,1.73
2014.05.07 19:50:35.742,0.75973,0.75993,1.00,1.35
2014.05.07 19:50:58.694,0.75975,0.75993,1.00,1.13
2014.05.07 19:50:58.745,0.75975,0.75996,1.00,1.88
2014.05.07 19:50:59.609,0.75976,0.75998,1.00,2.78
2014.05.07 19:51:02.055,0.75976,0.75998,1.00,3.68
2014.05.07 19:51:02.305,0.75973,0.75996,1.00,1.98
2014.05.07 19:51:04.367,0.75973,0.75993,1.00,1.13
2014.05.07 19:51:11.874,0.75973,0.75992,1.00,1.50
2014.05.07 19:51:12.346,0.75973,0.75992,1.00,1.88
2014.05.07 19:51:52.813,0.75973,0.75989,1.00,1.00
2014.05.07 19:51:53.281,0.75969,0.75989,1.00,1.58
2014.05.07 19:51:57.401,0.75969,0.75989,1.00,1.58
2014.05.07 19:52:06.874,0.7597,0.75989,1.00,1.38
2014.05.07 19:52:12.488,0.7597,0.7599,1.00,1.68
2014.05.07 19:52:29.734,0.7597,0.75989,1.00,1.50
2014.05.07 19:52:30.429,0.75968,0.75989,1.00,1.50
2014.05.07 19:52:30.936,0.75967,0.75987,1.00,1.05
2014.05.07 19:52:31.147,0.75967,0.75987,1.00,1.05
2014.05.07 19:52:31.632,0.75967,0.75986,1.00,1.38
2014.05.07 19:52:32.240,0.75968,0.75989,1.00,2.93
2014.05.07 19:52:32.341,0.75968,0.75988,1.00,1.00
2014.05.07 19:52:36.388,0.75968,0.75989,1.00,2.10
2014.05.07 19:52:45.494,0.75969,0.75992,1.00,1.95
2014.05.07 19:52:45.715,0.75966,0.75989,1.00,1.38
2014.05.07 19:52:45.916,0.75966,0.75988,1.00,1.58
2014.05.07 19:53:12.497,0.75966,0.75989,1.00,1.53
2014.05.07 19:53:27.638,0.75966,0.75988,1.00,2.03
2014.05.07 19:53:45.964,0.7596,0.75989,1.13,1.65
2014.05.07 19:53:47.150,0.75961,0.75983,1.13,1.13
2014.05.07 19:53:47.714,0.75961,0.75989,1.13,2.25
2014.05.07 19:53:48.260,0.75956,0.75989,1.38,2.25
2014.05.07 19:53:48.965,0.75958,0.75989,1.13,2.25
2014.05.07 19:53:49.661,0.75965,0.75989,1.00,1.65
2014.05.07 19:53:50.005,0.75965,0.75986,1.00,1.38
2014.05.07 19:53:50.165,0.75963,0.75983,1.00,1.38
2014.05.07 19:53:52.803,0.75965,0.75983,1.00,1.38
2014.05.07 19:53:53.133,0.75962,0.75983,1.00,1.38
2014.05.07 19:53:53.463,0.75964,0.75986,1.00,1.38
2014.05.07 19:54:17.222,0.75963,0.75986,1.00,1.38
2014.05.07 19:54:18.822,0.75963,0.75987,1.00,2.63
2014.05.07 19:54:28.451,0.75967,0.75987,1.00,1.88
2014.05.07 19:54:28.602,0.75964,0.75987,1.00,1.38
2014.05.07 19:54:28.894,0.75964,0.75986,1.00,1.38
2014.05.07 19:54:42.595,0.75964,0.75984,1.00,1.38
2014.05.07 19:54:44.217,0.75964,0.75984,1.00,1.38
2014.05.07 19:55:33.996,0.75958,0.75984,1.00,1.38
2014.05.07 19:55:39.391,0.75966,0.75984,1.00,1.38
2014.05.07 19:55:48.508,0.75966,0.75986,1.00,1.38
2014.05.07 19:55:48.739,0.75966,0.75986,1.00,1.00
2014.05.07 19:55:48.789,0.75969,0.75986,1.00,1.00
2014.05.07 19:55:49.135,0.7597,0.75987,1.00,1.38
2014.05.07 19:55:51.382,0.7597,0.75987,1.00,1.13
2014.05.07 19:56:04.806,0.75966,0.75991,1.00,3.23
2014.05.07 19:56:08.012,0.75969,0.75988,1.00,1.38
2014.05.07 19:56:11.401,0.7597,0.75989,1.00,2.48
2014.05.07 19:56:13.279,0.75972,0.75989,1.00,1.88
2014.05.07 19:56:13.602,0.75972,0.75985,1.00,1.00
2014.05.07 19:56:13.712,0.7597,0.75985,1.00,1.00
2014.05.07 19:56:27.589,0.7597,0.75985,1.00,1.73
2014.05.07 19:56:27.640,0.7597,0.75981,1.00,1.00
2014.05.07 19:56:27.690,0.75968,0.75981,1.00,1.00
2014.05.07 19:56:27.968,0.75968,0.75984,1.00,1.35
2014.05.07 19:56:28.593,0.75967,0.75984,1.00,1.35
2014.05.07 19:56:29.150,0.75967,0.75984,1.00,1.73
2014.05.07 19:56:37.914,0.75969,0.75984,1.00,1.73
2014.05.07 19:56:37.965,0.75969,0.75984,1.00,1.35
2014.05.07 19:56:38.216,0.7597,0.75985,1.00,1.98
2014.05.07 19:56:38.267,0.75967,0.75985,1.00,1.98
2014.05.07 19:56:55.669,0.75966,0.75984,1.00,2.48
2014.05.07 19:56:55.719,0.75966,0.7598,1.00,1.00
2014.05.07 19:56:56.098,0.75968,0.75981,1.00,1.00
2014.05.07 19:56:58.300,0.75968,0.75982,1.00,1.13
2014.05.07 19:57:00.350,0.75968,0.75982,1.00,1.38
2014.05.07 19:57:00.401,0.75965,0.75982,1.00,2.10
2014.05.07 19:57:00.502,0.75963,0.75981,1.00,1.60
2014.05.07 19:57:00.689,0.75962,0.75978,1.00,1.88
2014.05.07 19:57:01.266,0.7596,0.75977,1.00,1.48
2014.05.07 19:57:07.393,0.7596,0.75977,1.00,1.48
2014.05.07 19:57:07.943,0.7596,0.75977,1.00,1.38
2014.05.07 19:57:11.811,0.7596,0.75977,1.00,1.80
2014.05.07 19:57:24.508,0.7596,0.75977,1.00,1.38
2014.05.07 19:57:26.911,0.75954,0.75973,1.00,1.38
2014.05.07 19:57:27.249,0.75954,0.75973,1.00,1.58
2014.05.07 19:57:32.362,0.75953,0.75971,1.00,1.53
2014.05.07 19:57:32.663,0.75953,0.75971,1.00,2.03
2014.05.07 19:57:33.131,0.7595,0.75971,1.00,2.03
2014.05.07 19:57:44.947,0.75949,0.75971,1.00,2.48
2014.05.07 19:57:45.467,0.7595,0.7597,1.00,1.38
2014.05.07 19:57:50.961,0.7595,0.7597,1.00,1.00
2014.05.07 19:57:51.112,0.75952,0.7597,1.00,1.38
2014.05.07 19:57:57.921,0.75952,0.75971,1.00,1.38
2014.05.07 19:57:59.390,0.75952,0.75968,1.00,1.00
2014.05.07 19:57:59.541,0.75957,0.75971,1.00,1.00
2014.05.07 19:57:59.642,0.75955,0.75971,1.00,1.00
2014.05.07 19:57:59.793,0.75957,0.75973,1.00,1.13
2014.05.07 19:58:00.497,0.75958,0.75973,1.00,1.13
2014.05.07 19:58:01.402,0.7596,0.75975,1.00,1.38
2014.05.07 19:58:02.277,0.7596,0.75975,1.00,1.00
2014.05.07 19:58:19.924,0.7596,0.75977,1.00,1.88
2014.05.07 19:58:42.352,0.75955,0.75976,1.00,1.05
2014.05.07 19:58:42.402,0.75955,0.75976,1.00,1.90
2014.05.07 19:58:42.660,0.7595,0.75969,1.00,1.00
2014.05.07 19:58:43.501,0.75949,0.75969,1.00,1.50
2014.05.07 19:58:49.427,0.75949,0.75971,1.00,1.00
2014.05.07 19:58:49.477,0.75951,0.75971,1.00,1.00
2014.05.07 19:58:50.306,0.75951,0.75972,1.00,1.50
2014.05.07 19:58:52.009,0.75952,0.75972,1.00,1.10
2014.05.07 19:58:52.576,0.75952,0.75972,1.00,1.38
2014.05.07 19:58:56.180,0.75953,0.75972,1.00,1.38
2014.05.07 19:58:56.718,0.75954,0.75972,1.00,1.00
2014.05.07 19:58:58.270,0.75953,0.75972,1.00,1.00
2014.05.07 19:58:59.633,0.75953,0.75972,1.00,1.38
2014.05.07 19:59:00.256,0.75955,0.75973,1.00,1.38
2014.05.07 19:59:00.562,0.75957,0.75973,1.00,1.38
2014.05.07 19:59:02.005,0.75957,0.75973,1.00,1.00
2014.05.07 19:59:03.117,0.75959,0.75976,1.00,1.88
2014.05.07 19:59:04.097,0.75958,0.75975,1.00,1.13
2014.05.07 19:59:05.200,0.75957,0.75975,1.00,1.13
2014.05.07 19:59:06.867,0.75957,0.75975,1.00,1.73
2014.05.07 19:59:06.968,0.75951,0.75972,1.00,1.00
2014.05.07 19:59:07.071,0.75954,0.75971,1.00,1.00
2014.05.07 19:59:07.295,0.7595,0.75972,1.00,1.00
2014.05.07 19:59:07.446,0.75953,0.75972,1.00,1.00
2014.05.07 19:59:07.547,0.75951,0.75972,1.00,1.00
2014.05.07 19:59:07.794,0.75951,0.7597,1.00,1.00
2014.05.07 19:59:13.076,0.75951,0.75973,1.00,2.33
2014.05.07 19:59:13.126,0.75954,0.75973,1.00,2.33
2014.05.07 19:59:13.381,0.75951,0.75971,1.00,1.00
2014.05.07 19:59:13.450,0.75955,0.75971,1.00,1.00
2014.05.07 19:59:13.626,0.75955,0.75974,1.00,1.38
2014.05.07 19:59:16.315,0.75957,0.75975,1.00,1.58
2014.05.07 19:59:16.518,0.75957,0.75975,1.00,1.00
2014.05.07 19:59:23.697,0.75958,0.75975,1.00,1.00
2014.05.07 19:59:23.797,0.75963,0.75978,1.00,1.35
2014.05.07 19:59:27.007,0.75965,0.75978,1.00,1.00
2014.05.07 19:59:27.120,0.75963,0.75978,1.00,1.00
2014.05.07 19:59:27.425,0.75966,0.75979,1.00,1.00
2014.05.07 19:59:27.880,0.75964,0.75979,1.00,1.23
2014.05.07 19:59:27.970,0.75966,0.75979,1.00,1.23
2014.05.07 19:59:29.956,0.75963,0.75978,1.00,1.00
2014.05.07 19:59:30.239,0.75963,0.75976,1.00,1.00
2014.05.07 19:59:38.927,0.75963,0.75974,1.00,1.00
2014.05.07 19:59:40.695,0.75963,0.75973,1.00,1.00
2014.05.07 19:59:43.107,0.75963,0.75979,1.00,2.03
2014.05.07 19:59:43.369,0.75961,0.75979,1.00,2.03
2014.05.07 19:59:44.477,0.75961,0.75979,1.00,1.38
2014.05.07 19:59:44.660,0.75961,0.75979,1.00,2.10
2014.05.07 19:59:47.103,0.75961,0.75978,1.00,1.28
2014.05.07 19:59:47.989,0.7596,0.75978,1.00,1.28
2014.05.07 19:59:48.540,0.75957,0.75978,1.00,1.53
2014.05.07 19:59:51.343,0.75957,0.75978,1.00,1.53
2014.05.07 19:59:51.535,0.75957,0.75978,1.00,1.28
2014.05.07 19:59:53.395,0.75958,0.75978,1.00,1.53
2014.05.07 19:59:54.150,0.75957,0.75978,1.00,1.53
2014.05.07 19:59:56.275,0.75956,0.75974,1.00,1.10
2014.05.07 19:59:57.120,0.75953,0.75974,1.00,1.10
2014.05.07 19:59:57.347,0.75952,0.75976,1.00,2.33
2014.05.07 19:59:59.655,0.75954,0.75973,1.00,1.38
