2013.08.29 05:00:01.201,0.72316,0.72343,2.07,1.32
2013.08.29 05:00:02.213,0.72316,0.72343,2.07,1.32
2013.08.29 05:00:02.724,0.72315,0.72341,1.32,1.13
2013.08.29 05:00:03.252,0.72314,0.72339,1.32,1.13
2013.08.29 05:00:03.764,0.72312,0.72342,2.82,1.32
2013.08.29 05:00:07.213,0.72317,0.72342,1.13,1.69
2013.08.29 05:00:07.272,0.72317,0.72351,1.32,1.32
2013.08.29 05:00:07.393,0.72318,0.72351,2.07,1.32
2013.08.29 05:00:07.452,0.72318,0.72351,2.07,1.32
2013.08.29 05:00:07.572,0.72325,0.72353,1.13,1.69
2013.08.29 05:00:08.113,0.72326,0.72353,1.50,1.69
2013.08.29 05:00:08.176,0.72328,0.72353,1.13,1.50
2013.08.29 05:00:08.694,0.72331,0.7236,1.13,1.69
2013.08.29 05:00:08.814,0.72331,0.72361,1.13,1.69
2013.08.29 05:00:09.212,0.72328,0.72358,1.13,1.69
2013.08.29 05:00:09.423,0.72324,0.72359,1.13,1.32
2013.08.29 05:00:10.204,0.72324,0.72355,1.13,1.13
2013.08.29 05:00:11.934,0.72324,0.72355,1.13,1.13
2013.08.29 05:00:12.053,0.72324,0.72357,1.13,1.32
2013.08.29 05:00:12.693,0.72324,0.72356,1.13,1.32
2013.08.29 05:00:16.293,0.72324,0.72358,1.13,1.13
2013.08.29 05:00:17.912,0.72325,0.72358,1.88,1.69
2013.08.29 05:00:18.032,0.72327,0.72358,1.88,1.69
2013.08.29 05:00:18.092,0.72327,0.72358,1.88,1.69
2013.08.29 05:00:18.152,0.72327,0.72361,1.88,1.13
2013.08.29 05:00:24.142,0.72331,0.72361,1.13,1.13
2013.08.29 05:00:24.233,0.72332,0.72361,1.13,1.13
2013.08.29 05:00:24.394,0.72331,0.72361,1.13,1.13
2013.08.29 05:00:24.453,0.72332,0.72361,1.13,1.13
2013.08.29 05:00:41.563,0.72331,0.72362,1.13,1.32
2013.08.29 05:00:48.873,0.7233,0.7236,1.13,1.13
2013.08.29 05:01:04.164,0.72334,0.72361,1.13,1.13
2013.08.29 05:01:04.532,0.72331,0.72359,1.13,1.13
2013.08.29 05:01:05.778,0.72329,0.72359,1.13,1.13
2013.08.29 05:01:06.054,0.72328,0.72361,1.13,1.32
2013.08.29 05:01:06.272,0.72328,0.72361,1.32,1.13
2013.08.29 05:01:15.967,0.72329,0.72363,1.32,1.13
2013.08.29 05:01:17.904,0.72329,0.72364,1.13,1.32
2013.08.29 05:01:22.443,0.72329,0.72363,2.07,1.69
2013.08.29 05:01:24.444,0.72328,0.72361,1.32,1.32
2013.08.29 05:01:24.802,0.72327,0.72361,1.13,1.32
2013.08.29 05:01:25.414,0.72326,0.7236,1.32,1.32
2013.08.29 05:01:30.532,0.72323,0.72361,1.32,1.13
2013.08.29 05:01:30.981,0.72321,0.72361,2.07,1.13
2013.08.29 05:01:34.325,0.72321,0.72361,2.44,1.32
2013.08.29 05:01:34.384,0.72321,0.72361,2.44,1.32
2013.08.29 05:01:41.734,0.72319,0.72361,1.13,1.13
2013.08.29 05:01:42.274,0.72316,0.72357,2.07,1.69
2013.08.29 05:01:44.052,0.72317,0.72356,1.13,2.07
2013.08.29 05:01:44.381,0.72316,0.72354,1.13,1.69
2013.08.29 05:01:44.934,0.72314,0.72348,1.13,1.50
2013.08.29 05:01:45.314,0.72314,0.72353,1.13,2.07
2013.08.29 05:01:48.422,0.72314,0.7235,1.13,2.07
2013.08.29 05:01:49.363,0.7232,0.72353,1.13,2.44
2013.08.29 05:01:51.364,0.72318,0.72353,2.07,1.69
2013.08.29 05:01:51.422,0.72318,0.72353,3.19,1.69
2013.08.29 05:02:10.133,0.72321,0.72352,2.07,1.69
2013.08.29 05:02:10.255,0.72322,0.72355,2.07,1.69
2013.08.29 05:02:10.373,0.72322,0.72355,2.44,1.69
2013.08.29 05:02:10.873,0.72325,0.72355,1.13,1.69
2013.08.29 05:02:10.932,0.72325,0.72355,1.13,1.69
2013.08.29 05:02:12.153,0.72325,0.72355,1.13,1.69
2013.08.29 05:02:23.495,0.72325,0.72363,1.13,2.44
2013.08.29 05:02:24.053,0.72325,0.72362,1.13,1.69
2013.08.29 05:02:24.484,0.72325,0.72362,1.13,1.69
2013.08.29 05:02:24.703,0.72326,0.72363,1.13,1.69
2013.08.29 05:02:28.443,0.7233,0.72361,1.13,1.69
2013.08.29 05:02:29.132,0.72332,0.72363,1.13,2.82
2013.08.29 05:02:29.683,0.72332,0.72363,1.13,2.44
2013.08.29 05:02:29.862,0.72335,0.72367,1.13,1.69
2013.08.29 05:02:29.922,0.72336,0.72367,1.13,1.69
2013.08.29 05:02:30.445,0.72332,0.72367,1.13,1.69
2013.08.29 05:02:31.613,0.72332,0.72363,1.13,1.50
2013.08.29 05:02:32.033,0.72331,0.72359,1.13,1.50
2013.08.29 05:02:32.616,0.72331,0.72359,1.13,1.50
2013.08.29 05:02:35.005,0.72331,0.72363,1.13,1.50
2013.08.29 05:02:36.194,0.72337,0.72363,1.13,1.69
2013.08.29 05:02:36.433,0.72337,0.72363,1.50,1.50
2013.08.29 05:02:36.493,0.72337,0.72363,1.50,1.50
2013.08.29 05:02:36.795,0.72344,0.72373,1.13,1.69
2013.08.29 05:02:36.853,0.72341,0.72374,1.13,2.44
2013.08.29 05:02:36.915,0.72341,0.72374,1.13,2.44
2013.08.29 05:02:37.121,0.7234,0.72374,1.50,2.44
2013.08.29 05:02:38.263,0.72339,0.72374,1.32,2.82
2013.08.29 05:02:38.943,0.72341,0.7237,1.13,1.69
2013.08.29 05:02:43.494,0.72339,0.72368,1.13,1.69
2013.08.29 05:02:43.852,0.72338,0.72372,1.13,1.69
2013.08.29 05:02:44.593,0.72342,0.72372,1.13,1.69
2013.08.29 05:02:45.180,0.72341,0.72372,1.13,1.69
2013.08.29 05:02:45.884,0.72339,0.72372,1.50,1.69
2013.08.29 05:02:46.423,0.72346,0.72375,1.13,1.69
2013.08.29 05:02:46.926,0.72341,0.72379,1.50,2.44
2013.08.29 05:02:47.434,0.72341,0.72376,1.50,1.69
2013.08.29 05:02:48.348,0.72341,0.72376,1.50,1.69
2013.08.29 05:02:48.593,0.72341,0.72374,1.13,1.69
2013.08.29 05:02:48.653,0.72336,0.72369,1.50,1.50
2013.08.29 05:02:48.862,0.72336,0.72369,1.50,1.50
2013.08.29 05:02:48.922,0.72337,0.72375,1.50,1.32
2013.08.29 05:02:48.982,0.72338,0.72375,1.13,1.32
2013.08.29 05:02:49.354,0.72337,0.72373,1.50,1.69
2013.08.29 05:02:49.574,0.72337,0.72373,1.50,1.69
2013.08.29 05:02:50.352,0.72339,0.72376,1.13,2.07
2013.08.29 05:02:50.412,0.72339,0.72376,1.13,2.07
2013.08.29 05:02:50.652,0.7234,0.72376,1.13,2.07
2013.08.29 05:02:51.072,0.72337,0.72373,1.50,1.69
2013.08.29 05:02:51.563,0.72337,0.72373,1.50,1.69
2013.08.29 05:02:52.474,0.72337,0.72373,1.13,1.69
2013.08.29 05:02:52.984,0.72337,0.72373,1.50,1.69
2013.08.29 05:02:53.172,0.72337,0.72373,1.13,1.69
2013.08.29 05:02:54.684,0.72337,0.72371,1.13,1.69
2013.08.29 05:02:55.093,0.72337,0.72368,1.13,1.50
2013.08.29 05:02:56.493,0.72336,0.72371,1.13,1.69
2013.08.29 05:02:59.712,0.72334,0.72373,1.13,1.69
2013.08.29 05:03:00.230,0.72334,0.72373,1.13,1.69
2013.08.29 05:03:06.942,0.72338,0.72375,1.13,1.69
2013.08.29 05:03:07.062,0.72339,0.72376,1.13,1.32
2013.08.29 05:03:07.182,0.72336,0.72374,1.50,1.50
2013.08.29 05:03:15.562,0.72336,0.72374,1.50,1.50
2013.08.29 05:03:27.363,0.72336,0.72374,1.50,1.50
2013.08.29 05:03:28.770,0.72336,0.72374,1.13,1.50
2013.08.29 05:03:30.122,0.72336,0.72374,1.88,1.50
2013.08.29 05:03:30.424,0.72336,0.72374,1.13,1.50
2013.08.29 05:03:31.063,0.7234,0.72377,1.13,1.32
2013.08.29 05:03:31.514,0.7234,0.72378,1.13,2.07
2013.08.29 05:03:45.253,0.72339,0.72375,1.13,1.69
2013.08.29 05:03:50.434,0.7234,0.72375,1.13,1.69
2013.08.29 05:03:54.112,0.7234,0.72377,1.13,1.32
2013.08.29 05:03:54.652,0.72342,0.72377,1.13,1.32
2013.08.29 05:03:58.134,0.72342,0.72377,1.13,1.13
2013.08.29 05:04:00.293,0.72341,0.72377,1.13,1.13
2013.08.29 05:04:01.065,0.72342,0.72377,1.13,1.13
2013.08.29 05:04:20.262,0.72342,0.72377,1.13,1.13
2013.08.29 05:04:21.333,0.72342,0.72374,1.13,1.69
2013.08.29 05:04:22.355,0.72342,0.72374,1.13,1.69
2013.08.29 05:04:23.254,0.72343,0.72374,1.13,1.69
2013.08.29 05:04:23.346,0.72344,0.72374,1.13,1.69
2013.08.29 05:04:25.204,0.72341,0.72375,1.69,1.69
2013.08.29 05:04:25.364,0.72344,0.72375,1.13,1.69
2013.08.29 05:04:28.173,0.72344,0.72375,1.13,1.69
2013.08.29 05:04:33.298,0.72343,0.72377,1.13,1.32
2013.08.29 05:04:54.384,0.7234,0.72376,1.50,1.32
2013.08.29 05:04:57.387,0.72341,0.72376,1.13,1.32
2013.08.29 05:05:18.194,0.72342,0.72377,1.50,1.32
2013.08.29 05:05:20.102,0.72344,0.72374,1.13,1.13
2013.08.29 05:05:21.434,0.72342,0.72373,1.13,1.13
2013.08.29 05:05:24.939,0.72344,0.72378,1.50,1.69
2013.08.29 05:05:26.805,0.72342,0.72373,1.50,1.50
2013.08.29 05:05:28.484,0.72342,0.72373,1.13,1.50
2013.08.29 05:05:29.983,0.72347,0.72376,1.13,1.13
2013.08.29 05:05:30.223,0.72347,0.72375,1.13,1.13
2013.08.29 05:05:30.324,0.72347,0.72375,1.13,1.13
2013.08.29 05:05:37.424,0.72343,0.72373,1.69,1.69
2013.08.29 05:05:38.009,0.72344,0.72373,1.32,1.69
2013.08.29 05:05:40.075,0.72344,0.72376,2.07,2.07
2013.08.29 05:05:40.701,0.72346,0.72376,2.07,1.32
2013.08.29 05:05:41.302,0.72348,0.72379,1.50,2.82
2013.08.29 05:05:45.190,0.7235,0.72379,1.13,2.07
2013.08.29 05:05:46.033,0.7235,0.72379,1.13,2.07
2013.08.29 05:05:46.733,0.7235,0.72379,1.13,1.69
2013.08.29 05:05:55.223,0.72351,0.72381,1.88,2.07
2013.08.29 05:06:01.443,0.72351,0.7238,2.07,1.32
2013.08.29 05:06:02.152,0.72351,0.72379,1.88,1.13
2013.08.29 05:06:09.878,0.72351,0.7238,1.88,1.32
2013.08.29 05:06:11.002,0.72351,0.72379,1.13,1.32
2013.08.29 05:06:12.311,0.72351,0.72379,1.13,1.32
2013.08.29 05:06:17.424,0.72351,0.7238,1.69,1.32
2013.08.29 05:06:18.993,0.72349,0.72381,1.69,2.07
2013.08.29 05:06:19.172,0.72346,0.72377,2.44,1.13
2013.08.29 05:06:19.763,0.72349,0.72377,1.13,1.32
2013.08.29 05:06:20.002,0.72346,0.72377,1.69,2.07
2013.08.29 05:06:20.263,0.72342,0.72376,1.69,1.69
2013.08.29 05:06:20.542,0.72347,0.72376,1.50,1.69
2013.08.29 05:06:21.459,0.72347,0.72376,1.50,1.69
2013.08.29 05:06:23.425,0.72347,0.72377,1.50,2.07
2013.08.29 05:06:30.492,0.72346,0.72374,1.13,1.32
2013.08.29 05:06:30.996,0.72346,0.72376,1.50,1.69
2013.08.29 05:06:32.801,0.72346,0.72377,1.50,2.07
2013.08.29 05:06:35.382,0.72346,0.72376,1.50,1.69
2013.08.29 05:06:36.922,0.72343,0.72376,1.69,2.82
2013.08.29 05:06:38.252,0.72346,0.72374,1.13,2.07
2013.08.29 05:06:45.045,0.72346,0.72374,1.50,2.07
2013.08.29 05:06:45.163,0.72346,0.72374,1.13,2.07
2013.08.29 05:06:45.223,0.72346,0.72375,1.50,2.07
2013.08.29 05:06:51.183,0.72346,0.72374,1.13,1.32
2013.08.29 05:06:53.863,0.72345,0.72375,2.25,2.07
2013.08.29 05:06:54.121,0.72346,0.72375,1.13,2.82
2013.08.29 05:06:57.352,0.72345,0.72374,2.25,1.32
2013.08.29 05:07:03.263,0.72345,0.72374,2.44,1.32
2013.08.29 05:07:04.273,0.72345,0.72374,2.44,1.32
2013.08.29 05:07:04.963,0.72345,0.72374,1.50,1.32
2013.08.29 05:07:09.931,0.72345,0.72373,1.13,1.32
2013.08.29 05:07:11.166,0.72345,0.72372,1.13,1.69
2013.08.29 05:07:11.352,0.72345,0.72372,1.13,1.69
2013.08.29 05:07:14.190,0.72345,0.72371,1.13,1.69
2013.08.29 05:07:19.453,0.72345,0.72371,1.13,1.69
2013.08.29 05:07:26.883,0.72345,0.72373,1.13,2.07
2013.08.29 05:07:48.363,0.72343,0.72371,1.13,1.69
2013.08.29 05:07:50.212,0.72343,0.72371,1.13,1.69
2013.08.29 05:07:54.313,0.72335,0.72371,1.69,1.69
2013.08.29 05:07:56.843,0.72335,0.72371,1.69,1.69
2013.08.29 05:08:00.392,0.72338,0.72374,1.69,1.32
2013.08.29 05:08:02.263,0.72341,0.72369,1.13,1.69
2013.08.29 05:08:03.392,0.72341,0.72368,1.32,1.69
2013.08.29 05:08:06.523,0.72341,0.72368,1.32,1.69
2013.08.29 05:08:07.634,0.72341,0.72368,1.32,1.69
2013.08.29 05:08:14.662,0.72339,0.72367,1.13,2.07
2013.08.29 05:08:16.192,0.72339,0.72366,1.13,1.69
2013.08.29 05:08:17.083,0.72336,0.72364,1.13,1.69
2013.08.29 05:08:20.400,0.72336,0.72364,1.13,1.69
2013.08.29 05:08:20.652,0.72336,0.72365,1.50,1.69
2013.08.29 05:08:22.313,0.72336,0.72365,1.50,1.69
2013.08.29 05:08:24.094,0.72336,0.72363,1.13,1.32
2013.08.29 05:08:24.926,0.72336,0.72363,1.13,1.32
2013.08.29 05:08:27.622,0.72336,0.72363,1.13,1.32
2013.08.29 05:08:29.703,0.72336,0.72363,1.13,1.32
2013.08.29 05:08:31.662,0.72334,0.72361,1.13,1.13
2013.08.29 05:08:33.343,0.72332,0.7236,1.13,1.13
2013.08.29 05:08:33.642,0.7233,0.72358,1.50,1.13
2013.08.29 05:08:39.154,0.7233,0.72358,1.13,1.32
2013.08.29 05:08:46.193,0.72332,0.72362,1.13,1.69
2013.08.29 05:08:46.732,0.72335,0.72363,1.13,1.69
2013.08.29 05:08:49.323,0.72335,0.72364,1.13,1.69
2013.08.29 05:08:49.562,0.72337,0.72364,1.13,2.07
2013.08.29 05:08:56.655,0.72338,0.72365,1.13,1.32
2013.08.29 05:08:57.682,0.72338,0.72365,1.13,1.32
2013.08.29 05:08:57.962,0.72337,0.72363,1.13,1.69
2013.08.29 05:08:58.022,0.72336,0.72364,1.32,1.69
2013.08.29 05:09:00.155,0.72336,0.72364,1.13,2.44
2013.08.29 05:09:00.453,0.72336,0.72364,1.50,2.44
2013.08.29 05:09:00.593,0.72337,0.72363,1.13,1.69
2013.08.29 05:09:00.813,0.72336,0.72364,1.50,2.44
2013.08.29 05:09:02.243,0.72336,0.72363,1.50,1.69
2013.08.29 05:09:04.934,0.72336,0.72363,1.50,1.69
2013.08.29 05:09:09.776,0.72337,0.72363,1.13,1.69
2013.08.29 05:09:13.392,0.72336,0.72363,1.50,2.44
2013.08.29 05:09:16.823,0.72338,0.72366,2.25,1.69
2013.08.29 05:09:16.943,0.72342,0.72367,1.13,1.69
2013.08.29 05:09:17.062,0.72342,0.72369,1.50,1.69
2013.08.29 05:09:17.914,0.72343,0.72369,1.13,1.69
2013.08.29 05:09:19.344,0.72343,0.72369,1.13,1.69
2013.08.29 05:09:27.442,0.72341,0.72369,1.50,1.69
2013.08.29 05:09:28.211,0.72341,0.72369,1.69,2.44
2013.08.29 05:09:28.622,0.72342,0.72369,1.50,2.82
2013.08.29 05:09:28.922,0.72344,0.72371,1.13,1.69
2013.08.29 05:09:28.982,0.72342,0.72371,1.50,1.69
2013.08.29 05:09:29.154,0.72344,0.72371,1.13,1.69
2013.08.29 05:09:31.693,0.72343,0.72371,1.50,1.69
2013.08.29 05:09:41.353,0.72342,0.7237,1.50,2.44
2013.08.29 05:09:42.003,0.7234,0.7237,2.07,1.32
2013.08.29 05:09:42.212,0.7234,0.72371,2.07,1.32
2013.08.29 05:09:42.523,0.72339,0.7237,1.88,1.32
2013.08.29 05:09:42.851,0.72342,0.72371,1.13,1.32
2013.08.29 05:09:48.701,0.72341,0.72371,1.88,1.13
2013.08.29 05:09:50.113,0.72339,0.72371,1.69,1.13
2013.08.29 05:09:50.172,0.72339,0.72371,1.69,1.13
2013.08.29 05:10:08.652,0.72337,0.72369,1.50,1.32
2013.08.29 05:10:09.462,0.72337,0.72366,1.50,1.13
2013.08.29 05:10:09.522,0.72335,0.72366,1.13,1.13
2013.08.29 05:10:10.773,0.72339,0.72366,1.13,1.13
2013.08.29 05:10:11.052,0.7234,0.72368,1.13,1.32
2013.08.29 05:10:22.273,0.72339,0.72367,1.13,1.13
2013.08.29 05:10:24.273,0.72339,0.72368,1.13,1.13
2013.08.29 05:10:25.482,0.72339,0.7237,1.13,1.32
2013.08.29 05:10:28.693,0.72339,0.72369,1.88,1.32
2013.08.29 05:10:28.752,0.72341,0.7237,1.13,1.13
2013.08.29 05:10:28.932,0.72341,0.7237,1.50,1.13
2013.08.29 05:10:29.052,0.72341,0.7237,1.69,1.13
2013.08.29 05:10:29.512,0.7234,0.72368,1.13,1.13
2013.08.29 05:10:30.432,0.72336,0.72367,1.88,1.13
2013.08.29 05:10:35.322,0.72334,0.72368,1.32,1.13
2013.08.29 05:10:36.433,0.72334,0.72365,1.50,1.13
2013.08.29 05:10:43.893,0.72336,0.72367,1.13,1.69
2013.08.29 05:10:46.508,0.72337,0.7237,1.13,1.69
2013.08.29 05:10:46.632,0.72339,0.7237,1.88,1.69
2013.08.29 05:10:49.782,0.72342,0.72372,1.50,2.07
2013.08.29 05:10:49.902,0.72343,0.72372,1.50,1.32
2013.08.29 05:10:50.022,0.72341,0.72373,1.13,1.32
2013.08.29 05:10:51.021,0.72341,0.72373,1.50,1.32
2013.08.29 05:10:51.853,0.72341,0.72373,1.50,1.32
2013.08.29 05:10:52.534,0.72341,0.72373,1.13,1.32
2013.08.29 05:10:53.084,0.72341,0.72373,1.13,1.32
2013.08.29 05:11:03.812,0.7234,0.7237,1.88,1.32
2013.08.29 05:11:03.894,0.7234,0.7237,1.88,1.32
2013.08.29 05:11:04.272,0.72346,0.72372,1.13,1.69
2013.08.29 05:11:04.933,0.72344,0.72373,1.50,2.07
2013.08.29 05:11:05.733,0.72347,0.72375,1.13,1.69
2013.08.29 05:11:05.972,0.72349,0.72376,1.13,1.32
2013.08.29 05:11:06.503,0.72349,0.72376,1.13,1.32
2013.08.29 05:11:09.613,0.72349,0.72376,1.13,1.32
2013.08.29 05:11:09.992,0.72351,0.72378,1.13,2.07
2013.08.29 05:11:19.184,0.72348,0.72375,1.13,2.07
2013.08.29 05:11:28.242,0.72349,0.72375,1.13,1.32
2013.08.29 05:11:28.612,0.72346,0.72372,1.13,2.07
2013.08.29 05:11:28.672,0.72341,0.72372,1.50,2.07
2013.08.29 05:11:28.912,0.72339,0.72369,1.13,1.32
2013.08.29 05:11:30.612,0.72341,0.72371,1.13,1.32
2013.08.29 05:11:30.733,0.72341,0.72372,1.13,1.32
2013.08.29 05:11:31.254,0.72342,0.72373,1.13,2.07
2013.08.29 05:11:32.774,0.72341,0.7237,1.13,1.13
2013.08.29 05:11:40.443,0.72341,0.72371,1.13,1.32
2013.08.29 05:11:49.973,0.72337,0.72371,1.88,1.32
2013.08.29 05:11:52.002,0.72339,0.72369,1.13,1.13
2013.08.29 05:11:52.904,0.72336,0.7237,1.50,2.07
2013.08.29 05:11:53.132,0.72339,0.7237,1.50,1.32
2013.08.29 05:12:04.952,0.72339,0.72368,1.50,1.32
2013.08.29 05:12:06.544,0.72339,0.7237,1.50,1.32
2013.08.29 05:12:07.902,0.72339,0.7237,1.50,1.32
2013.08.29 05:12:10.004,0.7234,0.7237,1.13,1.13
2013.08.29 05:12:10.124,0.7234,0.72371,1.13,1.32
2013.08.29 05:12:10.334,0.72344,0.72373,1.88,1.32
2013.08.29 05:12:10.464,0.72344,0.72373,1.88,2.07
2013.08.29 05:12:16.933,0.72344,0.72373,1.13,2.07
2013.08.29 05:12:17.114,0.72346,0.72374,1.13,1.69
2013.08.29 05:12:17.604,0.72346,0.72377,1.32,2.07
2013.08.29 05:12:18.144,0.72349,0.72377,1.50,1.69
2013.08.29 05:12:19.492,0.72349,0.72377,1.50,1.32
2013.08.29 05:12:23.344,0.72348,0.72376,1.13,1.32
2013.08.29 05:12:24.455,0.72348,0.72375,1.13,1.13
2013.08.29 05:12:24.524,0.72348,0.72375,1.13,1.13
2013.08.29 05:12:25.042,0.72343,0.72373,1.13,1.13
2013.08.29 05:12:25.667,0.72343,0.72373,1.13,1.13
2013.08.29 05:12:27.406,0.72346,0.7237,1.13,1.13
2013.08.29 05:12:27.593,0.72342,0.7237,1.50,1.32
2013.08.29 05:12:27.952,0.7234,0.72368,1.13,1.69
2013.08.29 05:12:28.012,0.72337,0.72368,1.32,2.07
2013.08.29 05:12:28.983,0.72335,0.72366,1.13,1.69
2013.08.29 05:12:29.829,0.72337,0.72366,1.13,1.69
2013.08.29 05:12:30.203,0.7234,0.72368,1.13,1.32
2013.08.29 05:12:31.514,0.72338,0.72369,1.13,1.32
2013.08.29 05:12:36.645,0.72341,0.72371,1.13,1.32
2013.08.29 05:12:37.853,0.72341,0.72371,1.13,1.69
2013.08.29 05:12:49.971,0.72342,0.72372,1.13,2.07
2013.08.29 05:12:52.932,0.72345,0.72373,1.88,1.69
2013.08.29 05:12:53.232,0.72345,0.72375,1.88,1.32
2013.08.29 05:12:53.592,0.72347,0.72377,1.13,1.32
2013.08.29 05:12:59.433,0.72346,0.72376,1.13,1.13
2013.08.29 05:13:00.421,0.72347,0.72375,1.13,1.13
2013.08.29 05:13:03.443,0.72347,0.72377,1.13,1.13
2013.08.29 05:13:07.513,0.72347,0.72376,1.13,1.13
2013.08.29 05:13:07.903,0.72347,0.72378,1.13,1.13
2013.08.29 05:13:09.742,0.72351,0.72378,1.13,1.13
2013.08.29 05:13:10.282,0.72351,0.72383,1.13,1.32
2013.08.29 05:13:11.172,0.72351,0.72382,1.13,2.07
2013.08.29 05:13:12.740,0.72349,0.7238,1.13,1.32
2013.08.29 05:13:14.724,0.72349,0.72381,1.13,1.13
2013.08.29 05:13:21.273,0.7235,0.72379,1.13,1.69
2013.08.29 05:13:21.655,0.7235,0.72383,1.13,1.32
2013.08.29 05:13:23.374,0.72349,0.72383,1.13,1.32
2013.08.29 05:13:27.984,0.72348,0.72383,1.13,1.32
2013.08.29 05:13:28.355,0.72347,0.72382,1.50,1.13
2013.08.29 05:13:29.294,0.72349,0.72382,1.13,1.13
2013.08.29 05:13:41.992,0.72347,0.72381,1.32,1.32
2013.08.29 05:13:42.764,0.72344,0.7238,1.32,2.07
2013.08.29 05:13:43.273,0.72344,0.72378,1.32,1.32
2013.08.29 05:13:43.853,0.72342,0.72378,1.50,2.07
2013.08.29 05:13:51.995,0.72343,0.72379,1.13,1.32
2013.08.29 05:13:52.555,0.72344,0.72379,1.13,1.88
2013.08.29 05:13:52.884,0.72345,0.72377,1.13,1.13
2013.08.29 05:13:53.464,0.72344,0.7238,1.13,2.07
2013.08.29 05:13:55.522,0.72344,0.7238,1.13,2.07
2013.08.29 05:13:56.624,0.72344,0.72373,1.13,1.50
2013.08.29 05:13:57.401,0.72343,0.72372,2.25,1.13
2013.08.29 05:13:58.972,0.72343,0.72372,1.13,1.13
2013.08.29 05:14:00.705,0.72342,0.72372,1.13,1.13
2013.08.29 05:14:03.467,0.72342,0.72371,1.13,1.13
2013.08.29 05:14:05.913,0.72343,0.72374,1.13,1.32
2013.08.29 05:14:09.263,0.72342,0.72378,1.50,1.32
2013.08.29 05:14:12.024,0.72344,0.72377,1.13,1.69
2013.08.29 05:14:12.714,0.72343,0.72377,1.88,1.69
2013.08.29 05:14:18.382,0.72348,0.72383,1.13,1.32
2013.08.29 05:14:18.544,0.72349,0.72383,1.13,1.32
2013.08.29 05:14:19.369,0.72351,0.72383,1.13,1.32
2013.08.29 05:14:20.073,0.72348,0.72383,1.13,1.32
2013.08.29 05:14:20.192,0.72347,0.72381,1.88,1.32
2013.08.29 05:14:27.394,0.72347,0.7238,1.13,1.32
2013.08.29 05:14:32.452,0.7235,0.72381,1.50,1.32
2013.08.29 05:14:32.582,0.72349,0.72379,1.13,1.13
2013.08.29 05:14:36.342,0.72351,0.72376,1.13,1.13
2013.08.29 05:14:42.832,0.72351,0.72376,1.13,1.13
2013.08.29 05:14:44.061,0.72349,0.72377,1.32,1.13
2013.08.29 05:14:46.542,0.72351,0.72379,1.13,1.32
2013.08.29 05:14:46.753,0.72351,0.72379,1.32,1.32
2013.08.29 05:14:52.222,0.72351,0.72379,1.32,1.13
2013.08.29 05:14:53.277,0.72351,0.72379,1.32,1.13
2013.08.29 05:15:00.245,0.72351,0.72379,2.07,1.13
2013.08.29 05:15:00.854,0.72351,0.72379,2.07,1.88
2013.08.29 05:15:01.808,0.72351,0.72379,1.69,1.13
2013.08.29 05:15:01.954,0.7235,0.72379,2.07,1.13
2013.08.29 05:15:04.243,0.72351,0.72379,1.32,1.88
2013.08.29 05:15:06.136,0.72351,0.72379,1.32,1.13
2013.08.29 05:15:07.985,0.72351,0.72379,1.32,1.13
2013.08.29 05:15:10.868,0.72351,0.72379,1.32,1.13
2013.08.29 05:15:13.388,0.72351,0.72379,1.13,1.13
2013.08.29 05:15:20.399,0.72351,0.72379,1.13,1.32
2013.08.29 05:15:21.294,0.72351,0.72379,1.13,1.13
2013.08.29 05:15:24.632,0.72351,0.72379,1.13,1.13
2013.08.29 05:15:27.133,0.72351,0.72379,1.32,1.88
2013.08.29 05:15:28.584,0.72349,0.72375,1.32,1.13
2013.08.29 05:15:28.643,0.72349,0.72375,1.32,1.13
2013.08.29 05:15:28.703,0.72349,0.72373,1.32,1.13
2013.08.29 05:15:28.883,0.72349,0.72373,1.13,1.13
2013.08.29 05:15:29.074,0.72351,0.72373,1.13,1.13
2013.08.29 05:15:29.133,0.72351,0.72374,1.13,1.13
2013.08.29 05:15:29.252,0.72351,0.72379,1.13,1.50
2013.08.29 05:15:29.373,0.72356,0.72383,1.13,1.13
2013.08.29 05:15:29.674,0.72356,0.72383,1.13,1.13
2013.08.29 05:15:29.995,0.72356,0.72383,1.13,1.13
2013.08.29 05:15:30.773,0.72356,0.72384,1.88,1.13
2013.08.29 05:15:30.832,0.72356,0.72384,1.13,1.13
2013.08.29 05:15:31.534,0.72356,0.72387,1.69,1.32
2013.08.29 05:15:33.294,0.72356,0.72389,1.69,1.69
2013.08.29 05:15:33.728,0.72362,0.72389,1.13,1.69
2013.08.29 05:15:38.043,0.7236,0.72386,1.32,1.13
2013.08.29 05:15:39.042,0.7236,0.72388,1.69,1.88
2013.08.29 05:15:41.842,0.72359,0.72387,1.13,1.69
2013.08.29 05:15:42.922,0.72356,0.72385,2.07,1.32
2013.08.29 05:15:44.186,0.72356,0.72384,1.32,1.69
2013.08.29 05:15:44.674,0.72358,0.72385,1.13,1.32
2013.08.29 05:15:45.202,0.72359,0.72386,1.13,1.13
2013.08.29 05:15:46.345,0.72361,0.72388,1.13,1.69
2013.08.29 05:15:46.954,0.72361,0.72388,1.13,1.32
2013.08.29 05:15:49.605,0.72361,0.72389,1.13,1.50
2013.08.29 05:15:51.523,0.7236,0.72389,1.13,2.07
2013.08.29 05:15:52.008,0.72361,0.72388,1.13,1.50
2013.08.29 05:15:55.204,0.72362,0.72388,1.13,1.50
2013.08.29 05:15:57.874,0.72363,0.7239,1.13,1.32
2013.08.29 05:15:57.992,0.72363,0.72393,1.13,2.44
2013.08.29 05:15:58.353,0.72362,0.72391,1.13,1.88
2013.08.29 05:15:59.273,0.72362,0.72388,1.13,1.50
2013.08.29 05:16:03.974,0.72362,0.7239,1.13,2.07
2013.08.29 05:16:04.775,0.72363,0.7239,1.13,1.32
2013.08.29 05:16:05.092,0.72365,0.72391,1.13,1.13
2013.08.29 05:16:08.766,0.72365,0.72393,1.88,1.32
2013.08.29 05:16:09.072,0.72365,0.72394,1.32,1.88
2013.08.29 05:16:10.502,0.72367,0.72394,1.69,2.07
2013.08.29 05:16:11.373,0.72365,0.72394,2.07,2.07
2013.08.29 05:16:14.593,0.72365,0.72394,1.32,1.69
2013.08.29 05:16:14.652,0.72361,0.72394,1.69,1.69
2013.08.29 05:16:17.124,0.72365,0.72394,1.13,1.32
2013.08.29 05:16:17.363,0.72365,0.72396,1.69,1.32
2013.08.29 05:16:17.715,0.72369,0.72393,1.13,1.13
2013.08.29 05:16:18.763,0.72361,0.72392,1.50,1.32
2013.08.29 05:16:20.654,0.72357,0.7239,1.69,1.32
2013.08.29 05:16:20.773,0.72357,0.7239,1.69,1.32
2013.08.29 05:16:21.774,0.72356,0.72388,1.69,1.13
2013.08.29 05:16:25.193,0.72356,0.72389,1.69,2.07
2013.08.29 05:16:25.312,0.72364,0.72389,1.13,1.13
2013.08.29 05:16:25.372,0.72364,0.72391,1.13,1.13
2013.08.29 05:16:25.432,0.72368,0.72391,1.13,1.13
2013.08.29 05:16:25.662,0.72367,0.72393,1.13,1.13
2013.08.29 05:16:25.843,0.72367,0.72393,1.88,1.13
2013.08.29 05:16:25.962,0.72367,0.72391,1.13,1.13
2013.08.29 05:16:26.644,0.72367,0.72394,1.13,1.13
2013.08.29 05:16:26.943,0.72358,0.72391,1.69,1.13
2013.08.29 05:16:27.423,0.72358,0.7239,1.69,1.13
2013.08.29 05:16:27.826,0.72361,0.7239,1.32,1.13
2013.08.29 05:16:28.702,0.72361,0.7239,2.07,1.13
2013.08.29 05:16:28.762,0.72364,0.72395,1.13,1.13
2013.08.29 05:16:28.974,0.72361,0.72392,1.32,1.13
2013.08.29 05:16:29.573,0.72361,0.72392,1.69,1.13
2013.08.29 05:16:33.118,0.72361,0.72394,2.07,1.13
2013.08.29 05:16:33.772,0.72363,0.72395,1.32,1.13
2013.08.29 05:16:34.287,0.72364,0.72396,1.13,1.13
2013.08.29 05:16:35.033,0.72364,0.72395,1.13,1.13
2013.08.29 05:16:35.794,0.72363,0.72393,1.13,1.88
2013.08.29 05:16:39.624,0.72362,0.72391,1.13,1.13
2013.08.29 05:16:39.983,0.72358,0.72391,1.32,1.13
2013.08.29 05:16:42.533,0.72357,0.72388,1.69,1.50
2013.08.29 05:16:43.084,0.72357,0.72389,1.69,1.13
2013.08.29 05:16:55.722,0.72361,0.7239,1.50,1.13
2013.08.29 05:16:56.153,0.72358,0.7239,2.82,1.13
2013.08.29 05:17:00.124,0.72359,0.72389,1.32,1.13
2013.08.29 05:17:00.394,0.72363,0.72392,1.13,1.32
2013.08.29 05:17:00.736,0.72363,0.72392,1.13,1.32
2013.08.29 05:17:04.263,0.72362,0.7239,1.69,1.13
2013.08.29 05:17:19.364,0.72358,0.72388,1.69,1.13
2013.08.29 05:17:26.273,0.72358,0.7239,1.13,1.32
2013.08.29 05:17:30.486,0.72362,0.72388,1.13,1.13
2013.08.29 05:17:30.794,0.72362,0.72387,1.13,1.69
2013.08.29 05:17:30.852,0.72362,0.72389,1.13,1.32
2013.08.29 05:17:31.433,0.72364,0.7239,1.13,1.69
2013.08.29 05:17:31.623,0.72364,0.72393,1.13,1.32
2013.08.29 05:17:32.894,0.72366,0.72393,1.13,1.32
2013.08.29 05:17:32.952,0.72366,0.72393,1.13,1.32
2013.08.29 05:17:34.216,0.72363,0.72391,1.13,2.07
2013.08.29 05:17:34.733,0.72363,0.72391,1.13,2.07
2013.08.29 05:17:40.608,0.72361,0.72389,1.13,1.50
2013.08.29 05:17:40.723,0.7236,0.72388,1.13,1.69
2013.08.29 05:17:41.044,0.72358,0.72383,1.13,1.13
2013.08.29 05:17:41.594,0.72358,0.72384,1.13,1.13
2013.08.29 05:17:41.712,0.72359,0.72387,1.13,1.32
2013.08.29 05:17:42.133,0.72361,0.72389,1.13,1.32
2013.08.29 05:18:00.874,0.72362,0.72388,1.13,1.13
2013.08.29 05:18:01.113,0.72357,0.72387,1.32,1.13
2013.08.29 05:18:01.233,0.72357,0.72385,1.13,1.13
2013.08.29 05:18:01.951,0.72357,0.72384,1.13,1.32
2013.08.29 05:18:02.333,0.72352,0.72382,1.13,1.13
2013.08.29 05:18:02.453,0.72347,0.72382,1.69,1.13
2013.08.29 05:18:03.034,0.72347,0.7238,1.13,1.13
2013.08.29 05:18:06.405,0.72346,0.72381,1.13,1.13
2013.08.29 05:18:08.753,0.72347,0.7238,1.88,1.32
2013.08.29 05:18:09.762,0.72347,0.72383,1.50,1.50
2013.08.29 05:18:10.143,0.7235,0.72388,1.50,1.69
2013.08.29 05:18:10.502,0.72351,0.72388,1.50,1.69
2013.08.29 05:18:10.803,0.72366,0.72393,1.13,1.69
2013.08.29 05:18:11.743,0.72352,0.72392,3.19,1.32
2013.08.29 05:18:11.992,0.7235,0.7239,2.07,1.32
2013.08.29 05:18:12.643,0.72347,0.72389,1.50,1.32
2013.08.29 05:18:13.035,0.72347,0.72389,1.50,1.32
2013.08.29 05:18:14.624,0.72354,0.72387,1.13,1.69
2013.08.29 05:18:14.802,0.72361,0.72387,1.13,1.69
2013.08.29 05:18:15.364,0.72361,0.72387,1.13,1.69
2013.08.29 05:18:16.234,0.72361,0.72387,1.13,1.69
2013.08.29 05:18:16.604,0.72357,0.72382,1.13,1.50
2013.08.29 05:18:16.843,0.72357,0.72378,1.13,1.50
2013.08.29 05:18:16.963,0.72359,0.72387,1.13,1.69
2013.08.29 05:18:17.083,0.72361,0.72387,1.13,1.69
2013.08.29 05:18:17.804,0.72362,0.72387,1.13,1.69
2013.08.29 05:18:18.464,0.72362,0.72387,1.13,1.69
2013.08.29 05:18:18.794,0.72362,0.72388,1.13,1.69
2013.08.29 05:18:18.852,0.72362,0.72388,1.13,1.69
2013.08.29 05:18:19.134,0.72357,0.72385,1.32,1.50
2013.08.29 05:18:19.253,0.72355,0.72385,1.69,1.50
2013.08.29 05:18:19.372,0.72359,0.72386,1.13,1.69
2013.08.29 05:18:19.497,0.72361,0.72386,1.13,1.69
2013.08.29 05:18:20.163,0.72361,0.72389,1.13,2.44
2013.08.29 05:18:22.013,0.72358,0.72387,1.13,1.32
2013.08.29 05:18:22.133,0.72354,0.72386,1.32,1.32
2013.08.29 05:18:27.704,0.72349,0.72388,2.07,1.69
2013.08.29 05:18:29.152,0.72349,0.72378,2.07,1.13
2013.08.29 05:18:29.393,0.72343,0.72369,1.69,1.13
2013.08.29 05:18:29.521,0.72342,0.72368,1.69,1.13
2013.08.29 05:18:29.973,0.72339,0.72368,1.32,1.50
2013.08.29 05:18:31.653,0.72337,0.72367,2.82,1.88
2013.08.29 05:18:31.994,0.72337,0.72363,2.44,1.13
2013.08.29 05:18:32.413,0.72337,0.72378,2.44,1.69
2013.08.29 05:18:32.595,0.7234,0.72376,1.50,1.32
2013.08.29 05:18:32.713,0.7234,0.7237,1.50,1.13
2013.08.29 05:18:33.654,0.7234,0.7237,1.50,1.13
2013.08.29 05:18:34.644,0.7234,0.7237,1.88,1.13
2013.08.29 05:18:34.762,0.72347,0.72372,1.13,1.13
2013.08.29 05:18:34.882,0.72347,0.72372,1.13,1.13
2013.08.29 05:18:35.063,0.72341,0.72378,2.44,1.32
2013.08.29 05:18:35.945,0.72346,0.72378,1.50,2.07
2013.08.29 05:18:36.003,0.72351,0.72378,1.13,1.32
2013.08.29 05:18:36.664,0.72351,0.72375,1.13,1.13
2013.08.29 05:18:36.902,0.72347,0.72375,1.13,1.88
2013.08.29 05:18:37.082,0.72344,0.72371,1.69,1.50
2013.08.29 05:18:37.202,0.72344,0.72372,1.69,1.13
2013.08.29 05:18:37.714,0.72351,0.72379,1.13,2.07
2013.08.29 05:18:38.383,0.72346,0.72372,1.32,1.13
2013.08.29 05:18:38.503,0.72344,0.72373,2.44,1.13
2013.08.29 05:18:38.623,0.72344,0.72374,1.69,1.32
2013.08.29 05:18:39.016,0.72352,0.72378,1.13,1.32
2013.08.29 05:18:41.133,0.72352,0.72378,1.13,1.32
2013.08.29 05:18:41.193,0.72347,0.72372,1.32,1.50
2013.08.29 05:18:41.373,0.72346,0.72374,1.69,1.32
2013.08.29 05:18:41.433,0.72346,0.72375,1.69,1.32
2013.08.29 05:18:41.493,0.72351,0.72377,1.13,1.69
2013.08.29 05:18:42.003,0.72347,0.72378,1.13,1.69
2013.08.29 05:18:42.063,0.72342,0.72378,2.07,1.69
2013.08.29 05:18:46.915,0.72342,0.72378,1.50,1.50
2013.08.29 05:18:48.695,0.72349,0.72376,1.13,1.13
2013.08.29 05:18:48.824,0.72352,0.72376,1.13,1.13
2013.08.29 05:18:50.442,0.72352,0.72378,1.13,1.69
2013.08.29 05:18:50.502,0.72352,0.72378,1.13,1.69
2013.08.29 05:18:59.374,0.72346,0.72374,1.32,1.13
2013.08.29 05:18:59.633,0.72346,0.72374,1.32,1.88
2013.08.29 05:18:59.813,0.72346,0.72373,1.13,1.50
2013.08.29 05:19:00.124,0.72344,0.72371,1.32,1.13
2013.08.29 05:19:04.423,0.72342,0.72368,1.13,1.69
2013.08.29 05:19:05.574,0.72337,0.72364,1.32,1.13
2013.08.29 05:19:05.925,0.72337,0.72362,1.32,1.13
2013.08.29 05:19:06.263,0.72333,0.72366,1.32,1.69
2013.08.29 05:19:06.323,0.72331,0.72364,2.44,1.69
2013.08.29 05:19:07.796,0.72331,0.72363,2.82,1.50
2013.08.29 05:19:07.854,0.7233,0.72361,1.69,1.13
2013.08.29 05:19:09.123,0.7233,0.72361,2.82,1.13
2013.08.29 05:19:09.183,0.72335,0.72365,1.50,1.69
2013.08.29 05:19:10.095,0.72336,0.72364,1.13,1.13
2013.08.29 05:19:10.283,0.72332,0.72364,2.07,1.32
2013.08.29 05:19:10.403,0.72332,0.72363,2.07,1.32
2013.08.29 05:19:10.583,0.72332,0.72363,1.88,1.32
2013.08.29 05:19:11.963,0.72335,0.72367,1.13,1.69
2013.08.29 05:19:13.694,0.72336,0.72366,1.50,1.32
2013.08.29 05:19:15.833,0.72337,0.72362,1.13,1.13
2013.08.29 05:19:16.053,0.72336,0.72366,1.13,2.07
2013.08.29 05:19:17.193,0.72336,0.72362,1.13,1.13
2013.08.29 05:19:17.397,0.72336,0.7236,1.13,1.13
2013.08.29 05:19:19.394,0.72336,0.7236,1.13,1.88
2013.08.29 05:19:21.525,0.72333,0.72359,1.32,1.13
2013.08.29 05:19:21.634,0.72333,0.72359,1.32,1.13
2013.08.29 05:19:22.663,0.72335,0.7236,1.13,2.07
2013.08.29 05:19:22.843,0.72336,0.72363,1.13,1.32
2013.08.29 05:19:23.475,0.72337,0.72364,1.32,1.69
2013.08.29 05:19:24.963,0.72337,0.72364,1.32,1.32
2013.08.29 05:19:26.079,0.72337,0.72365,1.32,1.32
2013.08.29 05:19:26.897,0.72338,0.72365,1.32,1.32
2013.08.29 05:19:27.391,0.72338,0.72366,1.32,1.32
2013.08.29 05:19:30.433,0.72338,0.72374,1.32,2.29
2013.08.29 05:19:30.853,0.72342,0.72373,1.32,1.32
2013.08.29 05:19:32.445,0.72343,0.72369,1.13,1.13
2013.08.29 05:19:32.964,0.72342,0.72377,1.32,1.69
2013.08.29 05:19:33.403,0.7234,0.72369,1.32,1.13
2013.08.29 05:19:33.463,0.72343,0.72377,1.69,1.69
2013.08.29 05:19:33.643,0.72356,0.7238,1.13,1.32
2013.08.29 05:19:35.513,0.72352,0.72382,1.13,1.69
2013.08.29 05:19:35.842,0.72356,0.72382,1.13,1.32
2013.08.29 05:19:35.903,0.72356,0.7238,1.13,1.32
2013.08.29 05:19:35.964,0.72356,0.72382,1.13,1.13
2013.08.29 05:19:36.084,0.72352,0.72382,1.13,1.13
2013.08.29 05:19:41.413,0.72351,0.72382,2.07,1.32
2013.08.29 05:19:42.604,0.72351,0.72381,2.07,1.32
2013.08.29 05:19:42.783,0.72351,0.72378,1.50,1.32
2013.08.29 05:19:42.963,0.72347,0.72373,1.13,1.88
2013.08.29 05:19:43.524,0.72345,0.72373,1.13,2.25
2013.08.29 05:19:47.044,0.72346,0.72373,1.13,1.13
2013.08.29 05:19:47.104,0.72343,0.72373,1.32,1.13
2013.08.29 05:19:59.926,0.72343,0.72374,1.32,1.69
2013.08.29 05:20:00.625,0.72346,0.72375,1.13,1.32
2013.08.29 05:20:00.683,0.72346,0.72375,1.88,1.32
2013.08.29 05:20:00.743,0.72347,0.72376,1.13,1.69
2013.08.29 05:20:02.193,0.72346,0.72376,1.32,1.69
2013.08.29 05:20:02.253,0.72346,0.72375,1.32,1.69
2013.08.29 05:20:02.433,0.72347,0.72375,1.32,1.69
2013.08.29 05:20:02.493,0.72349,0.72377,1.13,1.32
2013.08.29 05:20:03.036,0.7235,0.72378,1.13,1.69
2013.08.29 05:20:04.364,0.7235,0.72378,1.13,1.69
2013.08.29 05:20:04.483,0.72347,0.72374,2.44,1.32
2013.08.29 05:20:05.193,0.72349,0.72376,1.32,1.32
2013.08.29 05:20:05.313,0.72352,0.72378,1.50,2.07
2013.08.29 05:20:05.373,0.72352,0.7238,1.88,1.69
2013.08.29 05:20:05.755,0.72356,0.72385,1.50,1.69
2013.08.29 05:20:06.965,0.72356,0.72385,1.13,1.69
2013.08.29 05:20:13.943,0.72355,0.72385,1.13,1.50
2013.08.29 05:20:17.435,0.72353,0.72383,1.13,1.50
2013.08.29 05:20:18.553,0.72352,0.72384,2.44,1.50
2013.08.29 05:20:19.664,0.72354,0.72388,1.13,1.50
2013.08.29 05:20:20.024,0.72362,0.7239,1.13,1.50
2013.08.29 05:20:21.673,0.72359,0.72388,2.07,1.13
2013.08.29 05:20:21.733,0.72359,0.72385,1.32,1.88
2013.08.29 05:20:22.153,0.72355,0.72384,1.32,1.50
2013.08.29 05:20:22.273,0.72354,0.72381,1.32,1.13
2013.08.29 05:20:22.333,0.72351,0.72381,2.07,1.13
2013.08.29 05:20:22.945,0.72354,0.72384,1.13,1.13
2013.08.29 05:20:23.202,0.72352,0.72382,1.32,1.13
2013.08.29 05:20:23.523,0.7235,0.72382,1.13,1.13
2013.08.29 05:20:32.193,0.72349,0.72382,1.32,1.88
2013.08.29 05:20:32.313,0.72348,0.72378,1.13,1.88
2013.08.29 05:20:32.815,0.72347,0.72378,2.07,1.88
2013.08.29 05:20:32.929,0.72347,0.72378,2.07,1.88
2013.08.29 05:20:34.992,0.72351,0.72379,1.13,1.13
2013.08.29 05:20:35.323,0.72351,0.7238,1.32,1.88
2013.08.29 05:20:35.653,0.72353,0.72383,1.13,1.13
2013.08.29 05:20:35.971,0.72356,0.72384,1.13,1.50
2013.08.29 05:20:40.124,0.72354,0.72384,1.32,1.50
2013.08.29 05:20:40.303,0.72354,0.72384,1.13,1.50
2013.08.29 05:20:43.453,0.72354,0.72384,1.13,1.50
2013.08.29 05:20:44.004,0.72356,0.72386,1.13,1.88
2013.08.29 05:20:45.474,0.72353,0.72384,1.32,1.50
2013.08.29 05:20:48.535,0.72354,0.72383,1.32,1.88
2013.08.29 05:20:50.924,0.72354,0.72383,1.13,1.88
2013.08.29 05:20:54.803,0.72354,0.72383,1.13,1.88
2013.08.29 05:21:01.354,0.72354,0.72383,1.13,1.88
2013.08.29 05:21:02.846,0.72351,0.72382,1.32,1.13
2013.08.29 05:21:06.483,0.72353,0.72387,1.13,2.44
2013.08.29 05:21:06.543,0.72353,0.72387,1.13,2.44
2013.08.29 05:21:06.603,0.72353,0.72387,1.13,1.69
2013.08.29 05:21:06.995,0.72358,0.72389,1.50,1.69
2013.08.29 05:21:07.363,0.72358,0.72388,1.13,1.32
2013.08.29 05:21:07.625,0.72358,0.72388,1.13,1.32
2013.08.29 05:21:13.784,0.72358,0.72386,1.50,1.69
2013.08.29 05:21:14.024,0.72358,0.72388,1.50,1.69
2013.08.29 05:21:14.843,0.72359,0.72388,1.50,1.69
2013.08.29 05:21:30.973,0.72359,0.72388,1.13,1.69
2013.08.29 05:21:31.413,0.72361,0.72391,1.50,1.69
2013.08.29 05:21:31.473,0.72357,0.72392,1.69,1.69
2013.08.29 05:21:32.815,0.72356,0.72391,1.69,1.69
2013.08.29 05:21:35.625,0.72356,0.72391,1.69,1.69
2013.08.29 05:21:39.966,0.72366,0.72391,1.32,1.50
2013.08.29 05:21:41.371,0.72361,0.72391,1.50,1.50
2013.08.29 05:21:50.883,0.72363,0.72388,1.32,1.50
2013.08.29 05:21:51.913,0.72364,0.72388,2.44,1.50
2013.08.29 05:21:52.896,0.72365,0.72388,2.44,1.50
2013.08.29 05:21:54.203,0.72363,0.72388,2.82,1.50
2013.08.29 05:21:56.306,0.72365,0.72388,2.44,1.50
2013.08.29 05:21:56.843,0.72365,0.72388,2.82,1.50
2013.08.29 05:21:58.563,0.72366,0.72391,1.32,1.50
2013.08.29 05:21:59.854,0.72365,0.72389,2.44,1.50
2013.08.29 05:21:59.973,0.72362,0.72389,1.32,1.50
2013.08.29 05:22:01.322,0.72362,0.72385,2.44,1.13
2013.08.29 05:22:02.653,0.72362,0.72389,2.44,1.32
2013.08.29 05:22:02.774,0.72363,0.72389,1.32,1.50
2013.08.29 05:22:02.895,0.72363,0.72398,1.69,1.13
2013.08.29 05:22:03.015,0.72367,0.72398,1.32,1.13
2013.08.29 05:22:03.136,0.72372,0.72403,1.32,1.50
2013.08.29 05:22:05.924,0.72373,0.72403,2.82,1.88
2013.08.29 05:22:08.715,0.72375,0.72403,2.25,1.50
2013.08.29 05:22:08.773,0.72376,0.72405,1.13,1.88
2013.08.29 05:22:08.954,0.72381,0.72404,1.50,1.13
2013.08.29 05:22:09.204,0.72381,0.72409,1.50,1.88
2013.08.29 05:22:10.017,0.72381,0.72409,2.44,1.88
2013.08.29 05:22:11.524,0.72381,0.72409,2.44,1.88
2013.08.29 05:22:12.104,0.72383,0.72409,2.44,1.13
2013.08.29 05:22:12.654,0.72384,0.72408,1.32,1.13
2013.08.29 05:22:13.554,0.72384,0.72408,1.32,1.13
2013.08.29 05:22:15.734,0.72384,0.72408,1.32,1.13
2013.08.29 05:22:17.473,0.72384,0.72409,1.32,1.13
2013.08.29 05:22:18.747,0.72384,0.72409,2.82,1.13
2013.08.29 05:22:21.634,0.72384,0.72409,2.82,1.13
2013.08.29 05:22:21.958,0.72383,0.72409,1.32,1.13
2013.08.29 05:22:27.853,0.72382,0.72409,2.82,1.13
2013.08.29 05:22:28.533,0.72383,0.72408,2.44,1.13
2013.08.29 05:22:30.273,0.72383,0.72408,2.44,1.88
2013.08.29 05:22:30.333,0.7238,0.72408,2.44,1.88
2013.08.29 05:22:30.393,0.7238,0.72408,2.44,1.88
2013.08.29 05:22:31.094,0.7238,0.72408,2.44,1.13
2013.08.29 05:22:33.365,0.7238,0.72405,2.44,1.13
2013.08.29 05:22:34.367,0.7238,0.72407,2.44,1.13
2013.08.29 05:22:34.533,0.72378,0.72405,2.44,1.13
2013.08.29 05:22:35.075,0.72377,0.72404,2.44,1.13
2013.08.29 05:22:35.205,0.72374,0.72404,3.19,1.13
2013.08.29 05:22:37.174,0.72374,0.72403,3.19,1.13
2013.08.29 05:22:39.014,0.72374,0.72402,2.07,1.13
2013.08.29 05:22:42.143,0.72374,0.72402,2.07,1.13
2013.08.29 05:22:42.263,0.72374,0.72403,2.07,1.13
2013.08.29 05:22:44.461,0.72374,0.72402,2.07,1.13
2013.08.29 05:22:46.452,0.72372,0.72401,1.69,1.13
2013.08.29 05:22:48.253,0.72372,0.72401,1.69,1.13
2013.08.29 05:22:48.382,0.72372,0.72401,1.69,1.13
2013.08.29 05:22:48.954,0.72374,0.72405,2.07,1.50
2013.08.29 05:22:49.354,0.72375,0.72405,2.44,1.50
2013.08.29 05:22:49.693,0.72378,0.72407,2.44,1.50
2013.08.29 05:22:49.754,0.7238,0.72409,1.69,1.50
2013.08.29 05:22:52.334,0.7238,0.72409,1.69,1.50
2013.08.29 05:22:55.033,0.7238,0.72409,2.44,1.13
2013.08.29 05:22:57.024,0.72379,0.72409,1.69,1.13
2013.08.29 05:22:58.217,0.72379,0.72409,1.69,1.13
2013.08.29 05:22:58.335,0.72379,0.72409,1.69,1.13
2013.08.29 05:22:58.464,0.72382,0.72409,2.44,1.50
2013.08.29 05:22:58.643,0.72383,0.72412,1.69,1.13
2013.08.29 05:22:58.763,0.72384,0.72413,2.44,1.88
2013.08.29 05:22:59.123,0.72383,0.72409,2.44,1.50
2013.08.29 05:22:59.483,0.72383,0.72408,2.44,1.50
2013.08.29 05:22:59.543,0.72382,0.72408,2.44,1.50
2013.08.29 05:22:59.853,0.72379,0.72409,2.44,1.50
2013.08.29 05:23:00.354,0.72377,0.72409,2.44,1.50
2013.08.29 05:23:01.384,0.72376,0.72407,3.19,1.13
2013.08.29 05:23:07.671,0.72375,0.72408,1.69,1.13
2013.08.29 05:23:07.872,0.72377,0.72409,1.69,1.50
2013.08.29 05:23:09.414,0.72378,0.72409,1.69,1.50
2013.08.29 05:23:10.475,0.72378,0.72409,1.69,1.50
2013.08.29 05:23:11.088,0.72378,0.72409,1.69,1.50
2013.08.29 05:23:11.594,0.72378,0.72409,1.69,1.50
2013.08.29 05:23:13.103,0.72378,0.72409,3.19,1.50
2013.08.29 05:23:14.214,0.72379,0.72409,2.44,1.50
2013.08.29 05:23:15.080,0.72378,0.72409,1.69,1.50
2013.08.29 05:23:16.652,0.72378,0.72409,1.69,1.50
2013.08.29 05:23:17.814,0.72378,0.72409,1.69,1.50
2013.08.29 05:23:19.115,0.72378,0.72409,1.69,1.50
2013.08.29 05:23:25.931,0.72378,0.72409,1.69,1.88
2013.08.29 05:23:27.439,0.72378,0.72408,1.69,1.13
2013.08.29 05:23:29.183,0.72379,0.72408,2.07,1.50
2013.08.29 05:23:29.804,0.72378,0.72408,2.82,1.50
2013.08.29 05:23:29.964,0.72378,0.72408,1.32,1.50
2013.08.29 05:23:30.524,0.72376,0.72408,1.32,1.88
2013.08.29 05:23:31.505,0.72378,0.72408,2.25,1.13
2013.08.29 05:23:31.562,0.72381,0.72413,1.13,2.07
2013.08.29 05:23:32.633,0.72384,0.72413,1.32,1.50
2013.08.29 05:23:32.873,0.72378,0.72409,1.32,1.50
2013.08.29 05:23:33.723,0.72378,0.72408,1.32,1.13
2013.08.29 05:23:36.617,0.72376,0.72408,1.32,1.13
2013.08.29 05:23:38.414,0.72376,0.72406,1.32,1.50
2013.08.29 05:23:40.409,0.72374,0.72403,1.32,1.50
2013.08.29 05:23:40.943,0.72373,0.72403,1.32,1.50
2013.08.29 05:23:41.434,0.7237,0.72403,1.69,1.50
2013.08.29 05:23:41.974,0.72372,0.72404,1.32,1.50
2013.08.29 05:23:43.277,0.72368,0.72404,2.07,1.50
2013.08.29 05:23:43.645,0.72377,0.72408,1.13,1.50
2013.08.29 05:23:44.733,0.72373,0.72404,1.32,1.50
2013.08.29 05:23:45.454,0.72372,0.72404,1.32,1.50
2013.08.29 05:23:45.564,0.72372,0.72404,1.69,1.50
2013.08.29 05:23:46.874,0.72372,0.72403,1.69,1.50
2013.08.29 05:23:48.143,0.72371,0.72399,2.44,1.13
2013.08.29 05:23:49.750,0.72371,0.72397,1.13,1.13
2013.08.29 05:23:49.874,0.72371,0.72397,1.13,1.13
2013.08.29 05:23:51.254,0.72368,0.72394,1.69,1.13
2013.08.29 05:23:53.161,0.72369,0.72394,1.69,1.13
2013.08.29 05:23:53.222,0.72369,0.72395,1.69,1.13
2013.08.29 05:23:53.523,0.72373,0.72399,2.07,1.13
2013.08.29 05:23:53.702,0.72373,0.72398,1.13,1.13
2013.08.29 05:23:54.872,0.72373,0.72398,1.13,1.13
2013.08.29 05:23:55.375,0.72371,0.72399,1.69,1.13
2013.08.29 05:23:57.103,0.72371,0.724,1.69,1.32
2013.08.29 05:23:57.930,0.72372,0.72402,1.32,1.32
2013.08.29 05:23:59.418,0.72373,0.72402,1.32,1.32
2013.08.29 05:23:59.693,0.72377,0.72407,1.50,1.69
2013.08.29 05:23:59.753,0.72379,0.72409,1.32,1.50
2013.08.29 05:24:00.113,0.72383,0.72411,1.13,1.69
2013.08.29 05:24:00.793,0.72385,0.72414,1.13,1.69
2013.08.29 05:24:01.380,0.72385,0.72414,1.13,1.50
2013.08.29 05:24:01.892,0.72381,0.72414,2.07,1.50
2013.08.29 05:24:02.566,0.7238,0.72414,2.07,1.50
2013.08.29 05:24:02.863,0.72385,0.72419,1.69,2.07
2013.08.29 05:24:03.054,0.72387,0.72419,1.13,1.69
2013.08.29 05:24:03.113,0.72386,0.72419,1.69,2.07
2013.08.29 05:24:03.414,0.72385,0.72418,2.07,1.13
2013.08.29 05:24:03.605,0.72384,0.72415,2.07,1.50
2013.08.29 05:24:05.384,0.72382,0.72413,1.69,1.50
2013.08.29 05:24:05.804,0.72381,0.7241,1.69,1.50
2013.08.29 05:24:10.696,0.72381,0.7241,1.69,1.50
2013.08.29 05:24:10.814,0.7238,0.7241,1.69,1.50
2013.08.29 05:24:10.965,0.72375,0.7241,1.13,1.50
2013.08.29 05:24:11.084,0.72375,0.72407,1.69,1.50
2013.08.29 05:24:11.435,0.72375,0.7241,1.69,1.50
2013.08.29 05:24:14.573,0.72377,0.72412,1.69,1.88
2013.08.29 05:24:22.245,0.72377,0.72412,1.69,1.69
2013.08.29 05:24:22.423,0.72378,0.72413,1.69,1.13
2013.08.29 05:24:22.483,0.72381,0.72414,1.50,1.13
2013.08.29 05:24:22.604,0.72382,0.72414,1.69,1.13
2013.08.29 05:24:22.951,0.72385,0.72419,1.69,1.32
2013.08.29 05:24:23.273,0.72385,0.72419,1.69,1.32
2013.08.29 05:24:23.936,0.72386,0.72419,1.69,1.13
2013.08.29 05:24:24.144,0.72386,0.7242,1.69,1.13
2013.08.29 05:24:25.244,0.72395,0.7242,1.13,1.13
2013.08.29 05:24:25.712,0.72387,0.7242,1.32,1.13
2013.08.29 05:24:26.354,0.72387,0.7242,1.69,1.13
2013.08.29 05:24:27.933,0.72393,0.72424,1.50,1.13
2013.08.29 05:24:28.053,0.724,0.72429,1.50,1.32
2013.08.29 05:24:28.113,0.72402,0.72431,1.50,1.32
2013.08.29 05:24:28.544,0.72402,0.72432,1.50,1.32
2013.08.29 05:24:28.793,0.72399,0.72429,1.69,1.13
2013.08.29 05:24:28.924,0.72402,0.72433,1.50,1.32
2013.08.29 05:24:29.123,0.72399,0.72428,1.69,1.13
2013.08.29 05:24:29.182,0.72399,0.72428,1.69,1.13
2013.08.29 05:24:29.543,0.724,0.72429,1.50,1.32
2013.08.29 05:24:29.663,0.724,0.72429,1.69,1.13
2013.08.29 05:24:29.842,0.72396,0.72427,1.69,1.32
2013.08.29 05:24:29.964,0.72399,0.7243,1.69,2.07
2013.08.29 05:24:30.023,0.72399,0.7243,1.69,2.07
2013.08.29 05:24:30.083,0.72401,0.7243,1.50,1.32
2013.08.29 05:24:30.202,0.72403,0.72432,1.69,1.32
2013.08.29 05:24:30.953,0.724,0.72429,1.69,1.88
2013.08.29 05:24:31.014,0.724,0.72428,1.69,1.13
2013.08.29 05:24:31.073,0.72397,0.72428,1.69,1.13
2013.08.29 05:24:31.193,0.72396,0.72426,1.69,1.13
2013.08.29 05:24:31.562,0.72391,0.72424,1.69,1.13
2013.08.29 05:24:31.735,0.72391,0.72424,1.69,1.13
2013.08.29 05:24:32.093,0.72394,0.72424,1.13,1.88
2013.08.29 05:24:32.626,0.72394,0.72423,1.13,1.13
2013.08.29 05:24:33.184,0.72394,0.72424,1.13,1.88
2013.08.29 05:24:34.084,0.72394,0.72424,1.88,1.13
2013.08.29 05:24:34.660,0.72396,0.72426,1.50,1.13
2013.08.29 05:24:35.373,0.72396,0.72426,1.50,1.13
2013.08.29 05:24:35.994,0.72396,0.72426,1.69,1.13
2013.08.29 05:24:36.713,0.72396,0.72426,1.69,1.13
2013.08.29 05:24:37.363,0.72396,0.72426,1.69,1.13
2013.08.29 05:24:37.693,0.72396,0.72426,1.69,1.13
2013.08.29 05:24:38.224,0.72396,0.72426,1.69,1.13
2013.08.29 05:24:38.583,0.72396,0.7243,1.69,2.82
2013.08.29 05:24:38.643,0.72396,0.72429,1.69,1.69
2013.08.29 05:24:38.883,0.72398,0.72432,1.69,1.13
2013.08.29 05:24:39.063,0.72402,0.72433,1.69,1.50
2013.08.29 05:24:39.123,0.72402,0.72434,1.69,1.13
2013.08.29 05:24:39.424,0.724,0.72431,1.69,1.50
2013.08.29 05:24:40.299,0.72396,0.72432,1.69,1.13
2013.08.29 05:24:40.592,0.72396,0.72434,1.69,1.88
2013.08.29 05:24:41.354,0.72395,0.72434,1.69,1.88
2013.08.29 05:24:41.414,0.72395,0.72431,1.69,1.50
2013.08.29 05:24:41.775,0.72391,0.72428,1.69,1.13
2013.08.29 05:24:42.923,0.72391,0.72429,1.69,1.13
2013.08.29 05:24:43.163,0.72395,0.72431,1.69,1.13
2013.08.29 05:24:43.223,0.72395,0.72431,1.69,1.13
2013.08.29 05:24:43.284,0.72395,0.72431,1.69,1.13
2013.08.29 05:24:46.194,0.72394,0.72427,1.69,1.50
2013.08.29 05:24:46.474,0.72395,0.72428,1.69,1.13
2013.08.29 05:24:46.532,0.72395,0.72427,1.69,1.50
2013.08.29 05:24:48.503,0.72394,0.72424,1.69,1.13
2013.08.29 05:24:48.924,0.72394,0.72424,1.69,1.13
2013.08.29 05:24:49.252,0.72397,0.72428,1.50,1.50
2013.08.29 05:24:49.783,0.72398,0.72428,1.69,1.50
2013.08.29 05:24:50.405,0.72398,0.72422,1.69,1.13
2013.08.29 05:24:50.713,0.72395,0.72422,1.69,1.13
2013.08.29 05:24:51.016,0.72395,0.72423,1.69,1.13
2013.08.29 05:24:51.436,0.72395,0.72424,1.69,1.50
2013.08.29 05:24:52.238,0.72395,0.72423,1.69,1.13
2013.08.29 05:24:52.573,0.72396,0.72425,1.69,1.13
2013.08.29 05:24:52.753,0.72398,0.72429,1.69,1.50
2013.08.29 05:24:52.984,0.72398,0.72429,1.69,1.50
2013.08.29 05:24:53.714,0.72397,0.72427,2.44,1.13
2013.08.29 05:24:54.833,0.72398,0.72427,1.69,1.50
2013.08.29 05:24:54.893,0.72397,0.72426,1.69,1.13
2013.08.29 05:24:55.275,0.72398,0.72427,1.69,1.50
2013.08.29 05:24:55.643,0.72398,0.72428,1.69,1.13
2013.08.29 05:24:56.099,0.72398,0.72428,1.69,1.13
2013.08.29 05:24:56.163,0.72398,0.72429,1.69,1.13
2013.08.29 05:24:58.173,0.72398,0.72428,1.69,1.13
2013.08.29 05:24:58.823,0.72398,0.72428,1.69,1.13
2013.08.29 05:25:01.524,0.72398,0.72428,1.69,1.13
2013.08.29 05:25:02.072,0.72397,0.72424,2.44,1.13
2013.08.29 05:25:04.055,0.72398,0.72428,1.69,1.13
2013.08.29 05:25:04.172,0.72398,0.72428,1.69,1.13
2013.08.29 05:25:06.433,0.72399,0.72428,1.69,1.13
2013.08.29 05:25:07.473,0.72399,0.7243,1.69,1.13
2013.08.29 05:25:08.022,0.72397,0.72428,2.44,1.13
2013.08.29 05:25:08.784,0.72397,0.72429,2.44,1.13
2013.08.29 05:25:12.173,0.72398,0.72428,1.69,1.50
2013.08.29 05:25:12.872,0.72398,0.72428,1.69,1.88
2013.08.29 05:25:13.661,0.72399,0.72429,1.69,1.13
2013.08.29 05:25:14.423,0.72399,0.72428,1.69,1.13
2013.08.29 05:25:16.053,0.72399,0.72429,1.69,1.13
2013.08.29 05:25:16.644,0.72399,0.72429,1.69,1.88
2013.08.29 05:25:17.209,0.72399,0.72429,1.69,1.13
2013.08.29 05:25:19.703,0.72399,0.72429,1.69,1.13
2013.08.29 05:25:19.823,0.72398,0.72428,1.69,1.13
2013.08.29 05:25:21.374,0.72397,0.72426,2.44,1.50
2013.08.29 05:25:22.262,0.72397,0.72426,2.44,1.88
2013.08.29 05:25:26.554,0.72397,0.72424,2.44,1.13
2013.08.29 05:25:29.654,0.72397,0.72425,1.69,1.13
2013.08.29 05:25:30.194,0.72396,0.72422,2.44,1.13
2013.08.29 05:25:30.494,0.72396,0.72424,2.44,1.13
2013.08.29 05:25:30.643,0.72397,0.72422,1.69,1.13
2013.08.29 05:25:32.054,0.72396,0.72424,2.44,1.13
2013.08.29 05:25:32.649,0.72396,0.72424,2.44,1.13
2013.08.29 05:25:32.716,0.72397,0.72421,1.69,1.13
2013.08.29 05:25:41.008,0.72396,0.72425,1.69,1.50
2013.08.29 05:25:48.044,0.72396,0.72425,1.69,1.88
2013.08.29 05:25:48.864,0.72396,0.72425,1.69,1.88
2013.08.29 05:25:51.171,0.72398,0.72425,1.69,1.13
2013.08.29 05:25:51.944,0.72398,0.72425,1.69,1.13
2013.08.29 05:25:59.113,0.72398,0.72425,1.69,1.13
2013.08.29 05:25:59.534,0.72398,0.72426,1.69,1.13
2013.08.29 05:25:59.700,0.72398,0.72424,1.69,1.13
2013.08.29 05:25:59.864,0.72398,0.72424,1.69,1.13
2013.08.29 05:26:00.534,0.72398,0.72425,1.69,1.13
2013.08.29 05:26:01.683,0.72398,0.72426,1.69,1.13
2013.08.29 05:26:02.133,0.72401,0.72426,1.69,1.13
2013.08.29 05:26:02.523,0.72398,0.72428,1.69,1.32
2013.08.29 05:26:03.304,0.72401,0.72428,1.69,1.32
2013.08.29 05:26:04.929,0.72401,0.72428,2.44,1.13
2013.08.29 05:26:05.234,0.72401,0.7243,2.44,1.32
2013.08.29 05:26:05.714,0.72402,0.72432,1.32,1.32
2013.08.29 05:26:06.116,0.72404,0.72434,1.69,1.32
2013.08.29 05:26:06.644,0.72407,0.72434,1.69,1.13
2013.08.29 05:26:07.564,0.72405,0.72434,2.44,1.13
2013.08.29 05:26:08.783,0.72407,0.72434,1.69,1.13
2013.08.29 05:26:08.903,0.72407,0.72434,1.69,1.13
2013.08.29 05:26:09.023,0.72408,0.72437,1.69,1.13
2013.08.29 05:26:09.143,0.7241,0.72439,1.69,1.13
2013.08.29 05:26:09.323,0.72412,0.72443,1.69,1.88
2013.08.29 05:26:11.314,0.7241,0.7244,2.44,1.13
2013.08.29 05:26:14.780,0.72409,0.72441,1.69,1.13
2013.08.29 05:26:15.134,0.72412,0.72441,1.13,1.13
2013.08.29 05:26:15.494,0.72417,0.72443,2.44,1.13
2013.08.29 05:26:15.553,0.72417,0.72443,2.44,1.13
2013.08.29 05:26:16.154,0.72417,0.72443,2.44,1.13
2013.08.29 05:26:16.694,0.72417,0.72443,1.69,1.13
2013.08.29 05:26:23.344,0.72418,0.72449,1.69,2.07
2013.08.29 05:26:23.653,0.72422,0.72451,1.50,1.13
2013.08.29 05:26:23.773,0.72426,0.72454,1.50,1.32
2013.08.29 05:26:24.504,0.72426,0.72454,1.50,1.32
2013.08.29 05:26:25.064,0.72426,0.72454,1.50,1.32
2013.08.29 05:26:25.156,0.72423,0.72452,1.69,1.13
2013.08.29 05:26:26.274,0.72423,0.72452,1.69,1.88
2013.08.29 05:26:26.933,0.72423,0.72452,2.44,1.13
2013.08.29 05:26:27.073,0.72425,0.72454,2.07,1.32
2013.08.29 05:26:27.663,0.72425,0.72454,1.32,1.88
2013.08.29 05:26:27.843,0.72424,0.72453,1.69,1.13
2013.08.29 05:26:28.905,0.72422,0.72451,2.07,1.13
2013.08.29 05:26:29.083,0.72417,0.72446,1.69,1.13
2013.08.29 05:26:29.143,0.72417,0.72446,1.69,1.13
2013.08.29 05:26:29.203,0.72415,0.72446,1.69,1.13
2013.08.29 05:26:29.383,0.72415,0.72444,2.07,1.13
2013.08.29 05:26:30.446,0.72412,0.72445,1.69,1.88
2013.08.29 05:26:32.334,0.72412,0.72443,1.50,1.13
2013.08.29 05:26:32.883,0.72412,0.72448,2.07,1.69
2013.08.29 05:26:32.945,0.72414,0.72448,1.50,1.69
2013.08.29 05:26:33.343,0.72412,0.72447,1.69,1.13
2013.08.29 05:26:33.665,0.72414,0.72446,1.50,1.13
2013.08.29 05:26:33.783,0.72419,0.72447,1.13,1.13
2013.08.29 05:26:33.903,0.72415,0.72447,1.69,1.13
2013.08.29 05:26:34.213,0.7242,0.72451,1.50,1.32
2013.08.29 05:26:34.703,0.7242,0.72451,1.50,1.32
2013.08.29 05:26:35.963,0.72419,0.72449,1.13,1.13
2013.08.29 05:26:36.083,0.72416,0.72449,1.32,1.88
2013.08.29 05:26:36.384,0.72422,0.72451,1.88,1.32
2013.08.29 05:26:36.503,0.72422,0.72453,1.50,1.32
2013.08.29 05:26:36.563,0.72424,0.72453,1.69,1.13
2013.08.29 05:26:36.863,0.72427,0.72458,1.69,1.88
2013.08.29 05:26:37.034,0.72428,0.72458,1.32,1.88
2013.08.29 05:26:37.153,0.72435,0.72462,1.50,1.32
2013.08.29 05:26:37.273,0.72435,0.72462,1.50,1.32
2013.08.29 05:26:37.393,0.72433,0.7246,1.13,1.13
2013.08.29 05:26:37.513,0.72431,0.72458,2.44,1.13
2013.08.29 05:26:37.633,0.72431,0.7246,3.19,1.13
2013.08.29 05:26:37.813,0.72434,0.72464,2.44,1.32
2013.08.29 05:26:38.421,0.72435,0.72465,1.69,1.32
2013.08.29 05:26:38.904,0.72434,0.72459,1.69,1.13
2013.08.29 05:26:39.083,0.72432,0.72459,2.07,1.13
2013.08.29 05:26:39.770,0.72432,0.72462,2.07,1.13
2013.08.29 05:26:39.933,0.72432,0.72462,2.07,1.13
2013.08.29 05:26:39.993,0.72435,0.72462,1.32,1.13
2013.08.29 05:26:40.173,0.72439,0.72468,1.32,1.32
2013.08.29 05:26:40.293,0.72441,0.7247,1.13,1.69
2013.08.29 05:26:40.613,0.72441,0.72471,1.32,1.32
2013.08.29 05:26:41.364,0.72442,0.72471,2.07,1.32
2013.08.29 05:26:41.882,0.72442,0.72471,1.69,1.32
2013.08.29 05:26:42.424,0.72441,0.72469,1.69,1.13
2013.08.29 05:26:42.995,0.7244,0.72468,1.32,1.13
2013.08.29 05:26:43.334,0.72442,0.72473,1.50,2.82
2013.08.29 05:26:43.393,0.72442,0.72473,1.88,2.82
2013.08.29 05:26:43.634,0.72442,0.72473,1.13,2.07
2013.08.29 05:26:43.903,0.72442,0.72471,1.69,1.32
2013.08.29 05:26:44.521,0.72443,0.72471,2.82,1.32
2013.08.29 05:26:44.783,0.72439,0.72468,1.69,1.50
2013.08.29 05:26:45.519,0.72439,0.72468,2.07,1.88
2013.08.29 05:26:45.643,0.72439,0.72467,2.07,1.13
2013.08.29 05:26:46.605,0.72439,0.72465,1.69,1.13
2013.08.29 05:26:46.783,0.72439,0.72468,1.32,1.32
2013.08.29 05:26:48.471,0.72441,0.72468,1.69,1.32
2013.08.29 05:26:55.292,0.72441,0.72469,1.69,1.32
2013.08.29 05:27:05.735,0.72441,0.72469,1.50,1.13
2013.08.29 05:27:06.354,0.72439,0.72469,1.32,1.13
2013.08.29 05:27:06.994,0.72438,0.72468,1.32,1.13
2013.08.29 05:27:08.173,0.72439,0.72469,1.32,1.32
2013.08.29 05:27:08.830,0.72441,0.72471,1.50,1.32
2013.08.29 05:27:11.304,0.72441,0.72472,1.69,1.32
2013.08.29 05:27:12.533,0.72441,0.72472,1.69,2.07
2013.08.29 05:27:13.624,0.72439,0.72468,1.69,1.69
2013.08.29 05:27:14.624,0.72439,0.72468,1.69,1.69
2013.08.29 05:27:15.495,0.72439,0.72465,1.69,1.13
2013.08.29 05:27:16.353,0.72438,0.72465,1.54,1.13
2013.08.29 05:27:16.713,0.72436,0.72464,2.07,1.69
2013.08.29 05:27:17.734,0.72436,0.72465,2.07,1.32
2013.08.29 05:27:21.535,0.72435,0.72464,1.69,1.32
2013.08.29 05:27:26.661,0.72435,0.72463,1.69,1.32
2013.08.29 05:27:27.674,0.72434,0.72463,1.32,1.32
2013.08.29 05:27:27.913,0.72435,0.72464,2.07,2.07
2013.08.29 05:27:38.087,0.72435,0.72464,1.13,1.13
2013.08.29 05:27:38.933,0.72433,0.72464,2.07,2.07
2013.08.29 05:27:39.173,0.72435,0.72464,1.32,1.32
2013.08.29 05:27:42.374,0.72435,0.72464,1.32,1.32
2013.08.29 05:27:51.692,0.72436,0.72464,1.13,1.69
2013.08.29 05:28:01.803,0.72438,0.72464,1.13,1.69
2013.08.29 05:28:04.393,0.72438,0.72465,1.13,1.32
2013.08.29 05:28:04.453,0.72438,0.72465,1.13,1.32
2013.08.29 05:28:04.693,0.72438,0.72465,1.32,1.32
2013.08.29 05:28:07.474,0.72436,0.72465,1.32,1.32
2013.08.29 05:28:07.653,0.72437,0.72464,1.32,1.13
2013.08.29 05:28:08.183,0.72436,0.72464,1.32,1.13
2013.08.29 05:28:13.564,0.72436,0.72465,1.32,2.07
2013.08.29 05:28:14.073,0.72436,0.72464,2.07,2.07
2013.08.29 05:28:17.031,0.72436,0.72463,2.07,1.32
2013.08.29 05:28:17.423,0.72436,0.72464,2.07,1.69
2013.08.29 05:28:18.438,0.72436,0.72464,2.07,2.07
2013.08.29 05:28:19.463,0.72436,0.72463,1.69,1.32
2013.08.29 05:28:20.054,0.72436,0.72463,1.69,1.32
2013.08.29 05:28:20.574,0.72436,0.72463,1.69,1.32
2013.08.29 05:28:20.771,0.72435,0.72464,1.32,2.07
2013.08.29 05:28:21.353,0.72434,0.72464,3.19,2.07
2013.08.29 05:28:23.103,0.72434,0.72462,2.07,1.32
2013.08.29 05:28:31.034,0.72436,0.72462,1.13,1.13
2013.08.29 05:28:31.122,0.72436,0.72462,1.13,1.13
2013.08.29 05:28:31.438,0.72436,0.7246,1.32,1.32
2013.08.29 05:28:40.795,0.72436,0.7246,1.13,1.32
2013.08.29 05:28:41.784,0.72434,0.72461,1.13,1.32
2013.08.29 05:28:42.182,0.72433,0.72458,1.32,1.13
2013.08.29 05:28:43.484,0.72433,0.72458,1.32,1.32
2013.08.29 05:28:47.224,0.72432,0.72458,1.32,1.32
2013.08.29 05:28:49.773,0.72431,0.72459,1.13,1.32
2013.08.29 05:28:49.835,0.72431,0.72459,1.13,1.32
2013.08.29 05:28:49.894,0.72431,0.72454,1.13,1.13
2013.08.29 05:28:49.954,0.7243,0.72454,1.32,1.88
2013.08.29 05:28:50.621,0.7243,0.72453,1.13,1.32
2013.08.29 05:29:03.575,0.72427,0.72453,1.32,1.32
2013.08.29 05:29:04.677,0.72427,0.72453,1.32,1.32
2013.08.29 05:29:07.547,0.72431,0.72458,1.13,2.07
2013.08.29 05:29:08.162,0.72427,0.72458,1.69,2.82
2013.08.29 05:29:09.783,0.72432,0.72456,1.13,1.32
2013.08.29 05:29:10.523,0.72432,0.72456,1.13,1.32
2013.08.29 05:29:16.313,0.72432,0.72458,1.13,2.07
2013.08.29 05:29:16.643,0.72433,0.72458,1.13,2.07
2013.08.29 05:29:16.983,0.72435,0.72459,1.13,2.07
2013.08.29 05:29:18.844,0.72435,0.72459,1.32,1.32
2013.08.29 05:29:19.600,0.72435,0.72459,1.13,1.13
2013.08.29 05:29:19.783,0.72436,0.72458,1.13,1.32
2013.08.29 05:29:33.754,0.72436,0.72458,1.13,1.13
2013.08.29 05:29:33.873,0.72432,0.72459,1.69,1.69
2013.08.29 05:29:34.054,0.72432,0.7246,1.32,1.50
2013.08.29 05:29:34.470,0.72429,0.7246,1.32,1.69
2013.08.29 05:29:34.594,0.72429,0.7246,1.32,1.69
2013.08.29 05:29:35.194,0.72429,0.72459,1.32,1.69
2013.08.29 05:29:35.856,0.72429,0.72459,1.32,2.44
2013.08.29 05:29:36.823,0.72435,0.72458,1.13,1.69
2013.08.29 05:29:37.063,0.72436,0.72459,1.32,1.69
2013.08.29 05:29:37.123,0.72437,0.72461,1.32,1.69
2013.08.29 05:29:37.424,0.72439,0.72462,1.13,1.69
2013.08.29 05:29:39.311,0.72439,0.72464,1.32,2.44
2013.08.29 05:29:39.493,0.72441,0.72464,1.13,1.69
2013.08.29 05:29:39.925,0.72441,0.72464,1.13,1.69
2013.08.29 05:29:40.165,0.72442,0.72465,1.13,1.69
2013.08.29 05:29:40.225,0.72442,0.72466,1.13,1.13
2013.08.29 05:29:40.516,0.72441,0.72465,1.13,1.50
2013.08.29 05:29:43.185,0.72441,0.72464,1.13,1.13
2013.08.29 05:29:43.243,0.72436,0.72462,1.32,1.50
2013.08.29 05:29:43.483,0.72436,0.72462,1.32,1.13
2013.08.29 05:29:43.543,0.72437,0.72462,1.32,1.88
2013.08.29 05:29:44.103,0.72437,0.72463,1.32,1.50
2013.08.29 05:29:44.224,0.72439,0.72464,1.13,1.88
2013.08.29 05:29:44.764,0.72439,0.72464,1.13,1.13
2013.08.29 05:29:44.865,0.72437,0.72464,1.13,1.13
2013.08.29 05:29:49.124,0.72437,0.72464,1.32,1.32
2013.08.29 05:29:50.147,0.72437,0.72464,1.32,1.13
2013.08.29 05:29:51.603,0.72436,0.72464,1.32,1.13
2013.08.29 05:29:51.663,0.7244,0.72466,1.13,1.32
2013.08.29 05:29:51.783,0.72444,0.72469,1.13,2.67
2013.08.29 05:29:51.843,0.72437,0.72466,1.69,1.32
2013.08.29 05:29:51.963,0.72441,0.72466,1.32,1.13
2013.08.29 05:29:52.023,0.72441,0.72469,1.32,2.07
2013.08.29 05:29:52.545,0.72441,0.72469,1.32,1.32
2013.08.29 05:29:56.284,0.72442,0.72469,1.69,1.13
2013.08.29 05:29:57.045,0.72442,0.72471,2.44,1.32
2013.08.29 05:29:57.163,0.72442,0.72471,2.44,1.32
2013.08.29 05:30:00.119,0.72444,0.72471,1.32,1.13
2013.08.29 05:30:14.734,0.72447,0.72473,1.13,1.32
2013.08.29 05:30:14.914,0.72447,0.72473,2.07,1.50
2013.08.29 05:30:16.760,0.72448,0.72474,1.32,1.88
2013.08.29 05:30:17.265,0.72448,0.72474,1.32,2.07
2013.08.29 05:30:17.972,0.72449,0.72474,1.32,2.07
2013.08.29 05:30:18.183,0.72451,0.72474,1.32,1.88
2013.08.29 05:30:18.243,0.72451,0.72477,2.07,1.32
2013.08.29 05:30:23.944,0.72449,0.72475,1.32,1.50
2013.08.29 05:30:24.742,0.7245,0.72475,1.69,1.13
2013.08.29 05:30:26.678,0.72449,0.72475,1.69,1.13
2013.08.29 05:30:27.043,0.72448,0.72473,1.32,1.50
2013.08.29 05:30:27.104,0.72446,0.72473,1.32,1.50
2013.08.29 05:30:27.283,0.72442,0.72473,2.07,1.88
2013.08.29 05:30:27.404,0.72446,0.72473,1.13,1.13
2013.08.29 05:30:27.464,0.72446,0.72473,1.13,1.13
2013.08.29 05:30:27.703,0.72447,0.72475,1.32,1.50
2013.08.29 05:30:27.824,0.72444,0.72473,1.32,1.13
2013.08.29 05:30:28.614,0.72443,0.72471,1.32,1.13
2013.08.29 05:30:28.975,0.7244,0.72468,1.54,1.32
2013.08.29 05:30:29.494,0.7244,0.72469,1.54,2.07
2013.08.29 05:30:29.553,0.7244,0.7247,1.92,1.13
2013.08.29 05:30:32.179,0.72441,0.72471,1.32,1.32
2013.08.29 05:30:39.737,0.72441,0.7247,1.32,1.13
2013.08.29 05:30:42.075,0.7244,0.72469,1.54,1.13
2013.08.29 05:30:43.205,0.7244,0.72469,1.54,1.13
2013.08.29 05:30:43.869,0.7244,0.72469,1.54,1.13
2013.08.29 05:30:44.422,0.72441,0.72468,1.32,1.13
2013.08.29 05:30:46.914,0.72442,0.72466,1.13,1.13
2013.08.29 05:30:47.093,0.72442,0.72465,1.13,1.13
2013.08.29 05:30:54.154,0.72442,0.72465,1.13,1.32
2013.08.29 05:30:54.694,0.72437,0.72463,2.07,1.13
2013.08.29 05:30:54.934,0.72433,0.72457,2.44,1.13
2013.08.29 05:30:54.994,0.72432,0.72457,1.69,1.13
2013.08.29 05:30:55.114,0.72427,0.72454,1.13,1.13
2013.08.29 05:30:55.445,0.72423,0.72451,1.32,1.50
2013.08.29 05:30:55.516,0.72421,0.72451,1.13,1.88
2013.08.29 05:30:55.573,0.72417,0.72451,1.69,1.50
2013.08.29 05:30:56.476,0.72418,0.72449,1.32,1.13
2013.08.29 05:30:58.063,0.72416,0.72449,1.32,1.50
2013.08.29 05:30:58.673,0.72414,0.72453,1.32,1.69
2013.08.29 05:30:59.175,0.72414,0.72452,1.32,1.32
2013.08.29 05:31:00.726,0.72414,0.72452,1.32,1.13
2013.08.29 05:31:04.433,0.72415,0.72445,1.13,1.50
2013.08.29 05:31:04.673,0.72414,0.72448,1.13,1.50
2013.08.29 05:31:06.715,0.72416,0.72448,1.13,1.50
2013.08.29 05:31:06.963,0.72413,0.72448,1.32,1.50
2013.08.29 05:31:14.755,0.72412,0.72449,1.69,1.50
2013.08.29 05:31:15.083,0.72412,0.72449,1.69,1.50
2013.08.29 05:31:22.376,0.72412,0.72448,2.44,1.50
2013.08.29 05:31:25.019,0.72413,0.72448,1.69,1.50
2013.08.29 05:31:25.213,0.72411,0.72449,2.44,1.50
2013.08.29 05:31:26.525,0.72414,0.72453,1.69,2.07
2013.08.29 05:31:27.219,0.72414,0.72453,1.69,2.07
2013.08.29 05:31:27.745,0.72414,0.72452,1.32,1.13
2013.08.29 05:31:27.965,0.72414,0.72452,1.32,1.13
2013.08.29 05:31:29.234,0.72413,0.72452,1.69,1.32
2013.08.29 05:31:29.534,0.72413,0.72452,1.69,1.32
2013.08.29 05:31:30.193,0.72424,0.72453,1.13,2.07
2013.08.29 05:31:31.012,0.72424,0.72453,1.13,1.88
2013.08.29 05:31:31.783,0.72411,0.72453,1.69,1.50
2013.08.29 05:31:32.445,0.72427,0.72457,1.13,2.07
2013.08.29 05:31:33.152,0.72417,0.72457,1.69,2.07
2013.08.29 05:31:34.254,0.72417,0.72457,2.44,1.32
2013.08.29 05:31:34.864,0.72417,0.72457,2.44,1.32
2013.08.29 05:31:35.503,0.72419,0.72457,1.32,1.32
2013.08.29 05:31:41.973,0.72417,0.72453,1.88,1.13
2013.08.29 05:31:42.624,0.72418,0.72453,1.13,1.13
2013.08.29 05:31:49.283,0.72422,0.72455,1.50,1.13
2013.08.29 05:31:51.263,0.72422,0.72457,1.50,1.13
2013.08.29 05:31:51.514,0.72417,0.72453,1.50,1.50
2013.08.29 05:31:55.033,0.72414,0.72449,1.13,1.88
2013.08.29 05:32:00.074,0.72416,0.72449,1.50,1.50
2013.08.29 05:32:00.333,0.72418,0.72449,1.50,1.13
2013.08.29 05:32:00.803,0.72417,0.72449,1.50,1.13
2013.08.29 05:32:01.012,0.72416,0.72453,1.13,1.50
2013.08.29 05:32:01.313,0.72411,0.72437,2.07,1.13
2013.08.29 05:32:01.374,0.72415,0.72441,1.13,1.13
2013.08.29 05:32:01.614,0.72412,0.72442,1.88,1.13
2013.08.29 05:32:01.913,0.72414,0.72442,1.50,1.13
2013.08.29 05:32:01.973,0.72414,0.72442,1.50,1.50
2013.08.29 05:32:03.068,0.72413,0.72446,1.50,1.32
2013.08.29 05:32:03.793,0.7241,0.72443,1.32,1.50
2013.08.29 05:32:04.324,0.72413,0.72446,1.50,1.69
2013.08.29 05:32:14.194,0.72413,0.72446,1.50,1.32
2013.08.29 05:32:16.834,0.72414,0.72446,1.50,1.32
2013.08.29 05:32:16.954,0.72414,0.72441,1.50,1.13
2013.08.29 05:32:20.105,0.72415,0.72445,1.13,1.69
2013.08.29 05:32:23.495,0.72413,0.72442,1.50,1.13
2013.08.29 05:32:25.044,0.72411,0.72444,1.32,1.32
2013.08.29 05:32:27.151,0.72411,0.72445,1.88,1.69
2013.08.29 05:32:27.495,0.72411,0.72443,1.88,1.69
2013.08.29 05:32:28.034,0.72411,0.72443,1.50,1.32
2013.08.29 05:32:32.115,0.72415,0.72443,1.50,1.13
2013.08.29 05:32:32.236,0.72417,0.72443,1.13,1.13
2013.08.29 05:32:32.374,0.72421,0.72451,1.13,1.50
2013.08.29 05:32:32.434,0.72424,0.7246,1.13,1.69
2013.08.29 05:32:32.494,0.72422,0.72458,1.13,1.32
2013.08.29 05:32:32.813,0.72425,0.72459,1.13,1.69
2013.08.29 05:32:32.873,0.7243,0.72463,1.50,1.69
2013.08.29 05:32:43.655,0.72431,0.72464,1.13,2.07
2013.08.29 05:32:44.034,0.72432,0.72464,1.13,1.88
2013.08.29 05:32:47.594,0.72431,0.72464,1.88,1.88
2013.08.29 05:32:50.264,0.72437,0.72465,1.13,1.69
2013.08.29 05:32:50.605,0.72433,0.72466,1.32,1.13
2013.08.29 05:32:51.604,0.72436,0.72468,1.13,1.32
2013.08.29 05:32:58.556,0.72436,0.72466,1.13,1.32
2013.08.29 05:32:58.895,0.72436,0.72468,1.32,1.32
2013.08.29 05:32:58.954,0.72436,0.72466,1.32,1.13
2013.08.29 05:32:59.074,0.72437,0.72465,1.13,1.50
2013.08.29 05:32:59.194,0.72437,0.72466,1.13,1.13
2013.08.29 05:32:59.774,0.72432,0.72466,1.69,1.13
2013.08.29 05:33:00.134,0.72429,0.72457,1.13,1.13
2013.08.29 05:33:00.314,0.72429,0.72457,1.13,1.13
2013.08.29 05:33:00.405,0.72427,0.72457,2.07,1.13
2013.08.29 05:33:00.635,0.72428,0.72462,1.69,1.32
2013.08.29 05:33:00.855,0.72426,0.72459,2.07,1.32
2013.08.29 05:33:01.243,0.72428,0.72462,2.07,1.32
2013.08.29 05:33:01.617,0.72433,0.7246,1.13,1.13
2013.08.29 05:33:02.704,0.72432,0.72462,1.13,1.13
2013.08.29 05:33:02.825,0.72433,0.72462,1.13,1.13
2013.08.29 05:33:04.705,0.72432,0.72462,1.88,1.13
2013.08.29 05:33:05.795,0.72432,0.72463,1.88,1.88
2013.08.29 05:33:08.404,0.72434,0.72463,1.13,1.32
2013.08.29 05:33:08.643,0.72432,0.72464,1.69,1.69
2013.08.29 05:33:08.793,0.72432,0.72464,1.69,1.69
2013.08.29 05:33:10.065,0.72432,0.72467,1.69,1.69
2013.08.29 05:33:10.974,0.72434,0.72467,1.50,1.32
2013.08.29 05:33:16.724,0.72437,0.72468,1.50,1.32
2013.08.29 05:33:16.905,0.72434,0.72469,1.50,1.32
2013.08.29 05:33:17.725,0.72434,0.72469,1.13,1.69
2013.08.29 05:33:20.824,0.72434,0.72469,1.13,1.69
2013.08.29 05:33:21.425,0.72437,0.7247,1.50,1.69
2013.08.29 05:33:21.664,0.72435,0.72469,1.13,1.69
2013.08.29 05:33:26.734,0.72439,0.7247,1.13,1.32
2013.08.29 05:33:26.853,0.72439,0.72468,1.50,1.32
2013.08.29 05:33:26.975,0.72442,0.72473,1.50,1.50
2013.08.29 05:33:27.334,0.72444,0.72473,1.69,1.13
2013.08.29 05:33:27.514,0.72446,0.72476,1.50,1.13
2013.08.29 05:33:30.363,0.72447,0.72478,1.88,1.13
2013.08.29 05:33:30.484,0.72452,0.72483,1.88,1.69
2013.08.29 05:33:30.900,0.72452,0.72483,1.13,1.50
2013.08.29 05:33:31.244,0.72451,0.72481,2.07,1.13
2013.08.29 05:33:31.745,0.72451,0.72482,1.13,1.32
2013.08.29 05:33:38.334,0.72451,0.72479,2.25,1.13
2013.08.29 05:33:39.415,0.72453,0.72483,1.13,1.69
2013.08.29 05:33:39.723,0.72457,0.72488,1.13,1.69
2013.08.29 05:33:39.904,0.72457,0.72488,1.50,1.69
2013.08.29 05:33:40.085,0.72457,0.72484,1.13,1.13
2013.08.29 05:33:40.605,0.72457,0.72485,1.13,1.13
2013.08.29 05:33:42.237,0.72457,0.72483,1.13,1.13
2013.08.29 05:33:42.353,0.72457,0.72484,1.13,1.50
2013.08.29 05:33:42.434,0.72457,0.72484,1.13,1.50
2013.08.29 05:33:42.554,0.72457,0.72483,1.13,1.13
2013.08.29 05:33:43.105,0.72457,0.72484,1.13,1.13
2013.08.29 05:33:44.314,0.72457,0.72488,1.13,1.69
2013.08.29 05:33:44.373,0.72457,0.72489,1.13,2.44
2013.08.29 05:33:46.877,0.72457,0.72489,1.13,2.44
2013.08.29 05:33:47.215,0.72457,0.72489,1.13,2.44
2013.08.29 05:33:47.454,0.72456,0.72484,1.13,1.69
2013.08.29 05:33:49.278,0.72455,0.72484,1.50,1.50
2013.08.29 05:33:49.333,0.72455,0.72486,1.50,1.69
2013.08.29 05:33:49.734,0.72452,0.72485,1.50,1.32
2013.08.29 05:33:50.105,0.72452,0.7248,1.50,1.13
2013.08.29 05:33:50.164,0.72451,0.72478,1.69,1.13
2013.08.29 05:33:50.344,0.72446,0.72477,1.69,1.13
2013.08.29 05:33:50.525,0.72453,0.72482,1.50,1.32
2013.08.29 05:33:50.644,0.72456,0.72484,1.50,1.69
2013.08.29 05:33:50.704,0.72452,0.7248,1.13,1.13
2013.08.29 05:33:50.764,0.72452,0.7248,1.13,1.13
2013.08.29 05:33:50.944,0.72454,0.72484,1.50,1.69
2013.08.29 05:33:51.274,0.72452,0.72484,1.50,2.44
2013.08.29 05:33:51.334,0.72451,0.72484,1.50,2.44
2013.08.29 05:33:51.725,0.72451,0.72484,1.88,1.13
2013.08.29 05:33:51.784,0.72451,0.72484,1.88,1.50
2013.08.29 05:33:51.904,0.72451,0.72484,1.88,1.50
2013.08.29 05:33:52.205,0.72454,0.72484,1.50,1.13
2013.08.29 05:33:52.524,0.72452,0.72482,1.50,1.32
2013.08.29 05:33:52.704,0.72454,0.72484,1.50,2.07
2013.08.29 05:33:53.165,0.72452,0.72487,1.32,1.32
2013.08.29 05:33:53.284,0.72453,0.72481,1.32,1.13
2013.08.29 05:33:53.344,0.72451,0.72481,1.32,2.07
2013.08.29 05:33:53.404,0.72451,0.72479,1.32,1.50
2013.08.29 05:33:53.715,0.72452,0.72483,1.13,1.69
2013.08.29 05:33:54.906,0.72454,0.72483,1.13,1.69
2013.08.29 05:33:59.714,0.72454,0.72479,1.13,1.13
2013.08.29 05:34:00.074,0.7245,0.72483,1.32,1.69
2013.08.29 05:34:01.566,0.7245,0.72482,1.13,1.69
2013.08.29 05:34:01.686,0.72448,0.72478,1.50,1.69
2013.08.29 05:34:02.565,0.72444,0.72478,1.69,1.50
2013.08.29 05:34:05.214,0.72444,0.72473,1.50,1.50
2013.08.29 05:34:05.274,0.72442,0.72473,1.13,1.50
2013.08.29 05:34:06.093,0.72443,0.72473,1.50,1.69
2013.08.29 05:34:06.684,0.72442,0.72473,1.88,1.69
2013.08.29 05:34:06.795,0.72443,0.72474,1.50,1.69
2013.08.29 05:34:07.376,0.72446,0.72475,1.50,2.07
2013.08.29 05:34:08.844,0.72447,0.72477,1.50,1.32
2013.08.29 05:34:09.885,0.72447,0.72477,1.50,1.32
2013.08.29 05:34:21.237,0.72447,0.72477,1.50,1.69
2013.08.29 05:34:22.455,0.72447,0.72477,1.69,1.69
2013.08.29 05:34:25.056,0.72447,0.72478,1.50,2.82
2013.08.29 05:34:26.751,0.72447,0.72478,1.50,2.82
2013.08.29 05:34:29.057,0.72447,0.72477,1.50,1.69
2013.08.29 05:34:29.116,0.72447,0.72477,1.50,2.07
2013.08.29 05:34:29.875,0.72441,0.7247,1.69,1.50
2013.08.29 05:34:36.752,0.72439,0.72469,1.69,1.69
2013.08.29 05:34:37.920,0.72441,0.7247,1.50,2.07
2013.08.29 05:34:39.235,0.72437,0.72469,1.88,1.69
2013.08.29 05:34:42.065,0.72436,0.72466,2.07,1.13
2013.08.29 05:34:53.457,0.72439,0.72467,1.13,1.69
2013.08.29 05:34:59.171,0.72439,0.72468,1.13,2.07
2013.08.29 05:35:10.724,0.72439,0.72469,1.88,1.69
2013.08.29 05:35:11.084,0.72443,0.72471,1.13,1.69
2013.08.29 05:35:11.915,0.72443,0.72471,1.13,2.07
2013.08.29 05:35:14.285,0.72439,0.72469,1.32,1.69
2013.08.29 05:35:20.725,0.72441,0.72472,1.13,1.69
2013.08.29 05:35:28.204,0.72443,0.72472,1.13,1.69
2013.08.29 05:35:28.504,0.72445,0.72474,1.50,1.50
2013.08.29 05:35:29.305,0.72451,0.72478,1.13,1.69
2013.08.29 05:35:34.755,0.72451,0.72482,1.13,1.13
2013.08.29 05:35:35.634,0.72451,0.72478,1.13,1.50
2013.08.29 05:35:44.107,0.72451,0.72474,1.13,1.50
2013.08.29 05:35:44.415,0.72446,0.72474,1.32,1.50
2013.08.29 05:35:44.474,0.72444,0.7247,1.32,1.50
2013.08.29 05:35:44.654,0.72442,0.7247,1.13,1.50
2013.08.29 05:35:45.696,0.72442,0.7247,1.13,1.50
2013.08.29 05:35:46.525,0.72437,0.72469,2.07,1.50
2013.08.29 05:35:46.786,0.72437,0.72468,2.07,1.13
2013.08.29 05:35:47.144,0.72437,0.72459,1.13,1.13
2013.08.29 05:35:47.264,0.72434,0.7246,1.13,1.13
2013.08.29 05:35:47.796,0.72433,0.72459,1.32,1.13
2013.08.29 05:35:48.343,0.72433,0.72462,1.32,1.69
2013.08.29 05:35:49.253,0.72433,0.72462,1.32,2.44
2013.08.29 05:35:49.314,0.72433,0.72462,1.32,2.44
2013.08.29 05:35:49.825,0.72431,0.72459,1.69,1.32
2013.08.29 05:35:50.374,0.72431,0.72456,1.69,1.13
2013.08.29 05:35:51.411,0.72429,0.72456,2.07,1.13
2013.08.29 05:35:53.514,0.72427,0.72452,1.69,1.13
2013.08.29 05:35:53.574,0.72424,0.72452,1.69,1.13
2013.08.29 05:35:54.465,0.72425,0.72453,1.32,1.32
2013.08.29 05:35:55.435,0.72426,0.72454,1.69,1.50
2013.08.29 05:35:55.494,0.72429,0.72454,1.13,1.13
2013.08.29 05:35:55.994,0.72426,0.72459,2.82,1.13
2013.08.29 05:35:56.408,0.72426,0.72464,2.82,1.32
2013.08.29 05:35:56.963,0.72426,0.72457,2.44,1.13
2013.08.29 05:35:59.377,0.72426,0.72457,2.44,1.13
2013.08.29 05:35:59.834,0.72426,0.72457,1.69,1.88
2013.08.29 05:35:59.984,0.72424,0.72451,2.07,1.13
2013.08.29 05:36:00.525,0.72423,0.7245,1.32,1.13
2013.08.29 05:36:01.623,0.72424,0.72453,1.13,1.69
2013.08.29 05:36:03.306,0.7242,0.72447,1.69,1.13
2013.08.29 05:36:07.861,0.72421,0.72448,1.69,1.13
2013.08.29 05:36:08.635,0.72422,0.72448,1.50,1.32
2013.08.29 05:36:08.954,0.7243,0.72455,1.13,1.69
2013.08.29 05:36:14.685,0.72426,0.72458,1.69,1.50
2013.08.29 05:36:14.744,0.72423,0.72458,1.32,1.50
2013.08.29 05:36:14.803,0.72423,0.72458,1.32,1.50
2013.08.29 05:36:16.334,0.72422,0.72452,2.07,1.13
2013.08.29 05:36:16.917,0.72422,0.72452,1.32,1.13
2013.08.29 05:36:17.166,0.72424,0.72452,1.13,1.13
2013.08.29 05:36:17.446,0.72424,0.72453,1.13,1.13
2013.08.29 05:36:18.015,0.72425,0.72454,1.32,1.50
2013.08.29 05:36:19.065,0.72425,0.72454,1.32,1.50
2013.08.29 05:36:19.183,0.72425,0.72454,1.32,1.50
2013.08.29 05:36:20.760,0.72427,0.72455,1.13,1.13
2013.08.29 05:36:21.202,0.72428,0.72457,1.13,1.50
2013.08.29 05:36:21.566,0.72428,0.72464,1.13,2.82
2013.08.29 05:36:21.745,0.72428,0.72459,1.13,1.13
2013.08.29 05:36:21.924,0.72427,0.72464,1.32,1.69
2013.08.29 05:36:22.164,0.72426,0.72457,1.32,1.50
2013.08.29 05:36:22.486,0.72427,0.72458,1.69,1.50
2013.08.29 05:36:22.605,0.72427,0.72459,1.69,1.50
2013.08.29 05:36:22.936,0.72427,0.72459,1.32,1.69
2013.08.29 05:36:22.993,0.72428,0.72459,1.32,1.32
2013.08.29 05:36:24.656,0.72426,0.72459,1.13,2.07
2013.08.29 05:36:25.006,0.72426,0.72458,1.13,1.32
2013.08.29 05:36:28.385,0.72424,0.72454,1.13,1.50
2013.08.29 05:36:28.694,0.7242,0.72446,1.32,1.13
2013.08.29 05:36:28.927,0.72422,0.72444,1.32,1.13
2013.08.29 05:36:30.294,0.72421,0.72444,1.32,1.13
2013.08.29 05:36:30.414,0.72418,0.72444,1.32,1.13
2013.08.29 05:36:30.534,0.72417,0.72444,1.32,1.13
2013.08.29 05:36:31.225,0.72417,0.72444,1.32,1.13
2013.08.29 05:36:31.284,0.72416,0.72444,2.44,1.13
2013.08.29 05:36:32.386,0.72416,0.7244,1.69,1.13
2013.08.29 05:36:33.484,0.72416,0.72444,1.69,1.13
2013.08.29 05:36:33.664,0.72416,0.72444,1.69,1.13
2013.08.29 05:36:36.466,0.72418,0.72444,1.13,1.13
2013.08.29 05:36:37.502,0.72416,0.72444,1.32,1.50
2013.08.29 05:36:37.704,0.72415,0.72439,1.32,1.13
2013.08.29 05:36:37.764,0.72413,0.72438,1.13,1.13
2013.08.29 05:36:38.074,0.72412,0.72438,1.32,1.50
2013.08.29 05:36:38.266,0.72412,0.72438,1.13,1.50
2013.08.29 05:36:39.035,0.72412,0.72438,1.13,1.50
2013.08.29 05:36:41.235,0.72412,0.72438,1.13,1.13
2013.08.29 05:36:43.177,0.72412,0.72438,1.13,1.13
2013.08.29 05:36:43.835,0.72411,0.72438,1.13,1.13
2013.08.29 05:36:44.733,0.7241,0.72438,1.13,1.13
2013.08.29 05:36:44.794,0.7241,0.72438,1.13,1.13
2013.08.29 05:36:45.295,0.7241,0.72438,1.13,1.13
2013.08.29 05:36:45.774,0.7241,0.72438,1.13,1.32
2013.08.29 05:36:50.344,0.7241,0.72438,1.13,1.32
2013.08.29 05:36:54.788,0.7241,0.72438,1.13,1.32
2013.08.29 05:36:55.224,0.7241,0.72438,1.13,1.32
2013.08.29 05:37:00.915,0.7241,0.72438,1.13,1.69
2013.08.29 05:37:04.824,0.72406,0.72438,1.88,1.69
2013.08.29 05:37:05.824,0.72406,0.72432,1.13,1.50
2013.08.29 05:37:07.484,0.72406,0.72437,1.13,1.69
2013.08.29 05:37:07.664,0.72398,0.72434,1.32,1.69
2013.08.29 05:37:07.784,0.72397,0.72434,1.13,1.69
2013.08.29 05:37:08.295,0.72394,0.72434,2.07,1.32
2013.08.29 05:37:08.574,0.72394,0.72434,1.69,1.32
2013.08.29 05:37:09.976,0.72391,0.7242,1.32,1.13
2013.08.29 05:37:12.675,0.72391,0.72419,1.13,1.13
2013.08.29 05:37:14.114,0.72391,0.72419,1.13,1.13
2013.08.29 05:37:16.223,0.72396,0.72424,1.13,1.13
2013.08.29 05:37:16.537,0.72396,0.72427,1.50,1.32
2013.08.29 05:37:18.345,0.72396,0.72425,1.50,1.32
2013.08.29 05:37:18.554,0.72394,0.72424,1.69,1.88
2013.08.29 05:37:19.934,0.72397,0.72427,1.50,1.32
2013.08.29 05:37:19.994,0.72397,0.72427,1.50,1.32
2013.08.29 05:37:20.114,0.72397,0.72423,1.50,1.13
2013.08.29 05:37:20.294,0.72397,0.72423,1.50,1.13
2013.08.29 05:37:20.444,0.72393,0.7242,2.07,1.13
2013.08.29 05:37:20.684,0.72396,0.7243,1.50,1.32
2013.08.29 05:37:20.744,0.72396,0.7243,1.50,1.32
2013.08.29 05:37:21.255,0.72398,0.72432,1.50,1.32
2013.08.29 05:37:41.186,0.72401,0.72433,1.32,2.82
2013.08.29 05:37:52.604,0.72401,0.72433,1.32,1.50
2013.08.29 05:37:59.755,0.72401,0.72433,1.13,1.50
2013.08.29 05:38:06.334,0.72401,0.72426,1.13,1.13
2013.08.29 05:38:12.525,0.72401,0.72428,1.13,1.13
2013.08.29 05:38:20.355,0.72401,0.72433,1.13,1.69
2013.08.29 05:38:21.335,0.72397,0.72434,2.44,2.07
2013.08.29 05:38:31.415,0.724,0.72434,1.13,1.32
2013.08.29 05:38:47.494,0.72397,0.72432,1.69,1.32
2013.08.29 05:38:47.614,0.724,0.72432,1.50,1.32
2013.08.29 05:38:50.396,0.72401,0.7243,1.13,1.50
2013.08.29 05:38:51.227,0.72399,0.72429,1.32,1.50
2013.08.29 05:38:54.257,0.72398,0.72426,2.07,1.50
2013.08.29 05:38:54.465,0.72397,0.72426,1.50,1.88
2013.08.29 05:38:54.975,0.72394,0.72425,2.44,1.50
2013.08.29 05:38:55.504,0.72397,0.72427,1.50,1.69
2013.08.29 05:38:55.955,0.72394,0.72423,1.32,1.50
2013.08.29 05:38:57.458,0.72395,0.72423,1.50,2.07
2013.08.29 05:39:00.534,0.72394,0.72423,1.32,1.69
2013.08.29 05:39:01.335,0.72393,0.72423,1.69,1.50
2013.08.29 05:39:01.514,0.72392,0.72415,1.13,1.50
2013.08.29 05:39:01.754,0.7239,0.72417,1.32,1.13
2013.08.29 05:39:01.814,0.7239,0.72423,1.13,1.69
2013.08.29 05:39:02.324,0.72392,0.72424,1.69,2.07
2013.08.29 05:39:02.816,0.72391,0.72424,1.32,2.07
2013.08.29 05:39:03.274,0.72392,0.72424,1.69,1.69
2013.08.29 05:39:03.764,0.72392,0.72421,1.69,1.13
2013.08.29 05:39:04.845,0.72392,0.72424,1.69,1.69
2013.08.29 05:39:06.504,0.72393,0.72424,1.50,2.44
2013.08.29 05:39:07.106,0.72393,0.72423,1.50,1.32
2013.08.29 05:39:07.285,0.72385,0.72413,2.07,1.50
2013.08.29 05:39:07.344,0.72385,0.72415,2.07,1.50
2013.08.29 05:39:07.594,0.7239,0.72418,1.13,1.13
2013.08.29 05:39:07.924,0.72386,0.72415,2.82,1.88
2013.08.29 05:39:08.044,0.72387,0.72414,2.07,1.13
2013.08.29 05:39:08.404,0.72389,0.72418,1.69,1.50
2013.08.29 05:39:08.945,0.72389,0.72421,1.69,1.32
2013.08.29 05:39:09.769,0.72389,0.72419,1.32,1.13
2013.08.29 05:39:10.086,0.72389,0.72419,2.07,1.88
2013.08.29 05:39:10.235,0.72389,0.72418,1.69,1.13
2013.08.29 05:39:13.755,0.72388,0.72418,1.50,1.13
2013.08.29 05:39:14.185,0.72388,0.72419,1.50,1.50
2013.08.29 05:39:14.305,0.72388,0.72419,1.50,1.50
2013.08.29 05:39:15.454,0.72392,0.72422,1.13,1.32
2013.08.29 05:39:15.965,0.72395,0.72422,1.13,1.13
2013.08.29 05:39:16.155,0.72395,0.72422,1.13,1.13
2013.08.29 05:39:16.404,0.72392,0.72423,1.50,1.69
2013.08.29 05:39:16.524,0.72392,0.72423,1.50,1.32
2013.08.29 05:39:16.884,0.72396,0.72428,1.13,1.32
2013.08.29 05:39:16.944,0.72394,0.72428,1.50,1.32
2013.08.29 05:39:17.226,0.72394,0.72423,1.69,1.13
2013.08.29 05:39:17.435,0.72395,0.72423,1.69,1.13
2013.08.29 05:39:19.256,0.72395,0.72423,1.50,1.50
2013.08.29 05:39:19.434,0.72391,0.7242,2.82,1.50
2013.08.29 05:39:19.614,0.72391,0.7242,2.07,1.50
2013.08.29 05:39:20.186,0.72391,0.7242,2.07,1.50
2013.08.29 05:39:22.115,0.72391,0.72424,1.88,1.32
2013.08.29 05:39:22.895,0.72391,0.72424,1.88,1.32
2013.08.29 05:39:23.997,0.72394,0.72424,1.13,1.13
2013.08.29 05:39:29.536,0.72394,0.72424,1.32,1.13
2013.08.29 05:39:30.087,0.72394,0.72428,1.13,1.32
2013.08.29 05:39:30.367,0.72394,0.72423,1.13,1.13
2013.08.29 05:39:33.394,0.72395,0.72423,1.13,1.13
2013.08.29 05:39:35.085,0.72394,0.72423,1.32,1.50
2013.08.29 05:39:36.793,0.72394,0.72423,1.32,1.50
2013.08.29 05:39:37.745,0.72396,0.72423,1.13,1.50
2013.08.29 05:39:38.976,0.72394,0.72423,1.32,1.50
2013.08.29 05:39:42.045,0.72391,0.72423,1.32,1.69
2013.08.29 05:39:43.142,0.72392,0.72423,1.13,2.44
2013.08.29 05:39:45.595,0.72391,0.72423,1.50,1.69
2013.08.29 05:39:45.714,0.72391,0.72423,1.50,1.69
2013.08.29 05:39:46.134,0.72391,0.72407,1.13,1.13
2013.08.29 05:39:47.565,0.72386,0.72408,1.32,1.13
2013.08.29 05:39:47.944,0.72386,0.72408,1.13,1.13
2013.08.29 05:39:48.064,0.72386,0.72413,1.13,1.13
2013.08.29 05:39:51.186,0.72386,0.72413,1.50,1.69
2013.08.29 05:39:51.878,0.72386,0.72413,1.13,1.69
2013.08.29 05:39:53.522,0.72386,0.72414,1.13,1.69
2013.08.29 05:39:55.234,0.72386,0.72411,1.13,1.69
2013.08.29 05:39:55.606,0.72386,0.72411,1.13,1.32
2013.08.29 05:39:56.125,0.72381,0.72412,1.13,1.32
2013.08.29 05:39:56.184,0.72381,0.72411,1.13,1.32
2013.08.29 05:39:56.244,0.72381,0.7241,1.13,1.69
2013.08.29 05:39:56.585,0.72376,0.72408,1.13,1.69
2013.08.29 05:39:59.154,0.72376,0.72403,1.13,1.69
2013.08.29 05:39:59.786,0.72376,0.72403,1.13,1.69
2013.08.29 05:40:00.705,0.72372,0.72398,1.13,1.13
2013.08.29 05:40:01.245,0.72372,0.72398,1.13,1.13
2013.08.29 05:40:01.364,0.72367,0.72398,1.69,1.13
2013.08.29 05:40:03.224,0.72372,0.72396,1.13,1.13
2013.08.29 05:40:03.404,0.72371,0.72398,1.50,1.13
2013.08.29 05:40:03.726,0.7237,0.72399,1.13,1.69
2013.08.29 05:40:04.295,0.72368,0.72399,1.13,1.69
2013.08.29 05:40:05.066,0.72368,0.72399,1.13,1.69
2013.08.29 05:40:05.444,0.72373,0.72399,1.13,1.32
2013.08.29 05:40:05.645,0.72372,0.72398,1.13,1.32
2013.08.29 05:40:05.774,0.72368,0.72398,1.13,1.69
2013.08.29 05:40:09.256,0.72368,0.72398,1.13,1.69
2013.08.29 05:40:12.824,0.72368,0.72398,1.13,1.32
2013.08.29 05:40:12.897,0.72368,0.724,1.13,1.69
2013.08.29 05:40:13.206,0.7237,0.72401,1.50,1.69
2013.08.29 05:40:13.595,0.72369,0.72401,1.50,1.69
2013.08.29 05:40:14.325,0.72369,0.72402,1.50,1.69
2013.08.29 05:40:15.705,0.72369,0.72402,1.50,1.69
2013.08.29 05:40:16.866,0.72369,0.72398,1.50,1.50
2013.08.29 05:40:17.403,0.7237,0.72398,1.50,1.50
2013.08.29 05:40:18.185,0.72368,0.72402,1.13,1.69
2013.08.29 05:40:18.296,0.72368,0.72398,1.13,1.50
2013.08.29 05:40:22.631,0.72371,0.72398,1.50,1.13
2013.08.29 05:40:22.925,0.72371,0.72404,1.50,2.44
2013.08.29 05:40:23.195,0.72371,0.72398,1.50,1.13
2013.08.29 05:40:25.047,0.72371,0.72404,1.50,2.44
2013.08.29 05:40:25.105,0.72368,0.72399,2.07,1.69
2013.08.29 05:40:25.615,0.72368,0.72399,1.13,1.69
2013.08.29 05:40:26.602,0.72368,0.72402,1.13,1.69
2013.08.29 05:40:26.875,0.72368,0.72398,1.13,1.50
2013.08.29 05:40:38.924,0.72368,0.72394,1.13,1.13
2013.08.29 05:40:43.376,0.72367,0.72394,1.50,1.50
2013.08.29 05:40:44.805,0.72367,0.72393,1.13,1.50
2013.08.29 05:40:49.544,0.72365,0.72393,1.32,1.50
2013.08.29 05:40:50.666,0.72366,0.72394,1.88,1.32
2013.08.29 05:40:52.335,0.72366,0.72393,1.13,1.69
2013.08.29 05:41:02.875,0.72362,0.7239,1.32,1.13
2013.08.29 05:41:03.234,0.72365,0.72393,1.50,2.82
2013.08.29 05:41:03.556,0.72365,0.72391,1.50,1.32
2013.08.29 05:41:05.325,0.72366,0.72393,1.88,2.82
2013.08.29 05:41:05.474,0.72368,0.72396,1.88,1.32
2013.08.29 05:41:06.235,0.72371,0.72404,2.25,1.32
2013.08.29 05:41:07.845,0.72371,0.72403,2.25,1.32
2013.08.29 05:41:08.054,0.72371,0.72401,2.25,1.13
2013.08.29 05:41:08.565,0.72371,0.72403,1.88,2.07
2013.08.29 05:41:08.994,0.72377,0.72405,1.13,1.32
2013.08.29 05:41:09.354,0.72375,0.72408,2.25,2.44
2013.08.29 05:41:09.904,0.72379,0.72408,1.50,1.69
2013.08.29 05:41:10.314,0.72379,0.72409,1.50,1.32
2013.08.29 05:41:10.927,0.72381,0.72409,1.13,1.50
2013.08.29 05:41:10.984,0.72381,0.72409,1.13,1.13
2013.08.29 05:41:11.296,0.72381,0.72409,1.13,1.50
2013.08.29 05:41:12.230,0.72381,0.72409,1.13,1.13
2013.08.29 05:41:23.407,0.72383,0.7241,1.13,1.13
2013.08.29 05:41:23.696,0.72383,0.7241,1.13,1.13
2013.08.29 05:41:24.165,0.72381,0.72411,1.13,1.32
2013.08.29 05:41:25.605,0.72381,0.72409,1.13,1.13
2013.08.29 05:41:25.835,0.72385,0.72409,1.13,1.13
2013.08.29 05:41:27.003,0.72381,0.72409,1.13,1.13
2013.08.29 05:41:35.855,0.72386,0.72414,1.13,1.88
2013.08.29 05:41:36.184,0.72386,0.72414,1.50,1.50
2013.08.29 05:41:36.905,0.72386,0.72414,1.88,1.50
2013.08.29 05:41:37.536,0.72389,0.72414,1.13,1.50
2013.08.29 05:41:40.184,0.72389,0.72414,1.13,1.13
2013.08.29 05:41:44.216,0.7239,0.72417,1.13,1.69
2013.08.29 05:41:46.926,0.72394,0.72417,1.13,1.13
2013.08.29 05:41:46.986,0.72394,0.72421,1.13,1.13
2013.08.29 05:41:47.104,0.72397,0.72423,1.13,1.32
2013.08.29 05:41:47.366,0.72398,0.72424,1.13,1.32
2013.08.29 05:41:47.905,0.72397,0.72424,1.13,1.13
2013.08.29 05:41:53.336,0.72397,0.72427,1.13,1.32
2013.08.29 05:41:53.454,0.72399,0.72427,1.13,1.13
2013.08.29 05:41:54.595,0.72404,0.72425,1.13,1.13
2013.08.29 05:41:54.655,0.72402,0.72424,1.13,1.13
2013.08.29 05:41:55.056,0.72396,0.72423,1.13,1.50
2013.08.29 05:41:55.665,0.72394,0.72424,1.50,2.07
2013.08.29 05:41:55.844,0.72394,0.72424,1.50,2.07
2013.08.29 05:41:56.384,0.72395,0.72424,1.13,1.32
2013.08.29 05:42:17.895,0.72394,0.72427,1.50,1.32
2013.08.29 05:42:18.897,0.72392,0.72427,1.88,1.32
2013.08.29 05:42:39.425,0.72391,0.72425,1.13,1.32
2013.08.29 05:42:40.095,0.72391,0.72425,1.13,1.32
2013.08.29 05:42:41.075,0.72391,0.72425,1.13,1.13
2013.08.29 05:42:46.456,0.72391,0.72422,1.13,1.13
2013.08.29 05:42:50.687,0.7239,0.72422,1.88,1.32
2013.08.29 05:42:52.430,0.7239,0.72422,1.88,1.32
2013.08.29 05:42:55.097,0.7239,0.72423,1.88,2.82
2013.08.29 05:42:55.635,0.72391,0.72422,1.13,1.32
2013.08.29 05:42:56.603,0.72391,0.72422,1.32,1.32
2013.08.29 05:43:01.584,0.72392,0.72419,1.13,1.32
2013.08.29 05:43:02.196,0.72392,0.72419,1.13,1.32
2013.08.29 05:43:03.516,0.72392,0.72419,1.13,1.32
2013.08.29 05:43:03.735,0.72392,0.7242,1.50,1.13
2013.08.29 05:43:11.095,0.7239,0.7242,1.32,1.13
2013.08.29 05:43:12.016,0.72386,0.72419,1.88,1.13
2013.08.29 05:43:13.566,0.72392,0.72419,1.13,1.88
2013.08.29 05:43:15.977,0.72392,0.72419,1.13,1.88
2013.08.29 05:43:16.745,0.72392,0.72419,1.13,1.88
2013.08.29 05:43:18.554,0.72386,0.72418,1.32,1.32
2013.08.29 05:43:18.615,0.72386,0.72418,1.69,1.32
2013.08.29 05:43:21.044,0.72385,0.72418,1.13,1.32
2013.08.29 05:43:21.224,0.72383,0.72415,1.69,1.13
2013.08.29 05:43:24.546,0.72384,0.72419,1.13,2.07
2013.08.29 05:43:31.816,0.72384,0.72417,1.13,1.32
2013.08.29 05:43:35.265,0.72384,0.72417,1.13,1.32
2013.08.29 05:43:37.488,0.72381,0.72417,2.07,1.32
2013.08.29 05:43:38.785,0.72381,0.72417,2.07,1.69
2013.08.29 05:43:43.646,0.72381,0.72417,2.07,1.69
2013.08.29 05:43:46.156,0.72381,0.72416,2.07,1.69
2013.08.29 05:43:48.695,0.72381,0.72415,1.88,1.32
2013.08.29 05:43:51.844,0.7238,0.72414,1.69,1.69
2013.08.29 05:43:52.236,0.72381,0.72414,1.32,2.07
2013.08.29 05:43:53.006,0.7238,0.72414,1.13,2.44
2013.08.29 05:43:54.185,0.72377,0.72413,1.69,1.69
2013.08.29 05:44:00.119,0.72377,0.72411,1.69,1.13
2013.08.29 05:44:01.011,0.72377,0.72412,1.69,1.32
2013.08.29 05:44:01.074,0.72377,0.72412,1.69,1.32
2013.08.29 05:44:03.613,0.72377,0.72412,1.69,1.32
2013.08.29 05:44:14.940,0.72377,0.72408,1.13,1.13
2013.08.29 05:44:15.805,0.72374,0.72406,1.32,1.13
2013.08.29 05:44:16.406,0.72374,0.72406,1.32,1.13
2013.08.29 05:44:35.176,0.72373,0.72405,1.13,1.32
2013.08.29 05:44:36.536,0.72373,0.72405,1.13,1.32
2013.08.29 05:44:37.641,0.72375,0.72407,1.13,1.69
2013.08.29 05:44:40.844,0.72375,0.72408,1.13,1.13
2013.08.29 05:44:47.854,0.72375,0.72408,1.69,1.13
2013.08.29 05:44:48.087,0.72375,0.72408,1.69,1.13
2013.08.29 05:44:52.143,0.72376,0.72409,1.50,1.13
2013.08.29 05:44:57.454,0.72376,0.72411,1.50,1.32
2013.08.29 05:45:07.896,0.72373,0.72408,2.07,1.69
2013.08.29 05:45:10.766,0.72373,0.72409,2.07,1.32
2013.08.29 05:45:11.446,0.72374,0.72408,1.32,1.69
2013.08.29 05:45:14.995,0.72376,0.72408,1.50,1.50
2013.08.29 05:45:15.627,0.72376,0.7241,1.50,1.69
2013.08.29 05:45:17.104,0.72376,0.72414,1.50,1.69
2013.08.29 05:45:17.764,0.7238,0.72415,1.13,2.07
2013.08.29 05:45:25.206,0.72383,0.72415,1.13,2.44
2013.08.29 05:45:34.246,0.72383,0.72414,1.13,1.32
2013.08.29 05:45:42.895,0.72383,0.72413,1.13,1.69
2013.08.29 05:45:43.124,0.72383,0.72412,1.13,1.13
2013.08.29 05:45:43.697,0.72383,0.72414,1.88,1.32
2013.08.29 05:45:54.914,0.72384,0.72415,1.13,1.13
2013.08.29 05:45:54.974,0.72387,0.72415,1.50,1.13
2013.08.29 05:45:58.414,0.72387,0.72415,2.07,1.88
2013.08.29 05:45:58.534,0.72387,0.72415,1.69,1.88
2013.08.29 05:45:58.654,0.72385,0.72415,1.69,1.13
2013.08.29 05:45:58.894,0.72388,0.72415,1.32,1.13
2013.08.29 05:45:59.390,0.72386,0.72415,1.32,1.13
2013.08.29 05:45:59.624,0.72384,0.72415,1.50,1.50
2013.08.29 05:46:11.516,0.72381,0.7242,2.44,1.32
2013.08.29 05:46:18.001,0.72381,0.72419,1.50,1.69
2013.08.29 05:46:18.115,0.72386,0.72423,1.50,1.32
2013.08.29 05:46:26.707,0.72386,0.72421,1.88,1.13
2013.08.29 05:46:41.786,0.72386,0.72416,1.88,1.13
2013.08.29 05:46:42.035,0.72382,0.72409,1.13,1.88
2013.08.29 05:46:42.574,0.72379,0.72408,1.32,1.13
2013.08.29 05:46:42.947,0.72378,0.72407,1.32,1.50
2013.08.29 05:46:43.539,0.72378,0.72408,1.69,1.13
2013.08.29 05:46:44.859,0.72378,0.72407,1.32,1.50
2013.08.29 05:46:45.626,0.72378,0.72407,1.13,1.50
2013.08.29 05:46:48.379,0.72378,0.72408,1.13,2.07
2013.08.29 05:46:49.390,0.72379,0.72408,1.13,2.07
2013.08.29 05:46:49.444,0.72384,0.72411,1.13,2.07
2013.08.29 05:46:49.625,0.72384,0.72416,1.13,2.07
2013.08.29 05:46:50.407,0.72386,0.72422,1.13,2.07
2013.08.29 05:46:56.054,0.72386,0.72422,1.13,2.07
2013.08.29 05:46:57.451,0.72386,0.72422,1.50,2.07
2013.08.29 05:46:57.604,0.72385,0.72422,1.88,2.07
2013.08.29 05:46:57.914,0.72383,0.72422,1.32,2.07
2013.08.29 05:46:58.415,0.72383,0.72419,1.69,1.32
2013.08.29 05:47:00.124,0.72382,0.72416,2.07,1.13
2013.08.29 05:47:09.510,0.72382,0.72416,1.50,1.13
2013.08.29 05:47:09.836,0.72387,0.72418,1.50,1.69
2013.08.29 05:47:10.385,0.72391,0.72421,1.50,1.13
2013.08.29 05:47:10.756,0.72394,0.72423,1.50,1.69
2013.08.29 05:47:18.584,0.72389,0.72419,1.69,1.13
2013.08.29 05:47:20.166,0.72388,0.72419,1.32,1.13
2013.08.29 05:47:20.866,0.7239,0.72418,1.50,1.13
2013.08.29 05:47:26.716,0.72387,0.72418,1.69,1.13
2013.08.29 05:47:34.185,0.72387,0.72418,1.69,2.07
2013.08.29 05:47:35.265,0.72387,0.72418,1.50,2.07
2013.08.29 05:47:35.655,0.72386,0.72417,1.13,1.50
2013.08.29 05:47:35.934,0.72386,0.72417,1.88,1.13
2013.08.29 05:47:37.354,0.72386,0.72417,1.88,1.32
2013.08.29 05:47:41.736,0.72381,0.72417,2.82,1.69
2013.08.29 05:47:42.365,0.72384,0.72418,1.69,1.32
2013.08.29 05:47:44.975,0.72391,0.72419,1.50,1.50
2013.08.29 05:47:45.215,0.72392,0.72423,1.50,2.07
2013.08.29 05:47:45.336,0.72397,0.72425,1.50,2.29
2013.08.29 05:47:45.586,0.72399,0.72427,1.13,1.13
2013.08.29 05:47:46.955,0.72397,0.72427,2.44,1.13
2013.08.29 05:47:50.417,0.72397,0.72425,1.32,1.13
2013.08.29 05:47:51.396,0.72399,0.72423,1.13,1.13
2013.08.29 05:47:52.016,0.72399,0.72423,1.13,1.13
2013.08.29 05:48:01.187,0.72398,0.72424,1.13,1.13
2013.08.29 05:48:01.315,0.72399,0.72428,1.50,1.69
2013.08.29 05:48:01.375,0.72399,0.7243,1.50,1.32
2013.08.29 05:48:01.917,0.72399,0.72429,1.50,1.32
2013.08.29 05:48:02.212,0.724,0.72431,1.50,1.69
2013.08.29 05:48:03.051,0.724,0.72431,1.69,1.50
2013.08.29 05:48:04.731,0.72399,0.7243,1.32,1.50
2013.08.29 05:48:06.935,0.72404,0.72432,1.13,1.13
2013.08.29 05:48:06.995,0.72404,0.72435,1.13,1.13
2013.08.29 05:48:07.055,0.72405,0.72435,1.50,1.13
2013.08.29 05:48:07.836,0.72406,0.72436,1.32,1.13
2013.08.29 05:48:08.166,0.72405,0.72438,1.50,1.69
2013.08.29 05:48:09.225,0.72417,0.72438,1.13,1.13
2013.08.29 05:48:11.934,0.72411,0.72438,1.32,1.13
2013.08.29 05:48:12.592,0.72411,0.72438,1.32,1.13
2013.08.29 05:48:12.875,0.7241,0.72436,1.32,1.50
2013.08.29 05:48:12.935,0.72407,0.72435,2.07,1.13
2013.08.29 05:48:13.010,0.72407,0.72435,1.32,1.13
2013.08.29 05:48:13.445,0.72407,0.72436,1.32,1.13
2013.08.29 05:48:16.395,0.72406,0.72437,2.44,1.13
2013.08.29 05:48:16.626,0.72407,0.72437,1.13,1.13
2013.08.29 05:48:17.956,0.72407,0.72437,1.13,1.13
2013.08.29 05:48:19.656,0.72407,0.72438,1.32,1.13
2013.08.29 05:48:20.167,0.72407,0.72438,1.32,1.13
2013.08.29 05:48:21.864,0.72408,0.7244,1.32,1.13
2013.08.29 05:48:28.004,0.72412,0.72438,1.13,1.13
2013.08.29 05:48:31.346,0.72412,0.72438,1.13,1.13
2013.08.29 05:48:32.046,0.72412,0.72439,1.13,1.13
2013.08.29 05:48:38.746,0.72412,0.7244,1.50,1.13
2013.08.29 05:48:39.106,0.72414,0.72442,1.13,1.13
2013.08.29 05:48:40.505,0.72412,0.72441,1.32,1.13
2013.08.29 05:48:43.825,0.72412,0.7244,2.07,1.13
2013.08.29 05:48:45.676,0.72412,0.72442,2.07,1.13
2013.08.29 05:48:48.447,0.72414,0.72444,1.50,1.50
2013.08.29 05:48:48.567,0.72414,0.72444,1.50,1.13
2013.08.29 05:48:48.696,0.72412,0.72444,1.32,1.13
2013.08.29 05:48:48.966,0.72412,0.72447,1.32,1.32
2013.08.29 05:48:49.504,0.72412,0.72446,1.32,1.13
2013.08.29 05:48:50.705,0.72412,0.72445,1.32,1.13
2013.08.29 05:48:51.756,0.72412,0.72445,1.32,1.13
2013.08.29 05:48:52.746,0.72412,0.72445,1.32,1.13
2013.08.29 05:49:00.496,0.72411,0.72444,2.44,1.13
2013.08.29 05:49:00.555,0.72411,0.72444,2.44,1.13
2013.08.29 05:49:00.895,0.7241,0.72444,2.07,1.32
2013.08.29 05:49:02.045,0.7241,0.72444,2.07,1.32
2013.08.29 05:49:12.065,0.7241,0.72435,1.13,1.13
2013.08.29 05:49:14.425,0.72402,0.72435,2.44,1.13
2013.08.29 05:49:14.605,0.72402,0.72442,1.69,1.69
2013.08.29 05:49:14.906,0.72408,0.72444,1.50,1.69
2013.08.29 05:49:14.964,0.72402,0.72443,1.69,1.69
2013.08.29 05:49:15.286,0.72402,0.72443,1.69,1.69
2013.08.29 05:49:19.265,0.72402,0.72443,1.69,1.50
2013.08.29 05:49:20.195,0.72404,0.72443,1.69,2.44
2013.08.29 05:49:24.310,0.72402,0.72443,1.69,1.50
2013.08.29 05:49:26.336,0.72409,0.72443,1.13,1.50
2013.08.29 05:49:26.455,0.72408,0.72444,1.13,2.07
2013.08.29 05:49:27.826,0.72409,0.72444,1.13,2.07
2013.08.29 05:49:28.355,0.72406,0.72443,1.69,2.44
2013.08.29 05:49:31.905,0.72409,0.72442,1.32,1.69
2013.08.29 05:49:31.965,0.72409,0.72437,1.32,1.13
2013.08.29 05:49:35.157,0.72411,0.72437,1.13,1.13
2013.08.29 05:49:35.277,0.72412,0.72443,1.50,2.07
2013.08.29 05:49:35.623,0.72413,0.72443,1.50,1.32
2013.08.29 05:49:35.709,0.72412,0.72448,1.69,1.69
2013.08.29 05:49:38.735,0.72412,0.72448,1.50,1.69
2013.08.29 05:49:38.795,0.72412,0.72448,1.50,1.69
2013.08.29 05:49:39.115,0.72406,0.72438,1.69,1.13
2013.08.29 05:49:39.618,0.72406,0.72446,1.69,1.69
2013.08.29 05:49:41.706,0.72406,0.72446,1.50,1.69
2013.08.29 05:49:44.216,0.72406,0.72445,1.69,1.69
2013.08.29 05:49:45.556,0.72402,0.72443,2.44,1.69
2013.08.29 05:49:50.575,0.72402,0.72437,1.32,1.13
2013.08.29 05:49:51.645,0.72402,0.72437,1.32,1.32
2013.08.29 05:49:53.786,0.72402,0.72434,1.13,1.13
2013.08.29 05:50:02.325,0.72401,0.72428,1.13,1.13
2013.08.29 05:50:02.386,0.72397,0.72428,1.69,1.50
2013.08.29 05:50:02.445,0.72397,0.72431,1.50,1.32
2013.08.29 05:50:02.746,0.72395,0.72427,1.32,1.13
2013.08.29 05:50:04.726,0.72396,0.72427,1.69,1.32
2013.08.29 05:50:05.823,0.72397,0.72427,1.69,1.32
2013.08.29 05:50:05.885,0.72396,0.72427,2.44,1.32
2013.08.29 05:50:05.945,0.72396,0.72427,1.69,1.13
2013.08.29 05:50:06.656,0.72396,0.72427,1.69,1.13
2013.08.29 05:50:07.275,0.72396,0.72427,1.69,1.13
2013.08.29 05:50:08.776,0.72396,0.72427,1.50,1.13
2013.08.29 05:50:09.516,0.72396,0.72427,1.50,1.13
2013.08.29 05:50:18.665,0.72395,0.72429,1.32,1.32
2013.08.29 05:50:26.967,0.72395,0.72427,1.32,1.32
2013.08.29 05:50:27.365,0.72395,0.72426,1.13,1.69
2013.08.29 05:50:27.695,0.72387,0.72426,1.69,1.69
2013.08.29 05:50:27.815,0.72386,0.72427,1.69,1.69
2013.08.29 05:50:28.005,0.72386,0.72427,1.69,1.69
2013.08.29 05:50:31.095,0.72386,0.72427,1.69,1.69
2013.08.29 05:50:31.886,0.72387,0.72427,1.32,1.69
2013.08.29 05:50:32.275,0.72394,0.72428,1.13,1.13
2013.08.29 05:50:38.787,0.72394,0.72428,1.13,2.07
2013.08.29 05:50:41.596,0.72394,0.72412,1.13,1.13
2013.08.29 05:50:42.855,0.72394,0.72426,1.13,1.69
2013.08.29 05:50:49.562,0.72391,0.72427,1.13,1.69
2013.08.29 05:50:50.225,0.72391,0.72426,1.13,1.32
2013.08.29 05:50:51.646,0.72391,0.7242,1.13,1.13
2013.08.29 05:50:52.746,0.72391,0.72412,1.13,1.13
2013.08.29 05:50:53.555,0.72391,0.72414,1.13,1.13
2013.08.29 05:50:54.085,0.72391,0.72424,1.13,1.69
2013.08.29 05:50:54.205,0.72391,0.72424,1.13,1.69
2013.08.29 05:50:59.135,0.72391,0.72424,2.07,2.07
2013.08.29 05:51:03.196,0.72391,0.72424,2.44,2.44
2013.08.29 05:51:04.365,0.72393,0.72424,1.69,1.69
2013.08.29 05:51:07.715,0.72395,0.72425,1.50,2.07
2013.08.29 05:51:08.035,0.72392,0.72424,1.32,1.69
2013.08.29 05:51:08.215,0.72392,0.72423,1.69,2.07
2013.08.29 05:51:14.326,0.72392,0.72422,1.69,1.13
2013.08.29 05:51:17.132,0.72393,0.72423,1.69,1.13
2013.08.29 05:51:19.837,0.72391,0.72423,2.07,1.13
2013.08.29 05:51:20.426,0.72392,0.72423,1.69,1.13
2013.08.29 05:51:22.647,0.72391,0.72424,1.69,1.50
2013.08.29 05:51:28.264,0.72393,0.72424,1.69,1.69
2013.08.29 05:51:30.366,0.72394,0.72424,1.69,1.69
2013.08.29 05:51:35.287,0.72391,0.72424,2.82,1.32
2013.08.29 05:51:41.097,0.72393,0.72424,1.69,1.32
2013.08.29 05:51:45.565,0.72392,0.72424,2.07,1.13
2013.08.29 05:51:45.936,0.72394,0.72431,1.69,2.07
2013.08.29 05:51:45.995,0.72397,0.72431,1.50,2.07
2013.08.29 05:51:46.235,0.72397,0.72431,1.50,1.32
2013.08.29 05:51:50.625,0.724,0.72428,1.50,1.13
2013.08.29 05:51:51.166,0.72399,0.72429,1.50,1.69
2013.08.29 05:51:58.935,0.72397,0.72428,1.69,1.13
2013.08.29 05:52:08.396,0.72397,0.72431,3.19,1.32
2013.08.29 05:52:10.026,0.72397,0.72424,2.44,1.13
2013.08.29 05:52:10.265,0.72396,0.72429,1.32,2.44
2013.08.29 05:52:11.836,0.72397,0.7242,1.32,1.13
2013.08.29 05:52:15.096,0.72397,0.7242,1.32,1.13
2013.08.29 05:52:20.905,0.72397,0.72423,1.13,2.07
2013.08.29 05:52:22.836,0.72393,0.72422,2.82,1.13
2013.08.29 05:52:23.155,0.72396,0.72424,1.50,1.32
2013.08.29 05:52:28.261,0.72393,0.72423,1.32,1.50
2013.08.29 05:52:30.587,0.72393,0.72419,1.69,1.13
2013.08.29 05:52:31.798,0.72393,0.72423,1.69,1.69
2013.08.29 05:52:32.326,0.72395,0.72423,1.32,1.50
2013.08.29 05:52:32.510,0.72395,0.72425,2.07,2.07
2013.08.29 05:52:33.092,0.72396,0.72425,1.69,1.88
2013.08.29 05:52:33.474,0.72397,0.72427,1.32,1.69
2013.08.29 05:52:34.465,0.72399,0.72428,1.69,2.44
2013.08.29 05:52:38.226,0.72399,0.72428,1.69,1.50
2013.08.29 05:52:42.647,0.72401,0.72432,1.69,2.44
2013.08.29 05:52:45.446,0.72401,0.72432,1.69,1.50
2013.08.29 05:52:50.526,0.72406,0.72434,1.50,2.44
2013.08.29 05:52:52.216,0.72406,0.72434,1.50,2.44
2013.08.29 05:52:58.995,0.72406,0.72438,1.69,1.69
2013.08.29 05:52:59.256,0.72408,0.72438,1.88,2.07
2013.08.29 05:53:00.315,0.72408,0.72438,2.07,1.69
2013.08.29 05:53:13.266,0.7241,0.72439,1.69,1.50
2013.08.29 05:53:24.487,0.72411,0.7244,1.50,1.69
2013.08.29 05:53:25.496,0.72411,0.72441,1.50,1.32
2013.08.29 05:53:33.123,0.72411,0.72441,1.50,1.32
2013.08.29 05:53:33.683,0.72411,0.72443,1.69,1.32
2013.08.29 05:53:37.976,0.72411,0.72441,1.69,1.69
2013.08.29 05:53:38.637,0.72411,0.72441,1.50,1.69
2013.08.29 05:53:40.070,0.7241,0.72441,1.13,1.69
2013.08.29 05:53:40.227,0.72411,0.72441,1.50,1.69
2013.08.29 05:53:40.787,0.72411,0.72441,1.50,2.07
2013.08.29 05:53:40.937,0.72411,0.72441,1.50,1.32
2013.08.29 05:53:41.117,0.72411,0.72441,1.50,2.07
2013.08.29 05:53:41.777,0.7241,0.7244,1.13,1.32
2013.08.29 05:53:43.723,0.72412,0.72442,1.50,1.32
2013.08.29 05:53:45.575,0.72412,0.72442,1.50,1.50
2013.08.29 05:53:56.285,0.72412,0.72442,1.50,1.69
2013.08.29 05:53:56.736,0.72412,0.72442,1.50,1.69
2013.08.29 05:53:57.840,0.72412,0.72442,1.50,1.69
2013.08.29 05:54:03.989,0.72412,0.72441,1.50,1.69
2013.08.29 05:54:07.304,0.72412,0.72442,1.50,2.44
2013.08.29 05:54:08.885,0.72409,0.72439,1.13,1.13
2013.08.29 05:54:22.175,0.72408,0.72438,1.50,1.69
2013.08.29 05:54:27.370,0.72408,0.72438,1.69,1.88
2013.08.29 05:54:27.905,0.72412,0.72438,1.50,1.13
2013.08.29 05:54:29.025,0.72412,0.72438,1.50,1.13
2013.08.29 05:54:29.659,0.72412,0.72438,1.69,1.13
2013.08.29 05:54:29.776,0.72412,0.72438,1.69,1.13
2013.08.29 05:54:32.995,0.72412,0.72439,1.69,1.13
2013.08.29 05:54:33.117,0.72413,0.72444,1.69,2.82
2013.08.29 05:54:34.422,0.72413,0.72444,1.69,2.82
2013.08.29 05:54:35.470,0.72414,0.72443,1.69,1.50
2013.08.29 05:54:36.223,0.72414,0.72443,1.69,1.50
2013.08.29 05:54:37.688,0.72412,0.72441,1.69,1.13
2013.08.29 05:54:39.696,0.72411,0.72441,1.50,2.07
2013.08.29 05:54:39.816,0.72412,0.7244,1.50,1.32
2013.08.29 05:54:42.186,0.72411,0.72441,1.69,1.50
2013.08.29 05:54:43.442,0.72411,0.72441,1.50,1.50
2013.08.29 05:54:45.466,0.72411,0.72442,1.50,1.13
2013.08.29 05:54:46.867,0.72411,0.72443,1.50,1.50
2013.08.29 05:54:50.367,0.72411,0.72441,2.07,1.50
2013.08.29 05:55:16.197,0.72411,0.72441,1.69,2.07
2013.08.29 05:55:16.857,0.72411,0.72439,1.69,1.13
2013.08.29 05:55:17.156,0.7241,0.72437,1.13,1.32
2013.08.29 05:55:17.456,0.72411,0.72438,1.50,1.13
2013.08.29 05:55:28.588,0.72412,0.72441,1.50,1.32
2013.08.29 05:55:34.156,0.72416,0.72442,1.50,1.69
2013.08.29 05:55:35.973,0.72416,0.72442,1.50,1.69
2013.08.29 05:55:37.376,0.72412,0.72441,1.69,1.32
2013.08.29 05:55:45.625,0.72412,0.72443,1.88,1.50
2013.08.29 05:55:46.198,0.72415,0.72445,1.50,1.32
2013.08.29 05:55:49.096,0.72416,0.72446,1.13,1.32
2013.08.29 05:55:50.485,0.72416,0.72445,1.13,1.69
2013.08.29 05:55:52.038,0.72416,0.72443,1.13,1.32
2013.08.29 05:55:54.237,0.72416,0.72443,1.13,1.13
2013.08.29 05:55:55.698,0.72416,0.72443,1.13,1.88
2013.08.29 05:55:56.707,0.72416,0.72443,1.13,1.50
2013.08.29 05:55:59.395,0.72413,0.7244,1.13,1.88
2013.08.29 05:56:05.220,0.72412,0.7244,1.69,1.88
2013.08.29 05:56:14.095,0.72413,0.7244,1.50,1.13
2013.08.29 05:56:14.636,0.72413,0.72441,1.50,1.13
2013.08.29 05:56:15.146,0.72417,0.72443,1.50,1.69
2013.08.29 05:56:17.437,0.72417,0.72443,1.50,1.69
2013.08.29 05:56:23.227,0.72417,0.72443,1.50,1.13
2013.08.29 05:56:27.340,0.72417,0.72443,1.50,1.13
2013.08.29 05:56:35.745,0.72417,0.72443,1.69,1.13
2013.08.29 05:56:44.503,0.72417,0.72443,1.50,1.13
2013.08.29 05:56:45.497,0.72417,0.72443,1.50,1.13
2013.08.29 05:56:45.706,0.72419,0.72447,1.50,1.69
2013.08.29 05:56:45.766,0.72419,0.72447,1.50,1.69
2013.08.29 05:56:46.950,0.72419,0.72447,1.50,1.32
2013.08.29 05:56:53.590,0.7242,0.7245,1.50,1.32
2013.08.29 05:56:53.650,0.7242,0.72449,1.50,1.32
2013.08.29 05:56:56.489,0.72416,0.72445,1.69,1.13
2013.08.29 05:56:56.848,0.72416,0.72444,1.69,1.13
2013.08.29 05:56:58.381,0.72416,0.72444,1.69,1.13
2013.08.29 05:56:58.439,0.72417,0.72447,1.50,2.07
2013.08.29 05:56:58.559,0.72416,0.72444,1.69,1.13
2013.08.29 05:56:59.110,0.72416,0.72444,1.69,1.13
2013.08.29 05:57:00.250,0.72416,0.72444,1.69,1.13
2013.08.29 05:57:03.441,0.72416,0.72444,1.50,1.32
2013.08.29 05:57:04.108,0.72416,0.72444,1.50,1.32
2013.08.29 05:57:06.740,0.72416,0.72444,1.50,1.32
2013.08.29 05:57:08.533,0.72416,0.72444,1.50,1.32
2013.08.29 05:57:10.569,0.72417,0.72446,1.50,1.32
2013.08.29 05:57:10.831,0.72417,0.72447,1.69,1.69
2013.08.29 05:57:10.949,0.72421,0.72449,1.50,2.44
2013.08.29 05:57:11.069,0.72421,0.72449,1.50,1.69
2013.08.29 05:57:11.250,0.72421,0.72449,1.50,1.32
2013.08.29 05:57:11.308,0.72421,0.72449,1.50,1.32
2013.08.29 05:57:12.080,0.72421,0.72449,1.50,1.32
2013.08.29 05:57:16.140,0.72421,0.72449,1.50,2.07
2013.08.29 05:57:17.430,0.72421,0.72449,1.50,2.07
2013.08.29 05:57:24.369,0.72421,0.72449,1.50,1.32
2013.08.29 05:57:25.281,0.72421,0.72449,1.50,1.32
2013.08.29 05:57:26.188,0.72419,0.72449,1.13,2.07
2013.08.29 05:57:28.099,0.72425,0.7245,1.50,1.32
2013.08.29 05:57:28.219,0.72425,0.72454,1.50,2.44
2013.08.29 05:57:28.459,0.72421,0.72454,2.07,2.44
2013.08.29 05:57:29.079,0.72421,0.72454,2.07,2.44
2013.08.29 05:57:31.899,0.72421,0.72451,2.07,1.32
2013.08.29 05:57:32.011,0.72421,0.72451,2.07,2.07
2013.08.29 05:57:32.298,0.72421,0.72448,1.69,1.13
2013.08.29 05:57:33.240,0.72422,0.72449,1.13,1.69
2013.08.29 05:57:34.104,0.72422,0.72448,1.32,1.69
2013.08.29 05:57:34.459,0.72421,0.72445,1.32,1.13
2013.08.29 05:57:34.919,0.72419,0.72444,1.69,1.13
2013.08.29 05:57:36.118,0.72419,0.72444,1.69,1.13
2013.08.29 05:57:37.588,0.72418,0.72444,1.69,1.13
2013.08.29 05:57:40.531,0.72417,0.72444,1.69,1.13
2013.08.29 05:57:41.048,0.72413,0.72444,2.07,1.32
2013.08.29 05:57:41.108,0.72413,0.72444,1.69,1.32
2013.08.29 05:57:41.281,0.72413,0.72444,1.69,1.32
2013.08.29 05:57:41.678,0.72409,0.72442,1.69,1.13
2013.08.29 05:57:41.798,0.72409,0.72441,1.69,1.50
2013.08.29 05:57:44.021,0.72409,0.72439,1.69,1.13
2013.08.29 05:57:47.550,0.72408,0.72439,2.07,1.13
2013.08.29 05:57:59.582,0.72411,0.7244,1.50,1.13
2013.08.29 05:58:02.220,0.72411,0.7244,1.50,1.13
2013.08.29 05:58:02.830,0.72411,0.72444,1.50,2.82
2013.08.29 05:58:02.889,0.72411,0.72444,1.50,2.44
2013.08.29 05:58:02.949,0.72411,0.72444,1.50,1.32
2013.08.29 05:58:03.309,0.72411,0.72444,2.07,1.13
2013.08.29 05:58:04.001,0.72411,0.72444,2.07,1.13
2013.08.29 05:58:08.778,0.72413,0.72444,1.69,1.32
2013.08.29 05:58:09.320,0.72412,0.72444,1.69,1.69
2013.08.29 05:58:10.414,0.72413,0.72445,1.69,1.88
2013.08.29 05:58:10.689,0.72417,0.72446,1.50,1.32
2013.08.29 05:58:10.891,0.72417,0.72446,1.50,1.32
2013.08.29 05:58:11.707,0.72417,0.72449,1.69,1.32
2013.08.29 05:58:12.051,0.72419,0.72449,1.69,1.13
2013.08.29 05:58:14.259,0.72419,0.7245,2.44,1.13
2013.08.29 05:58:15.109,0.7242,0.72452,1.69,1.13
2013.08.29 05:58:15.511,0.72424,0.72452,1.50,1.13
2013.08.29 05:58:16.976,0.72425,0.72456,1.69,2.44
2013.08.29 05:58:17.378,0.72423,0.72453,1.69,2.07
2013.08.29 05:58:17.439,0.72421,0.72453,1.32,1.88
2013.08.29 05:58:18.051,0.72422,0.72455,1.50,1.69
2013.08.29 05:58:18.289,0.72422,0.72456,1.50,1.69
2013.08.29 05:58:18.349,0.72422,0.72457,1.50,2.44
2013.08.29 05:58:19.141,0.72427,0.72457,1.50,1.13
2013.08.29 05:58:19.938,0.72421,0.72455,2.44,1.13
2013.08.29 05:58:20.058,0.72421,0.72455,1.69,1.13
2013.08.29 05:58:22.776,0.72421,0.72452,2.07,1.69
2013.08.29 05:58:23.666,0.72421,0.72455,2.07,1.69
2013.08.29 05:58:24.198,0.72421,0.72453,2.07,1.32
2013.08.29 05:58:24.614,0.72421,0.72455,1.69,1.32
2013.08.29 05:58:24.969,0.72423,0.72457,1.13,2.07
2013.08.29 05:58:25.760,0.72426,0.72456,1.50,1.13
2013.08.29 05:58:28.588,0.72426,0.72456,1.13,1.32
2013.08.29 05:58:32.670,0.72426,0.72453,1.13,1.13
2013.08.29 05:58:33.872,0.72426,0.72452,1.13,1.13
2013.08.29 05:58:34.288,0.72419,0.72449,1.13,1.50
2013.08.29 05:58:34.539,0.72418,0.72449,1.32,2.44
2013.08.29 05:58:34.849,0.72417,0.72445,1.13,1.32
2013.08.29 05:58:35.080,0.72417,0.72443,1.13,1.13
2013.08.29 05:58:35.930,0.72417,0.72442,1.13,1.32
2013.08.29 05:58:42.332,0.72417,0.72442,1.13,1.32
2013.08.29 05:58:42.449,0.72417,0.72443,1.13,1.32
2013.08.29 05:58:43.650,0.72418,0.72443,1.13,1.32
2013.08.29 05:58:45.251,0.72418,0.72444,1.13,1.69
2013.08.29 05:58:45.308,0.72416,0.72444,1.13,1.69
2013.08.29 05:58:45.601,0.72416,0.72443,1.13,1.13
2013.08.29 05:58:45.839,0.72416,0.72442,1.13,1.13
2013.08.29 05:58:46.551,0.72418,0.72445,1.13,1.32
2013.08.29 05:58:51.449,0.72412,0.72441,1.92,1.32
2013.08.29 05:58:51.719,0.72412,0.72441,1.92,1.32
2013.08.29 05:58:54.679,0.72412,0.72439,1.92,1.13
2013.08.29 05:58:55.198,0.72412,0.7244,1.92,1.32
2013.08.29 05:58:57.209,0.72412,0.72439,1.13,1.32
2013.08.29 05:59:09.288,0.72412,0.72441,1.13,1.32
2013.08.29 05:59:17.038,0.72412,0.7244,1.32,1.32
2013.08.29 05:59:17.639,0.72412,0.72438,1.32,1.13
2013.08.29 05:59:19.080,0.72412,0.72436,1.13,3.19
2013.08.29 05:59:24.810,0.72412,0.72434,1.50,2.44
2013.08.29 05:59:25.170,0.72421,0.72442,1.13,2.25
2013.08.29 05:59:25.230,0.72421,0.72442,1.13,2.25
2013.08.29 05:59:25.591,0.72421,0.72443,1.13,1.69
2013.08.29 05:59:26.560,0.72416,0.72443,3.00,3.00
2013.08.29 05:59:27.498,0.72421,0.72443,1.13,3.00
2013.08.29 05:59:28.010,0.72421,0.72445,1.88,2.44
2013.08.29 05:59:28.331,0.72422,0.72445,1.50,2.44
2013.08.29 05:59:29.010,0.72422,0.72446,1.50,2.44
2013.08.29 05:59:29.487,0.72421,0.72446,1.88,2.44
2013.08.29 05:59:29.799,0.72421,0.72446,1.13,2.44
2013.08.29 05:59:30.146,0.72421,0.72446,2.25,2.44
2013.08.29 05:59:30.449,0.72423,0.72446,1.13,2.44
2013.08.29 05:59:30.991,0.72423,0.72448,1.13,2.44
2013.08.29 05:59:31.544,0.72423,0.72446,1.13,2.44
2013.08.29 05:59:34.039,0.7243,0.72448,1.13,2.44
2013.08.29 05:59:34.588,0.72426,0.72448,1.13,2.25
2013.08.29 05:59:35.130,0.7243,0.72448,1.13,2.25
2013.08.29 05:59:35.990,0.7243,0.72449,1.13,2.44
2013.08.29 05:59:36.350,0.7243,0.72451,1.13,2.44
2013.08.29 05:59:37.560,0.7243,0.72451,1.13,2.44
2013.08.29 05:59:37.738,0.7243,0.72447,1.13,2.44
2013.08.29 05:59:38.110,0.72426,0.72446,1.13,1.69
2013.08.29 05:59:39.050,0.72425,0.72446,1.13,1.69
2013.08.29 05:59:39.229,0.72422,0.72447,1.13,3.19
2013.08.29 05:59:39.289,0.72422,0.72445,1.13,2.44
2013.08.29 05:59:39.650,0.72407,0.72437,1.32,1.13
2013.08.29 05:59:39.951,0.72407,0.72431,1.13,1.69
2013.08.29 05:59:40.069,0.72407,0.72431,1.88,1.69
2013.08.29 05:59:40.310,0.72409,0.72431,1.13,1.69
2013.08.29 05:59:40.430,0.72409,0.72432,1.13,2.44
2013.08.29 05:59:40.489,0.72409,0.72434,1.13,3.19
2013.08.29 05:59:40.617,0.7241,0.72434,1.13,3.19
2013.08.29 05:59:40.919,0.7241,0.72436,1.13,1.69
2013.08.29 05:59:40.979,0.72408,0.72436,1.13,2.07
2013.08.29 05:59:41.356,0.72409,0.72436,1.13,1.69
2013.08.29 05:59:41.850,0.7241,0.72434,1.88,2.44
2013.08.29 05:59:43.080,0.7241,0.72438,1.88,2.44
2013.08.29 05:59:43.749,0.72412,0.72438,1.13,2.44
2013.08.29 05:59:43.989,0.72412,0.72438,1.13,2.44
2013.08.29 05:59:44.419,0.72413,0.72438,1.13,2.44
2013.08.29 05:59:44.491,0.72411,0.72438,1.13,2.44
2013.08.29 05:59:44.581,0.72411,0.72438,1.13,2.44
2013.08.29 05:59:44.969,0.7241,0.72436,1.13,3.00
2013.08.29 05:59:45.570,0.72411,0.72436,1.13,3.00
2013.08.29 05:59:47.102,0.72411,0.72436,1.13,3.00
2013.08.29 05:59:47.409,0.7241,0.72434,1.13,1.50
2013.08.29 05:59:47.589,0.72404,0.72432,1.50,1.50
2013.08.29 05:59:47.829,0.72406,0.72428,1.13,3.19
2013.08.29 05:59:48.392,0.72405,0.72429,1.50,2.44
2013.08.29 05:59:49.430,0.72405,0.72429,1.13,2.44
2013.08.29 05:59:49.589,0.72405,0.72429,1.13,2.44
2013.08.29 05:59:50.429,0.72407,0.72431,1.13,2.44
2013.08.29 05:59:50.591,0.7241,0.72434,1.13,2.44
2013.08.29 05:59:50.981,0.72411,0.72434,1.50,2.44
2013.08.29 05:59:51.549,0.72406,0.72431,1.13,2.44
2013.08.29 05:59:52.600,0.72406,0.7243,1.13,2.44
2013.08.29 05:59:54.259,0.72406,0.72432,1.13,2.44
2013.08.29 05:59:55.718,0.72406,0.72431,1.13,2.44
2013.08.29 05:59:56.139,0.72405,0.72431,1.13,3.19
2013.08.29 05:59:56.526,0.72405,0.72428,1.13,2.44
