2016.12.27 17:00:00.772,0.70835,0.70851,1.00,1.00
2016.12.27 17:00:02.534,0.70835,0.70852,1.50,1.00
2016.12.27 17:00:03.060,0.70836,0.70852,1.00,1.00
2016.12.27 17:00:04.564,0.70835,0.70848,1.00,1.00
2016.12.27 17:00:04.614,0.70832,0.70848,1.00,1.00
2016.12.27 17:00:05.250,0.70831,0.70849,1.50,1.00
2016.12.27 17:00:05.840,0.70831,0.70848,1.00,1.00
2016.12.27 17:00:17.555,0.7083,0.70846,1.00,1.00
2016.12.27 17:00:25.223,0.7083,0.70848,1.00,1.00
2016.12.27 17:00:31.739,0.70832,0.70848,1.00,1.00
2016.12.27 17:00:31.790,0.7083,0.70848,1.00,1.00
2016.12.27 17:00:31.841,0.70832,0.70848,1.00,1.00
2016.12.27 17:00:39.559,0.70832,0.70847,1.00,1.00
2016.12.27 17:00:50.500,0.70832,0.70848,1.00,1.00
2016.12.27 17:01:03.613,0.70831,0.70848,1.00,1.00
2016.12.27 17:01:04.099,0.70831,0.70845,1.00,1.00
2016.12.27 17:01:05.084,0.70831,0.70846,1.00,1.00
2016.12.27 17:01:09.612,0.70831,0.70847,1.00,1.00
2016.12.27 17:01:11.591,0.70829,0.70847,1.00,1.00
2016.12.27 17:01:15.884,0.70829,0.70846,1.50,1.00
2016.12.27 17:01:16.431,0.70828,0.70845,1.00,1.00
2016.12.27 17:01:16.807,0.70826,0.70845,1.00,1.00
2016.12.27 17:01:18.050,0.70826,0.70843,1.00,1.00
2016.12.27 17:01:19.169,0.70827,0.70844,1.00,1.00
2016.12.27 17:01:19.794,0.70828,0.70845,1.00,1.00
2016.12.27 17:01:24.633,0.70828,0.70844,1.00,1.00
2016.12.27 17:01:27.423,0.70827,0.70844,1.00,1.00
2016.12.27 17:01:30.502,0.70827,0.70846,1.50,1.00
2016.12.27 17:01:30.553,0.70829,0.70846,1.00,1.00
2016.12.27 17:01:31.498,0.70828,0.70845,1.50,1.00
2016.12.27 17:01:39.876,0.70829,0.70847,1.00,1.00
2016.12.27 17:01:40.393,0.70828,0.70846,1.50,1.00
2016.12.27 17:01:43.393,0.70829,0.70847,1.00,1.00
2016.12.27 17:01:43.746,0.7083,0.7085,1.00,1.00
2016.12.27 17:01:43.998,0.70832,0.70849,1.00,1.00
2016.12.27 17:01:44.972,0.70832,0.7085,1.00,1.00
2016.12.27 17:01:47.912,0.70832,0.70851,1.00,1.00
2016.12.27 17:01:48.431,0.70833,0.70851,1.00,1.00
2016.12.27 17:01:49.700,0.70833,0.70849,1.50,1.00
2016.12.27 17:01:50.100,0.70833,0.70851,1.50,1.00
2016.12.27 17:02:09.726,0.70833,0.70849,1.00,1.00
2016.12.27 17:02:10.774,0.70832,0.70851,1.00,1.00
2016.12.27 17:02:11.313,0.70832,0.7085,1.00,1.00
2016.12.27 17:02:16.577,0.70831,0.7085,1.50,1.00
2016.12.27 17:02:16.678,0.70833,0.70851,1.50,1.00
2016.12.27 17:02:21.716,0.70834,0.70852,1.00,1.00
2016.12.27 17:02:22.257,0.70837,0.70853,1.00,1.00
2016.12.27 17:02:23.726,0.70836,0.70853,1.00,1.00
2016.12.27 17:02:24.753,0.70836,0.70854,1.00,1.00
2016.12.27 17:02:26.962,0.70835,0.70853,1.00,1.00
2016.12.27 17:02:32.666,0.70836,0.70853,1.00,1.00
2016.12.27 17:02:33.350,0.70835,0.70853,1.50,1.00
2016.12.27 17:02:38.257,0.70836,0.70853,1.00,1.00
2016.12.27 17:02:38.964,0.70835,0.70853,1.00,1.00
2016.12.27 17:02:39.782,0.70835,0.70854,1.00,1.00
2016.12.27 17:02:42.132,0.70835,0.70853,1.50,1.00
2016.12.27 17:02:42.925,0.70835,0.70852,1.00,1.00
2016.12.27 17:02:48.053,0.70835,0.70853,1.50,1.00
2016.12.27 17:02:48.408,0.70834,0.7085,1.00,1.00
2016.12.27 17:02:49.022,0.70833,0.70849,1.00,1.00
2016.12.27 17:02:49.173,0.70833,0.70851,1.50,1.00
2016.12.27 17:02:49.324,0.70835,0.70852,1.00,1.00
2016.12.27 17:02:49.857,0.70835,0.70853,1.50,1.00
2016.12.27 17:03:24.873,0.70836,0.70853,1.00,1.00
2016.12.27 17:03:27.156,0.70835,0.70853,2.25,1.00
2016.12.27 17:03:43.373,0.70835,0.70854,2.25,1.00
2016.12.27 17:03:52.929,0.70835,0.70853,1.50,1.00
2016.12.27 17:03:56.059,0.70837,0.70853,1.00,1.00
2016.12.27 17:03:56.318,0.70835,0.70853,1.00,1.00
2016.12.27 17:03:57.225,0.70837,0.70853,1.00,1.00
2016.12.27 17:04:03.540,0.70836,0.70855,1.00,1.00
2016.12.27 17:04:04.053,0.70837,0.70855,1.00,1.00
2016.12.27 17:04:04.328,0.70839,0.70855,1.00,1.00
2016.12.27 17:04:08.439,0.70837,0.70855,1.00,1.00
2016.12.27 17:04:31.053,0.70837,0.70854,1.00,1.00
2016.12.27 17:04:31.117,0.70835,0.70853,1.50,1.00
2016.12.27 17:04:33.173,0.70836,0.70854,1.00,1.00
2016.12.27 17:04:33.750,0.70837,0.70855,1.00,1.00
2016.12.27 17:04:37.836,0.70838,0.70856,1.00,1.00
2016.12.27 17:04:39.025,0.70837,0.70856,1.00,1.00
2016.12.27 17:04:40.026,0.70838,0.70854,1.00,1.00
2016.12.27 17:04:53.051,0.70837,0.70856,1.00,1.00
2016.12.27 17:04:55.053,0.70837,0.70855,1.00,1.00
2016.12.27 17:04:57.778,0.70836,0.70854,1.00,1.00
2016.12.27 17:05:00.383,0.70835,0.70853,1.50,1.00
2016.12.27 17:05:01.776,0.70835,0.70854,1.00,1.00
2016.12.27 17:05:02.214,0.70833,0.70854,1.00,1.00
2016.12.27 17:05:02.912,0.70832,0.70854,1.50,1.00
2016.12.27 17:05:03.456,0.70833,0.70855,1.00,1.12
2016.12.27 17:05:04.005,0.70832,0.70855,2.25,1.00
2016.12.27 17:05:10.082,0.70833,0.70855,1.00,1.00
2016.12.27 17:05:14.499,0.70832,0.70854,2.25,1.00
2016.12.27 17:05:15.101,0.70831,0.70854,2.25,1.00
2016.12.27 17:05:15.581,0.70831,0.70851,1.50,1.00
2016.12.27 17:05:16.142,0.70834,0.70855,1.00,1.12
2016.12.27 17:05:16.260,0.70836,0.70855,1.00,1.00
2016.12.27 17:05:16.820,0.70835,0.70855,1.00,1.00
2016.12.27 17:05:17.237,0.70833,0.70853,1.00,1.00
2016.12.27 17:05:17.811,0.70834,0.70853,1.00,1.00
2016.12.27 17:05:18.395,0.70834,0.70852,1.00,1.00
2016.12.27 17:05:24.097,0.70831,0.70852,1.12,1.00
2016.12.27 17:05:24.198,0.70835,0.70856,1.50,1.87
2016.12.27 17:05:24.299,0.70837,0.70859,1.00,1.12
2016.12.27 17:05:24.350,0.70841,0.70859,1.00,1.12
2016.12.27 17:05:36.657,0.70841,0.70862,1.00,1.00
2016.12.27 17:05:36.708,0.70838,0.70858,1.00,1.00
2016.12.27 17:05:36.859,0.70831,0.70856,1.37,1.00
2016.12.27 17:05:36.960,0.70831,0.70856,1.87,1.00
2016.12.27 17:05:38.159,0.70831,0.70855,1.87,1.00
2016.12.27 17:05:38.869,0.70831,0.70856,1.12,1.00
2016.12.27 17:05:39.080,0.70833,0.70856,1.00,1.00
2016.12.27 17:05:39.416,0.70831,0.70854,1.12,1.00
2016.12.27 17:05:48.294,0.70831,0.70856,1.12,1.00
2016.12.27 17:06:04.177,0.70831,0.70858,3.37,1.37
2016.12.27 17:06:04.277,0.70832,0.70858,1.37,1.00
2016.12.27 17:06:04.802,0.70834,0.70858,1.00,1.00
2016.12.27 17:06:06.203,0.70834,0.70857,1.00,1.00
2016.12.27 17:06:11.220,0.70833,0.70858,1.87,1.00
2016.12.27 17:06:11.735,0.70834,0.70858,1.00,1.00
2016.12.27 17:06:12.424,0.70833,0.70858,1.87,1.00
2016.12.27 17:06:16.955,0.70833,0.70857,1.12,1.00
2016.12.27 17:06:20.810,0.70831,0.70857,1.87,1.37
2016.12.27 17:06:25.266,0.70832,0.70855,1.87,1.00
2016.12.27 17:06:29.976,0.70835,0.70855,1.00,1.00
2016.12.27 17:06:30.513,0.70834,0.70855,1.00,1.00
2016.12.27 17:06:33.234,0.70833,0.70852,1.00,1.00
2016.12.27 17:06:33.335,0.7083,0.70852,1.37,1.00
2016.12.27 17:06:33.436,0.70829,0.70851,1.00,1.00
2016.12.27 17:06:34.197,0.70828,0.70851,1.00,1.00
2016.12.27 17:06:34.358,0.70831,0.70855,1.00,1.75
2016.12.27 17:06:34.660,0.70835,0.70856,1.00,1.37
2016.12.27 17:06:34.830,0.70835,0.70856,1.00,1.12
2016.12.27 17:06:40.263,0.70835,0.70855,1.00,1.00
2016.12.27 17:06:48.258,0.70834,0.70856,1.00,2.85
2016.12.27 17:06:48.460,0.70835,0.70856,1.00,1.37
2016.12.27 17:06:48.561,0.70835,0.70856,1.00,1.37
2016.12.27 17:06:49.071,0.70835,0.70856,1.00,1.00
2016.12.27 17:06:51.081,0.70834,0.70856,1.00,1.00
2016.12.27 17:06:53.233,0.70835,0.70856,1.00,1.00
2016.12.27 17:06:53.334,0.70833,0.70856,1.87,1.00
2016.12.27 17:07:01.809,0.70835,0.70856,1.00,1.00
2016.12.27 17:07:22.412,0.70834,0.70856,1.50,1.00
2016.12.27 17:07:23.316,0.70834,0.70857,1.00,1.12
2016.12.27 17:07:36.361,0.70834,0.70856,1.00,1.00
2016.12.27 17:07:37.068,0.70834,0.70856,1.00,1.37
2016.12.27 17:07:39.137,0.70835,0.70856,1.00,1.37
2016.12.27 17:07:39.440,0.70838,0.70855,1.00,1.12
2016.12.27 17:07:53.035,0.70838,0.70857,1.00,1.12
2016.12.27 17:07:55.461,0.70838,0.70856,1.00,1.00
2016.12.27 17:07:58.094,0.70837,0.70856,1.00,1.00
2016.12.27 17:07:58.627,0.70838,0.70856,1.00,1.00
2016.12.27 17:08:16.700,0.70837,0.70856,1.00,1.00
2016.12.27 17:08:22.655,0.70837,0.70856,1.00,1.37
2016.12.27 17:08:29.931,0.70837,0.70854,1.00,1.00
2016.12.27 17:08:33.884,0.70837,0.70855,1.00,1.12
2016.12.27 17:08:47.688,0.70838,0.70856,1.00,1.37
2016.12.27 17:08:48.257,0.70838,0.70856,1.00,1.00
2016.12.27 17:08:55.305,0.70838,0.70854,1.00,1.00
2016.12.27 17:08:55.557,0.70836,0.70854,1.00,1.00
2016.12.27 17:08:56.385,0.70836,0.70853,1.00,1.12
2016.12.27 17:09:02.681,0.70834,0.70853,1.00,1.12
2016.12.27 17:09:05.173,0.70835,0.70854,1.00,1.37
2016.12.27 17:09:05.746,0.70835,0.70854,1.00,1.00
2016.12.27 17:09:10.564,0.70835,0.70855,1.00,1.12
2016.12.27 17:09:20.894,0.70836,0.70856,1.00,1.37
2016.12.27 17:09:21.523,0.70836,0.70856,1.00,1.00
2016.12.27 17:09:21.574,0.70838,0.70856,1.00,1.00
2016.12.27 17:09:22.263,0.70838,0.70857,1.00,1.12
2016.12.27 17:09:25.617,0.70838,0.70856,1.00,1.00
2016.12.27 17:09:29.866,0.70836,0.70856,1.00,1.00
2016.12.27 17:09:49.060,0.70836,0.70857,1.00,1.12
2016.12.27 17:09:49.111,0.70841,0.70859,1.00,1.37
2016.12.27 17:09:49.316,0.70837,0.70857,1.00,1.00
2016.12.27 17:09:49.417,0.70835,0.70857,1.00,1.12
2016.12.27 17:09:50.049,0.70836,0.70858,1.00,1.37
2016.12.27 17:09:50.099,0.7084,0.7086,1.00,2.25
2016.12.27 17:09:50.200,0.7084,0.7086,1.00,1.12
2016.12.27 17:09:50.291,0.70841,0.7086,1.00,1.37
2016.12.27 17:09:50.493,0.70843,0.70863,1.00,1.37
2016.12.27 17:09:51.428,0.70844,0.70864,1.00,1.37
2016.12.27 17:09:52.121,0.70843,0.70863,1.00,1.37
2016.12.27 17:09:52.783,0.70842,0.70863,1.00,1.37
2016.12.27 17:09:57.184,0.70844,0.70863,1.00,1.37
2016.12.27 17:09:58.022,0.70845,0.70863,1.00,1.37
2016.12.27 17:09:58.849,0.70843,0.70862,1.00,1.12
2016.12.27 17:09:59.386,0.70842,0.70861,1.00,1.00
2016.12.27 17:10:00.333,0.70844,0.70862,1.00,1.12
2016.12.27 17:10:00.434,0.70842,0.70862,1.00,1.12
2016.12.27 17:10:01.286,0.70842,0.7086,1.00,1.00
2016.12.27 17:10:01.606,0.70844,0.70862,1.00,1.12
2016.12.27 17:10:02.916,0.70843,0.70862,1.00,1.12
2016.12.27 17:10:06.916,0.70843,0.70864,1.00,1.12
2016.12.27 17:10:19.239,0.70844,0.70864,1.00,1.00
2016.12.27 17:10:19.340,0.70846,0.70865,1.00,1.00
2016.12.27 17:10:19.644,0.70844,0.70865,1.00,1.00
2016.12.27 17:10:20.301,0.70845,0.70865,1.00,1.00
2016.12.27 17:10:20.827,0.70846,0.70865,1.00,1.00
2016.12.27 17:10:21.566,0.70846,0.70867,1.00,1.37
2016.12.27 17:10:22.228,0.70845,0.70867,1.00,1.37
2016.12.27 17:10:24.150,0.70844,0.70867,1.00,1.50
2016.12.27 17:10:24.689,0.70844,0.70865,1.00,1.12
2016.12.27 17:10:29.386,0.70845,0.70865,1.00,1.12
2016.12.27 17:10:35.408,0.70846,0.70866,1.00,1.37
2016.12.27 17:10:36.011,0.70845,0.70866,1.00,1.00
2016.12.27 17:10:36.269,0.70845,0.70866,1.00,1.37
2016.12.27 17:10:38.798,0.70844,0.70865,1.00,1.50
2016.12.27 17:10:39.399,0.70845,0.70865,1.00,1.50
2016.12.27 17:10:39.777,0.70843,0.70865,1.00,1.50
2016.12.27 17:10:42.380,0.70843,0.70863,1.00,1.00
2016.12.27 17:10:42.481,0.7084,0.70861,1.00,1.50
2016.12.27 17:10:42.834,0.70838,0.7086,1.00,1.00
2016.12.27 17:10:42.884,0.70838,0.70858,1.00,1.00
2016.12.27 17:10:43.371,0.70841,0.7086,1.00,1.00
2016.12.27 17:10:43.926,0.7084,0.70863,1.00,1.37
2016.12.27 17:10:45.391,0.70842,0.70864,1.00,2.25
2016.12.27 17:10:45.492,0.70844,0.70864,1.00,1.50
2016.12.27 17:10:46.024,0.70843,0.70864,1.00,1.12
2016.12.27 17:10:53.136,0.70842,0.70865,1.00,1.37
2016.12.27 17:10:55.196,0.70842,0.70863,1.00,1.00
2016.12.27 17:10:55.298,0.70842,0.70861,1.00,1.00
2016.12.27 17:10:55.399,0.7084,0.70861,1.00,1.37
2016.12.27 17:10:56.204,0.70839,0.7086,1.00,1.12
2016.12.27 17:10:56.765,0.70838,0.70859,1.00,1.00
2016.12.27 17:10:57.413,0.70838,0.70861,1.00,1.50
2016.12.27 17:10:57.825,0.70838,0.70859,1.00,1.37
2016.12.27 17:10:58.572,0.70837,0.70859,1.00,1.87
2016.12.27 17:11:01.659,0.70837,0.70859,1.00,1.12
2016.12.27 17:11:02.806,0.70837,0.70862,1.00,1.75
2016.12.27 17:11:04.076,0.70837,0.70859,1.00,1.00
2016.12.27 17:11:04.900,0.70837,0.70861,1.00,1.50
2016.12.27 17:11:05.488,0.70837,0.70859,1.00,1.00
2016.12.27 17:11:06.301,0.70837,0.70862,1.00,3.00
2016.12.27 17:11:07.209,0.70837,0.70859,1.00,1.00
2016.12.27 17:11:07.842,0.70837,0.7086,1.00,1.12
2016.12.27 17:11:08.856,0.70837,0.70861,1.00,3.00
2016.12.27 17:11:09.386,0.70837,0.70861,1.00,1.50
2016.12.27 17:11:23.295,0.70838,0.70861,1.00,1.50
2016.12.27 17:11:32.578,0.70838,0.70859,1.00,1.00
2016.12.27 17:11:34.028,0.70838,0.70863,1.00,4.50
2016.12.27 17:11:38.410,0.70837,0.7086,1.50,1.12
2016.12.27 17:11:40.525,0.70838,0.7086,1.00,1.12
2016.12.27 17:11:40.900,0.70836,0.70857,1.87,1.00
2016.12.27 17:11:41.791,0.70837,0.70857,1.00,1.00
2016.12.27 17:11:43.040,0.70837,0.70858,1.00,1.50
2016.12.27 17:11:43.626,0.70836,0.70857,1.00,1.00
2016.12.27 17:11:46.254,0.70837,0.70857,1.00,1.00
2016.12.27 17:11:50.905,0.70836,0.70857,1.00,1.00
2016.12.27 17:11:51.127,0.70834,0.70856,1.00,1.00
2016.12.27 17:11:51.978,0.70834,0.70855,1.00,1.00
2016.12.27 17:11:58.504,0.70835,0.70855,1.00,1.00
2016.12.27 17:12:00.442,0.70833,0.70855,1.00,1.00
2016.12.27 17:12:00.771,0.70835,0.70855,1.00,1.12
2016.12.27 17:12:02.093,0.70834,0.70855,1.00,1.12
2016.12.27 17:12:03.993,0.70836,0.70856,1.00,1.37
2016.12.27 17:12:04.504,0.70836,0.70856,1.00,1.00
2016.12.27 17:12:06.661,0.70836,0.70856,1.00,1.37
2016.12.27 17:12:11.241,0.70841,0.7086,1.00,1.37
2016.12.27 17:12:11.342,0.70843,0.70864,1.00,2.25
2016.12.27 17:12:11.477,0.70843,0.70864,1.00,2.25
2016.12.27 17:12:15.258,0.70841,0.70864,1.00,1.50
2016.12.27 17:12:32.987,0.70841,0.70863,1.00,1.00
2016.12.27 17:12:38.475,0.70841,0.70864,1.00,1.12
2016.12.27 17:12:42.263,0.70841,0.70865,1.00,3.75
2016.12.27 17:12:42.946,0.7084,0.70865,1.50,3.75
2016.12.27 17:12:43.548,0.7084,0.70864,1.50,1.50
2016.12.27 17:12:51.875,0.70842,0.70864,1.00,1.12
2016.12.27 17:12:54.331,0.70841,0.70863,1.00,1.00
2016.12.27 17:12:55.849,0.70841,0.70862,1.00,1.00
2016.12.27 17:12:55.900,0.70839,0.70862,1.00,1.00
2016.12.27 17:12:56.449,0.7084,0.70862,1.00,1.00
2016.12.27 17:13:01.558,0.7084,0.70863,1.00,1.50
2016.12.27 17:13:05.882,0.70841,0.70864,1.00,1.37
2016.12.27 17:13:06.395,0.70842,0.70864,1.00,1.37
2016.12.27 17:13:09.048,0.70842,0.70864,1.00,1.00
2016.12.27 17:13:09.658,0.70843,0.70864,1.00,1.00
2016.12.27 17:13:11.044,0.70843,0.70866,1.00,1.12
2016.12.27 17:13:12.735,0.70842,0.70866,1.50,1.12
2016.12.27 17:13:33.159,0.70843,0.70866,1.00,1.12
2016.12.27 17:13:39.100,0.70843,0.70865,2.25,1.00
2016.12.27 17:13:40.151,0.70844,0.70865,1.00,1.00
2016.12.27 17:13:43.920,0.70843,0.70865,1.50,1.00
2016.12.27 17:13:45.487,0.70849,0.70868,1.00,1.37
2016.12.27 17:13:45.588,0.70851,0.70873,1.00,1.37
2016.12.27 17:13:45.694,0.70854,0.70874,1.00,1.37
2016.12.27 17:13:51.487,0.70853,0.70875,1.00,2.25
2016.12.27 17:13:51.643,0.70851,0.70875,1.00,2.25
2016.12.27 17:13:51.762,0.70853,0.70875,1.00,1.87
2016.12.27 17:13:53.279,0.70852,0.70875,1.00,1.87
2016.12.27 17:14:00.565,0.70851,0.70873,1.00,1.50
2016.12.27 17:14:05.513,0.70853,0.70873,1.00,1.00
2016.12.27 17:14:12.961,0.70853,0.70875,1.00,1.50
2016.12.27 17:14:19.678,0.70853,0.70874,1.00,1.00
2016.12.27 17:14:19.729,0.70855,0.70874,1.00,1.00
2016.12.27 17:14:29.773,0.70853,0.70874,1.00,1.00
2016.12.27 17:14:32.056,0.70852,0.70874,1.00,1.00
2016.12.27 17:14:32.831,0.70851,0.70874,1.00,1.00
2016.12.27 17:15:06.738,0.70852,0.70875,1.00,1.37
2016.12.27 17:15:08.695,0.70854,0.70875,1.00,1.37
2016.12.27 17:15:09.203,0.70855,0.70875,1.00,1.00
2016.12.27 17:15:10.176,0.70854,0.70875,1.00,1.00
2016.12.27 17:15:11.323,0.70854,0.70876,1.00,1.12
2016.12.27 17:15:12.093,0.70855,0.70876,1.00,1.12
2016.12.27 17:15:17.771,0.70854,0.70876,1.00,1.12
2016.12.27 17:15:19.094,0.70855,0.70876,1.00,1.12
2016.12.27 17:15:19.856,0.70854,0.70876,1.00,1.12
2016.12.27 17:15:20.812,0.70855,0.70876,1.00,1.12
2016.12.27 17:15:24.877,0.70854,0.70876,1.00,1.12
2016.12.27 17:15:25.472,0.70855,0.70876,1.00,1.12
2016.12.27 17:15:30.857,0.70854,0.70876,1.00,1.12
2016.12.27 17:15:32.717,0.70855,0.70876,1.00,1.12
2016.12.27 17:15:33.371,0.70854,0.70876,1.00,1.12
2016.12.27 17:15:35.907,0.70854,0.70877,1.87,1.00
2016.12.27 17:15:36.427,0.70853,0.70876,1.00,1.87
2016.12.27 17:15:36.956,0.70852,0.70871,1.12,1.00
2016.12.27 17:15:37.206,0.70849,0.7087,1.00,1.00
2016.12.27 17:15:37.735,0.70847,0.7087,1.37,1.00
2016.12.27 17:15:38.431,0.70847,0.70871,1.37,1.50
2016.12.27 17:15:39.309,0.70847,0.7087,1.37,1.00
2016.12.27 17:15:39.516,0.7085,0.70871,1.00,1.00
2016.12.27 17:15:39.790,0.70848,0.70871,2.62,1.00
2016.12.27 17:15:39.840,0.7085,0.70871,1.00,1.00
2016.12.27 17:15:42.194,0.70849,0.70871,1.00,1.00
2016.12.27 17:15:43.486,0.7085,0.70871,1.00,1.00
2016.12.27 17:15:44.377,0.7085,0.7087,1.12,1.00
2016.12.27 17:15:46.045,0.7085,0.70871,1.12,1.00
2016.12.27 17:15:52.461,0.70851,0.70871,1.00,1.00
2016.12.27 17:15:54.453,0.70849,0.70871,1.87,1.00
2016.12.27 17:15:55.305,0.70849,0.70873,1.87,1.00
2016.12.27 17:15:55.636,0.70849,0.70871,1.87,1.00
2016.12.27 17:15:57.560,0.7085,0.70873,1.12,1.00
2016.12.27 17:15:57.712,0.70852,0.70873,1.00,1.00
2016.12.27 17:15:58.227,0.70851,0.70873,1.00,1.00
2016.12.27 17:16:00.372,0.70851,0.70871,1.00,1.00
2016.12.27 17:16:04.595,0.70849,0.70871,1.87,1.00
2016.12.27 17:16:12.055,0.70849,0.7087,1.87,1.00
2016.12.27 17:16:13.065,0.70849,0.7087,1.50,1.00
2016.12.27 17:16:16.621,0.70846,0.7087,1.00,1.12
2016.12.27 17:16:17.371,0.70847,0.70869,1.00,1.00
2016.12.27 17:16:18.417,0.70847,0.70866,1.00,1.00
2016.12.27 17:16:22.198,0.70846,0.70866,1.50,1.00
2016.12.27 17:16:22.532,0.70846,0.70871,1.00,1.37
2016.12.27 17:16:22.633,0.70849,0.70869,1.00,1.00
2016.12.27 17:16:22.788,0.7085,0.70871,1.00,1.12
2016.12.27 17:16:22.990,0.70852,0.70871,1.00,1.12
2016.12.27 17:16:23.722,0.70852,0.7087,1.00,1.00
2016.12.27 17:16:29.790,0.70853,0.7087,1.00,1.00
2016.12.27 17:16:30.365,0.70853,0.70871,1.00,1.00
2016.12.27 17:16:31.959,0.70853,0.70876,1.50,1.87
2016.12.27 17:16:37.209,0.70853,0.70876,2.10,1.12
2016.12.27 17:16:37.750,0.70855,0.70876,1.00,1.12
2016.12.27 17:16:42.201,0.70856,0.70876,1.00,1.12
2016.12.27 17:16:47.313,0.70855,0.70879,1.50,1.37
2016.12.27 17:16:50.693,0.70855,0.70875,1.50,1.00
2016.12.27 17:16:52.522,0.70861,0.70875,1.00,1.00
2016.12.27 17:16:52.636,0.70861,0.70881,1.00,1.37
2016.12.27 17:16:52.737,0.70861,0.70885,1.50,1.12
2016.12.27 17:16:52.788,0.70864,0.70885,1.00,1.12
2016.12.27 17:16:53.101,0.70862,0.7088,1.12,1.00
2016.12.27 17:16:53.354,0.7086,0.7088,1.00,1.00
2016.12.27 17:16:53.858,0.70859,0.70881,1.00,1.37
2016.12.27 17:16:54.500,0.70859,0.70881,1.00,1.00
2016.12.27 17:16:55.238,0.70859,0.7088,1.00,1.00
2016.12.27 17:16:55.798,0.70859,0.70881,1.00,1.00
2016.12.27 17:16:59.186,0.70858,0.70881,1.87,1.00
2016.12.27 17:17:25.925,0.70859,0.7088,1.00,1.00
2016.12.27 17:17:26.562,0.7086,0.70878,1.00,1.00
2016.12.27 17:17:26.764,0.70852,0.70876,2.62,1.00
2016.12.27 17:17:28.168,0.70852,0.70876,1.00,1.87
2016.12.27 17:17:40.581,0.70851,0.70875,1.87,1.12
2016.12.27 17:17:45.345,0.70852,0.70875,1.00,1.12
2016.12.27 17:17:46.703,0.70851,0.70876,1.87,1.87
2016.12.27 17:17:47.392,0.70852,0.70876,1.00,1.87
2016.12.27 17:17:48.870,0.70851,0.70876,1.87,1.87
2016.12.27 17:18:04.023,0.70852,0.70875,1.00,1.12
2016.12.27 17:18:04.905,0.70851,0.70876,1.50,1.37
2016.12.27 17:18:05.437,0.70852,0.70876,1.00,1.87
2016.12.27 17:18:06.141,0.70854,0.70877,1.35,1.37
2016.12.27 17:18:06.896,0.70854,0.70876,1.00,1.00
2016.12.27 17:18:07.414,0.70856,0.70875,1.00,1.00
2016.12.27 17:18:10.845,0.70854,0.70875,1.00,1.00
2016.12.27 17:18:11.387,0.70853,0.70875,1.00,1.00
2016.12.27 17:18:11.930,0.70853,0.70876,1.00,1.12
2016.12.27 17:18:13.006,0.70853,0.70875,1.00,1.00
2016.12.27 17:18:22.226,0.70853,0.70876,1.00,1.12
2016.12.27 17:18:25.930,0.70852,0.70876,1.00,1.12
2016.12.27 17:18:32.980,0.70852,0.70876,1.00,1.37
2016.12.27 17:18:35.794,0.70854,0.70876,1.00,1.37
2016.12.27 17:18:36.157,0.70852,0.70876,1.00,1.37
2016.12.27 17:18:36.708,0.70853,0.70876,1.00,1.37
2016.12.27 17:18:37.661,0.70854,0.70876,1.00,1.37
2016.12.27 17:18:41.159,0.7085,0.70875,1.37,2.25
2016.12.27 17:18:41.260,0.70848,0.70871,1.87,1.00
2016.12.27 17:18:46.334,0.70849,0.7087,1.00,1.00
2016.12.27 17:18:46.942,0.70849,0.70871,1.50,1.00
2016.12.27 17:18:47.329,0.70852,0.70871,1.00,1.00
2016.12.27 17:18:49.427,0.70851,0.70871,1.00,1.00
2016.12.27 17:18:52.227,0.7085,0.70871,1.12,1.00
2016.12.27 17:18:52.530,0.70852,0.70874,1.00,1.37
2016.12.27 17:18:53.248,0.70852,0.70874,1.00,1.00
2016.12.27 17:18:54.791,0.70852,0.70871,1.00,1.00
2016.12.27 17:18:54.892,0.70851,0.70876,1.12,1.87
2016.12.27 17:18:55.043,0.70854,0.70876,1.00,1.87
2016.12.27 17:19:07.751,0.70854,0.70876,1.00,1.87
2016.12.27 17:19:14.955,0.70854,0.70875,1.00,1.00
2016.12.27 17:19:17.320,0.70853,0.70875,1.00,1.00
2016.12.27 17:19:23.432,0.70854,0.70876,1.00,1.12
2016.12.27 17:19:24.160,0.70853,0.70876,1.00,1.50
2016.12.27 17:19:24.769,0.70853,0.70875,1.00,1.12
2016.12.27 17:19:28.581,0.70853,0.70871,1.00,1.00
2016.12.27 17:19:28.732,0.70847,0.70871,1.87,1.00
2016.12.27 17:19:28.783,0.70847,0.70871,1.00,1.00
2016.12.27 17:19:28.834,0.70849,0.70871,1.00,1.00
2016.12.27 17:19:30.383,0.70847,0.70871,1.50,1.00
2016.12.27 17:19:30.953,0.70848,0.7087,1.00,1.00
2016.12.27 17:19:31.520,0.70848,0.70871,1.00,1.00
2016.12.27 17:19:35.817,0.70846,0.70871,1.12,1.50
2016.12.27 17:19:35.918,0.70846,0.70871,1.00,1.87
2016.12.27 17:19:36.629,0.70846,0.7087,1.87,1.00
2016.12.27 17:19:40.819,0.70846,0.7087,1.00,1.37
2016.12.27 17:19:41.400,0.70847,0.70866,1.00,1.00
2016.12.27 17:19:42.415,0.70848,0.70866,1.00,1.00
2016.12.27 17:19:42.516,0.70846,0.7087,1.87,1.87
2016.12.27 17:19:42.836,0.70848,0.70871,1.00,1.37
2016.12.27 17:19:43.382,0.70848,0.70871,1.12,1.00
2016.12.27 17:19:45.081,0.70847,0.7087,1.37,1.00
2016.12.27 17:19:45.233,0.70844,0.70869,1.87,1.00
2016.12.27 17:19:45.794,0.70846,0.7087,1.12,1.12
2016.12.27 17:19:47.062,0.7085,0.70871,1.00,1.37
2016.12.27 17:19:47.324,0.70846,0.70871,1.37,1.00
2016.12.27 17:19:47.851,0.70846,0.70871,1.50,1.12
2016.12.27 17:19:48.200,0.70848,0.70871,1.00,1.00
2016.12.27 17:19:52.391,0.70846,0.70871,1.37,1.50
2016.12.27 17:19:53.004,0.70849,0.70871,1.00,1.50
2016.12.27 17:19:57.126,0.70849,0.70872,1.00,1.00
2016.12.27 17:19:57.859,0.70849,0.70871,1.00,1.00
2016.12.27 17:20:01.253,0.70848,0.70871,1.00,1.00
2016.12.27 17:20:02.898,0.70848,0.70871,1.00,1.37
2016.12.27 17:20:08.008,0.70849,0.70872,1.00,1.37
2016.12.27 17:20:09.902,0.70848,0.70871,1.00,1.37
2016.12.27 17:20:10.440,0.70849,0.70871,1.00,1.37
2016.12.27 17:20:23.006,0.70849,0.70873,2.25,1.00
2016.12.27 17:20:23.074,0.70849,0.70869,1.50,1.00
2016.12.27 17:20:23.126,0.70847,0.70869,1.12,1.00
2016.12.27 17:20:23.177,0.70847,0.70871,1.87,1.50
2016.12.27 17:20:23.530,0.7085,0.70872,1.00,1.00
2016.12.27 17:20:24.059,0.70849,0.70874,1.00,1.12
2016.12.27 17:20:25.063,0.70849,0.70873,1.00,1.00
2016.12.27 17:20:25.332,0.70849,0.70873,1.00,1.87
2016.12.27 17:20:30.437,0.70851,0.70873,1.00,1.37
2016.12.27 17:20:30.538,0.70847,0.70871,1.37,1.50
2016.12.27 17:20:30.639,0.70846,0.70871,1.12,3.37
2016.12.27 17:20:30.942,0.70846,0.7087,1.00,1.37
2016.12.27 17:20:32.927,0.70845,0.7087,1.50,1.37
2016.12.27 17:20:33.071,0.70848,0.70871,1.00,1.50
2016.12.27 17:20:33.122,0.70845,0.70871,2.62,1.50
2016.12.27 17:20:33.223,0.70847,0.70871,1.00,1.87
2016.12.27 17:20:38.924,0.70847,0.70871,1.87,1.87
2016.12.27 17:20:39.631,0.70847,0.70871,1.00,2.62
2016.12.27 17:20:40.943,0.70846,0.70871,1.00,1.87
2016.12.27 17:20:49.022,0.70848,0.7087,1.00,1.87
2016.12.27 17:20:53.261,0.70849,0.70871,1.00,1.87
2016.12.27 17:20:53.920,0.7085,0.70874,1.00,1.37
2016.12.27 17:21:09.421,0.70851,0.70874,1.00,1.37
2016.12.27 17:21:13.060,0.70851,0.70874,1.00,1.37
2016.12.27 17:21:13.800,0.7085,0.70874,1.00,1.37
2016.12.27 17:21:25.597,0.70851,0.70876,1.00,1.87
2016.12.27 17:21:25.992,0.70853,0.70876,1.00,1.87
2016.12.27 17:21:26.230,0.70851,0.70876,2.25,1.37
2016.12.27 17:21:27.579,0.7085,0.70876,1.50,1.87
2016.12.27 17:21:37.106,0.70851,0.70876,1.00,1.37
2016.12.27 17:21:37.667,0.70852,0.70876,1.00,1.00
2016.12.27 17:21:40.107,0.70853,0.70876,1.00,1.00
2016.12.27 17:21:45.122,0.70854,0.7088,1.00,3.75
2016.12.27 17:21:45.321,0.70856,0.70878,1.00,1.37
2016.12.27 17:21:45.844,0.70856,0.7088,1.00,1.37
2016.12.27 17:21:46.102,0.70858,0.70881,1.00,2.25
2016.12.27 17:21:48.973,0.70858,0.70879,1.00,1.00
2016.12.27 17:21:49.226,0.70857,0.70881,1.00,1.87
2016.12.27 17:21:50.399,0.70857,0.7088,1.00,1.00
2016.12.27 17:21:50.986,0.70858,0.7088,1.00,1.00
2016.12.27 17:21:55.140,0.70858,0.70881,1.00,1.50
2016.12.27 17:21:55.916,0.70857,0.70881,1.00,1.50
2016.12.27 17:21:58.062,0.70856,0.70881,1.50,1.50
2016.12.27 17:22:00.114,0.70857,0.70881,1.00,1.50
2016.12.27 17:22:05.266,0.70857,0.70881,1.00,1.87
2016.12.27 17:22:06.459,0.70856,0.7088,1.00,1.37
2016.12.27 17:22:07.128,0.70855,0.7088,3.37,1.37
2016.12.27 17:22:08.701,0.70856,0.7088,1.00,1.37
2016.12.27 17:22:15.475,0.70855,0.70881,1.87,2.25
2016.12.27 17:22:17.829,0.70856,0.70881,1.00,1.87
2016.12.27 17:22:22.912,0.70856,0.70877,1.00,1.00
2016.12.27 17:22:23.039,0.70854,0.70877,1.00,1.12
2016.12.27 17:22:23.543,0.70855,0.70879,1.00,1.37
2016.12.27 17:22:25.304,0.70854,0.70877,1.50,1.12
2016.12.27 17:22:33.489,0.70855,0.70878,1.00,1.37
2016.12.27 17:22:36.957,0.70856,0.70878,1.00,1.37
2016.12.27 17:22:50.428,0.70856,0.70878,1.00,1.00
2016.12.27 17:22:56.496,0.70856,0.7088,1.00,1.37
2016.12.27 17:22:56.598,0.70858,0.7088,1.00,1.37
2016.12.27 17:22:59.010,0.70858,0.70881,1.00,1.87
2016.12.27 17:23:00.512,0.70859,0.70881,1.00,1.12
2016.12.27 17:23:09.564,0.7086,0.70881,1.00,1.12
2016.12.27 17:23:20.274,0.7086,0.7088,1.00,1.00
2016.12.27 17:23:28.800,0.70857,0.7088,1.00,1.50
2016.12.27 17:23:29.336,0.70856,0.7088,1.50,1.00
2016.12.27 17:23:29.985,0.70855,0.70879,1.00,1.12
2016.12.27 17:23:31.482,0.70855,0.70879,1.00,1.50
2016.12.27 17:23:32.290,0.70854,0.70879,1.00,1.50
2016.12.27 17:23:32.958,0.70854,0.70879,1.00,1.12
2016.12.27 17:24:13.011,0.70854,0.70879,1.00,1.87
2016.12.27 17:24:20.595,0.70854,0.70877,1.00,1.00
2016.12.27 17:24:20.847,0.70851,0.70875,1.50,1.00
2016.12.27 17:24:21.514,0.70851,0.70876,1.50,1.12
2016.12.27 17:24:34.732,0.70853,0.70875,1.00,1.00
2016.12.27 17:24:35.450,0.70853,0.70875,1.00,1.37
2016.12.27 17:24:37.505,0.70853,0.70872,1.00,1.00
2016.12.27 17:24:37.656,0.70846,0.70869,1.87,1.00
2016.12.27 17:24:37.758,0.70844,0.70868,2.25,1.12
2016.12.27 17:24:38.861,0.70845,0.7087,1.00,1.37
2016.12.27 17:24:38.912,0.70848,0.70871,1.00,1.37
2016.12.27 17:24:39.462,0.70848,0.70871,1.00,1.37
2016.12.27 17:24:39.986,0.70847,0.70871,1.00,1.87
2016.12.27 17:24:43.104,0.70846,0.70868,1.00,1.00
2016.12.27 17:24:43.206,0.70843,0.70868,1.50,1.87
2016.12.27 17:24:44.390,0.70845,0.70868,1.00,1.37
2016.12.27 17:24:44.562,0.70845,0.70869,1.00,1.12
2016.12.27 17:24:45.087,0.70845,0.70868,1.00,1.00
2016.12.27 17:24:45.698,0.70845,0.70868,1.00,1.37
2016.12.27 17:25:04.895,0.70844,0.70867,1.00,1.12
2016.12.27 17:25:13.008,0.70844,0.70867,1.00,1.37
2016.12.27 17:25:28.542,0.70846,0.70867,1.00,1.37
2016.12.27 17:25:29.100,0.70846,0.7087,2.25,1.37
2016.12.27 17:25:29.201,0.70848,0.7087,1.00,1.00
2016.12.27 17:25:30.054,0.70846,0.7087,2.25,1.50
2016.12.27 17:25:30.205,0.70847,0.7087,1.00,1.87
2016.12.27 17:25:55.254,0.70847,0.70871,1.00,1.37
2016.12.27 17:25:55.315,0.70849,0.70871,1.00,1.37
2016.12.27 17:25:55.567,0.70847,0.70871,1.50,1.87
2016.12.27 17:25:56.962,0.70846,0.70869,1.50,1.00
2016.12.27 17:25:57.114,0.70846,0.70866,1.50,1.00
2016.12.27 17:25:57.216,0.70846,0.70871,1.50,3.00
2016.12.27 17:26:00.466,0.70848,0.70871,1.00,1.87
2016.12.27 17:26:00.805,0.70851,0.70871,1.00,1.37
2016.12.27 17:26:00.856,0.70849,0.70871,1.00,1.37
2016.12.27 17:26:01.385,0.7085,0.70871,1.00,1.37
2016.12.27 17:26:12.959,0.7085,0.70871,1.00,1.37
2016.12.27 17:26:13.850,0.70849,0.70871,1.00,2.62
2016.12.27 17:26:14.397,0.7085,0.70871,1.00,1.37
2016.12.27 17:26:16.978,0.7085,0.70871,1.00,1.12
2016.12.27 17:26:28.972,0.7085,0.7087,1.00,1.00
2016.12.27 17:26:29.511,0.7085,0.70871,1.00,1.12
2016.12.27 17:26:33.892,0.7085,0.7087,1.00,1.00
2016.12.27 17:26:34.094,0.70848,0.7087,1.00,1.00
2016.12.27 17:26:42.662,0.70848,0.70871,1.00,1.50
2016.12.27 17:26:44.894,0.70847,0.70871,1.50,1.50
2016.12.27 17:26:54.911,0.70848,0.70871,1.00,1.12
2016.12.27 17:26:58.533,0.70848,0.7087,1.50,1.00
2016.12.27 17:26:58.808,0.7085,0.70871,1.00,1.12
2016.12.27 17:26:59.857,0.7085,0.7087,1.00,1.00
2016.12.27 17:27:00.327,0.7085,0.70872,1.00,1.12
2016.12.27 17:27:03.186,0.70849,0.70872,1.00,1.12
2016.12.27 17:27:03.237,0.70849,0.7087,1.00,1.00
2016.12.27 17:27:03.540,0.70842,0.70865,1.87,1.00
2016.12.27 17:27:03.641,0.70841,0.70865,1.50,1.87
2016.12.27 17:27:03.812,0.70841,0.70866,2.25,1.87
2016.12.27 17:27:05.353,0.70842,0.70865,1.50,1.00
2016.12.27 17:27:05.894,0.70842,0.70866,1.87,1.50
2016.12.27 17:27:09.236,0.70842,0.70866,1.00,1.00
2016.12.27 17:27:15.563,0.7084,0.70862,1.37,1.00
2016.12.27 17:27:15.664,0.70837,0.70862,1.37,1.00
2016.12.27 17:27:15.745,0.70837,0.70862,1.00,1.12
2016.12.27 17:27:15.946,0.70838,0.70864,1.37,1.37
2016.12.27 17:27:23.634,0.70841,0.70865,1.00,1.87
2016.12.27 17:27:28.508,0.70843,0.70866,1.00,1.37
2016.12.27 17:27:28.609,0.70843,0.70869,2.25,1.37
2016.12.27 17:27:28.710,0.70843,0.70869,2.62,1.12
2016.12.27 17:27:28.967,0.70845,0.70869,1.00,1.37
2016.12.27 17:27:29.068,0.70845,0.70869,1.00,1.00
2016.12.27 17:27:30.210,0.70845,0.7087,1.00,1.87
2016.12.27 17:27:30.260,0.70844,0.70868,1.12,1.00
2016.12.27 17:27:30.570,0.70841,0.70866,1.87,1.50
2016.12.27 17:27:33.368,0.70841,0.70866,1.12,1.37
2016.12.27 17:27:34.702,0.70843,0.70865,1.00,1.12
2016.12.27 17:27:35.004,0.70845,0.7087,1.00,1.87
2016.12.27 17:27:35.516,0.70845,0.7087,1.00,2.62
2016.12.27 17:27:36.190,0.70846,0.7087,1.00,1.87
2016.12.27 17:27:44.441,0.70845,0.7087,1.50,1.87
2016.12.27 17:27:52.047,0.70844,0.7087,1.12,1.37
2016.12.27 17:27:52.745,0.70843,0.70866,2.62,1.00
2016.12.27 17:27:53.104,0.70846,0.70869,1.00,1.37
2016.12.27 17:27:53.417,0.70845,0.70869,1.50,1.12
2016.12.27 17:27:54.797,0.70845,0.70869,1.87,1.00
2016.12.27 17:27:57.813,0.70845,0.7087,1.87,1.12
2016.12.27 17:28:10.190,0.70844,0.70869,1.37,1.00
2016.12.27 17:28:10.897,0.70844,0.7087,1.87,1.00
2016.12.27 17:28:11.671,0.70845,0.70869,1.12,1.00
2016.12.27 17:28:32.446,0.70845,0.70871,1.12,2.62
2016.12.27 17:28:33.165,0.70845,0.70871,1.12,2.62
2016.12.27 17:28:35.101,0.70846,0.70871,1.00,1.87
2016.12.27 17:28:35.253,0.70845,0.70871,3.00,2.25
2016.12.27 17:28:35.354,0.70845,0.70869,2.62,1.00
2016.12.27 17:28:35.896,0.70847,0.70869,1.00,1.00
2016.12.27 17:28:36.448,0.70847,0.7087,1.00,1.00
2016.12.27 17:28:39.019,0.70847,0.70871,1.00,1.00
2016.12.27 17:28:39.609,0.70848,0.7087,1.00,1.00
2016.12.27 17:28:45.952,0.70848,0.70871,1.00,1.00
2016.12.27 17:28:47.265,0.70848,0.70871,1.00,2.62
2016.12.27 17:28:59.233,0.70847,0.7087,1.00,1.12
2016.12.27 17:29:00.253,0.70846,0.7087,1.00,1.87
2016.12.27 17:29:00.787,0.70847,0.7087,1.00,2.62
2016.12.27 17:29:04.761,0.70848,0.7087,1.00,1.12
2016.12.27 17:29:06.616,0.70848,0.70871,1.00,1.87
2016.12.27 17:29:07.273,0.70848,0.7087,1.00,1.00
2016.12.27 17:29:24.312,0.70847,0.70871,1.00,2.25
2016.12.27 17:29:24.662,0.70848,0.70871,1.00,1.87
2016.12.27 17:29:24.764,0.70848,0.70871,1.00,1.00
2016.12.27 17:29:26.714,0.70848,0.7087,1.00,1.00
2016.12.27 17:29:27.462,0.70848,0.70871,1.00,1.50
2016.12.27 17:29:28.712,0.7085,0.70871,1.00,1.50
2016.12.27 17:29:37.611,0.7085,0.7087,1.00,1.00
2016.12.27 17:29:39.566,0.70849,0.7087,1.00,1.00
2016.12.27 17:29:40.313,0.70849,0.70871,1.00,1.50
2016.12.27 17:29:46.690,0.70849,0.7087,1.00,1.00
2016.12.27 17:29:47.194,0.70848,0.7087,1.00,1.50
2016.12.27 17:29:47.785,0.70849,0.70871,1.00,1.12
2016.12.27 17:29:48.346,0.70849,0.7087,1.00,1.00
2016.12.27 17:29:48.397,0.70847,0.70869,1.00,1.00
2016.12.27 17:29:48.448,0.70847,0.70865,1.00,1.00
2016.12.27 17:29:48.498,0.70844,0.70865,1.12,1.00
2016.12.27 17:29:49.356,0.70841,0.70865,1.00,1.00
2016.12.27 17:29:50.123,0.70844,0.70865,1.00,1.00
2016.12.27 17:29:50.472,0.70849,0.7087,1.00,1.12
2016.12.27 17:29:51.186,0.70849,0.70875,1.87,1.87
2016.12.27 17:29:51.337,0.7085,0.70871,1.12,1.00
2016.12.27 17:29:51.489,0.70848,0.70871,1.50,1.00
2016.12.27 17:29:51.796,0.70848,0.70868,1.00,1.00
2016.12.27 17:29:51.897,0.70842,0.70864,1.12,1.00
2016.12.27 17:29:52.049,0.70842,0.70868,2.62,1.37
2016.12.27 17:29:52.100,0.70845,0.70868,1.00,1.37
2016.12.27 17:29:52.151,0.70845,0.70868,1.00,1.00
2016.12.27 17:29:52.307,0.70845,0.70865,1.00,1.00
2016.12.27 17:29:52.966,0.70846,0.70865,1.00,1.00
2016.12.27 17:29:53.534,0.70846,0.70869,1.00,1.00
2016.12.27 17:29:56.896,0.70846,0.70868,1.00,1.00
2016.12.27 17:29:56.947,0.70846,0.70865,1.00,1.00
2016.12.27 17:29:57.098,0.70841,0.70864,1.37,1.00
2016.12.27 17:29:57.199,0.70839,0.70864,1.37,1.00
2016.12.27 17:29:57.300,0.70839,0.70864,1.00,1.12
2016.12.27 17:29:57.844,0.70839,0.70863,1.00,1.00
2016.12.27 17:29:58.450,0.7084,0.70864,1.00,1.50
2016.12.27 17:29:59.082,0.7084,0.70863,1.00,1.00
2016.12.27 17:30:13.293,0.7084,0.70861,1.00,1.50
2016.12.27 17:30:13.394,0.70838,0.70861,1.00,1.50
2016.12.27 17:30:13.951,0.70837,0.70861,1.00,1.50
2016.12.27 17:30:16.659,0.70837,0.70863,1.00,1.37
2016.12.27 17:30:16.710,0.70839,0.70863,1.00,1.37
2016.12.27 17:30:19.189,0.70839,0.70863,1.12,1.12
2016.12.27 17:30:20.604,0.7084,0.70864,1.00,1.37
2016.12.27 17:30:21.172,0.70839,0.70863,1.87,1.12
2016.12.27 17:30:47.644,0.7084,0.70864,1.00,1.37
2016.12.27 17:30:48.458,0.70843,0.70864,1.00,1.37
2016.12.27 17:30:49.129,0.70842,0.70864,1.00,1.37
2016.12.27 17:30:53.425,0.7084,0.70864,1.00,1.87
2016.12.27 17:30:55.361,0.70842,0.70866,1.00,1.87
2016.12.27 17:31:03.855,0.7084,0.70865,1.00,1.50
2016.12.27 17:31:08.289,0.7084,0.70866,1.37,1.87
2016.12.27 17:31:08.340,0.70843,0.70866,1.00,1.87
2016.12.27 17:31:09.467,0.70843,0.70864,1.00,1.00
2016.12.27 17:31:10.078,0.70843,0.70864,1.00,1.37
2016.12.27 17:31:12.108,0.70841,0.70864,1.00,1.37
2016.12.27 17:31:12.310,0.7084,0.70865,1.00,1.87
2016.12.27 17:31:12.360,0.70842,0.70865,1.00,1.12
2016.12.27 17:31:14.147,0.7084,0.70865,1.50,1.12
2016.12.27 17:31:15.955,0.7084,0.70861,1.00,1.00
2016.12.27 17:31:16.551,0.70841,0.70861,1.00,1.00
2016.12.27 17:31:17.063,0.70841,0.70865,1.00,1.12
2016.12.27 17:31:18.960,0.70841,0.70861,1.00,1.00
2016.12.27 17:31:19.505,0.70841,0.70865,1.00,1.12
2016.12.27 17:31:22.507,0.7084,0.70865,1.00,1.12
2016.12.27 17:31:33.022,0.7084,0.70865,1.12,1.87
2016.12.27 17:31:37.052,0.70841,0.70865,1.00,1.37
2016.12.27 17:31:41.519,0.70841,0.70861,1.00,1.00
2016.12.27 17:31:47.872,0.70838,0.70861,1.87,1.00
2016.12.27 17:31:47.923,0.70838,0.70861,1.50,1.00
2016.12.27 17:31:48.947,0.7084,0.70861,1.00,1.00
2016.12.27 17:31:49.263,0.70842,0.70861,1.00,1.00
2016.12.27 17:31:50.274,0.70841,0.7086,1.00,1.00
2016.12.27 17:31:50.666,0.70841,0.70866,1.00,1.87
2016.12.27 17:31:51.399,0.70842,0.70865,1.00,1.37
2016.12.27 17:31:52.947,0.70842,0.70866,2.62,1.00
2016.12.27 17:31:52.997,0.70846,0.70865,1.00,1.00
2016.12.27 17:31:53.149,0.70841,0.70865,1.00,1.12
2016.12.27 17:31:53.524,0.70843,0.70865,1.00,1.12
2016.12.27 17:31:53.863,0.70841,0.70865,1.00,1.12
2016.12.27 17:31:56.517,0.70842,0.70865,1.00,1.12
2016.12.27 17:31:59.318,0.70841,0.70865,1.87,1.50
2016.12.27 17:32:00.773,0.70844,0.70865,1.00,1.37
2016.12.27 17:32:00.925,0.7084,0.70864,1.50,1.12
2016.12.27 17:32:01.017,0.7084,0.70862,1.00,1.00
2016.12.27 17:32:01.319,0.70843,0.70862,1.00,1.37
2016.12.27 17:32:01.471,0.70843,0.70865,1.00,1.37
2016.12.27 17:32:02.153,0.70841,0.70865,1.00,1.37
2016.12.27 17:32:03.225,0.70842,0.70866,1.00,1.87
2016.12.27 17:32:07.289,0.70844,0.70864,1.00,1.12
2016.12.27 17:32:07.444,0.70841,0.70864,1.00,1.12
2016.12.27 17:32:08.865,0.70842,0.70866,1.00,1.12
2016.12.27 17:32:09.068,0.70845,0.70866,1.00,1.12
2016.12.27 17:32:09.597,0.70844,0.70867,1.00,1.87
2016.12.27 17:32:10.124,0.70843,0.70867,1.00,2.25
2016.12.27 17:32:10.426,0.70838,0.70862,1.00,1.00
2016.12.27 17:32:10.571,0.70841,0.70861,1.00,1.00
2016.12.27 17:32:10.694,0.70838,0.70861,1.00,1.50
2016.12.27 17:32:12.965,0.70838,0.7086,1.00,1.00
2016.12.27 17:32:13.217,0.70836,0.7086,1.50,1.37
2016.12.27 17:32:13.369,0.70838,0.7086,1.00,1.37
2016.12.27 17:32:16.608,0.70838,0.70861,1.00,1.12
2016.12.27 17:32:17.572,0.70839,0.70861,1.00,1.12
2016.12.27 17:32:18.121,0.7084,0.70861,1.00,1.12
2016.12.27 17:32:18.661,0.70841,0.70861,1.00,1.12
2016.12.27 17:32:24.199,0.70841,0.70866,1.00,1.37
2016.12.27 17:32:24.250,0.70844,0.70866,1.00,1.37
2016.12.27 17:32:24.301,0.70845,0.70866,1.00,1.12
2016.12.27 17:32:26.766,0.70845,0.70865,1.00,1.00
2016.12.27 17:32:27.826,0.70845,0.70866,1.00,1.00
2016.12.27 17:32:28.618,0.70846,0.70866,1.00,1.00
2016.12.27 17:32:30.614,0.70845,0.70866,1.00,1.00
2016.12.27 17:32:33.413,0.70845,0.7087,1.00,1.87
2016.12.27 17:32:37.458,0.70845,0.70866,1.00,1.00
2016.12.27 17:32:38.694,0.70845,0.7087,1.00,1.37
2016.12.27 17:32:49.827,0.70846,0.7087,1.00,1.37
2016.12.27 17:32:52.560,0.70846,0.7087,1.00,1.12
2016.12.27 17:32:53.628,0.70847,0.7087,1.00,1.00
2016.12.27 17:32:53.780,0.70849,0.70871,1.00,1.37
2016.12.27 17:32:56.379,0.70847,0.7087,1.00,1.87
2016.12.27 17:32:56.880,0.70846,0.7087,1.00,1.12
2016.12.27 17:32:59.438,0.70847,0.70871,1.00,1.87
2016.12.27 17:33:01.469,0.70848,0.70871,1.00,1.87
2016.12.27 17:33:01.850,0.70848,0.70865,1.00,1.00
2016.12.27 17:33:01.900,0.70846,0.70865,1.00,1.00
2016.12.27 17:33:02.103,0.70846,0.7087,1.00,1.12
2016.12.27 17:33:02.383,0.70846,0.7087,1.00,1.37
2016.12.27 17:33:11.868,0.70846,0.70866,1.00,1.00
2016.12.27 17:33:12.412,0.70846,0.7087,1.00,1.87
2016.12.27 17:33:13.419,0.70846,0.7087,1.00,1.87
2016.12.27 17:33:26.774,0.70845,0.7087,1.12,1.37
2016.12.27 17:33:31.367,0.70846,0.7087,1.00,1.87
2016.12.27 17:33:32.308,0.70848,0.7087,1.00,1.37
2016.12.27 17:33:32.461,0.70848,0.70871,1.00,1.00
2016.12.27 17:33:33.074,0.70848,0.7087,1.00,1.00
2016.12.27 17:33:33.778,0.70848,0.70873,1.12,1.00
2016.12.27 17:33:42.647,0.70847,0.70871,1.87,1.00
2016.12.27 17:33:46.483,0.70848,0.70871,1.37,1.00
2016.12.27 17:33:47.488,0.70848,0.7087,1.37,1.00
2016.12.27 17:33:52.448,0.70848,0.70871,1.37,1.00
2016.12.27 17:33:53.293,0.70847,0.70871,1.87,1.00
2016.12.27 17:33:54.097,0.70847,0.70872,1.87,1.00
2016.12.27 17:33:54.449,0.70848,0.7087,1.00,1.00
2016.12.27 17:33:55.171,0.70847,0.7087,1.50,1.00
2016.12.27 17:33:57.268,0.70849,0.7087,1.00,1.00
2016.12.27 17:33:59.050,0.70846,0.7087,1.00,1.00
2016.12.27 17:33:59.634,0.70847,0.70871,1.00,1.87
2016.12.27 17:34:04.016,0.70846,0.70871,1.00,1.87
2016.12.27 17:34:04.521,0.70846,0.7087,1.00,1.00
2016.12.27 17:34:10.206,0.70846,0.7087,1.00,1.37
2016.12.27 17:34:30.102,0.70845,0.70868,1.12,1.00
2016.12.27 17:34:30.726,0.70842,0.70866,1.12,1.00
2016.12.27 17:34:30.827,0.70846,0.70866,1.00,1.00
2016.12.27 17:34:35.900,0.70845,0.70866,1.00,1.00
2016.12.27 17:34:38.850,0.70845,0.70869,1.00,1.37
2016.12.27 17:34:46.179,0.70844,0.7087,1.00,3.00
2016.12.27 17:34:47.559,0.70844,0.7087,1.00,3.00
2016.12.27 17:34:48.741,0.70843,0.70866,1.00,1.00
2016.12.27 17:34:49.430,0.70843,0.70868,1.00,1.50
2016.12.27 17:34:50.092,0.70843,0.70866,1.00,1.00
2016.12.27 17:34:50.824,0.70844,0.70865,1.00,1.00
2016.12.27 17:34:52.278,0.70841,0.70866,1.37,1.00
2016.12.27 17:34:52.379,0.70841,0.70865,1.00,1.87
2016.12.27 17:34:53.386,0.70841,0.70863,1.00,1.00
2016.12.27 17:34:54.568,0.7084,0.70863,1.00,1.00
2016.12.27 17:34:56.652,0.7084,0.70865,1.00,1.37
2016.12.27 17:34:57.023,0.70842,0.70865,1.00,1.37
2016.12.27 17:35:00.947,0.70843,0.70865,1.00,1.87
2016.12.27 17:35:01.027,0.70841,0.70865,1.00,1.87
2016.12.27 17:35:02.413,0.70842,0.70865,1.00,1.87
2016.12.27 17:35:04.949,0.70845,0.70865,1.00,1.87
2016.12.27 17:35:05.000,0.70843,0.70865,1.00,1.50
2016.12.27 17:35:05.638,0.70842,0.70865,1.00,1.37
2016.12.27 17:35:09.261,0.70843,0.70865,1.00,1.87
2016.12.27 17:35:11.448,0.70841,0.70865,1.00,1.87
2016.12.27 17:35:12.253,0.70843,0.70865,1.00,1.87
2016.12.27 17:35:12.899,0.70842,0.70865,1.00,1.87
2016.12.27 17:35:13.420,0.70843,0.70865,1.00,1.87
2016.12.27 17:35:15.381,0.70842,0.70865,1.00,1.37
2016.12.27 17:35:26.086,0.70843,0.70865,1.00,1.37
2016.12.27 17:35:26.137,0.70841,0.70865,1.87,1.00
2016.12.27 17:35:26.338,0.70844,0.70865,1.00,1.00
2016.12.27 17:35:27.093,0.70844,0.70864,1.00,1.00
2016.12.27 17:35:28.714,0.70844,0.70866,1.00,1.87
2016.12.27 17:35:29.456,0.70843,0.70866,1.00,1.87
2016.12.27 17:35:30.117,0.70843,0.70865,1.00,1.00
2016.12.27 17:35:39.289,0.70843,0.70866,1.00,1.12
2016.12.27 17:35:44.766,0.70843,0.70865,1.00,1.00
2016.12.27 17:35:57.626,0.70841,0.70865,1.00,1.87
2016.12.27 17:35:57.677,0.70841,0.70865,1.00,1.87
2016.12.27 17:35:58.096,0.70838,0.70862,1.50,1.87
2016.12.27 17:36:00.608,0.70839,0.70862,1.00,1.87
2016.12.27 17:36:03.214,0.7084,0.70862,1.00,1.37
2016.12.27 17:36:03.486,0.7084,0.70864,1.00,2.25
2016.12.27 17:36:04.167,0.70841,0.70864,1.00,2.25
2016.12.27 17:36:04.729,0.70843,0.70864,1.00,2.25
2016.12.27 17:36:05.239,0.70842,0.70864,1.00,1.50
2016.12.27 17:36:11.425,0.70843,0.70864,1.00,1.50
2016.12.27 17:36:11.727,0.70841,0.70861,1.00,1.00
2016.12.27 17:36:11.928,0.70838,0.70861,1.00,1.00
2016.12.27 17:36:15.081,0.70839,0.70861,1.00,1.00
2016.12.27 17:36:16.026,0.7084,0.70861,1.00,1.00
2016.12.27 17:36:16.948,0.70839,0.70861,1.00,1.00
2016.12.27 17:36:18.168,0.70839,0.7086,1.00,1.00
2016.12.27 17:36:18.685,0.7084,0.70861,1.00,1.00
2016.12.27 17:36:20.270,0.70841,0.70861,1.00,1.00
2016.12.27 17:36:24.859,0.70844,0.70865,1.00,1.87
2016.12.27 17:36:26.215,0.70844,0.70865,1.00,1.12
2016.12.27 17:36:44.349,0.70844,0.70862,1.00,1.00
2016.12.27 17:36:44.400,0.7084,0.70862,1.00,1.00
2016.12.27 17:36:45.335,0.7084,0.70863,1.00,1.12
2016.12.27 17:36:45.904,0.70841,0.70863,1.00,1.12
2016.12.27 17:36:46.454,0.70842,0.70864,1.00,1.00
2016.12.27 17:36:50.272,0.70843,0.70864,1.00,1.00
2016.12.27 17:36:52.226,0.70841,0.70864,1.00,1.00
2016.12.27 17:36:52.539,0.70844,0.70866,1.00,1.37
2016.12.27 17:36:52.866,0.70846,0.70866,1.00,1.00
2016.12.27 17:36:53.547,0.70846,0.70869,1.00,1.12
2016.12.27 17:37:00.851,0.70844,0.70865,1.00,1.00
2016.12.27 17:37:02.312,0.70844,0.70866,1.00,1.12
2016.12.27 17:37:16.658,0.70844,0.70865,1.00,1.00
2016.12.27 17:37:16.910,0.70839,0.70861,1.00,1.00
2016.12.27 17:37:16.961,0.70842,0.70861,1.00,1.00
2016.12.27 17:37:17.163,0.70842,0.70865,1.00,1.37
2016.12.27 17:37:17.415,0.70842,0.70865,1.00,1.00
2016.12.27 17:37:18.050,0.70842,0.70866,1.00,1.87
2016.12.27 17:37:19.456,0.70843,0.70866,1.00,1.87
2016.12.27 17:37:20.959,0.70844,0.70866,1.00,1.87
2016.12.27 17:37:23.103,0.70844,0.70865,1.00,1.00
2016.12.27 17:37:33.009,0.70844,0.70865,1.00,1.37
2016.12.27 17:37:40.512,0.70841,0.70864,1.00,1.12
2016.12.27 17:37:40.590,0.70841,0.70862,1.00,1.00
2016.12.27 17:37:41.167,0.7084,0.70861,1.12,1.00
2016.12.27 17:37:46.955,0.70839,0.7086,1.37,1.00
2016.12.27 17:37:52.939,0.70839,0.7086,1.00,1.00
2016.12.27 17:37:54.414,0.70839,0.70862,1.00,1.00
2016.12.27 17:37:58.975,0.70839,0.70861,1.00,1.00
2016.12.27 17:37:59.632,0.70839,0.70862,1.00,1.00
2016.12.27 17:37:59.935,0.70837,0.70861,1.12,1.12
2016.12.27 17:38:00.280,0.7084,0.70862,1.00,1.12
2016.12.27 17:38:00.915,0.70841,0.70862,1.00,1.12
2016.12.27 17:38:03.809,0.70841,0.7086,1.00,1.00
2016.12.27 17:38:03.860,0.70841,0.70864,1.00,1.87
2016.12.27 17:38:04.062,0.70839,0.70864,1.00,2.62
2016.12.27 17:38:04.163,0.7084,0.70864,1.37,1.50
2016.12.27 17:38:04.683,0.70842,0.70865,1.00,1.00
2016.12.27 17:38:06.835,0.70841,0.70865,1.87,1.50
2016.12.27 17:38:07.956,0.7084,0.70863,1.37,1.00
2016.12.27 17:38:08.108,0.70837,0.70862,1.37,1.00
2016.12.27 17:38:08.209,0.70837,0.70862,1.12,1.37
2016.12.27 17:38:08.985,0.70839,0.70862,1.00,1.37
2016.12.27 17:38:10.462,0.70839,0.7086,1.00,1.00
2016.12.27 17:38:13.561,0.70837,0.70861,1.12,1.12
2016.12.27 17:38:17.426,0.70838,0.70861,1.00,1.12
2016.12.27 17:38:18.445,0.7084,0.7086,1.00,1.00
2016.12.27 17:38:18.597,0.70841,0.70865,1.00,2.25
2016.12.27 17:38:18.647,0.70842,0.70861,1.00,1.00
2016.12.27 17:38:18.748,0.70839,0.70861,1.50,1.00
2016.12.27 17:38:19.420,0.70839,0.7086,1.50,1.00
2016.12.27 17:38:19.959,0.70839,0.7086,1.87,1.00
2016.12.27 17:38:22.046,0.70843,0.70864,1.00,1.12
2016.12.27 17:38:22.166,0.70841,0.70866,1.00,1.87
2016.12.27 17:38:23.989,0.70843,0.70866,1.00,1.37
2016.12.27 17:38:24.191,0.70843,0.70866,1.00,1.00
2016.12.27 17:38:26.018,0.70843,0.70865,1.00,1.00
2016.12.27 17:38:28.291,0.70844,0.70865,1.00,1.00
2016.12.27 17:38:30.270,0.70843,0.70865,1.00,1.00
2016.12.27 17:38:33.314,0.70843,0.70866,1.00,1.00
2016.12.27 17:38:40.173,0.70843,0.70868,1.00,1.37
2016.12.27 17:38:41.429,0.70846,0.70868,1.00,1.37
2016.12.27 17:38:41.978,0.70846,0.70868,1.00,1.00
2016.12.27 17:38:43.541,0.70845,0.70868,1.00,1.00
2016.12.27 17:38:44.072,0.70845,0.70868,1.00,1.37
2016.12.27 17:38:44.822,0.70845,0.70868,1.00,1.37
2016.12.27 17:38:55.792,0.70846,0.70868,1.00,1.37
2016.12.27 17:38:55.843,0.70844,0.70868,1.12,1.12
2016.12.27 17:38:55.944,0.70844,0.70866,1.12,1.00
2016.12.27 17:38:56.023,0.70845,0.70868,1.00,1.12
2016.12.27 17:38:56.638,0.70846,0.7087,1.00,2.25
2016.12.27 17:39:10.853,0.70848,0.70868,1.00,1.12
2016.12.27 17:39:19.993,0.70846,0.70868,1.00,1.12
2016.12.27 17:39:20.925,0.70846,0.70865,1.00,1.00
2016.12.27 17:39:21.031,0.70844,0.70865,1.00,1.00
2016.12.27 17:39:22.086,0.70842,0.70865,1.00,1.37
2016.12.27 17:39:22.288,0.70839,0.70864,1.00,1.37
2016.12.27 17:39:22.389,0.70841,0.70864,1.00,1.37
2016.12.27 17:39:22.862,0.70841,0.70861,1.00,1.00
2016.12.27 17:39:26.463,0.7084,0.70861,1.00,1.00
2016.12.27 17:39:27.600,0.7084,0.70864,1.00,1.37
2016.12.27 17:39:30.614,0.7084,0.70861,1.00,1.00
2016.12.27 17:39:31.737,0.7084,0.70864,1.00,1.37
2016.12.27 17:39:45.243,0.70841,0.70864,1.00,1.37
2016.12.27 17:39:57.212,0.70841,0.70861,1.00,1.00
2016.12.27 17:39:57.384,0.70841,0.70864,1.00,1.37
2016.12.27 17:39:58.048,0.70841,0.7086,1.00,1.00
2016.12.27 17:39:58.150,0.70839,0.7086,1.00,1.00
2016.12.27 17:39:58.454,0.70836,0.7086,1.87,1.00
2016.12.27 17:39:59.143,0.7084,0.70861,1.00,1.00
2016.12.27 17:39:59.684,0.70839,0.70861,1.12,1.00
2016.12.27 17:40:00.224,0.7084,0.70861,1.00,1.00
2016.12.27 17:40:02.344,0.70838,0.70861,1.87,1.00
2016.12.27 17:40:05.475,0.70837,0.7086,1.37,1.00
2016.12.27 17:40:08.460,0.70836,0.7086,1.50,1.00
2016.12.27 17:40:08.999,0.70836,0.70861,1.50,1.12
2016.12.27 17:40:13.997,0.70836,0.7086,1.50,1.00
2016.12.27 17:40:20.896,0.70837,0.7086,1.00,1.00
2016.12.27 17:40:25.775,0.70838,0.70861,1.00,1.12
2016.12.27 17:40:25.876,0.7084,0.70861,1.00,1.12
2016.12.27 17:40:26.922,0.70838,0.70861,1.00,1.12
2016.12.27 17:40:28.607,0.70838,0.70863,1.00,1.12
2016.12.27 17:40:29.100,0.70838,0.70862,1.00,1.37
2016.12.27 17:40:29.201,0.70838,0.70863,1.00,1.12
2016.12.27 17:40:35.895,0.70838,0.7086,1.50,1.00
2016.12.27 17:40:37.855,0.70838,0.70863,1.50,1.12
2016.12.27 17:40:41.705,0.70838,0.7086,1.00,1.00
2016.12.27 17:40:42.137,0.7084,0.7086,1.00,1.00
2016.12.27 17:40:42.339,0.70841,0.70865,1.00,1.50
2016.12.27 17:40:43.231,0.70841,0.70865,1.00,1.87
2016.12.27 17:40:43.749,0.70841,0.70865,1.00,1.37
2016.12.27 17:40:44.296,0.70841,0.70865,1.12,1.00
2016.12.27 17:40:44.816,0.70841,0.70863,1.12,1.00
2016.12.27 17:40:48.680,0.7084,0.70863,1.00,1.00
2016.12.27 17:40:50.708,0.70841,0.70863,1.00,1.00
2016.12.27 17:40:59.374,0.70841,0.70865,1.00,1.50
2016.12.27 17:41:02.453,0.70841,0.70861,1.00,1.00
2016.12.27 17:41:02.604,0.70839,0.70861,1.00,1.00
2016.12.27 17:41:03.117,0.70838,0.70861,1.00,1.00
2016.12.27 17:41:04.069,0.70837,0.70861,1.00,1.87
2016.12.27 17:41:04.120,0.70838,0.70855,1.00,1.00
2016.12.27 17:41:04.321,0.70833,0.7086,1.37,1.00
2016.12.27 17:41:04.372,0.70834,0.7086,1.12,1.37
2016.12.27 17:41:05.353,0.70833,0.70855,1.37,1.00
2016.12.27 17:41:06.754,0.70833,0.70858,1.37,1.12
2016.12.27 17:41:06.956,0.70838,0.70861,1.00,3.00
2016.12.27 17:41:07.201,0.70836,0.7086,1.00,1.50
2016.12.27 17:41:16.060,0.70837,0.7086,1.00,1.37
2016.12.27 17:41:20.211,0.70837,0.7086,1.00,1.37
2016.12.27 17:41:23.056,0.70835,0.7086,1.50,1.37
2016.12.27 17:41:26.879,0.70836,0.70861,1.00,3.37
2016.12.27 17:41:27.832,0.70837,0.70861,1.00,1.87
2016.12.27 17:41:41.535,0.70836,0.70861,1.50,1.87
2016.12.27 17:41:42.461,0.70836,0.7086,1.50,1.00
2016.12.27 17:41:48.825,0.70836,0.7086,1.50,1.87
2016.12.27 17:41:55.764,0.70835,0.7086,1.50,1.37
2016.12.27 17:41:55.865,0.70837,0.7086,1.12,1.00
2016.12.27 17:41:56.240,0.70839,0.70861,1.00,1.12
2016.12.27 17:42:00.419,0.70838,0.70861,1.00,1.87
2016.12.27 17:42:05.435,0.70838,0.7086,1.00,1.00
2016.12.27 17:42:06.107,0.70838,0.70861,1.00,1.87
2016.12.27 17:42:10.136,0.70837,0.70861,1.12,1.87
2016.12.27 17:42:23.364,0.70838,0.70861,1.00,1.12
2016.12.27 17:42:31.765,0.70838,0.7086,1.00,1.00
2016.12.27 17:42:38.170,0.70837,0.7086,1.00,1.00
2016.12.27 17:42:46.754,0.70837,0.70863,1.50,1.37
2016.12.27 17:42:47.232,0.70841,0.70862,1.00,1.12
2016.12.27 17:42:47.722,0.70841,0.70861,1.00,1.37
2016.12.27 17:42:55.215,0.70839,0.70861,1.00,1.37
2016.12.27 17:43:01.454,0.70838,0.70862,1.00,1.87
2016.12.27 17:43:12.975,0.70838,0.70862,1.00,1.37
2016.12.27 17:43:15.063,0.70838,0.70862,1.00,1.00
2016.12.27 17:43:18.234,0.70838,0.70861,1.00,1.00
2016.12.27 17:43:20.285,0.70838,0.70861,1.00,1.87
2016.12.27 17:43:25.996,0.70838,0.70859,1.00,1.00
2016.12.27 17:43:27.470,0.70837,0.70859,1.00,1.00
2016.12.27 17:43:30.642,0.70837,0.7086,1.00,1.12
2016.12.27 17:43:39.585,0.70838,0.7086,1.00,1.12
2016.12.27 17:43:41.853,0.70837,0.7086,1.00,1.12
2016.12.27 17:43:43.327,0.70837,0.70859,1.00,1.00
2016.12.27 17:43:49.749,0.70837,0.70861,1.50,1.37
2016.12.27 17:43:49.951,0.70839,0.70861,1.00,1.00
2016.12.27 17:43:50.536,0.70839,0.70862,1.00,1.12
2016.12.27 17:43:51.765,0.70839,0.7086,1.00,1.00
2016.12.27 17:43:53.789,0.70839,0.70861,1.00,1.00
2016.12.27 17:43:54.499,0.70838,0.70861,1.00,1.00
2016.12.27 17:43:59.735,0.70838,0.7086,1.00,1.00
2016.12.27 17:44:00.771,0.70838,0.70861,1.00,1.00
2016.12.27 17:44:07.217,0.70838,0.70862,1.00,1.12
2016.12.27 17:44:07.776,0.70839,0.70862,1.00,1.37
2016.12.27 17:44:23.459,0.70839,0.7086,1.00,1.00
2016.12.27 17:44:24.483,0.70838,0.7086,1.00,1.00
2016.12.27 17:44:29.194,0.70838,0.70862,1.00,1.37
2016.12.27 17:44:29.999,0.70838,0.7086,1.00,1.00
2016.12.27 17:44:30.509,0.70837,0.7086,1.00,1.00
2016.12.27 17:44:39.203,0.70838,0.7086,1.00,1.00
2016.12.27 17:44:42.821,0.70838,0.70861,1.00,1.12
2016.12.27 17:44:44.825,0.70838,0.7086,1.00,1.00
2016.12.27 17:44:52.350,0.70838,0.70859,1.00,1.37
2016.12.27 17:44:52.531,0.70835,0.70859,1.00,1.37
2016.12.27 17:44:54.583,0.70838,0.70859,1.00,1.37
2016.12.27 17:44:54.912,0.70836,0.70859,1.00,1.37
2016.12.27 17:44:55.350,0.70839,0.7086,1.00,1.87
2016.12.27 17:44:55.400,0.70839,0.7086,1.00,1.00
2016.12.27 17:45:01.183,0.70838,0.7086,1.00,1.00
2016.12.27 17:45:07.254,0.70838,0.70862,1.00,1.12
2016.12.27 17:45:10.042,0.70839,0.70862,1.00,1.12
2016.12.27 17:45:12.291,0.70838,0.70862,1.00,1.12
2016.12.27 17:45:13.005,0.70838,0.70862,1.00,1.37
2016.12.27 17:45:15.956,0.70838,0.7086,1.00,1.00
2016.12.27 17:45:16.593,0.70838,0.70862,1.00,1.37
2016.12.27 17:45:17.130,0.70838,0.7086,1.00,1.00
2016.12.27 17:45:17.649,0.70835,0.7086,1.12,1.00
2016.12.27 17:45:18.169,0.70836,0.7086,1.00,1.00
2016.12.27 17:45:18.690,0.70836,0.70858,1.00,1.00
2016.12.27 17:45:18.791,0.70833,0.70856,1.12,1.00
2016.12.27 17:45:18.892,0.70831,0.70855,1.12,1.50
2016.12.27 17:45:18.993,0.70829,0.70853,1.00,1.00
2016.12.27 17:45:19.757,0.70829,0.70853,1.00,1.50
2016.12.27 17:45:23.838,0.7083,0.70853,1.00,1.50
2016.12.27 17:45:35.397,0.7083,0.70852,1.00,1.50
2016.12.27 17:45:35.936,0.7083,0.70852,1.00,1.12
2016.12.27 17:45:42.470,0.70829,0.70852,1.00,1.00
2016.12.27 17:45:42.989,0.70829,0.70853,1.00,1.12
2016.12.27 17:45:44.942,0.70829,0.70852,1.00,1.00
2016.12.27 17:46:01.685,0.70829,0.70851,1.00,1.00
2016.12.27 17:46:07.401,0.70829,0.70854,1.00,1.50
2016.12.27 17:46:07.603,0.70831,0.70855,1.00,1.87
2016.12.27 17:46:08.359,0.70832,0.70854,1.00,1.12
2016.12.27 17:46:08.911,0.70832,0.70851,1.00,1.00
2016.12.27 17:46:10.637,0.70832,0.70854,1.00,1.12
2016.12.27 17:46:12.348,0.7083,0.70854,1.00,1.12
2016.12.27 17:46:13.843,0.70832,0.70855,1.00,1.50
2016.12.27 17:46:14.755,0.70832,0.70854,1.00,1.00
2016.12.27 17:46:15.316,0.70833,0.70854,1.00,1.00
2016.12.27 17:46:15.446,0.70831,0.70854,1.12,1.00
2016.12.27 17:46:15.979,0.70832,0.70854,1.00,1.00
2016.12.27 17:46:18.577,0.70831,0.70854,1.00,1.12
2016.12.27 17:46:18.733,0.70831,0.70851,1.00,1.00
2016.12.27 17:46:19.573,0.70831,0.70854,1.00,1.12
2016.12.27 17:46:24.644,0.70831,0.70851,1.00,1.00
2016.12.27 17:46:28.514,0.70831,0.70854,1.00,1.12
2016.12.27 17:46:29.330,0.70832,0.70854,1.00,1.12
2016.12.27 17:46:34.895,0.70834,0.70854,1.00,1.00
2016.12.27 17:46:36.503,0.70832,0.70854,1.00,1.00
2016.12.27 17:46:37.649,0.70832,0.7085,1.00,1.00
2016.12.27 17:46:38.103,0.70834,0.7085,1.00,1.00
2016.12.27 17:46:39.910,0.70832,0.7085,1.00,1.00
2016.12.27 17:46:44.835,0.7083,0.70845,1.00,1.00
2016.12.27 17:46:44.936,0.70822,0.70846,1.37,1.50
2016.12.27 17:46:44.987,0.70822,0.70846,1.00,1.50
2016.12.27 17:46:45.088,0.70823,0.70846,1.00,2.62
2016.12.27 17:46:45.189,0.70823,0.70846,1.00,1.50
2016.12.27 17:46:46.406,0.70824,0.70846,1.00,1.00
2016.12.27 17:46:47.317,0.70825,0.70846,1.00,1.00
2016.12.27 17:46:49.017,0.70824,0.70846,1.00,1.00
2016.12.27 17:47:01.947,0.70827,0.7085,1.00,1.37
2016.12.27 17:47:02.223,0.70828,0.7085,1.00,1.12
2016.12.27 17:47:02.476,0.70831,0.70851,1.00,1.37
2016.12.27 17:47:02.906,0.70829,0.70851,1.00,1.00
2016.12.27 17:47:04.337,0.70828,0.70846,1.12,1.00
2016.12.27 17:47:04.646,0.7083,0.70846,1.00,1.00
2016.12.27 17:47:05.719,0.70828,0.70846,1.00,1.00
2016.12.27 17:47:06.266,0.70829,0.70846,1.00,1.00
2016.12.27 17:47:08.293,0.70829,0.7085,1.00,1.00
2016.12.27 17:47:12.139,0.70829,0.70846,1.00,1.00
2016.12.27 17:47:12.406,0.70829,0.7085,1.00,1.00
2016.12.27 17:47:20.835,0.7083,0.7085,1.00,1.00
2016.12.27 17:47:25.087,0.70829,0.7085,1.00,1.00
2016.12.27 17:47:32.062,0.70829,0.70845,1.00,1.00
2016.12.27 17:47:32.163,0.7083,0.7085,1.00,1.37
2016.12.27 17:47:32.214,0.70828,0.70851,1.00,1.12
2016.12.27 17:47:32.648,0.7083,0.7085,1.00,1.00
2016.12.27 17:47:34.027,0.70829,0.7085,1.12,1.00
2016.12.27 17:47:38.513,0.70828,0.70851,1.37,1.00
2016.12.27 17:47:40.765,0.70828,0.7085,1.37,1.00
2016.12.27 17:47:41.289,0.70828,0.70851,1.50,1.00
2016.12.27 17:47:41.834,0.70827,0.7085,1.37,1.00
2016.12.27 17:47:43.516,0.70829,0.7085,1.00,1.00
2016.12.27 17:47:48.009,0.70828,0.7085,1.12,1.00
2016.12.27 17:48:00.828,0.7083,0.7085,1.00,1.00
2016.12.27 17:48:06.296,0.7083,0.70846,1.00,1.00
2016.12.27 17:48:07.908,0.70828,0.70846,1.00,1.00
2016.12.27 17:48:10.517,0.70829,0.70846,1.00,1.00
2016.12.27 17:48:10.609,0.70829,0.70851,1.00,1.12
2016.12.27 17:48:10.861,0.70832,0.70851,1.00,1.00
2016.12.27 17:48:13.147,0.70833,0.70851,1.00,1.00
2016.12.27 17:48:13.409,0.70831,0.70855,1.00,1.12
2016.12.27 17:48:13.962,0.7083,0.70855,1.00,1.12
2016.12.27 17:48:20.654,0.7083,0.70851,1.00,1.00
2016.12.27 17:48:25.895,0.7083,0.70855,1.00,1.87
2016.12.27 17:48:27.931,0.70829,0.70855,1.87,1.87
2016.12.27 17:48:29.375,0.7083,0.70855,1.00,1.12
2016.12.27 17:48:31.660,0.7083,0.70854,1.50,1.00
2016.12.27 17:48:32.180,0.70831,0.70855,1.00,1.12
2016.12.27 17:48:32.299,0.70829,0.70855,2.62,1.12
2016.12.27 17:48:36.452,0.70831,0.70855,1.00,1.12
2016.12.27 17:48:39.437,0.70832,0.70855,1.00,1.12
2016.12.27 17:48:41.586,0.7083,0.70855,1.00,1.12
2016.12.27 17:48:44.425,0.70831,0.70855,1.00,1.12
2016.12.27 17:48:51.955,0.70831,0.70854,1.00,1.00
2016.12.27 17:48:52.056,0.70831,0.70852,1.00,1.00
2016.12.27 17:48:52.107,0.70831,0.70854,1.00,1.12
2016.12.27 17:48:52.208,0.70829,0.70851,1.00,1.00
2016.12.27 17:48:52.534,0.70831,0.70855,1.00,1.87
2016.12.27 17:48:53.196,0.70831,0.7085,1.00,1.00
2016.12.27 17:48:53.297,0.70829,0.7085,1.12,1.00
2016.12.27 17:48:53.448,0.70831,0.7085,1.00,1.00
2016.12.27 17:48:53.711,0.70831,0.70855,1.00,1.87
2016.12.27 17:48:54.415,0.70831,0.70851,1.00,1.00
2016.12.27 17:48:55.218,0.70831,0.7085,1.00,1.00
2016.12.27 17:48:56.708,0.70831,0.70851,1.00,1.00
2016.12.27 17:49:00.663,0.70831,0.70855,1.00,1.37
2016.12.27 17:49:01.213,0.7083,0.70855,1.87,1.00
2016.12.27 17:49:04.585,0.70832,0.70855,1.00,1.00
2016.12.27 17:49:09.339,0.7083,0.70855,1.87,1.50
2016.12.27 17:49:12.028,0.70832,0.70855,1.00,1.50
2016.12.27 17:49:12.395,0.70829,0.70851,1.12,1.00
2016.12.27 17:49:13.115,0.70829,0.70853,1.12,2.10
2016.12.27 17:49:13.774,0.70829,0.70853,1.12,1.72
2016.12.27 17:49:14.263,0.70829,0.7085,1.12,1.00
2016.12.27 17:49:17.742,0.70829,0.70853,1.12,1.30
2016.12.27 17:49:18.014,0.70829,0.70851,1.12,1.00
2016.12.27 17:49:21.160,0.70829,0.70854,1.12,1.37
2016.12.27 17:49:22.257,0.70828,0.7085,1.87,1.00
2016.12.27 17:49:27.566,0.70828,0.70851,1.87,1.00
2016.12.27 17:49:27.717,0.70827,0.70851,1.12,1.12
2016.12.27 17:49:28.257,0.70827,0.7085,1.12,1.00
2016.12.27 17:49:29.177,0.70827,0.70851,1.12,1.12
2016.12.27 17:49:30.283,0.70828,0.70851,1.00,1.12
2016.12.27 17:49:30.937,0.70826,0.70851,1.37,1.87
2016.12.27 17:49:31.211,0.70829,0.70851,1.00,1.12
2016.12.27 17:49:31.363,0.70829,0.70854,1.00,1.50
2016.12.27 17:49:32.090,0.70829,0.70853,1.50,1.00
2016.12.27 17:49:32.141,0.70829,0.70851,1.00,1.00
2016.12.27 17:49:32.393,0.70824,0.7085,1.00,1.37
2016.12.27 17:49:32.444,0.70827,0.7085,1.00,1.37
2016.12.27 17:49:32.595,0.70829,0.70851,1.00,1.87
2016.12.27 17:49:33.205,0.70828,0.70851,1.00,1.87
2016.12.27 17:49:35.651,0.70826,0.70851,1.00,1.87
2016.12.27 17:49:37.147,0.70826,0.7085,1.00,1.00
2016.12.27 17:49:37.454,0.70825,0.70846,1.12,1.00
2016.12.27 17:49:37.855,0.70825,0.7085,1.12,1.00
2016.12.27 17:49:37.906,0.70828,0.7085,1.00,1.00
2016.12.27 17:49:38.722,0.70828,0.70851,1.00,1.87
2016.12.27 17:49:42.411,0.70828,0.7085,1.00,1.00
2016.12.27 17:49:44.405,0.7083,0.7085,1.00,1.00
2016.12.27 17:49:44.993,0.70829,0.70851,1.00,1.12
2016.12.27 17:49:45.499,0.70828,0.70851,1.00,1.00
2016.12.27 17:49:46.558,0.70827,0.70851,1.50,1.50
2016.12.27 17:49:47.281,0.70827,0.7085,1.50,1.00
2016.12.27 17:49:47.892,0.70828,0.7085,1.00,1.00
2016.12.27 17:49:48.366,0.70826,0.70848,1.00,1.00
2016.12.27 17:49:48.517,0.70824,0.70848,1.12,1.00
2016.12.27 17:49:48.814,0.70826,0.70848,1.00,1.00
2016.12.27 17:49:54.245,0.70826,0.70849,1.00,1.00
2016.12.27 17:49:54.570,0.70829,0.70851,1.00,1.37
2016.12.27 17:49:55.441,0.70828,0.70851,1.00,1.37
2016.12.27 17:49:58.420,0.70827,0.70851,1.00,1.37
2016.12.27 17:50:13.000,0.70827,0.70851,1.00,1.12
2016.12.27 17:50:14.564,0.70827,0.7085,1.00,1.00
2016.12.27 17:50:15.119,0.70827,0.7085,1.00,1.37
2016.12.27 17:50:19.700,0.70826,0.7085,1.00,1.37
2016.12.27 17:50:24.582,0.70828,0.7085,1.00,1.37
2016.12.27 17:50:41.964,0.70828,0.70848,1.00,1.00
2016.12.27 17:50:42.282,0.70824,0.70845,1.50,1.00
2016.12.27 17:50:42.333,0.70826,0.70848,1.00,1.00
2016.12.27 17:50:42.846,0.70826,0.7085,1.00,1.87
2016.12.27 17:50:44.747,0.70824,0.70849,1.00,1.12
2016.12.27 17:50:45.336,0.70822,0.70849,3.37,1.12
2016.12.27 17:50:45.588,0.70822,0.70847,2.62,1.00
2016.12.27 17:50:49.742,0.70823,0.70849,1.12,1.12
2016.12.27 17:50:49.999,0.70827,0.70849,1.00,1.12
2016.12.27 17:50:50.144,0.70825,0.70849,1.00,1.12
2016.12.27 17:50:51.440,0.70827,0.70849,1.00,1.12
2016.12.27 17:50:52.168,0.70826,0.70849,1.00,1.12
2016.12.27 17:50:57.196,0.70825,0.70849,1.00,1.12
2016.12.27 17:50:57.752,0.70826,0.70849,1.00,1.12
2016.12.27 17:50:58.001,0.70824,0.70849,1.00,1.12
2016.12.27 17:50:59.099,0.70827,0.70849,1.00,1.12
2016.12.27 17:50:59.231,0.70824,0.70849,1.00,1.12
2016.12.27 17:51:00.728,0.70825,0.70849,1.00,1.12
2016.12.27 17:51:05.176,0.70826,0.7085,1.00,1.87
2016.12.27 17:51:10.187,0.70826,0.70849,1.00,1.37
2016.12.27 17:51:10.238,0.70826,0.7085,1.00,1.37
2016.12.27 17:51:12.778,0.70825,0.70849,1.00,1.00
2016.12.27 17:51:22.121,0.70826,0.70849,1.00,1.12
2016.12.27 17:51:30.634,0.70826,0.70848,1.00,1.00
2016.12.27 17:51:31.380,0.70825,0.70848,1.00,1.00
2016.12.27 17:51:35.221,0.70824,0.70848,1.87,1.00
2016.12.27 17:51:36.176,0.70824,0.70845,1.12,1.00
2016.12.27 17:51:36.460,0.70824,0.70848,1.12,1.00
2016.12.27 17:51:38.364,0.70824,0.70847,1.12,1.00
2016.12.27 17:51:40.930,0.70824,0.70846,1.00,1.00
2016.12.27 17:51:41.697,0.70822,0.70846,1.37,1.00
2016.12.27 17:51:42.106,0.70825,0.70848,1.00,1.37
2016.12.27 17:51:42.409,0.70829,0.7085,1.00,1.12
2016.12.27 17:51:43.393,0.70828,0.70851,1.00,1.87
2016.12.27 17:51:43.926,0.70829,0.70851,1.00,1.87
2016.12.27 17:52:02.238,0.70828,0.70851,1.00,1.87
2016.12.27 17:52:06.527,0.7083,0.70851,1.00,1.87
2016.12.27 17:52:08.897,0.70829,0.7085,1.00,1.12
2016.12.27 17:52:13.396,0.70827,0.70848,1.00,1.00
2016.12.27 17:52:13.614,0.70822,0.70846,1.37,1.00
2016.12.27 17:52:14.936,0.70827,0.70849,1.00,1.37
2016.12.27 17:52:15.488,0.70827,0.70846,1.00,1.00
2016.12.27 17:52:17.762,0.70827,0.70849,1.00,1.37
2016.12.27 17:52:18.363,0.70824,0.70848,1.00,1.37
2016.12.27 17:52:18.831,0.70824,0.70845,1.00,1.00
2016.12.27 17:52:19.373,0.70823,0.70845,1.50,1.00
2016.12.27 17:52:20.938,0.70823,0.70848,1.50,1.37
2016.12.27 17:52:21.613,0.70824,0.70848,1.12,1.12
2016.12.27 17:52:26.413,0.70823,0.70845,1.37,1.00
2016.12.27 17:52:26.564,0.70822,0.70844,1.00,1.00
2016.12.27 17:52:26.766,0.70822,0.70846,1.00,2.25
2016.12.27 17:52:27.022,0.70822,0.70841,1.00,1.00
2016.12.27 17:52:27.211,0.70822,0.70846,1.00,2.25
2016.12.27 17:52:27.313,0.70824,0.70845,1.00,1.00
2016.12.27 17:52:27.414,0.7082,0.70846,1.87,2.25
2016.12.27 17:52:27.954,0.70822,0.70846,1.50,1.50
2016.12.27 17:52:28.986,0.70821,0.70846,1.00,1.87
2016.12.27 17:52:29.495,0.70822,0.70845,1.50,1.37
2016.12.27 17:52:32.667,0.70823,0.70846,1.00,1.37
2016.12.27 17:52:32.718,0.70823,0.70846,1.87,1.00
2016.12.27 17:52:33.271,0.70823,0.70846,2.62,1.00
2016.12.27 17:52:34.146,0.70823,0.70847,2.62,1.00
2016.12.27 17:52:34.298,0.70823,0.70845,2.62,1.00
2016.12.27 17:52:34.449,0.70825,0.70849,2.25,1.00
2016.12.27 17:52:34.599,0.70827,0.70851,1.00,1.50
2016.12.27 17:52:35.752,0.70827,0.7085,1.00,1.00
2016.12.27 17:52:36.814,0.70826,0.7085,1.12,1.50
2016.12.27 17:52:37.734,0.70828,0.70851,1.00,1.50
2016.12.27 17:52:38.037,0.70828,0.70851,1.87,1.00
2016.12.27 17:52:39.718,0.7083,0.70854,2.62,1.37
2016.12.27 17:52:40.137,0.70829,0.70851,2.62,1.00
2016.12.27 17:52:40.713,0.70829,0.70853,2.62,1.12
2016.12.27 17:52:44.451,0.7083,0.7085,1.12,1.00
2016.12.27 17:52:45.072,0.7083,0.70851,1.12,1.00
2016.12.27 17:52:53.015,0.70829,0.70851,1.12,1.00
2016.12.27 17:52:53.462,0.70831,0.70851,1.00,1.00
2016.12.27 17:52:54.001,0.7083,0.70851,1.00,1.00
2016.12.27 17:52:56.764,0.70829,0.70851,1.12,1.00
2016.12.27 17:52:57.707,0.70829,0.70854,1.12,1.00
2016.12.27 17:52:59.137,0.70829,0.7085,1.12,1.00
2016.12.27 17:53:05.514,0.7083,0.7085,1.00,1.00
2016.12.27 17:53:10.630,0.7083,0.70854,1.00,1.00
2016.12.27 17:53:16.381,0.7083,0.70855,1.12,1.00
2016.12.27 17:53:16.532,0.70829,0.70853,1.87,1.00
2016.12.27 17:53:17.173,0.70829,0.70851,1.87,1.00
2016.12.27 17:53:17.735,0.70829,0.7085,1.87,1.00
2016.12.27 17:53:24.712,0.70826,0.7085,1.87,1.00
2016.12.27 17:53:31.647,0.70826,0.70851,1.37,1.50
2016.12.27 17:53:32.253,0.70824,0.70847,3.00,1.00
2016.12.27 17:53:32.404,0.70821,0.70845,1.50,1.00
2016.12.27 17:53:32.917,0.70821,0.70844,1.37,1.00
2016.12.27 17:53:43.053,0.70821,0.70846,1.37,1.87
2016.12.27 17:53:44.873,0.70821,0.70845,1.37,1.00
2016.12.27 17:53:47.394,0.7082,0.70846,1.87,1.87
2016.12.27 17:53:53.009,0.7082,0.70846,1.87,2.62
2016.12.27 17:53:55.938,0.70821,0.70846,1.00,1.87
2016.12.27 17:53:58.649,0.70822,0.70846,1.00,1.87
2016.12.27 17:54:03.689,0.70821,0.70846,2.25,1.12
2016.12.27 17:54:04.299,0.70822,0.70846,1.00,1.12
2016.12.27 17:54:07.981,0.70822,0.70845,1.50,1.00
2016.12.27 17:54:10.128,0.70822,0.70845,2.62,1.00
2016.12.27 17:54:12.614,0.70822,0.70846,2.62,1.00
2016.12.27 17:54:30.540,0.70822,0.70848,2.62,1.12
2016.12.27 17:54:32.957,0.70822,0.70848,1.50,1.37
2016.12.27 17:54:38.907,0.70822,0.70846,1.50,1.00
2016.12.27 17:54:39.620,0.70822,0.70848,1.50,1.37
2016.12.27 17:54:51.776,0.70822,0.70846,2.25,1.00
2016.12.27 17:54:52.493,0.70822,0.70847,1.50,1.87
2016.12.27 17:54:53.081,0.70822,0.70847,1.87,1.37
2016.12.27 17:55:00.692,0.70822,0.70845,1.12,1.00
2016.12.27 17:55:05.979,0.7082,0.70843,1.37,1.00
2016.12.27 17:55:06.231,0.70817,0.70842,1.87,1.00
2016.12.27 17:55:13.345,0.70817,0.70842,1.37,1.12
2016.12.27 17:55:22.038,0.70817,0.7084,1.37,1.00
2016.12.27 17:55:22.514,0.70817,0.70842,1.37,1.12
2016.12.27 17:55:23.168,0.70817,0.70841,1.37,1.00
2016.12.27 17:55:28.697,0.70817,0.70842,1.37,1.12
2016.12.27 17:55:32.866,0.70817,0.70841,1.87,1.00
2016.12.27 17:55:38.566,0.70817,0.70843,1.87,1.00
2016.12.27 17:55:39.095,0.70817,0.70842,1.37,1.00
2016.12.27 17:55:43.863,0.70819,0.70843,1.00,1.12
2016.12.27 17:55:44.375,0.70819,0.70843,1.00,1.37
2016.12.27 17:55:45.471,0.70817,0.70843,1.50,1.87
2016.12.27 17:55:49.277,0.70818,0.70843,1.00,1.37
2016.12.27 17:55:54.167,0.70819,0.70843,1.00,1.37
2016.12.27 17:55:54.986,0.70819,0.70843,1.00,1.00
2016.12.27 17:56:02.433,0.70818,0.70844,1.12,3.00
2016.12.27 17:56:02.483,0.70818,0.70844,1.00,3.00
2016.12.27 17:56:02.833,0.70825,0.70847,1.50,1.00
2016.12.27 17:56:03.156,0.70826,0.70851,1.37,1.50
2016.12.27 17:56:03.506,0.70826,0.70851,1.00,1.87
2016.12.27 17:56:03.695,0.70828,0.70851,1.00,1.12
2016.12.27 17:56:04.231,0.70826,0.7085,1.00,1.00
2016.12.27 17:56:05.050,0.70826,0.70851,1.50,1.12
2016.12.27 17:56:05.608,0.70827,0.7085,1.00,1.00
2016.12.27 17:56:06.268,0.70826,0.7085,1.50,1.00
2016.12.27 17:56:06.905,0.70826,0.70851,1.50,1.12
2016.12.27 17:56:09.590,0.70827,0.70851,1.00,1.12
2016.12.27 17:56:10.154,0.70826,0.70852,1.87,1.87
2016.12.27 17:56:11.101,0.70826,0.70852,1.50,1.87
2016.12.27 17:56:12.133,0.70828,0.70852,1.00,2.62
2016.12.27 17:56:13.028,0.70826,0.70852,1.50,2.62
2016.12.27 17:56:14.529,0.70826,0.70852,1.87,1.87
2016.12.27 17:56:14.632,0.70826,0.7085,1.87,1.00
2016.12.27 17:56:16.681,0.70826,0.70852,1.87,1.87
2016.12.27 17:56:17.237,0.70827,0.70852,1.00,1.12
2016.12.27 17:56:17.881,0.70826,0.70851,1.12,1.00
2016.12.27 17:56:22.670,0.70826,0.7085,1.12,1.00
2016.12.27 17:56:30.295,0.70826,0.70849,1.12,1.00
2016.12.27 17:56:30.951,0.70826,0.7085,1.12,1.00
2016.12.27 17:56:34.289,0.70826,0.70851,1.12,1.50
2016.12.27 17:56:39.314,0.70826,0.7085,1.12,1.00
2016.12.27 17:56:41.273,0.70826,0.70849,1.12,1.00
2016.12.27 17:56:43.512,0.70826,0.7085,1.12,1.50
2016.12.27 17:56:46.571,0.70826,0.70849,1.12,1.00
2016.12.27 17:56:47.233,0.70826,0.7085,1.12,1.00
2016.12.27 17:57:15.527,0.70826,0.70851,1.87,1.50
2016.12.27 17:57:17.204,0.70827,0.7085,1.37,1.00
2016.12.27 17:57:18.203,0.70827,0.70851,1.37,1.00
2016.12.27 17:57:21.734,0.70827,0.70851,1.00,1.37
2016.12.27 17:57:24.535,0.70826,0.7085,1.87,1.12
2016.12.27 17:57:24.846,0.70829,0.70851,1.12,1.00
2016.12.27 17:57:24.934,0.70829,0.70854,1.12,1.12
2016.12.27 17:57:26.200,0.70829,0.70853,1.12,1.00
2016.12.27 17:57:29.359,0.7083,0.70853,1.00,1.00
2016.12.27 17:57:32.000,0.70829,0.70853,1.12,1.00
2016.12.27 17:57:33.798,0.70829,0.70854,1.12,1.12
2016.12.27 17:57:42.484,0.7083,0.70854,1.00,1.87
2016.12.27 17:57:53.009,0.70831,0.70854,1.00,1.12
2016.12.27 17:57:55.718,0.70832,0.70854,1.00,1.12
2016.12.27 17:57:56.673,0.70833,0.70856,1.00,1.87
2016.12.27 17:57:56.724,0.70835,0.70855,1.00,1.37
2016.12.27 17:57:56.825,0.70835,0.70856,1.00,1.00
2016.12.27 17:58:00.875,0.70834,0.70856,1.00,1.00
2016.12.27 17:58:01.485,0.70835,0.70856,1.00,1.00
2016.12.27 17:58:02.018,0.70835,0.70859,1.00,1.87
2016.12.27 17:58:03.851,0.70836,0.70859,1.00,1.37
2016.12.27 17:58:03.902,0.70839,0.7086,1.00,1.37
2016.12.27 17:58:04.104,0.70839,0.7086,1.00,1.00
2016.12.27 17:58:04.155,0.70836,0.7086,1.37,1.00
2016.12.27 17:58:04.662,0.70836,0.70861,1.12,1.50
2016.12.27 17:58:05.178,0.70836,0.7086,1.87,1.00
2016.12.27 17:58:05.775,0.70836,0.70861,1.87,1.50
2016.12.27 17:58:06.516,0.70837,0.70861,1.00,1.50
2016.12.27 17:58:07.964,0.70836,0.70861,1.12,1.00
2016.12.27 17:58:08.747,0.70835,0.70861,1.50,1.87
2016.12.27 17:58:12.124,0.70836,0.70861,1.00,1.37
2016.12.27 17:58:12.745,0.70837,0.7086,1.00,1.12
2016.12.27 17:58:17.021,0.70839,0.70861,1.00,1.37
2016.12.27 17:58:18.254,0.70837,0.70861,1.50,1.37
2016.12.27 17:58:19.811,0.70837,0.70863,1.50,1.87
2016.12.27 17:58:19.862,0.70841,0.70863,1.00,1.87
2016.12.27 17:58:20.064,0.70838,0.70862,1.37,1.00
2016.12.27 17:58:20.215,0.70837,0.70861,1.00,1.50
2016.12.27 17:58:20.316,0.70839,0.7086,1.00,1.00
2016.12.27 17:58:20.955,0.70839,0.70861,1.00,1.50
2016.12.27 17:58:21.678,0.70839,0.7086,1.00,1.00
2016.12.27 17:58:22.216,0.70839,0.70861,1.00,1.50
2016.12.27 17:58:24.777,0.70839,0.7086,1.00,1.00
2016.12.27 17:58:25.412,0.70839,0.70861,1.00,1.00
2016.12.27 17:58:25.954,0.70839,0.7086,1.00,1.00
2016.12.27 17:58:26.533,0.70839,0.70861,1.00,1.00
2016.12.27 17:58:26.748,0.7084,0.70863,1.00,1.12
2016.12.27 17:58:26.950,0.7084,0.70866,1.87,1.87
2016.12.27 17:58:27.326,0.70838,0.70861,1.37,1.00
2016.12.27 17:58:27.427,0.70838,0.70861,1.12,1.00
2016.12.27 17:58:27.951,0.70839,0.70861,1.00,1.00
2016.12.27 17:58:28.563,0.70839,0.7086,1.00,1.00
2016.12.27 17:58:29.271,0.70839,0.70861,1.00,1.00
2016.12.27 17:58:29.842,0.70838,0.70861,1.87,1.00
2016.12.27 17:58:31.475,0.70839,0.70861,1.00,1.00
2016.12.27 17:58:32.242,0.70839,0.7086,1.00,1.00
2016.12.27 17:58:35.039,0.70842,0.7086,1.00,1.00
2016.12.27 17:58:35.140,0.70842,0.70866,1.00,1.87
2016.12.27 17:58:37.075,0.7084,0.70865,1.12,1.37
2016.12.27 17:58:37.126,0.70839,0.70861,1.37,1.00
2016.12.27 17:58:38.080,0.70839,0.70862,1.37,1.00
2016.12.27 17:58:38.642,0.70839,0.70861,1.37,1.00
2016.12.27 17:58:39.353,0.70839,0.7086,1.37,1.00
2016.12.27 17:58:39.455,0.70839,0.70863,1.37,1.12
2016.12.27 17:58:39.575,0.70839,0.70861,1.37,1.00
2016.12.27 17:58:41.834,0.70839,0.7086,1.37,1.00
2016.12.27 17:58:42.336,0.70839,0.70861,1.37,1.00
2016.12.27 17:58:46.853,0.70839,0.70861,1.00,1.00
2016.12.27 17:58:48.407,0.70841,0.70861,1.00,1.00
2016.12.27 17:58:48.458,0.70839,0.70861,1.00,1.00
2016.12.27 17:58:52.324,0.70839,0.7086,1.00,1.00
2016.12.27 17:58:52.827,0.70839,0.70861,1.00,1.00
2016.12.27 17:58:53.589,0.7084,0.70861,1.00,1.00
2016.12.27 17:58:54.113,0.70839,0.7086,1.00,1.00
2016.12.27 17:58:54.819,0.70839,0.70861,1.00,1.00
2016.12.27 17:58:55.481,0.70839,0.7086,1.00,1.00
2016.12.27 17:58:56.320,0.70841,0.7086,1.00,1.00
2016.12.27 17:58:57.127,0.7084,0.7086,1.00,1.00
2016.12.27 17:58:57.915,0.7084,0.70861,1.00,1.00
2016.12.27 17:58:58.506,0.70841,0.70861,1.00,1.00
2016.12.27 17:58:59.115,0.7084,0.70861,1.00,1.00
2016.12.27 17:58:59.642,0.70839,0.70861,1.12,1.00
2016.12.27 17:59:02.382,0.70839,0.7086,1.12,1.00
2016.12.27 17:59:02.933,0.70838,0.70861,1.37,1.00
2016.12.27 17:59:03.500,0.70838,0.7086,1.37,1.00
2016.12.27 17:59:04.022,0.70838,0.70861,1.37,1.00
2016.12.27 17:59:04.957,0.70838,0.7086,1.37,1.00
2016.12.27 17:59:06.215,0.70838,0.70861,1.37,1.00
2016.12.27 17:59:10.201,0.70836,0.7086,1.87,1.00
2016.12.27 17:59:12.216,0.70838,0.70861,1.37,1.00
2016.12.27 17:59:13.005,0.70838,0.7086,1.87,1.00
2016.12.27 17:59:13.666,0.70838,0.70861,1.37,1.00
2016.12.27 17:59:19.552,0.70838,0.7086,1.37,1.00
2016.12.27 17:59:20.054,0.70839,0.70861,1.00,1.00
2016.12.27 17:59:20.588,0.70839,0.7086,1.00,1.50
2016.12.27 17:59:21.332,0.70838,0.7086,1.12,1.50
2016.12.27 17:59:21.914,0.70837,0.7086,1.00,1.00
2016.12.27 17:59:22.420,0.70837,0.70861,1.50,1.12
2016.12.27 17:59:24.416,0.70837,0.7086,1.00,1.00
2016.12.27 17:59:27.478,0.70838,0.7086,1.00,1.00
2016.12.27 17:59:29.215,0.70838,0.70861,1.00,1.87
2016.12.27 17:59:30.315,0.70838,0.7086,1.00,1.00
2016.12.27 17:59:30.836,0.70837,0.7086,1.00,1.00
2016.12.27 17:59:31.619,0.70838,0.7086,1.00,1.00
2016.12.27 17:59:37.253,0.70837,0.7086,1.00,1.00
2016.12.27 17:59:39.334,0.70837,0.70861,1.50,1.87
2016.12.27 17:59:39.810,0.70839,0.70861,1.00,1.87
2016.12.27 17:59:40.695,0.70839,0.7086,1.00,1.00
2016.12.27 17:59:41.447,0.70839,0.70861,1.00,1.12
2016.12.27 17:59:41.548,0.70837,0.70861,1.00,1.12
2016.12.27 17:59:42.078,0.70838,0.70861,1.50,1.00
2016.12.27 17:59:43.319,0.70839,0.70861,1.00,1.00
2016.12.27 17:59:45.294,0.70838,0.70861,1.00,1.00
2016.12.27 17:59:46.626,0.70837,0.70861,2.62,1.00
2016.12.27 17:59:47.636,0.70838,0.70861,1.00,1.00
2016.12.27 17:59:47.812,0.70834,0.70858,1.37,1.00
2016.12.27 17:59:47.863,0.70834,0.70856,1.12,1.00
2016.12.27 17:59:48.207,0.70835,0.7086,1.00,1.12
2016.12.27 17:59:48.527,0.70835,0.70856,1.00,1.00
2016.12.27 17:59:48.650,0.70835,0.7086,1.00,1.87
2016.12.27 17:59:49.138,0.70835,0.70856,1.00,1.00
2016.12.27 17:59:49.630,0.70835,0.7086,1.00,1.87
2016.12.27 17:59:50.172,0.70834,0.70855,1.87,1.00
2016.12.27 17:59:50.223,0.70835,0.7086,1.00,1.12
2016.12.27 17:59:50.273,0.70835,0.70858,1.00,1.37
2016.12.27 17:59:50.324,0.7083,0.70854,2.62,1.00
2016.12.27 17:59:50.374,0.7083,0.70853,1.50,1.37
2016.12.27 17:59:50.777,0.7083,0.70855,1.00,1.75
2016.12.27 17:59:51.360,0.70829,0.70854,1.37,1.00
2016.12.27 17:59:54.069,0.70828,0.70854,1.00,1.37
2016.12.27 17:59:54.418,0.70828,0.70851,1.00,1.37
2016.12.27 17:59:57.078,0.70825,0.70851,1.00,1.37
2016.12.27 17:59:57.180,0.70825,0.70849,1.00,1.37
2016.12.27 17:59:57.777,0.70825,0.70851,1.00,1.37
2016.12.27 17:59:58.322,0.70825,0.70849,1.50,1.37
2016.12.27 17:59:59.853,0.70824,0.70848,1.00,1.37
2016.12.27 17:59:59.903,0.70824,0.70848,1.00,1.37
