2010.08.12 06:00:01.210,0.75675,0.75715,1.00,1.00
2010.08.12 06:00:01.708,0.7568,0.7572,2.40,1.00
2010.08.12 06:00:02.880,0.7568,0.7572,2.50,1.00
2010.08.12 06:00:03.478,0.75685,0.7572,2.40,1.00
2010.08.12 06:00:03.647,0.75685,0.7572,1.00,1.00
2010.08.12 06:00:04.255,0.75685,0.7573,1.00,1.00
2010.08.12 06:00:04.606,0.75695,0.75735,2.40,1.00
2010.08.12 06:00:04.951,0.757,0.75735,1.00,1.00
2010.08.12 06:00:06.366,0.757,0.75735,1.00,1.00
2010.08.12 06:00:08.106,0.757,0.75735,1.00,1.00
2010.08.12 06:00:08.288,0.75695,0.75735,2.40,1.00
2010.08.12 06:00:08.878,0.75695,0.75735,2.40,1.00
2010.08.12 06:00:09.877,0.75695,0.75735,2.50,1.00
2010.08.12 06:00:11.557,0.75695,0.75735,2.40,1.00
2010.08.12 06:00:11.747,0.75695,0.75735,2.50,1.00
2010.08.12 06:00:12.558,0.75695,0.75735,2.40,1.00
2010.08.12 06:00:12.854,0.75695,0.75735,2.50,1.00
2010.08.12 06:00:13.939,0.75695,0.75735,1.70,1.00
2010.08.12 06:00:14.188,0.75695,0.75725,1.00,1.00
2010.08.12 06:00:15.188,0.7569,0.7572,1.00,1.00
2010.08.12 06:00:16.348,0.7569,0.7573,1.00,1.00
2010.08.12 06:00:26.674,0.7569,0.75725,1.00,1.00
2010.08.12 06:00:26.847,0.75685,0.7572,3.20,1.00
2010.08.12 06:00:27.356,0.75685,0.7572,1.00,1.00
2010.08.12 06:00:29.839,0.75685,0.7572,1.00,1.00
2010.08.12 06:00:30.549,0.75685,0.7572,1.00,1.00
2010.08.12 06:00:31.744,0.7568,0.7572,2.50,1.00
2010.08.12 06:00:31.879,0.7568,0.7572,2.40,1.00
2010.08.12 06:00:32.019,0.75685,0.7572,1.00,1.00
2010.08.12 06:00:36.424,0.7568,0.7572,2.50,1.00
2010.08.12 06:00:36.577,0.75675,0.7572,3.20,1.00
2010.08.12 06:00:36.729,0.75685,0.7572,1.00,1.00
2010.08.12 06:00:37.702,0.75685,0.75725,1.00,1.00
2010.08.12 06:00:41.447,0.75685,0.75715,1.00,1.00
2010.08.12 06:00:42.670,0.7568,0.75715,1.00,1.00
2010.08.12 06:00:42.939,0.7568,0.75715,1.00,1.00
2010.08.12 06:00:44.113,0.7568,0.75715,1.00,1.00
2010.08.12 06:00:44.480,0.7568,0.75715,1.00,1.00
2010.08.12 06:00:44.918,0.7568,0.75715,1.00,1.00
2010.08.12 06:00:46.156,0.7568,0.75715,1.00,1.00
2010.08.12 06:00:48.323,0.7568,0.7572,1.00,1.00
2010.08.12 06:00:48.658,0.7568,0.7572,1.00,1.00
2010.08.12 06:00:48.997,0.7569,0.75725,1.00,1.00
2010.08.12 06:00:49.338,0.75695,0.7573,1.00,1.00
2010.08.12 06:00:53.437,0.75695,0.7573,1.00,1.00
2010.08.12 06:00:54.270,0.757,0.7573,1.00,1.00
2010.08.12 06:00:55.257,0.75695,0.7573,1.00,1.00
2010.08.12 06:00:55.606,0.757,0.7573,1.00,1.00
2010.08.12 06:00:55.828,0.757,0.7573,1.00,1.00
2010.08.12 06:00:56.789,0.757,0.7573,1.00,1.00
2010.08.12 06:00:58.479,0.75705,0.7573,1.00,1.00
2010.08.12 06:00:59.489,0.75705,0.7573,1.00,1.00
2010.08.12 06:00:59.739,0.75705,0.7573,1.00,1.00
2010.08.12 06:00:59.990,0.75705,0.7573,1.00,1.00
2010.08.12 06:01:00.637,0.757,0.7573,1.00,1.00
2010.08.12 06:01:02.258,0.757,0.7573,1.00,1.00
2010.08.12 06:01:02.776,0.757,0.7573,1.00,1.00
2010.08.12 06:01:03.517,0.757,0.7573,1.00,1.00
2010.08.12 06:01:04.022,0.757,0.7573,1.00,1.00
2010.08.12 06:01:04.612,0.757,0.7573,1.00,1.00
2010.08.12 06:01:06.398,0.757,0.7573,1.00,1.00
2010.08.12 06:01:07.139,0.75705,0.7573,1.00,1.00
2010.08.12 06:01:08.322,0.75705,0.7573,1.00,1.00
2010.08.12 06:01:08.866,0.75705,0.7573,1.00,1.00
2010.08.12 06:01:08.957,0.75705,0.7573,1.00,1.00
2010.08.12 06:01:09.332,0.75705,0.7573,1.00,1.00
2010.08.12 06:01:09.510,0.75705,0.7573,1.00,1.00
2010.08.12 06:01:10.829,0.75705,0.7573,1.00,1.00
2010.08.12 06:01:11.084,0.7571,0.7573,1.00,1.00
2010.08.12 06:01:12.984,0.7571,0.7573,1.00,1.00
2010.08.12 06:01:13.372,0.7571,0.7573,1.00,1.00
2010.08.12 06:01:13.547,0.7571,0.7573,1.00,1.00
2010.08.12 06:01:13.716,0.7571,0.7573,1.00,1.00
2010.08.12 06:01:15.008,0.75715,0.7573,1.00,1.00
2010.08.12 06:01:15.247,0.7571,0.7573,1.00,1.00
2010.08.12 06:01:15.487,0.7571,0.7573,1.00,1.00
2010.08.12 06:01:15.991,0.7571,0.7573,1.00,1.00
2010.08.12 06:01:16.752,0.7571,0.7573,1.00,1.00
2010.08.12 06:01:18.053,0.7571,0.7573,1.00,1.00
2010.08.12 06:01:18.327,0.7571,0.7573,1.00,1.00
2010.08.12 06:01:18.614,0.7571,0.7573,1.00,1.00
2010.08.12 06:01:19.254,0.7571,0.7573,1.00,1.00
2010.08.12 06:01:19.403,0.7571,0.7573,1.00,1.00
2010.08.12 06:01:19.715,0.7571,0.7575,1.00,1.60
2010.08.12 06:01:19.986,0.7571,0.7575,1.00,1.60
2010.08.12 06:01:21.018,0.7569,0.75745,1.00,2.40
2010.08.12 06:01:21.197,0.75695,0.7574,1.00,2.40
2010.08.12 06:01:22.428,0.75685,0.7574,1.00,4.90
2010.08.12 06:01:23.814,0.75685,0.75735,1.00,1.00
2010.08.12 06:01:24.159,0.7569,0.7574,1.00,4.90
2010.08.12 06:01:24.218,0.75695,0.7574,1.00,2.50
2010.08.12 06:01:25.373,0.75695,0.7574,1.00,2.50
2010.08.12 06:01:25.819,0.75695,0.75735,1.00,1.00
2010.08.12 06:01:26.067,0.75695,0.7574,1.00,2.50
2010.08.12 06:01:26.307,0.75695,0.75735,1.00,1.00
2010.08.12 06:01:26.933,0.75685,0.7574,3.30,2.50
2010.08.12 06:01:27.129,0.75695,0.7574,1.00,2.40
2010.08.12 06:01:27.327,0.7569,0.75735,1.00,1.00
2010.08.12 06:01:27.528,0.75685,0.7573,4.00,1.60
2010.08.12 06:01:28.204,0.7568,0.7573,5.70,1.60
2010.08.12 06:01:28.561,0.75685,0.7573,1.00,1.70
2010.08.12 06:01:29.027,0.75685,0.75725,1.00,1.00
2010.08.12 06:01:30.469,0.75685,0.75725,1.00,1.00
2010.08.12 06:01:33.060,0.75675,0.75725,3.30,1.00
2010.08.12 06:01:33.398,0.7568,0.75725,1.00,1.00
2010.08.12 06:01:34.579,0.75675,0.7572,3.30,1.00
2010.08.12 06:01:34.848,0.7568,0.7572,1.00,1.00
2010.08.12 06:01:36.547,0.7568,0.7572,1.00,1.00
2010.08.12 06:01:36.757,0.7568,0.7572,1.00,1.00
2010.08.12 06:01:37.500,0.7568,0.7573,1.00,1.00
2010.08.12 06:01:37.747,0.7568,0.7573,1.00,1.00
2010.08.12 06:01:37.987,0.7568,0.7573,1.00,1.00
2010.08.12 06:01:39.487,0.7568,0.75725,1.00,1.00
2010.08.12 06:01:42.309,0.7568,0.75725,1.60,1.00
2010.08.12 06:01:42.472,0.7568,0.75725,1.60,1.00
2010.08.12 06:01:42.577,0.7568,0.75725,1.60,1.00
2010.08.12 06:01:42.686,0.7568,0.75725,1.00,1.00
2010.08.12 06:01:43.249,0.7568,0.75725,1.00,1.00
2010.08.12 06:01:44.747,0.75685,0.75725,1.00,1.00
2010.08.12 06:01:45.059,0.7568,0.75725,1.00,1.00
2010.08.12 06:01:47.012,0.75685,0.75725,1.00,1.00
2010.08.12 06:01:47.290,0.7568,0.75725,1.00,1.00
2010.08.12 06:01:47.388,0.7568,0.75725,4.00,1.00
2010.08.12 06:01:47.955,0.7568,0.75725,1.60,1.00
2010.08.12 06:01:48.303,0.7568,0.75715,1.60,1.00
2010.08.12 06:01:49.720,0.7568,0.7571,1.00,1.00
2010.08.12 06:01:49.987,0.75675,0.7571,1.00,1.00
2010.08.12 06:01:50.771,0.7567,0.7571,1.00,1.00
2010.08.12 06:01:51.040,0.7567,0.7571,1.00,1.00
2010.08.12 06:01:52.074,0.75675,0.7571,1.00,1.00
2010.08.12 06:01:52.382,0.75675,0.7572,3.20,1.00
2010.08.12 06:01:52.689,0.75675,0.7572,3.20,1.00
2010.08.12 06:01:54.268,0.7568,0.7572,1.00,1.00
2010.08.12 06:01:55.987,0.7568,0.7572,1.00,1.00
2010.08.12 06:01:57.088,0.75685,0.7572,1.00,1.00
2010.08.12 06:01:57.719,0.7568,0.7572,1.00,1.00
2010.08.12 06:01:58.376,0.7568,0.75715,1.00,1.00
2010.08.12 06:02:00.137,0.75685,0.75715,1.00,1.00
2010.08.12 06:02:00.801,0.7568,0.75715,2.40,1.00
2010.08.12 06:02:00.997,0.7568,0.7572,1.00,1.00
2010.08.12 06:02:02.410,0.75685,0.7572,1.00,1.00
2010.08.12 06:02:02.637,0.75685,0.7572,1.00,1.00
2010.08.12 06:02:02.748,0.75685,0.7572,1.00,1.00
2010.08.12 06:02:02.858,0.75685,0.7572,1.00,1.00
2010.08.12 06:02:04.273,0.75685,0.7572,1.00,1.00
2010.08.12 06:02:04.608,0.75685,0.7572,1.00,1.00
2010.08.12 06:02:05.133,0.75685,0.7572,3.30,1.00
2010.08.12 06:02:05.308,0.75685,0.7572,2.50,1.00
2010.08.12 06:02:06.670,0.75685,0.7572,1.00,1.00
2010.08.12 06:02:06.951,0.75685,0.7572,1.00,1.00
2010.08.12 06:02:07.079,0.75685,0.7572,1.00,1.00
2010.08.12 06:02:07.969,0.75685,0.7572,1.00,1.00
2010.08.12 06:02:10.038,0.75685,0.7572,1.00,1.00
2010.08.12 06:02:10.319,0.7568,0.75715,1.00,1.00
2010.08.12 06:02:10.947,0.7568,0.7571,1.00,1.00
2010.08.12 06:02:14.737,0.75675,0.7571,1.70,1.00
2010.08.12 06:02:17.467,0.7568,0.7571,1.00,1.00
2010.08.12 06:02:18.451,0.7568,0.75715,1.00,1.00
2010.08.12 06:02:21.197,0.7568,0.7571,1.00,1.00
2010.08.12 06:02:21.860,0.75675,0.7571,1.60,1.00
2010.08.12 06:02:22.088,0.7568,0.7571,1.00,1.00
2010.08.12 06:02:23.200,0.75675,0.757,1.60,1.00
2010.08.12 06:02:23.469,0.75655,0.75695,4.00,1.00
2010.08.12 06:02:23.740,0.75655,0.75695,1.60,1.00
2010.08.12 06:02:24.491,0.7564,0.75685,4.10,1.00
2010.08.12 06:02:24.842,0.7565,0.75685,1.00,1.00
2010.08.12 06:02:25.182,0.7565,0.75695,4.00,1.00
2010.08.12 06:02:25.849,0.75655,0.75695,4.10,1.00
2010.08.12 06:02:26.047,0.7566,0.75705,1.00,1.00
2010.08.12 06:02:27.182,0.7566,0.75705,1.60,1.00
2010.08.12 06:02:27.517,0.7566,0.75705,1.00,1.00
2010.08.12 06:02:27.862,0.7566,0.75705,1.00,1.00
2010.08.12 06:02:28.131,0.7566,0.75705,1.00,1.00
2010.08.12 06:02:28.718,0.7566,0.75705,3.30,1.00
2010.08.12 06:02:28.967,0.7566,0.75705,1.00,1.00
2010.08.12 06:02:29.207,0.7566,0.75705,2.50,1.00
2010.08.12 06:02:31.500,0.7566,0.75705,2.40,1.00
2010.08.12 06:02:31.943,0.7566,0.75705,2.40,1.00
2010.08.12 06:02:32.137,0.7566,0.75705,1.00,1.00
2010.08.12 06:02:33.799,0.75685,0.75705,1.00,1.00
2010.08.12 06:02:34.057,0.75685,0.75715,1.00,1.60
2010.08.12 06:02:34.318,0.7568,0.75715,2.40,1.60
2010.08.12 06:02:34.487,0.75685,0.75715,1.00,1.60
2010.08.12 06:02:35.199,0.75685,0.7572,1.00,1.00
2010.08.12 06:02:37.166,0.75685,0.75715,1.00,1.00
2010.08.12 06:02:38.170,0.75675,0.757,2.40,1.00
2010.08.12 06:02:38.452,0.7569,0.75715,1.00,1.00
2010.08.12 06:02:39.861,0.7569,0.7572,1.00,1.00
2010.08.12 06:02:41.869,0.75685,0.7572,1.60,1.00
2010.08.12 06:02:42.166,0.75685,0.7572,1.00,1.00
2010.08.12 06:02:42.652,0.75685,0.7572,1.00,1.00
2010.08.12 06:02:42.949,0.75685,0.7572,3.30,1.00
2010.08.12 06:02:43.268,0.7569,0.75725,1.00,1.00
2010.08.12 06:02:43.916,0.7569,0.75725,1.00,1.00
2010.08.12 06:02:44.599,0.7569,0.75725,1.00,1.00
2010.08.12 06:02:45.889,0.75685,0.75725,2.50,1.00
2010.08.12 06:02:46.118,0.75685,0.75725,2.40,1.00
2010.08.12 06:02:46.349,0.75685,0.7572,2.40,1.00
2010.08.12 06:02:48.628,0.75685,0.7572,2.50,1.00
2010.08.12 06:02:48.958,0.75685,0.7572,1.60,1.00
2010.08.12 06:02:49.287,0.75685,0.75715,1.60,1.00
2010.08.12 06:02:51.710,0.75675,0.75715,1.00,1.00
2010.08.12 06:02:51.888,0.75675,0.75715,1.00,1.00
2010.08.12 06:02:52.534,0.75675,0.75715,1.00,1.00
2010.08.12 06:02:52.717,0.75675,0.75715,1.00,1.00
2010.08.12 06:02:55.119,0.75675,0.75715,3.30,1.00
2010.08.12 06:02:55.298,0.7568,0.7572,1.00,1.00
2010.08.12 06:02:55.477,0.7568,0.7572,1.00,1.00
2010.08.12 06:02:56.178,0.7568,0.7572,1.00,1.00
2010.08.12 06:02:56.657,0.7568,0.7572,1.00,1.00
2010.08.12 06:02:58.788,0.7568,0.7572,1.00,1.00
2010.08.12 06:02:59.322,0.7568,0.7572,1.00,2.00
2010.08.12 06:02:59.510,0.7568,0.7572,1.00,2.00
2010.08.12 06:03:00.567,0.7568,0.7572,1.00,2.00
2010.08.12 06:03:00.657,0.7568,0.7572,1.00,2.00
2010.08.12 06:03:01.104,0.7568,0.7572,1.00,1.60
2010.08.12 06:03:01.196,0.7568,0.75715,1.00,1.60
2010.08.12 06:03:01.368,0.7568,0.7572,1.00,1.60
2010.08.12 06:03:02.314,0.7568,0.75715,1.00,1.60
2010.08.12 06:03:05.407,0.7568,0.75715,1.00,1.60
2010.08.12 06:03:05.548,0.75675,0.7571,1.00,1.60
2010.08.12 06:03:06.719,0.75675,0.7571,1.00,1.60
2010.08.12 06:03:07.150,0.75675,0.7571,1.00,1.60
2010.08.12 06:03:07.378,0.75675,0.7571,1.00,1.60
2010.08.12 06:03:08.310,0.75665,0.7571,2.40,2.00
2010.08.12 06:03:08.957,0.75665,0.7571,2.50,2.00
2010.08.12 06:03:09.207,0.75665,0.75705,1.00,1.60
2010.08.12 06:03:10.518,0.7567,0.75705,1.00,1.60
2010.08.12 06:03:10.918,0.7567,0.7571,1.00,1.00
2010.08.12 06:03:11.593,0.7567,0.7571,1.00,1.00
2010.08.12 06:03:13.817,0.7567,0.7571,1.00,1.00
2010.08.12 06:03:13.992,0.7567,0.7571,1.00,1.00
2010.08.12 06:03:14.237,0.75665,0.75705,1.00,1.00
2010.08.12 06:03:14.487,0.75665,0.75705,1.00,1.00
2010.08.12 06:03:20.689,0.75665,0.75705,1.00,1.00
2010.08.12 06:03:22.558,0.75665,0.75705,1.00,1.00
2010.08.12 06:03:23.069,0.75665,0.75705,1.00,1.00
2010.08.12 06:03:23.268,0.75665,0.75705,1.00,2.10
2010.08.12 06:03:24.216,0.75665,0.75705,3.20,2.10
2010.08.12 06:03:24.477,0.75685,0.75725,1.00,1.00
2010.08.12 06:03:24.730,0.7567,0.75715,1.00,2.00
2010.08.12 06:03:24.857,0.7567,0.75715,1.00,1.60
2010.08.12 06:03:24.988,0.7567,0.7572,1.00,1.00
2010.08.12 06:03:25.118,0.7567,0.75715,1.00,2.00
2010.08.12 06:03:25.600,0.7567,0.75715,1.00,2.00
2010.08.12 06:03:25.729,0.7567,0.75715,1.00,2.00
2010.08.12 06:03:26.437,0.7567,0.75715,1.00,2.10
2010.08.12 06:03:27.538,0.7567,0.75705,1.00,1.00
2010.08.12 06:03:27.687,0.75665,0.75705,1.00,2.00
2010.08.12 06:03:29.408,0.75665,0.75705,1.00,2.00
2010.08.12 06:03:29.617,0.75665,0.75705,1.00,2.10
2010.08.12 06:03:30.499,0.7567,0.7571,1.00,2.00
2010.08.12 06:03:30.747,0.75675,0.75715,1.00,2.10
2010.08.12 06:03:31.520,0.75675,0.75715,1.00,2.00
2010.08.12 06:03:32.399,0.75675,0.75715,1.00,2.10
2010.08.12 06:03:32.607,0.75675,0.7571,1.00,1.00
2010.08.12 06:03:32.817,0.75665,0.7571,1.00,2.10
2010.08.12 06:03:33.266,0.75665,0.7571,1.00,2.00
2010.08.12 06:03:33.842,0.75665,0.7571,1.00,2.10
2010.08.12 06:03:36.830,0.75665,0.7571,1.00,2.00
2010.08.12 06:03:37.999,0.75665,0.75705,1.00,2.00
2010.08.12 06:03:38.869,0.7566,0.75695,1.00,1.60
2010.08.12 06:03:39.560,0.7565,0.75695,4.10,1.00
2010.08.12 06:03:39.790,0.75655,0.75695,1.00,1.00
2010.08.12 06:03:39.977,0.75655,0.75695,1.00,1.00
2010.08.12 06:03:41.341,0.75655,0.75695,1.00,1.00
2010.08.12 06:03:41.563,0.7564,0.7569,1.00,2.00
2010.08.12 06:03:42.299,0.7564,0.7569,1.00,2.10
2010.08.12 06:03:43.598,0.7564,0.75685,1.00,1.00
2010.08.12 06:03:43.828,0.7564,0.75685,1.00,1.00
2010.08.12 06:03:44.058,0.7564,0.75685,1.00,2.50
2010.08.12 06:03:44.440,0.7564,0.7568,1.00,1.00
2010.08.12 06:03:45.861,0.7564,0.75685,1.00,2.50
2010.08.12 06:03:46.612,0.7564,0.7568,1.00,1.00
2010.08.12 06:03:47.279,0.75635,0.75685,1.00,2.50
2010.08.12 06:03:47.580,0.7563,0.7568,1.00,1.00
2010.08.12 06:03:50.277,0.75635,0.75685,1.00,2.50
2010.08.12 06:03:50.529,0.7563,0.75685,1.00,2.50
2010.08.12 06:03:51.008,0.7563,0.7568,1.00,1.00
2010.08.12 06:03:51.209,0.7563,0.75675,1.00,1.60
2010.08.12 06:03:51.893,0.75635,0.75675,1.00,1.70
2010.08.12 06:03:52.090,0.7563,0.7567,1.00,1.00
2010.08.12 06:03:52.267,0.7563,0.75675,1.00,2.10
2010.08.12 06:03:52.453,0.7563,0.7567,1.00,1.00
2010.08.12 06:03:52.817,0.75625,0.7567,1.00,1.70
2010.08.12 06:03:52.997,0.75625,0.7567,1.00,1.70
2010.08.12 06:03:54.117,0.75625,0.75665,1.00,1.00
2010.08.12 06:03:56.319,0.75625,0.75665,1.00,1.00
2010.08.12 06:03:57.551,0.75625,0.75665,1.00,1.00
2010.08.12 06:03:59.541,0.75625,0.7567,1.00,1.70
2010.08.12 06:03:59.735,0.75625,0.7567,1.00,1.60
2010.08.12 06:04:01.790,0.75625,0.75665,1.00,1.00
2010.08.12 06:04:05.513,0.75625,0.7567,1.00,1.60
2010.08.12 06:04:06.915,0.75625,0.75665,1.00,1.00
2010.08.12 06:04:07.707,0.75625,0.7567,1.00,1.60
2010.08.12 06:04:07.827,0.7563,0.7567,1.00,1.60
2010.08.12 06:04:08.844,0.7563,0.7567,1.00,1.60
2010.08.12 06:04:09.941,0.7563,0.7567,1.00,1.60
2010.08.12 06:04:11.983,0.7563,0.7567,1.00,1.60
2010.08.12 06:04:12.461,0.7563,0.7567,1.00,1.60
2010.08.12 06:04:12.854,0.7563,0.7567,1.00,1.60
2010.08.12 06:04:14.009,0.7563,0.7567,1.00,1.60
2010.08.12 06:04:19.139,0.75625,0.7567,2.50,1.70
2010.08.12 06:04:19.356,0.75625,0.7567,1.00,1.70
2010.08.12 06:04:19.892,0.75625,0.7567,1.00,2.50
2010.08.12 06:04:20.109,0.75625,0.7567,1.00,2.50
2010.08.12 06:04:21.900,0.7562,0.75665,2.50,2.50
2010.08.12 06:04:22.769,0.75625,0.75665,1.00,2.40
2010.08.12 06:04:23.357,0.7562,0.75665,2.50,2.40
2010.08.12 06:04:23.481,0.7562,0.75665,2.50,2.50
2010.08.12 06:04:24.034,0.7562,0.75665,1.70,1.70
2010.08.12 06:04:24.867,0.75625,0.75665,1.00,1.60
2010.08.12 06:04:25.097,0.7562,0.75665,1.70,1.70
2010.08.12 06:04:25.402,0.75625,0.75665,1.00,1.60
2010.08.12 06:04:26.088,0.7562,0.75665,1.70,1.70
2010.08.12 06:04:26.691,0.7562,0.75665,1.00,1.70
2010.08.12 06:04:28.016,0.7562,0.75665,1.00,2.50
2010.08.12 06:04:28.838,0.75625,0.75665,1.00,2.40
2010.08.12 06:04:28.987,0.7562,0.75665,1.00,2.40
2010.08.12 06:04:29.138,0.75615,0.7566,1.60,2.40
2010.08.12 06:04:29.429,0.75615,0.75655,1.00,1.00
2010.08.12 06:04:30.093,0.7561,0.75655,1.00,2.40
2010.08.12 06:04:30.359,0.7561,0.75655,1.00,2.50
2010.08.12 06:04:31.698,0.75605,0.7565,2.00,2.40
2010.08.12 06:04:32.037,0.75605,0.7565,2.80,2.40
2010.08.12 06:04:32.448,0.75605,0.7565,2.90,2.50
2010.08.12 06:04:32.746,0.75605,0.7565,2.50,2.50
2010.08.12 06:04:33.502,0.7561,0.75665,3.30,1.00
2010.08.12 06:04:33.667,0.7561,0.75665,3.30,1.00
2010.08.12 06:04:33.840,0.7562,0.75665,1.00,1.00
2010.08.12 06:04:34.007,0.7562,0.75665,1.00,1.00
2010.08.12 06:04:34.702,0.75615,0.75665,5.60,1.00
2010.08.12 06:04:34.941,0.7562,0.7567,1.00,2.50
2010.08.12 06:04:35.651,0.75625,0.7567,1.00,2.40
2010.08.12 06:04:35.887,0.75625,0.7567,1.00,2.10
2010.08.12 06:04:36.537,0.75625,0.7567,2.40,2.50
2010.08.12 06:04:36.740,0.7562,0.7567,1.00,2.50
2010.08.12 06:04:36.937,0.75625,0.7567,1.00,2.50
2010.08.12 06:04:38.144,0.75625,0.7567,1.00,2.40
2010.08.12 06:04:38.552,0.75625,0.7567,1.00,2.50
2010.08.12 06:04:39.186,0.75625,0.75665,1.00,1.00
2010.08.12 06:04:39.368,0.7562,0.75665,1.00,1.00
2010.08.12 06:04:39.647,0.7562,0.75665,1.00,1.00
2010.08.12 06:04:41.200,0.7562,0.75665,1.00,1.00
2010.08.12 06:04:41.399,0.75625,0.7567,1.00,1.00
2010.08.12 06:04:41.689,0.75625,0.7567,1.00,1.00
2010.08.12 06:04:43.257,0.75625,0.7567,1.00,1.00
2010.08.12 06:04:43.538,0.7562,0.7567,1.00,1.00
2010.08.12 06:04:43.817,0.75625,0.7567,1.00,1.00
2010.08.12 06:04:44.819,0.75615,0.7567,1.00,1.00
2010.08.12 06:04:46.926,0.75615,0.7567,1.00,4.90
2010.08.12 06:04:47.088,0.75615,0.75665,1.00,1.00
2010.08.12 06:04:51.051,0.75615,0.75665,1.00,1.00
2010.08.12 06:04:51.507,0.75615,0.75665,1.00,1.00
2010.08.12 06:04:51.637,0.7561,0.75665,1.00,1.00
2010.08.12 06:04:51.897,0.7561,0.75665,1.00,1.00
2010.08.12 06:04:52.032,0.7561,0.75665,1.00,1.00
2010.08.12 06:04:52.481,0.7561,0.75665,1.00,1.00
2010.08.12 06:04:52.985,0.7562,0.7567,1.00,4.80
2010.08.12 06:04:53.068,0.7562,0.7567,2.40,2.40
2010.08.12 06:04:53.157,0.7562,0.75665,2.00,1.00
2010.08.12 06:04:53.832,0.7562,0.75665,2.10,1.00
2010.08.12 06:04:53.917,0.7562,0.7567,2.50,4.90
2010.08.12 06:04:53.997,0.7562,0.7567,2.50,2.50
2010.08.12 06:04:54.579,0.75625,0.7567,1.00,2.50
2010.08.12 06:04:57.204,0.7563,0.7567,2.40,1.00
2010.08.12 06:04:57.330,0.75625,0.7567,1.70,1.70
2010.08.12 06:04:57.449,0.75625,0.7567,2.50,1.70
2010.08.12 06:04:57.573,0.75625,0.7567,1.70,1.70
2010.08.12 06:04:58.394,0.7563,0.7567,1.00,1.60
2010.08.12 06:04:58.744,0.7563,0.7568,1.00,2.40
2010.08.12 06:04:59.190,0.75635,0.7568,1.00,2.40
2010.08.12 06:04:59.907,0.7563,0.7568,1.00,2.50
2010.08.12 06:05:00.124,0.75635,0.75675,1.00,1.00
2010.08.12 06:05:01.532,0.75635,0.7568,1.00,2.50
2010.08.12 06:05:01.779,0.75635,0.7568,1.00,2.40
2010.08.12 06:05:02.029,0.75635,0.7568,1.00,2.40
2010.08.12 06:05:02.708,0.75635,0.75675,1.00,1.00
2010.08.12 06:05:03.128,0.75635,0.7568,1.00,2.10
2010.08.12 06:05:03.652,0.75635,0.75675,1.00,1.00
2010.08.12 06:05:04.258,0.75635,0.75675,1.00,1.00
2010.08.12 06:05:04.586,0.7563,0.75675,1.00,2.40
2010.08.12 06:05:04.985,0.75625,0.75675,4.00,2.40
2010.08.12 06:05:05.228,0.75625,0.75675,4.00,1.60
2010.08.12 06:05:05.470,0.75625,0.75675,4.10,1.70
2010.08.12 06:05:06.906,0.7563,0.75675,1.00,1.70
2010.08.12 06:05:08.741,0.7563,0.75675,1.00,1.60
2010.08.12 06:05:10.536,0.7563,0.75675,1.00,2.40
2010.08.12 06:05:10.669,0.75625,0.75675,5.70,2.50
2010.08.12 06:05:10.767,0.7563,0.75675,1.00,2.50
2010.08.12 06:05:11.238,0.7564,0.75675,1.00,1.60
2010.08.12 06:05:11.327,0.7564,0.75685,2.40,2.90
2010.08.12 06:05:11.418,0.7564,0.75685,2.40,2.80
2010.08.12 06:05:11.981,0.75645,0.75685,1.60,1.00
2010.08.12 06:05:12.068,0.75645,0.75685,1.00,2.00
2010.08.12 06:05:12.567,0.75645,0.75685,2.40,1.00
2010.08.12 06:05:13.212,0.75645,0.75685,2.50,1.00
2010.08.12 06:05:13.872,0.75645,0.75685,1.00,1.00
2010.08.12 06:05:14.188,0.75645,0.75685,1.00,1.60
2010.08.12 06:05:15.047,0.75645,0.75685,1.00,1.60
2010.08.12 06:05:15.207,0.75645,0.75685,1.00,1.60
2010.08.12 06:05:15.709,0.75645,0.75685,1.00,1.60
2010.08.12 06:05:15.920,0.7565,0.75685,1.00,1.60
2010.08.12 06:05:18.068,0.75655,0.7569,1.00,2.00
2010.08.12 06:05:18.883,0.75655,0.7569,1.70,1.00
2010.08.12 06:05:19.518,0.75655,0.7569,1.80,1.00
2010.08.12 06:05:19.617,0.75655,0.7569,1.00,2.00
2010.08.12 06:05:21.254,0.75665,0.7569,1.70,1.00
2010.08.12 06:05:21.409,0.7567,0.757,1.00,1.00
2010.08.12 06:05:22.207,0.7567,0.7571,1.00,2.00
2010.08.12 06:05:22.442,0.7567,0.7571,1.00,2.10
2010.08.12 06:05:22.754,0.7567,0.757,1.00,1.00
2010.08.12 06:05:24.339,0.7567,0.757,1.00,1.00
2010.08.12 06:05:24.557,0.7567,0.75695,1.00,1.60
2010.08.12 06:05:25.133,0.75665,0.7569,1.00,1.00
2010.08.12 06:05:25.337,0.75655,0.7569,1.00,1.00
2010.08.12 06:05:25.597,0.75655,0.7569,2.40,1.00
2010.08.12 06:05:25.857,0.75655,0.7569,1.00,1.00
2010.08.12 06:05:26.677,0.7565,0.7569,1.00,1.00
2010.08.12 06:05:26.967,0.7565,0.7569,1.00,1.00
2010.08.12 06:05:27.547,0.7565,0.7569,2.50,1.00
2010.08.12 06:05:27.777,0.7565,0.7569,2.40,1.00
2010.08.12 06:05:28.288,0.75655,0.7569,1.00,1.00
2010.08.12 06:05:28.520,0.7565,0.7569,2.50,1.00
2010.08.12 06:05:30.539,0.75655,0.7569,1.00,1.00
2010.08.12 06:05:32.415,0.7565,0.7569,2.50,1.00
2010.08.12 06:05:35.102,0.7565,0.7568,1.60,1.00
2010.08.12 06:05:35.209,0.7564,0.7568,1.00,1.00
2010.08.12 06:05:35.319,0.7565,0.7568,1.00,1.00
2010.08.12 06:05:35.430,0.7565,0.7568,2.40,1.00
2010.08.12 06:05:35.540,0.75655,0.7569,1.00,1.00
2010.08.12 06:05:36.758,0.75655,0.7569,1.00,1.00
2010.08.12 06:05:38.130,0.75655,0.7569,1.00,1.00
2010.08.12 06:05:38.958,0.7565,0.75685,2.50,1.00
2010.08.12 06:05:39.128,0.7565,0.75685,2.40,1.00
2010.08.12 06:05:40.130,0.7565,0.75685,2.50,1.00
2010.08.12 06:05:41.277,0.75655,0.7569,2.40,1.00
2010.08.12 06:05:41.989,0.75655,0.7569,2.50,1.00
2010.08.12 06:05:42.707,0.75655,0.7569,1.00,1.00
2010.08.12 06:05:44.387,0.75655,0.75685,1.00,1.00
2010.08.12 06:05:44.627,0.75655,0.75685,1.00,1.00
2010.08.12 06:05:45.095,0.7565,0.75685,2.50,1.00
2010.08.12 06:05:46.148,0.75655,0.75685,1.00,1.00
2010.08.12 06:05:48.351,0.75655,0.7569,1.00,1.00
2010.08.12 06:05:49.288,0.7565,0.7568,1.00,1.00
2010.08.12 06:05:49.903,0.75655,0.7569,1.00,1.00
2010.08.12 06:05:50.051,0.75645,0.75685,1.00,2.00
2010.08.12 06:05:50.307,0.75645,0.75685,2.50,1.00
2010.08.12 06:05:50.417,0.75645,0.7568,2.50,1.00
2010.08.12 06:05:51.222,0.75645,0.7568,1.00,1.00
2010.08.12 06:05:51.495,0.75655,0.75685,1.00,1.60
2010.08.12 06:05:54.968,0.75655,0.7569,1.00,2.40
2010.08.12 06:05:55.028,0.75655,0.75685,1.00,1.00
2010.08.12 06:05:58.290,0.7566,0.75695,1.00,1.70
2010.08.12 06:05:58.588,0.7566,0.75695,1.00,1.60
2010.08.12 06:06:00.217,0.7566,0.757,1.00,2.50
2010.08.12 06:06:00.499,0.7566,0.75695,1.00,1.60
2010.08.12 06:06:00.557,0.7566,0.75695,1.00,2.40
2010.08.12 06:06:01.350,0.7566,0.75695,1.00,1.00
2010.08.12 06:06:07.300,0.7566,0.75695,1.00,1.00
2010.08.12 06:06:07.547,0.7566,0.75695,1.00,2.40
2010.08.12 06:06:07.647,0.7567,0.75695,1.00,2.40
2010.08.12 06:06:07.748,0.7567,0.75705,1.00,2.50
2010.08.12 06:06:09.570,0.7567,0.75705,1.00,2.40
2010.08.12 06:06:10.127,0.7567,0.75705,1.00,2.50
2010.08.12 06:06:10.625,0.7567,0.75695,1.00,1.00
2010.08.12 06:06:10.809,0.7567,0.75705,1.00,2.50
2010.08.12 06:06:12.639,0.7567,0.75695,1.00,2.40
2010.08.12 06:06:16.275,0.75665,0.75695,1.00,2.40
2010.08.12 06:06:17.478,0.75665,0.75695,1.00,1.60
2010.08.12 06:06:23.668,0.75665,0.75695,1.00,2.40
2010.08.12 06:06:27.132,0.75665,0.75695,1.00,1.60
2010.08.12 06:06:27.328,0.7566,0.75695,1.00,1.60
2010.08.12 06:06:30.362,0.7566,0.757,1.00,1.70
2010.08.12 06:06:30.480,0.7566,0.75695,1.00,1.60
2010.08.12 06:06:31.311,0.7566,0.75695,1.00,2.40
2010.08.12 06:06:31.426,0.7566,0.75695,1.00,2.40
2010.08.12 06:06:33.378,0.7566,0.75695,1.00,1.60
2010.08.12 06:06:33.609,0.7566,0.75695,1.00,1.00
2010.08.12 06:06:34.329,0.7566,0.757,1.00,2.50
2010.08.12 06:06:37.740,0.7566,0.75695,1.00,1.00
2010.08.12 06:06:41.548,0.7566,0.757,1.00,2.50
2010.08.12 06:06:42.000,0.7566,0.757,1.00,2.40
2010.08.12 06:06:42.430,0.7566,0.757,1.00,2.50
2010.08.12 06:06:46.713,0.7566,0.757,1.00,2.40
2010.08.12 06:06:46.827,0.7566,0.757,1.00,1.60
2010.08.12 06:06:46.938,0.7566,0.75695,1.00,1.00
2010.08.12 06:06:47.778,0.7566,0.75695,1.00,2.40
2010.08.12 06:06:48.297,0.7566,0.75695,1.00,1.00
2010.08.12 06:06:48.898,0.7566,0.75695,1.00,1.60
2010.08.12 06:06:49.919,0.7566,0.75695,1.00,1.60
2010.08.12 06:06:57.238,0.75665,0.75695,1.00,1.60
2010.08.12 06:07:02.075,0.7566,0.75695,1.00,1.60
2010.08.12 06:07:02.681,0.7566,0.75695,1.00,1.60
2010.08.12 06:07:03.849,0.7566,0.75695,1.00,2.40
2010.08.12 06:07:04.359,0.7566,0.75695,1.00,2.40
2010.08.12 06:07:04.640,0.7566,0.75695,1.00,1.60
2010.08.12 06:07:04.918,0.7566,0.75695,1.00,1.60
2010.08.12 06:07:08.156,0.7566,0.75695,1.00,1.60
2010.08.12 06:07:11.028,0.75655,0.75695,1.00,1.60
2010.08.12 06:07:11.278,0.75655,0.75695,1.00,2.40
2010.08.12 06:07:11.529,0.75655,0.75695,1.00,1.60
2010.08.12 06:07:14.193,0.75655,0.75695,1.00,2.40
2010.08.12 06:07:14.539,0.75655,0.75695,1.00,2.40
2010.08.12 06:07:15.845,0.75655,0.75695,1.00,2.40
2010.08.12 06:07:16.055,0.75655,0.75695,1.00,2.40
2010.08.12 06:07:18.709,0.75655,0.75695,1.00,2.40
2010.08.12 06:07:19.144,0.75655,0.75695,1.00,2.40
2010.08.12 06:07:28.215,0.75655,0.75695,1.00,1.60
2010.08.12 06:07:30.783,0.75655,0.75695,1.00,1.60
2010.08.12 06:07:31.325,0.75655,0.75695,1.00,1.60
2010.08.12 06:07:31.432,0.75655,0.75695,1.00,2.40
2010.08.12 06:07:32.340,0.75655,0.75695,1.00,1.60
2010.08.12 06:07:32.832,0.75655,0.75695,1.00,2.40
2010.08.12 06:07:55.318,0.7566,0.75695,1.00,1.60
2010.08.12 06:07:55.429,0.7566,0.757,1.00,1.60
2010.08.12 06:08:03.246,0.7566,0.757,1.20,1.60
2010.08.12 06:08:03.472,0.7566,0.757,1.20,1.60
2010.08.12 06:08:03.767,0.7566,0.757,1.00,1.60
2010.08.12 06:08:03.951,0.7566,0.757,1.30,1.60
2010.08.12 06:08:04.554,0.7566,0.757,1.20,1.60
2010.08.12 06:08:05.233,0.7566,0.757,1.20,1.60
2010.08.12 06:08:06.215,0.7566,0.757,1.00,1.60
2010.08.12 06:08:06.788,0.7566,0.757,1.00,1.00
2010.08.12 06:08:07.553,0.7566,0.757,1.00,1.00
2010.08.12 06:08:07.587,0.75655,0.757,1.60,1.00
2010.08.12 06:08:07.729,0.75655,0.757,1.60,3.30
2010.08.12 06:08:07.769,0.7565,0.757,1.00,4.80
2010.08.12 06:08:07.819,0.7565,0.757,1.00,4.80
2010.08.12 06:08:08.897,0.7565,0.757,1.00,4.90
2010.08.12 06:08:09.202,0.7565,0.75695,1.00,1.00
2010.08.12 06:08:09.417,0.7565,0.75695,1.00,1.00
2010.08.12 06:08:11.950,0.7565,0.757,1.00,2.50
2010.08.12 06:08:14.055,0.7565,0.75695,1.00,1.00
2010.08.12 06:08:14.250,0.7565,0.75695,1.00,1.00
2010.08.12 06:08:14.456,0.75655,0.757,1.00,2.50
2010.08.12 06:08:15.892,0.75655,0.757,1.00,2.50
2010.08.12 06:08:21.043,0.7565,0.75695,1.00,1.00
2010.08.12 06:08:21.818,0.75645,0.75695,1.00,1.00
2010.08.12 06:08:22.439,0.75655,0.7569,2.00,1.00
2010.08.12 06:08:22.980,0.7565,0.75695,1.00,2.40
2010.08.12 06:08:23.459,0.7565,0.75695,1.00,2.50
2010.08.12 06:08:23.981,0.75645,0.7569,1.90,1.00
2010.08.12 06:08:24.319,0.75645,0.7569,1.00,2.40
2010.08.12 06:08:24.658,0.75645,0.7569,1.00,2.50
2010.08.12 06:08:24.998,0.75645,0.7569,1.00,2.40
2010.08.12 06:08:25.755,0.7565,0.7569,1.00,1.60
2010.08.12 06:08:26.012,0.75635,0.75675,1.00,1.60
2010.08.12 06:08:26.160,0.75635,0.7568,1.00,2.40
2010.08.12 06:08:26.775,0.7564,0.7568,1.00,2.40
2010.08.12 06:08:26.921,0.7564,0.75675,1.00,1.60
2010.08.12 06:08:27.409,0.7565,0.75695,1.00,1.00
2010.08.12 06:08:27.898,0.75655,0.757,1.00,2.50
2010.08.12 06:08:28.245,0.7565,0.757,2.70,2.00
2010.08.12 06:08:28.540,0.75655,0.757,2.40,2.10
2010.08.12 06:08:29.873,0.75655,0.757,2.50,2.10
2010.08.12 06:08:30.849,0.75655,0.757,2.40,2.10
2010.08.12 06:08:31.238,0.7566,0.757,2.40,1.00
2010.08.12 06:08:31.869,0.7566,0.757,2.40,1.00
2010.08.12 06:08:31.983,0.75655,0.757,1.00,1.00
2010.08.12 06:08:34.580,0.75655,0.757,1.00,1.00
2010.08.12 06:08:35.717,0.75655,0.757,1.00,1.00
2010.08.12 06:08:36.032,0.75655,0.757,1.00,2.50
2010.08.12 06:08:36.987,0.75655,0.757,1.00,2.40
2010.08.12 06:08:37.604,0.75655,0.757,1.00,2.40
2010.08.12 06:08:37.738,0.75655,0.757,1.00,2.50
2010.08.12 06:08:37.897,0.75655,0.757,1.00,2.50
2010.08.12 06:08:38.797,0.75655,0.75695,1.00,1.00
2010.08.12 06:08:39.943,0.75655,0.75695,1.00,1.60
2010.08.12 06:08:41.403,0.75655,0.75695,1.00,1.60
2010.08.12 06:08:42.011,0.75655,0.75695,1.00,1.60
2010.08.12 06:08:44.519,0.75655,0.75695,1.00,1.60
2010.08.12 06:08:45.418,0.75655,0.75695,1.00,1.60
2010.08.12 06:08:46.261,0.7565,0.75685,1.00,1.60
2010.08.12 06:08:46.558,0.7565,0.75685,1.00,1.60
2010.08.12 06:08:47.093,0.7565,0.7569,1.60,1.00
2010.08.12 06:08:47.208,0.7565,0.7569,1.70,1.00
2010.08.12 06:08:47.317,0.7565,0.7569,1.00,1.00
2010.08.12 06:08:48.171,0.7565,0.75685,1.00,1.60
2010.08.12 06:08:48.420,0.75645,0.75685,1.00,1.60
2010.08.12 06:08:48.697,0.7565,0.7569,1.60,1.00
2010.08.12 06:08:48.851,0.7565,0.7569,1.70,1.00
2010.08.12 06:08:49.356,0.7565,0.75685,1.00,1.60
2010.08.12 06:08:50.287,0.7565,0.75685,1.00,1.60
2010.08.12 06:08:50.577,0.7565,0.7569,1.60,1.00
2010.08.12 06:08:50.894,0.7565,0.75685,1.00,1.60
2010.08.12 06:08:55.382,0.7565,0.7569,1.00,1.00
2010.08.12 06:08:56.618,0.7565,0.7569,1.70,1.00
2010.08.12 06:08:56.877,0.7565,0.75695,2.50,2.00
2010.08.12 06:08:57.509,0.75655,0.75695,1.00,2.00
2010.08.12 06:09:01.644,0.75655,0.75695,1.00,1.00
2010.08.12 06:09:01.840,0.75655,0.75695,1.00,1.00
2010.08.12 06:09:04.411,0.75655,0.75695,1.00,1.00
2010.08.12 06:09:05.997,0.75655,0.75695,1.00,1.00
2010.08.12 06:09:06.618,0.75655,0.75695,1.00,1.00
2010.08.12 06:09:06.775,0.75655,0.75695,1.00,1.00
2010.08.12 06:09:08.528,0.7565,0.75695,2.50,1.00
2010.08.12 06:09:08.738,0.75655,0.757,1.00,2.10
2010.08.12 06:09:10.149,0.7565,0.7569,1.00,1.60
2010.08.12 06:09:12.649,0.7565,0.7569,1.00,1.60
2010.08.12 06:09:14.251,0.7565,0.75695,2.40,2.40
2010.08.12 06:09:14.358,0.7565,0.7569,2.40,1.00
2010.08.12 06:09:15.950,0.7566,0.757,1.60,1.00
2010.08.12 06:09:16.528,0.7566,0.75695,1.60,1.00
2010.08.12 06:09:16.688,0.7566,0.75695,1.60,1.00
2010.08.12 06:09:16.859,0.7565,0.75695,2.80,2.50
2010.08.12 06:09:17.680,0.7565,0.75695,2.40,2.10
2010.08.12 06:09:17.827,0.7565,0.75695,2.50,2.10
2010.08.12 06:09:18.084,0.7565,0.7569,1.00,1.60
2010.08.12 06:09:22.029,0.7565,0.7569,1.00,1.60
2010.08.12 06:09:22.358,0.75655,0.7569,1.00,1.60
2010.08.12 06:09:24.304,0.75655,0.757,1.70,2.50
2010.08.12 06:09:24.490,0.75655,0.757,1.00,2.50
2010.08.12 06:09:29.602,0.7565,0.757,2.10,2.50
2010.08.12 06:09:29.740,0.7565,0.757,2.00,2.40
2010.08.12 06:09:30.114,0.75655,0.757,1.00,2.50
2010.08.12 06:09:44.689,0.7565,0.75695,2.00,1.00
2010.08.12 06:09:45.028,0.7565,0.75695,2.40,1.00
2010.08.12 06:09:46.891,0.75655,0.757,1.00,2.40
2010.08.12 06:09:48.083,0.7565,0.75695,2.10,1.00
2010.08.12 06:09:48.241,0.7565,0.75695,2.00,1.00
2010.08.12 06:09:48.400,0.7564,0.7568,1.60,1.60
2010.08.12 06:09:48.559,0.7565,0.75685,4.00,1.00
2010.08.12 06:09:49.235,0.7565,0.75685,1.60,1.00
2010.08.12 06:09:49.581,0.7565,0.757,4.00,1.00
2010.08.12 06:09:49.919,0.75655,0.757,1.00,1.60
2010.08.12 06:09:50.259,0.7565,0.75705,4.50,1.00
2010.08.12 06:09:51.026,0.7565,0.75705,4.40,1.00
2010.08.12 06:09:51.479,0.7565,0.757,4.10,1.00
2010.08.12 06:09:51.657,0.7565,0.757,1.70,2.50
2010.08.12 06:09:52.473,0.7565,0.75695,1.60,1.00
2010.08.12 06:09:52.700,0.75645,0.7569,2.10,1.60
2010.08.12 06:09:52.928,0.75645,0.7569,2.50,1.60
2010.08.12 06:09:53.721,0.7565,0.75695,1.00,1.00
2010.08.12 06:09:54.038,0.7565,0.757,1.00,1.00
2010.08.12 06:09:54.452,0.7565,0.757,1.00,1.00
2010.08.12 06:09:55.209,0.7565,0.757,3.30,1.00
2010.08.12 06:09:55.524,0.75645,0.7569,2.40,1.00
2010.08.12 06:09:55.835,0.75645,0.75675,2.40,1.00
2010.08.12 06:09:56.589,0.75645,0.757,1.00,4.90
2010.08.12 06:09:56.977,0.75645,0.757,1.00,4.80
2010.08.12 06:09:57.676,0.75655,0.757,1.00,2.50
2010.08.12 06:09:58.021,0.7565,0.75695,1.00,1.00
2010.08.12 06:09:59.380,0.7565,0.75695,1.00,1.00
2010.08.12 06:09:59.958,0.7565,0.75695,1.00,1.00
2010.08.12 06:10:00.249,0.75645,0.7569,1.00,1.00
2010.08.12 06:10:00.812,0.75645,0.7569,1.00,1.00
2010.08.12 06:10:01.080,0.75645,0.7569,1.00,1.00
2010.08.12 06:10:01.350,0.75645,0.7569,1.00,1.00
2010.08.12 06:10:02.488,0.7564,0.75685,1.00,1.00
2010.08.12 06:10:02.647,0.7564,0.7569,1.00,1.00
2010.08.12 06:10:03.267,0.7564,0.7569,1.00,1.00
2010.08.12 06:10:03.433,0.7564,0.7569,1.00,1.00
2010.08.12 06:10:03.768,0.75645,0.7569,1.00,1.00
2010.08.12 06:10:05.258,0.75645,0.7569,1.00,1.00
2010.08.12 06:10:06.158,0.75645,0.7569,1.00,1.00
2010.08.12 06:10:06.618,0.75645,0.7569,1.00,1.00
2010.08.12 06:10:06.818,0.75645,0.7569,1.70,1.00
2010.08.12 06:10:07.499,0.75645,0.75695,1.00,5.70
2010.08.12 06:10:07.698,0.7564,0.7569,1.00,2.40
2010.08.12 06:10:08.349,0.7564,0.75685,1.00,2.40
2010.08.12 06:10:08.690,0.7564,0.75685,2.50,2.40
2010.08.12 06:10:09.031,0.7564,0.75675,1.00,1.60
2010.08.12 06:10:09.742,0.7564,0.75685,2.50,2.50
2010.08.12 06:10:09.978,0.7564,0.75685,2.50,2.40
2010.08.12 06:10:10.458,0.7564,0.7569,2.40,2.00
2010.08.12 06:10:11.002,0.7564,0.7569,2.00,1.60
2010.08.12 06:10:11.239,0.75645,0.7569,1.00,2.50
2010.08.12 06:10:17.075,0.75645,0.7569,1.00,2.40
2010.08.12 06:10:17.219,0.75645,0.75685,1.00,1.00
2010.08.12 06:10:18.508,0.7565,0.7569,1.00,2.40
2010.08.12 06:10:18.629,0.7565,0.7569,1.00,2.40
2010.08.12 06:10:18.748,0.7565,0.75695,1.00,3.30
2010.08.12 06:10:19.304,0.7565,0.75695,1.00,1.00
2010.08.12 06:10:19.938,0.75645,0.75695,1.00,3.30
2010.08.12 06:10:20.157,0.75645,0.7569,1.00,2.40
2010.08.12 06:10:20.377,0.75645,0.7569,1.00,1.00
2010.08.12 06:10:20.598,0.75645,0.75695,1.00,1.00
2010.08.12 06:10:21.743,0.7565,0.75695,1.00,1.00
2010.08.12 06:10:21.877,0.7565,0.75695,1.00,1.00
2010.08.12 06:10:22.170,0.75645,0.7569,1.00,1.60
2010.08.12 06:10:22.733,0.75645,0.7569,1.00,2.40
2010.08.12 06:10:23.287,0.7564,0.75685,2.10,1.00
2010.08.12 06:10:23.628,0.75645,0.7569,1.00,1.70
2010.08.12 06:10:23.971,0.75645,0.7569,1.00,2.50
2010.08.12 06:10:25.328,0.7564,0.75685,2.00,1.00
2010.08.12 06:10:25.529,0.7564,0.7568,1.00,1.60
2010.08.12 06:10:25.739,0.7564,0.7568,1.00,1.60
2010.08.12 06:10:26.311,0.75635,0.7568,2.10,1.60
2010.08.12 06:10:26.520,0.7564,0.7568,1.00,1.60
2010.08.12 06:10:28.530,0.7564,0.7568,1.00,1.60
2010.08.12 06:10:28.729,0.7564,0.7568,1.00,2.40
2010.08.12 06:10:28.929,0.75635,0.7568,2.00,2.40
2010.08.12 06:10:29.131,0.75645,0.7568,1.00,1.60
2010.08.12 06:10:29.330,0.7564,0.7568,1.00,1.60
2010.08.12 06:10:30.714,0.75645,0.7568,1.00,1.60
2010.08.12 06:10:30.982,0.7564,0.7568,1.00,1.60
2010.08.12 06:10:31.850,0.7564,0.7568,1.00,1.60
2010.08.12 06:10:32.903,0.7564,0.7568,1.00,1.60
2010.08.12 06:10:33.060,0.75645,0.7568,1.00,1.60
2010.08.12 06:10:33.420,0.7564,0.7568,1.00,1.60
2010.08.12 06:10:34.515,0.7564,0.7568,1.00,1.60
2010.08.12 06:10:35.118,0.7564,0.7568,1.00,1.60
2010.08.12 06:10:35.418,0.7564,0.7568,1.00,1.60
2010.08.12 06:10:36.110,0.7564,0.7568,1.00,1.60
2010.08.12 06:10:36.310,0.7564,0.7568,1.00,2.40
2010.08.12 06:10:37.503,0.75635,0.7568,2.00,1.60
2010.08.12 06:10:37.988,0.75635,0.7568,2.00,1.60
2010.08.12 06:10:38.197,0.75635,0.7568,2.10,1.70
2010.08.12 06:10:38.822,0.75635,0.7568,2.10,2.50
2010.08.12 06:10:39.498,0.75635,0.7568,2.10,2.40
2010.08.12 06:10:39.677,0.75635,0.7568,2.00,2.40
2010.08.12 06:10:40.385,0.7564,0.7568,1.00,2.40
2010.08.12 06:10:40.574,0.75635,0.7568,2.10,1.70
2010.08.12 06:10:40.915,0.75635,0.75675,2.00,1.00
2010.08.12 06:10:42.018,0.75635,0.7568,2.00,1.60
2010.08.12 06:10:42.905,0.75635,0.75675,2.00,1.00
2010.08.12 06:10:43.450,0.75635,0.7568,2.00,1.60
2010.08.12 06:10:43.833,0.75635,0.7568,2.10,1.60
2010.08.12 06:10:44.522,0.75635,0.7568,2.10,1.70
2010.08.12 06:10:44.891,0.75635,0.75675,2.00,1.00
2010.08.12 06:10:45.714,0.75635,0.7568,2.10,1.70
2010.08.12 06:10:47.362,0.75635,0.75675,2.00,1.00
2010.08.12 06:10:47.489,0.75635,0.7568,2.00,1.60
2010.08.12 06:10:48.921,0.75635,0.75675,2.00,1.00
2010.08.12 06:10:49.464,0.75635,0.7568,2.00,1.60
2010.08.12 06:10:50.792,0.7564,0.7568,1.00,1.60
2010.08.12 06:10:54.761,0.7564,0.7568,1.00,1.60
2010.08.12 06:10:54.838,0.75635,0.7568,2.10,1.70
2010.08.12 06:10:58.760,0.75635,0.75675,2.00,1.00
2010.08.12 06:11:00.231,0.7564,0.7568,1.00,1.60
2010.08.12 06:11:00.889,0.75635,0.75675,2.00,1.00
2010.08.12 06:11:05.471,0.75635,0.7568,2.00,1.60
2010.08.12 06:11:05.609,0.75635,0.75675,2.00,1.00
2010.08.12 06:11:06.468,0.75635,0.75675,2.00,1.00
2010.08.12 06:11:06.670,0.75635,0.7568,2.00,1.60
2010.08.12 06:11:06.859,0.75635,0.75675,2.00,1.00
2010.08.12 06:11:07.743,0.75635,0.75675,2.00,1.00
2010.08.12 06:11:08.029,0.75635,0.75675,2.10,1.00
2010.08.12 06:11:08.318,0.75635,0.7568,2.10,1.70
2010.08.12 06:11:08.873,0.75635,0.75675,2.00,1.00
2010.08.12 06:11:09.871,0.75635,0.7568,2.00,1.60
2010.08.12 06:11:11.073,0.75635,0.75675,2.00,1.00
2010.08.12 06:11:13.958,0.75635,0.7568,2.00,2.40
2010.08.12 06:11:16.628,0.75635,0.7568,2.00,1.60
2010.08.12 06:11:17.354,0.75635,0.75675,2.00,2.40
2010.08.12 06:11:17.468,0.75635,0.75675,1.00,2.40
2010.08.12 06:11:17.828,0.75635,0.7568,1.00,5.20
2010.08.12 06:11:18.068,0.75635,0.7567,1.00,4.00
2010.08.12 06:11:19.150,0.7563,0.75665,1.00,1.00
2010.08.12 06:11:19.399,0.75615,0.75665,1.30,1.00
2010.08.12 06:11:20.200,0.75615,0.7566,1.30,1.00
2010.08.12 06:11:20.512,0.75615,0.7566,1.20,1.00
2010.08.12 06:11:20.778,0.75615,0.7566,1.00,1.00
2010.08.12 06:11:21.039,0.7561,0.7566,1.00,1.00
2010.08.12 06:11:22.028,0.75615,0.7566,1.00,1.00
2010.08.12 06:11:32.001,0.75615,0.7566,1.00,1.00
2010.08.12 06:11:32.112,0.75615,0.75665,1.70,2.50
2010.08.12 06:11:33.289,0.7562,0.75665,1.00,2.50
2010.08.12 06:11:34.959,0.75615,0.7566,1.00,1.00
2010.08.12 06:11:35.227,0.75615,0.7566,1.00,1.00
2010.08.12 06:11:35.499,0.7561,0.75655,1.00,1.00
2010.08.12 06:11:36.258,0.7561,0.75655,1.00,2.40
2010.08.12 06:11:36.558,0.7561,0.7565,1.00,1.00
2010.08.12 06:11:36.859,0.7561,0.75655,1.70,2.50
2010.08.12 06:11:37.610,0.7561,0.7565,1.60,1.00
2010.08.12 06:11:38.847,0.7561,0.75645,1.60,1.00
2010.08.12 06:11:39.122,0.75605,0.75645,1.00,1.00
2010.08.12 06:11:39.456,0.75605,0.75645,1.00,1.00
2010.08.12 06:11:39.729,0.756,0.75645,2.10,1.00
2010.08.12 06:11:39.999,0.756,0.7565,2.10,2.50
2010.08.12 06:11:40.477,0.756,0.75645,2.00,1.00
2010.08.12 06:11:40.875,0.75605,0.7565,1.00,2.50
2010.08.12 06:11:43.358,0.7561,0.7565,1.00,2.40
2010.08.12 06:11:43.843,0.75605,0.7565,1.00,2.40
2010.08.12 06:11:47.801,0.75605,0.75645,1.00,1.00
2010.08.12 06:11:49.060,0.75605,0.7565,1.00,2.40
2010.08.12 06:11:49.572,0.75605,0.75645,1.00,1.00
2010.08.12 06:11:50.209,0.75605,0.75655,2.10,4.90
2010.08.12 06:11:50.727,0.75605,0.75655,2.10,2.50
2010.08.12 06:11:50.839,0.75605,0.7565,1.00,2.40
2010.08.12 06:11:50.998,0.75605,0.7565,1.00,1.60
2010.08.12 06:11:51.148,0.75605,0.7565,1.00,2.40
2010.08.12 06:11:51.782,0.75605,0.7565,1.00,2.50
2010.08.12 06:11:53.459,0.75605,0.7565,1.00,2.50
2010.08.12 06:11:53.858,0.756,0.75645,1.70,1.00
2010.08.12 06:11:54.009,0.75595,0.7564,1.70,1.60
2010.08.12 06:11:54.537,0.75595,0.7564,2.50,2.40
2010.08.12 06:11:54.689,0.7559,0.75635,2.40,1.00
2010.08.12 06:11:54.848,0.75575,0.75615,1.00,1.60
2010.08.12 06:11:55.419,0.75565,0.75615,1.00,2.40
2010.08.12 06:11:56.223,0.7557,0.75615,2.40,1.60
2010.08.12 06:11:57.202,0.7557,0.75615,2.40,1.70
2010.08.12 06:11:58.844,0.7557,0.75615,2.50,1.70
2010.08.12 06:12:01.831,0.7557,0.75615,1.70,1.70
2010.08.12 06:12:02.289,0.75575,0.7562,2.50,1.00
2010.08.12 06:12:03.003,0.75575,0.7563,1.00,1.00
2010.08.12 06:12:03.270,0.75575,0.75625,1.00,1.00
2010.08.12 06:12:04.333,0.75575,0.75625,1.00,1.00
2010.08.12 06:12:04.618,0.75575,0.75625,1.00,1.00
2010.08.12 06:12:04.908,0.7557,0.75625,1.00,1.00
2010.08.12 06:12:05.821,0.7557,0.7562,1.00,1.00
2010.08.12 06:12:06.443,0.7557,0.7562,1.00,1.00
2010.08.12 06:12:06.692,0.75565,0.75615,3.30,1.00
2010.08.12 06:12:07.652,0.7556,0.75605,1.00,2.40
2010.08.12 06:12:07.751,0.75565,0.75605,1.00,1.60
2010.08.12 06:12:08.091,0.7556,0.7562,1.00,4.10
2010.08.12 06:12:08.693,0.7556,0.75615,1.00,1.00
2010.08.12 06:12:08.889,0.7556,0.7562,1.00,4.10
2010.08.12 06:12:09.132,0.7556,0.75615,1.00,1.00
2010.08.12 06:12:10.062,0.75565,0.75615,2.40,1.00
2010.08.12 06:12:10.355,0.7557,0.7562,1.00,1.70
2010.08.12 06:12:10.920,0.7556,0.75605,2.50,1.20
2010.08.12 06:12:11.960,0.75565,0.7561,2.50,2.00
2010.08.12 06:12:12.270,0.75565,0.7561,3.20,1.00
2010.08.12 06:12:12.539,0.75565,0.7561,1.00,1.00
2010.08.12 06:12:13.303,0.75585,0.7562,1.60,1.00
2010.08.12 06:12:13.501,0.7559,0.7562,1.60,1.00
2010.08.12 06:12:14.813,0.7559,0.7563,1.60,1.00
2010.08.12 06:12:15.150,0.7558,0.75625,2.50,2.40
2010.08.12 06:12:15.800,0.75575,0.75625,1.00,4.80
2010.08.12 06:12:15.893,0.7557,0.75615,1.00,2.40
2010.08.12 06:12:16.503,0.7557,0.75615,1.00,2.40
2010.08.12 06:12:16.588,0.7557,0.75615,2.50,2.40
2010.08.12 06:12:17.780,0.7557,0.75615,2.50,2.50
2010.08.12 06:12:18.665,0.7557,0.75615,2.50,2.10
2010.08.12 06:12:19.273,0.7557,0.75615,2.40,2.10
2010.08.12 06:12:19.439,0.7557,0.7561,1.60,1.00
2010.08.12 06:12:20.139,0.7557,0.7561,1.60,1.00
2010.08.12 06:12:20.772,0.7557,0.7561,1.60,1.00
2010.08.12 06:12:21.091,0.75565,0.75605,1.00,1.60
2010.08.12 06:12:21.641,0.75565,0.75605,1.00,1.60
2010.08.12 06:12:22.939,0.75565,0.75605,1.00,1.60
2010.08.12 06:12:24.480,0.75565,0.75605,1.00,1.60
2010.08.12 06:12:25.928,0.75565,0.75605,1.00,1.60
2010.08.12 06:12:26.541,0.75565,0.75605,1.00,1.60
2010.08.12 06:12:27.482,0.7556,0.75605,4.10,1.60
2010.08.12 06:12:28.058,0.75565,0.75605,1.00,1.60
2010.08.12 06:12:28.227,0.75565,0.75605,1.00,1.60
2010.08.12 06:12:29.819,0.75565,0.75605,1.00,1.60
2010.08.12 06:12:31.279,0.75565,0.75605,1.00,1.70
2010.08.12 06:12:34.467,0.75565,0.75605,1.00,1.60
2010.08.12 06:12:34.661,0.75565,0.75605,1.00,1.70
2010.08.12 06:12:34.916,0.75565,0.75605,1.00,1.60
2010.08.12 06:12:35.108,0.75565,0.75605,1.00,1.70
2010.08.12 06:12:40.276,0.7557,0.756,1.60,1.00
2010.08.12 06:12:40.509,0.75555,0.756,2.40,1.00
2010.08.12 06:12:41.055,0.75555,0.756,2.40,1.00
2010.08.12 06:12:41.400,0.75555,0.756,2.40,1.00
2010.08.12 06:12:41.738,0.75555,0.756,2.50,1.00
2010.08.12 06:12:42.078,0.75555,0.75595,2.40,1.00
2010.08.12 06:12:42.564,0.75555,0.75595,2.40,1.00
2010.08.12 06:12:45.152,0.75535,0.7558,1.60,1.00
2010.08.12 06:12:46.191,0.75535,0.7558,1.60,1.00
2010.08.12 06:12:47.194,0.75535,0.75575,1.60,1.00
2010.08.12 06:12:53.178,0.75535,0.7558,1.60,1.00
2010.08.12 06:12:54.199,0.75535,0.75575,1.60,1.00
2010.08.12 06:12:57.251,0.75535,0.75575,1.60,1.00
2010.08.12 06:12:57.659,0.75535,0.75575,1.60,1.00
2010.08.12 06:12:58.289,0.75525,0.7557,1.00,2.40
2010.08.12 06:12:58.608,0.75535,0.75575,1.60,1.00
2010.08.12 06:12:58.920,0.75535,0.7558,1.60,1.00
2010.08.12 06:12:59.781,0.75535,0.7558,2.40,1.00
2010.08.12 06:13:00.121,0.75535,0.75575,1.60,1.00
2010.08.12 06:13:00.943,0.75535,0.7558,1.70,2.40
2010.08.12 06:13:01.254,0.75535,0.7558,1.60,2.50
2010.08.12 06:13:01.553,0.75535,0.7558,4.10,1.00
2010.08.12 06:13:01.759,0.7554,0.7559,1.00,2.50
2010.08.12 06:13:02.430,0.7554,0.7559,1.60,2.50
2010.08.12 06:13:02.640,0.75555,0.756,2.40,1.70
2010.08.12 06:13:02.860,0.7554,0.7559,1.00,2.40
2010.08.12 06:13:04.853,0.7554,0.7559,1.00,2.50
2010.08.12 06:13:05.590,0.7554,0.7559,1.00,2.40
2010.08.12 06:13:05.840,0.7554,0.7559,1.00,2.40
2010.08.12 06:13:06.540,0.7554,0.75585,1.00,1.00
2010.08.12 06:13:07.721,0.7554,0.7559,1.00,2.40
2010.08.12 06:13:08.313,0.7554,0.7559,1.00,2.40
2010.08.12 06:13:08.640,0.7554,0.7559,1.00,2.50
2010.08.12 06:13:09.641,0.7554,0.7559,1.00,2.40
2010.08.12 06:13:10.177,0.7554,0.75585,1.00,1.00
2010.08.12 06:13:11.278,0.7554,0.75585,1.00,1.00
2010.08.12 06:13:12.043,0.75535,0.7559,1.00,4.90
2010.08.12 06:13:12.965,0.75535,0.7559,2.50,2.50
2010.08.12 06:13:13.119,0.7554,0.7559,1.00,1.00
2010.08.12 06:13:13.848,0.7554,0.7559,1.00,1.00
2010.08.12 06:13:14.188,0.7554,0.75585,1.00,1.00
2010.08.12 06:13:14.418,0.7554,0.75585,1.00,1.00
2010.08.12 06:13:15.180,0.7554,0.75585,1.00,1.00
2010.08.12 06:13:15.527,0.7554,0.75585,1.00,1.00
2010.08.12 06:13:15.698,0.7554,0.7559,1.00,2.50
2010.08.12 06:13:15.868,0.7554,0.75585,1.00,1.00
2010.08.12 06:13:16.568,0.75545,0.75585,1.00,1.00
2010.08.12 06:13:16.790,0.75545,0.75585,1.00,1.00
2010.08.12 06:13:17.031,0.7555,0.7559,1.00,2.40
2010.08.12 06:13:17.261,0.7555,0.7559,1.00,1.00
2010.08.12 06:13:17.894,0.7555,0.7559,1.00,1.00
2010.08.12 06:13:20.958,0.75545,0.7559,1.00,1.00
2010.08.12 06:13:24.551,0.75545,0.7559,1.00,1.00
2010.08.12 06:13:25.248,0.7555,0.7559,1.00,1.00
2010.08.12 06:13:25.889,0.7555,0.756,1.00,1.00
2010.08.12 06:13:27.543,0.75545,0.75595,1.00,1.00
2010.08.12 06:13:29.989,0.7556,0.75605,1.00,1.70
2010.08.12 06:13:30.932,0.75555,0.75605,4.50,1.60
2010.08.12 06:13:31.552,0.75555,0.75605,4.50,1.70
2010.08.12 06:13:32.141,0.75555,0.75605,2.10,1.70
2010.08.12 06:13:32.290,0.7556,0.75605,1.00,1.70
2010.08.12 06:13:32.662,0.7556,0.75605,1.00,1.70
2010.08.12 06:13:32.878,0.7556,0.75605,1.00,1.60
2010.08.12 06:13:33.099,0.75555,0.756,2.00,1.00
2010.08.12 06:13:33.318,0.7555,0.756,1.00,1.00
2010.08.12 06:13:34.148,0.75545,0.756,1.00,1.00
2010.08.12 06:13:35.424,0.75545,0.75595,1.00,1.00
2010.08.12 06:13:35.670,0.7555,0.756,1.00,1.00
2010.08.12 06:13:36.121,0.75545,0.756,1.00,1.00
2010.08.12 06:13:36.774,0.7555,0.756,1.00,1.00
2010.08.12 06:13:37.911,0.7555,0.756,1.00,1.00
2010.08.12 06:13:40.335,0.7555,0.75595,1.00,1.00
2010.08.12 06:13:40.668,0.75555,0.75605,1.00,1.00
2010.08.12 06:13:40.990,0.75555,0.756,1.00,1.00
2010.08.12 06:13:41.643,0.75555,0.7561,1.00,3.70
2010.08.12 06:13:41.836,0.75555,0.75605,1.00,1.00
2010.08.12 06:13:42.360,0.75555,0.75605,1.00,1.00
2010.08.12 06:13:43.810,0.75555,0.756,1.00,1.00
2010.08.12 06:13:44.784,0.75555,0.75605,1.00,1.00
2010.08.12 06:13:45.118,0.7555,0.75605,1.00,1.00
2010.08.12 06:13:45.458,0.75555,0.75605,1.00,1.00
2010.08.12 06:13:46.107,0.75555,0.75605,1.00,1.00
2010.08.12 06:13:47.878,0.7555,0.756,2.50,1.00
2010.08.12 06:13:48.449,0.7555,0.756,1.00,1.00
2010.08.12 06:13:48.794,0.7555,0.756,1.00,1.00
2010.08.12 06:13:49.141,0.7555,0.756,1.00,1.00
2010.08.12 06:13:49.663,0.7555,0.756,1.00,1.00
2010.08.12 06:13:50.029,0.7555,0.756,1.00,1.00
2010.08.12 06:13:50.391,0.7555,0.75595,1.00,1.00
2010.08.12 06:13:54.911,0.7555,0.75595,1.00,1.00
2010.08.12 06:13:55.129,0.75555,0.756,1.00,1.00
2010.08.12 06:13:55.341,0.7555,0.75595,1.00,1.00
2010.08.12 06:13:57.152,0.75555,0.756,1.00,1.00
2010.08.12 06:13:57.593,0.75555,0.756,1.00,1.30
2010.08.12 06:13:57.688,0.75555,0.756,1.00,1.00
2010.08.12 06:13:58.419,0.7555,0.75595,1.00,1.00
2010.08.12 06:13:58.858,0.7555,0.75595,1.00,1.00
2010.08.12 06:13:59.311,0.7555,0.756,1.00,1.00
2010.08.12 06:13:59.553,0.7555,0.75595,1.00,1.00
2010.08.12 06:14:01.839,0.7555,0.75595,1.00,1.00
2010.08.12 06:14:02.038,0.7555,0.75595,1.00,1.00
2010.08.12 06:14:02.420,0.7555,0.756,1.00,1.00
2010.08.12 06:14:02.610,0.7555,0.756,1.00,1.00
2010.08.12 06:14:03.829,0.7555,0.75595,1.00,1.00
2010.08.12 06:14:05.414,0.7555,0.75595,1.00,1.00
2010.08.12 06:14:05.598,0.7555,0.75595,1.00,1.00
2010.08.12 06:14:07.569,0.7555,0.756,1.00,1.00
2010.08.12 06:14:07.688,0.7555,0.75595,1.00,1.70
2010.08.12 06:14:07.809,0.7555,0.75595,1.00,2.50
2010.08.12 06:14:08.353,0.7555,0.7559,1.00,1.00
2010.08.12 06:14:09.029,0.7555,0.75595,1.00,2.40
2010.08.12 06:14:09.370,0.7555,0.75595,1.00,1.00
2010.08.12 06:14:09.890,0.7555,0.756,1.00,1.00
2010.08.12 06:14:10.178,0.75555,0.756,1.00,1.00
2010.08.12 06:14:10.482,0.75555,0.756,1.00,1.00
2010.08.12 06:14:10.890,0.7555,0.75595,1.00,1.00
2010.08.12 06:14:11.428,0.7555,0.75595,1.00,1.00
2010.08.12 06:14:12.474,0.75555,0.756,1.00,1.00
2010.08.12 06:14:14.659,0.7555,0.756,1.00,1.00
2010.08.12 06:14:14.850,0.7555,0.75595,1.00,2.40
2010.08.12 06:14:15.039,0.7555,0.75595,1.00,2.40
2010.08.12 06:14:15.516,0.7555,0.75595,1.00,2.50
2010.08.12 06:14:17.393,0.7555,0.7559,1.00,1.00
2010.08.12 06:14:18.020,0.7555,0.75595,1.00,2.50
2010.08.12 06:14:19.502,0.75545,0.75595,1.00,1.70
2010.08.12 06:14:20.314,0.75545,0.7559,1.00,1.00
2010.08.12 06:14:28.058,0.75545,0.7559,2.50,1.00
2010.08.12 06:14:28.928,0.75545,0.7559,2.40,1.00
2010.08.12 06:14:29.442,0.75545,0.7559,2.50,1.00
2010.08.12 06:14:30.561,0.75545,0.7559,2.40,1.00
2010.08.12 06:14:31.459,0.75545,0.7559,2.50,1.00
2010.08.12 06:14:32.484,0.75545,0.7559,2.40,1.00
2010.08.12 06:14:33.190,0.75545,0.7559,2.50,1.00
2010.08.12 06:14:38.076,0.75545,0.75585,2.40,1.00
2010.08.12 06:14:38.340,0.75545,0.7559,2.40,1.00
2010.08.12 06:14:38.609,0.75545,0.7559,2.50,1.00
2010.08.12 06:14:41.176,0.75545,0.7559,2.40,1.00
2010.08.12 06:14:42.200,0.7554,0.75585,1.00,2.50
2010.08.12 06:14:50.129,0.75545,0.75585,1.00,2.40
2010.08.12 06:14:51.186,0.75545,0.75585,1.00,2.40
2010.08.12 06:14:53.370,0.7554,0.75585,1.00,2.40
2010.08.12 06:14:54.289,0.75545,0.75585,1.00,2.40
2010.08.12 06:14:55.359,0.75545,0.75585,1.00,1.60
2010.08.12 06:14:55.990,0.75545,0.75585,1.00,1.60
2010.08.12 06:14:56.158,0.7555,0.75585,1.00,1.60
2010.08.12 06:14:57.733,0.7555,0.75585,1.00,2.40
2010.08.12 06:14:58.543,0.7555,0.75585,1.00,1.60
2010.08.12 06:14:58.660,0.7555,0.7559,1.00,1.00
2010.08.12 06:14:58.779,0.75555,0.7559,1.00,1.00
2010.08.12 06:14:59.253,0.75555,0.7559,1.00,1.00
2010.08.12 06:14:59.370,0.7556,0.756,1.00,2.40
2010.08.12 06:14:59.488,0.7556,0.756,1.00,2.00
2010.08.12 06:15:00.595,0.75555,0.75595,1.00,2.40
2010.08.12 06:15:02.091,0.75555,0.7559,1.00,2.40
2010.08.12 06:15:03.165,0.7555,0.7559,1.00,2.40
2010.08.12 06:15:03.560,0.75555,0.7559,1.00,2.40
2010.08.12 06:15:04.102,0.7555,0.7559,1.00,2.40
2010.08.12 06:15:04.722,0.7555,0.7559,1.00,2.40
2010.08.12 06:15:05.060,0.7555,0.7559,1.00,2.40
2010.08.12 06:15:05.932,0.75545,0.7559,2.50,2.40
2010.08.12 06:15:06.190,0.75545,0.7559,2.50,2.50
2010.08.12 06:15:06.449,0.7555,0.7559,1.00,2.40
2010.08.12 06:15:06.718,0.75545,0.7559,2.50,2.40
2010.08.12 06:15:07.025,0.7555,0.7559,1.00,2.40
2010.08.12 06:15:07.588,0.75545,0.7559,2.50,2.50
2010.08.12 06:15:07.848,0.7555,0.7559,1.00,2.40
2010.08.12 06:15:08.755,0.75555,0.7559,1.00,2.40
2010.08.12 06:15:08.921,0.7555,0.7559,1.00,2.40
2010.08.12 06:15:10.198,0.7555,0.7559,1.00,2.40
2010.08.12 06:15:12.148,0.7555,0.7559,1.00,2.40
2010.08.12 06:15:12.378,0.75555,0.7559,1.00,2.40
2010.08.12 06:15:12.608,0.75555,0.7559,1.00,1.60
2010.08.12 06:15:13.959,0.7555,0.7559,1.00,1.60
2010.08.12 06:15:16.209,0.7555,0.7559,1.00,2.40
2010.08.12 06:15:19.545,0.7555,0.7559,1.00,2.40
2010.08.12 06:15:19.821,0.75555,0.75585,1.00,1.60
2010.08.12 06:15:21.977,0.75555,0.75585,1.00,1.60
2010.08.12 06:15:22.206,0.7555,0.75585,1.00,1.60
2010.08.12 06:15:22.568,0.7555,0.7559,1.00,1.60
2010.08.12 06:15:23.559,0.75555,0.7559,1.00,1.60
2010.08.12 06:15:24.719,0.75555,0.7559,1.00,2.40
2010.08.12 06:15:25.560,0.7555,0.7559,1.00,2.40
2010.08.12 06:15:26.481,0.75555,0.7559,1.00,2.40
2010.08.12 06:15:26.658,0.75555,0.7559,1.00,1.60
2010.08.12 06:15:27.328,0.75555,0.7559,1.00,2.40
2010.08.12 06:15:27.498,0.7555,0.7559,1.00,2.40
2010.08.12 06:15:27.668,0.75555,0.7559,1.00,2.40
2010.08.12 06:15:27.938,0.7555,0.7559,1.00,2.40
2010.08.12 06:15:30.712,0.75555,0.7559,1.00,1.60
2010.08.12 06:15:32.141,0.7555,0.7559,1.00,2.40
2010.08.12 06:15:32.360,0.75545,0.7559,2.50,2.40
2010.08.12 06:15:32.895,0.75545,0.75585,1.00,1.60
2010.08.12 06:15:33.025,0.75545,0.75585,1.00,1.60
2010.08.12 06:15:33.369,0.75545,0.75585,1.00,2.40
2010.08.12 06:15:37.029,0.7555,0.75585,1.00,1.60
2010.08.12 06:15:38.368,0.7555,0.75585,1.00,2.40
2010.08.12 06:15:39.051,0.75545,0.75585,1.00,2.40
2010.08.12 06:15:39.229,0.75545,0.75585,1.00,2.40
2010.08.12 06:15:41.284,0.7554,0.75585,1.00,2.50
2010.08.12 06:15:41.941,0.75545,0.75585,1.00,2.40
2010.08.12 06:15:42.244,0.7554,0.75585,1.00,2.50
2010.08.12 06:15:42.678,0.7554,0.75585,1.00,2.90
2010.08.12 06:15:43.506,0.75545,0.75585,1.00,2.80
2010.08.12 06:15:44.008,0.7554,0.75585,1.00,2.90
2010.08.12 06:15:44.170,0.7554,0.75585,1.00,2.50
2010.08.12 06:15:47.576,0.75545,0.75585,1.00,2.40
2010.08.12 06:15:47.991,0.7554,0.75585,1.00,2.40
2010.08.12 06:15:49.069,0.75545,0.75585,1.00,2.80
2010.08.12 06:15:50.373,0.75545,0.756,2.50,1.00
2010.08.12 06:15:50.551,0.7555,0.756,1.00,1.00
2010.08.12 06:15:50.832,0.75555,0.756,1.00,1.00
2010.08.12 06:15:51.398,0.7555,0.756,1.00,1.00
2010.08.12 06:15:51.654,0.75545,0.756,2.50,1.00
2010.08.12 06:15:51.913,0.7555,0.756,1.00,4.90
2010.08.12 06:15:53.066,0.7555,0.75595,1.00,1.00
2010.08.12 06:15:54.959,0.7554,0.7559,3.30,1.00
2010.08.12 06:15:55.149,0.7554,0.75585,2.40,1.00
2010.08.12 06:15:55.730,0.7554,0.7559,1.00,1.00
2010.08.12 06:15:57.094,0.7555,0.756,1.60,2.50
2010.08.12 06:15:57.719,0.7555,0.756,4.10,2.40
2010.08.12 06:15:58.226,0.75555,0.756,1.00,2.40
2010.08.12 06:15:58.493,0.7555,0.756,4.10,2.50
2010.08.12 06:15:58.760,0.75555,0.756,1.00,2.50
2010.08.12 06:16:00.620,0.75555,0.75605,2.50,1.00
2010.08.12 06:16:00.769,0.75555,0.756,1.00,1.60
2010.08.12 06:16:00.919,0.75555,0.756,1.00,2.40
2010.08.12 06:16:02.411,0.75555,0.756,1.00,2.50
2010.08.12 06:16:03.777,0.75555,0.756,1.00,2.40
2010.08.12 06:16:04.033,0.7556,0.756,1.00,2.40
2010.08.12 06:16:04.240,0.75555,0.756,1.00,1.60
2010.08.12 06:16:04.951,0.7555,0.75595,1.60,1.00
2010.08.12 06:16:06.492,0.75555,0.756,1.00,1.60
2010.08.12 06:16:06.832,0.75555,0.756,1.00,2.40
2010.08.12 06:16:08.226,0.75555,0.756,1.00,1.60
2010.08.12 06:16:08.409,0.7556,0.75605,1.00,1.00
2010.08.12 06:16:08.500,0.7556,0.75605,1.00,1.00
2010.08.12 06:16:09.111,0.7556,0.75615,2.40,1.00
2010.08.12 06:16:09.202,0.7556,0.7561,1.00,1.00
2010.08.12 06:16:09.373,0.75565,0.75615,1.00,2.80
2010.08.12 06:16:10.081,0.75565,0.75615,1.00,1.00
2010.08.12 06:16:10.422,0.75565,0.7561,1.00,1.00
2010.08.12 06:16:10.619,0.75565,0.75615,1.00,1.00
2010.08.12 06:16:11.350,0.75565,0.75615,1.00,1.00
2010.08.12 06:16:13.139,0.7556,0.75615,2.50,1.00
2010.08.12 06:16:13.363,0.75565,0.75615,1.00,1.00
2010.08.12 06:16:14.435,0.75565,0.75615,1.00,1.00
2010.08.12 06:16:15.119,0.75565,0.75615,1.00,1.00
2010.08.12 06:16:15.385,0.7556,0.7561,2.40,1.00
2010.08.12 06:16:15.578,0.75565,0.7561,1.00,1.00
2010.08.12 06:16:15.768,0.75565,0.75615,1.00,1.00
2010.08.12 06:16:16.421,0.75565,0.75615,1.00,1.00
2010.08.12 06:16:16.598,0.75565,0.75615,1.00,1.00
2010.08.12 06:16:16.891,0.75565,0.75615,1.00,1.00
2010.08.12 06:16:17.068,0.75565,0.75615,1.00,1.00
2010.08.12 06:16:17.689,0.75565,0.75615,1.00,1.00
2010.08.12 06:16:17.912,0.7557,0.7561,1.00,2.40
2010.08.12 06:16:18.144,0.75565,0.7561,1.70,2.40
2010.08.12 06:16:18.701,0.75575,0.75615,1.00,1.60
2010.08.12 06:16:19.044,0.7558,0.7562,1.00,1.00
2010.08.12 06:16:19.380,0.75575,0.7562,1.00,1.00
2010.08.12 06:16:20.381,0.75575,0.7562,1.00,1.00
2010.08.12 06:16:21.058,0.75575,0.7562,1.00,1.00
2010.08.12 06:16:21.971,0.75575,0.7562,1.00,1.00
2010.08.12 06:16:22.341,0.7557,0.7562,1.00,1.00
2010.08.12 06:16:22.511,0.7557,0.7562,1.00,1.00
2010.08.12 06:16:23.209,0.7557,0.7562,1.00,2.40
2010.08.12 06:16:23.492,0.75565,0.75615,1.00,1.00
2010.08.12 06:16:25.265,0.75575,0.75625,1.00,1.00
2010.08.12 06:16:25.549,0.75575,0.75625,1.00,3.20
2010.08.12 06:16:26.279,0.75575,0.75615,1.00,1.60
2010.08.12 06:16:26.526,0.75575,0.75615,1.00,2.40
2010.08.12 06:16:26.834,0.75575,0.75615,1.00,2.40
2010.08.12 06:16:27.099,0.7557,0.75615,1.00,2.40
2010.08.12 06:16:27.867,0.7557,0.75615,1.00,4.00
2010.08.12 06:16:28.056,0.75565,0.75605,1.00,1.00
2010.08.12 06:16:33.831,0.75565,0.75605,1.00,1.00
2010.08.12 06:16:34.069,0.75565,0.75605,1.00,1.00
2010.08.12 06:16:36.982,0.75565,0.75605,1.00,1.00
2010.08.12 06:16:37.174,0.7557,0.75605,1.00,1.00
2010.08.12 06:16:37.851,0.75565,0.75605,1.00,1.00
2010.08.12 06:16:38.039,0.7557,0.75605,1.00,1.00
2010.08.12 06:16:38.372,0.75565,0.75605,1.00,1.00
2010.08.12 06:16:38.652,0.7557,0.75605,1.00,1.00
2010.08.12 06:16:39.139,0.7557,0.756,1.00,2.40
2010.08.12 06:16:39.322,0.7556,0.756,1.00,2.40
2010.08.12 06:16:39.770,0.75565,0.756,1.00,2.40
2010.08.12 06:16:39.938,0.75565,0.756,1.00,2.40
2010.08.12 06:16:40.573,0.75565,0.756,1.00,1.60
2010.08.12 06:16:41.404,0.75565,0.756,1.00,2.40
2010.08.12 06:16:42.195,0.7556,0.756,1.00,2.40
2010.08.12 06:16:42.498,0.75565,0.756,1.00,2.40
2010.08.12 06:16:43.022,0.75565,0.756,1.00,2.40
2010.08.12 06:16:43.148,0.75565,0.756,1.00,1.60
2010.08.12 06:16:43.388,0.7557,0.756,1.00,1.60
2010.08.12 06:16:43.940,0.7557,0.756,1.00,1.60
2010.08.12 06:16:44.162,0.75565,0.756,1.00,1.60
2010.08.12 06:16:45.541,0.75565,0.756,1.00,2.40
2010.08.12 06:16:46.088,0.75565,0.756,1.00,2.40
2010.08.12 06:16:46.626,0.75565,0.756,1.00,1.60
2010.08.12 06:16:46.897,0.75565,0.756,1.00,1.60
2010.08.12 06:16:51.127,0.7557,0.756,1.00,1.60
2010.08.12 06:16:52.155,0.7557,0.75605,1.00,1.60
2010.08.12 06:16:52.818,0.7556,0.756,1.00,1.00
2010.08.12 06:16:53.156,0.7556,0.756,1.00,2.40
2010.08.12 06:16:53.268,0.7556,0.756,1.00,1.60
2010.08.12 06:16:53.379,0.7556,0.756,1.00,2.40
2010.08.12 06:16:54.278,0.75565,0.756,1.00,1.60
2010.08.12 06:16:54.524,0.75555,0.75595,1.00,1.60
2010.08.12 06:16:54.771,0.7555,0.75585,1.00,1.60
2010.08.12 06:16:55.948,0.7555,0.75585,1.00,1.60
2010.08.12 06:16:57.669,0.7555,0.75585,1.00,2.40
2010.08.12 06:16:59.433,0.75545,0.75585,1.00,2.40
2010.08.12 06:16:59.963,0.7555,0.75585,1.00,2.40
2010.08.12 06:17:00.249,0.75545,0.75585,1.00,2.40
2010.08.12 06:17:00.521,0.75545,0.75585,1.00,1.60
2010.08.12 06:17:00.720,0.7555,0.75585,1.00,1.60
2010.08.12 06:17:00.918,0.75545,0.75585,1.00,1.60
2010.08.12 06:17:01.109,0.75555,0.75585,1.00,1.60
2010.08.12 06:17:01.636,0.7555,0.75585,1.00,1.60
2010.08.12 06:17:01.811,0.7555,0.75595,1.00,2.40
2010.08.12 06:17:01.973,0.7555,0.756,2.10,2.50
2010.08.12 06:17:02.131,0.75555,0.756,1.00,2.40
2010.08.12 06:17:02.918,0.75555,0.756,1.00,2.40
2010.08.12 06:17:03.222,0.75555,0.756,1.00,2.50
2010.08.12 06:17:03.879,0.75555,0.75605,1.00,1.00
2010.08.12 06:17:04.583,0.75555,0.756,1.00,1.00
2010.08.12 06:17:04.810,0.75555,0.756,1.00,1.00
2010.08.12 06:17:05.040,0.75555,0.756,1.00,1.00
2010.08.12 06:17:06.048,0.75555,0.756,1.00,1.00
2010.08.12 06:17:06.431,0.75555,0.756,1.00,1.00
2010.08.12 06:17:07.188,0.75555,0.756,1.00,1.00
2010.08.12 06:17:07.475,0.75555,0.756,1.00,1.00
2010.08.12 06:17:07.761,0.75555,0.756,1.00,1.00
2010.08.12 06:17:08.040,0.75555,0.756,1.00,1.00
2010.08.12 06:17:08.581,0.7555,0.756,1.00,1.00
2010.08.12 06:17:09.059,0.7555,0.75595,1.00,1.00
2010.08.12 06:17:10.012,0.75545,0.75595,1.70,2.50
2010.08.12 06:17:10.353,0.7555,0.75595,1.00,2.40
2010.08.12 06:17:10.690,0.7555,0.75595,1.00,2.50
2010.08.12 06:17:13.934,0.7555,0.75595,1.00,2.40
2010.08.12 06:17:14.100,0.75555,0.75595,1.00,2.40
2010.08.12 06:17:14.540,0.7555,0.75595,1.00,2.40
2010.08.12 06:17:15.317,0.7555,0.75595,1.00,2.40
2010.08.12 06:17:16.570,0.7555,0.75595,1.00,2.50
2010.08.12 06:17:16.911,0.7555,0.75595,1.00,2.40
2010.08.12 06:17:17.641,0.7555,0.75595,1.00,2.40
2010.08.12 06:17:17.830,0.7555,0.75595,1.00,2.50
2010.08.12 06:17:18.496,0.75555,0.75595,1.00,2.40
2010.08.12 06:17:18.990,0.75555,0.756,1.00,2.40
2010.08.12 06:17:20.319,0.75555,0.756,1.00,2.50
2010.08.12 06:17:22.426,0.75555,0.756,1.00,2.40
2010.08.12 06:17:22.510,0.75555,0.75595,1.00,1.60
2010.08.12 06:17:22.601,0.7555,0.75595,1.00,2.40
2010.08.12 06:17:23.189,0.7555,0.75595,1.00,2.40
2010.08.12 06:17:23.512,0.7555,0.75595,1.00,2.50
2010.08.12 06:17:23.842,0.75545,0.75595,1.70,2.50
2010.08.12 06:17:24.770,0.7555,0.75595,1.00,2.50
2010.08.12 06:17:25.143,0.7555,0.75595,1.00,1.70
2010.08.12 06:17:25.486,0.7555,0.756,1.00,1.00
2010.08.12 06:17:26.833,0.75555,0.756,1.00,1.00
2010.08.12 06:17:27.230,0.75555,0.75595,1.00,1.00
2010.08.12 06:17:27.470,0.75555,0.756,1.00,1.00
2010.08.12 06:17:28.071,0.75555,0.75595,1.00,1.60
2010.08.12 06:17:28.254,0.7555,0.75595,1.00,1.60
2010.08.12 06:17:28.822,0.7555,0.75595,1.00,1.60
2010.08.12 06:17:29.230,0.7555,0.75595,1.00,1.70
2010.08.12 06:17:29.567,0.7555,0.75595,1.00,2.50
2010.08.12 06:17:30.247,0.7555,0.75595,1.00,2.40
2010.08.12 06:17:30.483,0.7555,0.75595,1.00,2.50
2010.08.12 06:17:32.452,0.7555,0.75595,1.00,2.40
2010.08.12 06:17:32.590,0.7555,0.75595,1.00,2.50
2010.08.12 06:17:33.273,0.7555,0.75595,1.00,2.40
2010.08.12 06:17:34.381,0.7555,0.75595,1.00,2.50
2010.08.12 06:17:35.561,0.7555,0.75595,1.00,2.40
2010.08.12 06:17:38.229,0.7555,0.75595,1.00,2.40
2010.08.12 06:17:38.420,0.7555,0.75595,1.00,1.00
2010.08.12 06:17:38.468,0.7555,0.756,1.00,1.00
2010.08.12 06:17:39.190,0.7555,0.75595,1.00,2.40
2010.08.12 06:17:39.695,0.7555,0.75595,1.00,2.40
2010.08.12 06:17:39.929,0.7555,0.75595,1.00,2.50
2010.08.12 06:17:44.280,0.7555,0.75595,1.00,2.40
2010.08.12 06:17:44.408,0.7555,0.75595,1.00,2.50
2010.08.12 06:17:46.615,0.7555,0.75595,1.00,2.40
2010.08.12 06:17:48.055,0.7555,0.75595,1.00,2.40
2010.08.12 06:17:49.009,0.7555,0.75595,1.00,2.50
2010.08.12 06:17:51.053,0.7555,0.7559,1.00,1.00
2010.08.12 06:17:51.159,0.7555,0.7558,1.00,1.60
2010.08.12 06:17:51.269,0.7554,0.7558,1.00,1.60
2010.08.12 06:17:51.681,0.7554,0.7558,1.00,1.60
2010.08.12 06:17:51.789,0.7554,0.75585,2.10,1.60
2010.08.12 06:17:51.977,0.7554,0.7557,1.00,1.60
2010.08.12 06:17:52.672,0.75525,0.75565,1.00,1.00
2010.08.12 06:17:52.925,0.75515,0.75565,4.10,1.00
2010.08.12 06:17:53.220,0.75515,0.75565,4.00,1.00
2010.08.12 06:17:53.895,0.7552,0.75565,1.00,1.00
2010.08.12 06:17:54.601,0.75525,0.75565,1.00,1.00
2010.08.12 06:17:55.193,0.75515,0.75565,2.40,1.00
2010.08.12 06:17:55.852,0.7551,0.7556,1.00,1.60
2010.08.12 06:17:56.101,0.75505,0.75555,2.40,1.00
2010.08.12 06:17:56.373,0.755,0.75555,1.00,1.00
2010.08.12 06:17:57.140,0.755,0.75555,1.00,1.00
2010.08.12 06:17:57.460,0.7549,0.7554,2.50,1.60
2010.08.12 06:17:58.218,0.755,0.75555,1.00,2.50
2010.08.12 06:17:58.534,0.755,0.75555,1.00,2.40
2010.08.12 06:17:58.844,0.755,0.75555,1.00,1.00
2010.08.12 06:17:59.149,0.755,0.75555,1.00,1.00
2010.08.12 06:17:59.931,0.75505,0.75555,1.00,1.00
2010.08.12 06:18:01.922,0.7551,0.75555,2.40,1.00
2010.08.12 06:18:02.062,0.7552,0.75565,1.00,2.10
2010.08.12 06:18:02.330,0.7552,0.75565,1.00,4.50
2010.08.12 06:18:02.945,0.75505,0.75555,1.00,1.00
2010.08.12 06:18:03.200,0.75505,0.75555,1.00,1.00
2010.08.12 06:18:04.001,0.75505,0.75555,1.00,1.00
2010.08.12 06:18:06.413,0.755,0.7555,1.00,1.00
2010.08.12 06:18:07.039,0.755,0.7555,1.00,1.00
2010.08.12 06:18:07.112,0.755,0.75555,1.00,2.50
2010.08.12 06:18:08.059,0.755,0.7555,1.00,1.00
2010.08.12 06:18:08.752,0.755,0.75555,1.00,2.50
2010.08.12 06:18:08.868,0.755,0.7555,1.00,1.00
2010.08.12 06:18:10.342,0.75505,0.75555,1.00,1.00
2010.08.12 06:18:12.195,0.755,0.7555,1.00,1.00
2010.08.12 06:18:13.054,0.75505,0.7555,1.00,1.00
2010.08.12 06:18:15.922,0.75505,0.75555,1.00,1.00
2010.08.12 06:18:17.519,0.75505,0.7555,1.00,1.00
2010.08.12 06:18:17.648,0.755,0.7555,1.00,1.00
2010.08.12 06:18:18.163,0.755,0.75545,1.00,1.00
2010.08.12 06:18:18.307,0.755,0.7555,1.00,1.00
2010.08.12 06:18:18.570,0.755,0.75555,1.00,1.00
2010.08.12 06:18:19.360,0.7551,0.75555,1.00,1.00
2010.08.12 06:18:19.700,0.75505,0.75555,1.00,1.00
2010.08.12 06:18:21.911,0.7551,0.75555,1.00,1.00
2010.08.12 06:18:23.932,0.75505,0.7555,1.00,1.00
2010.08.12 06:18:25.055,0.7551,0.75555,1.00,1.00
2010.08.12 06:18:25.180,0.7551,0.7556,1.00,4.50
2010.08.12 06:18:25.429,0.75505,0.75555,1.00,1.00
2010.08.12 06:18:25.668,0.75505,0.75555,1.00,1.00
2010.08.12 06:18:26.009,0.7551,0.75555,1.00,1.00
2010.08.12 06:18:26.682,0.7551,0.75555,1.00,1.00
2010.08.12 06:18:27.810,0.75505,0.75555,1.00,1.00
2010.08.12 06:18:29.280,0.7551,0.7556,1.00,4.50
2010.08.12 06:18:30.246,0.7551,0.75555,1.00,1.00
2010.08.12 06:18:30.379,0.75505,0.75555,1.00,1.00
2010.08.12 06:18:30.864,0.75505,0.75555,1.00,1.00
2010.08.12 06:18:31.031,0.75505,0.75555,1.00,1.00
2010.08.12 06:18:32.350,0.7551,0.7556,1.00,1.00
2010.08.12 06:18:32.938,0.7551,0.7556,1.00,2.90
2010.08.12 06:18:33.230,0.75505,0.75555,1.00,1.00
2010.08.12 06:18:34.001,0.7551,0.7556,1.00,1.00
2010.08.12 06:18:34.302,0.7551,0.75555,1.00,1.00
2010.08.12 06:18:34.460,0.75505,0.75555,1.00,1.00
2010.08.12 06:18:35.548,0.75505,0.75555,1.00,1.00
2010.08.12 06:18:35.739,0.75505,0.7555,1.00,1.00
2010.08.12 06:18:35.929,0.755,0.7555,1.00,1.00
2010.08.12 06:18:37.139,0.755,0.7555,1.00,1.00
2010.08.12 06:18:37.778,0.755,0.75555,1.00,1.00
2010.08.12 06:18:38.050,0.755,0.7555,1.00,1.00
2010.08.12 06:18:38.743,0.75495,0.75545,1.00,4.80
2010.08.12 06:18:39.006,0.75495,0.75545,1.00,4.90
2010.08.12 06:18:39.766,0.75495,0.75545,1.00,4.80
2010.08.12 06:18:40.083,0.75495,0.75545,1.00,4.90
2010.08.12 06:18:41.169,0.75495,0.7554,1.00,2.40
2010.08.12 06:18:41.990,0.75495,0.7554,1.00,2.40
2010.08.12 06:18:42.129,0.7549,0.7554,1.00,2.40
2010.08.12 06:18:42.259,0.7549,0.7554,1.00,4.90
2010.08.12 06:18:42.518,0.7549,0.75535,1.00,1.00
2010.08.12 06:18:43.707,0.75485,0.75535,1.00,1.00
2010.08.12 06:18:46.382,0.7549,0.75535,1.00,1.00
2010.08.12 06:18:50.056,0.7549,0.7554,1.00,4.80
2010.08.12 06:18:50.209,0.7549,0.75535,1.00,1.00
2010.08.12 06:18:51.324,0.7549,0.7554,1.00,1.60
2010.08.12 06:18:51.608,0.7549,0.7555,1.00,4.80
2010.08.12 06:18:51.892,0.75495,0.75555,1.00,3.20
2010.08.12 06:18:52.450,0.7549,0.7555,2.90,1.00
2010.08.12 06:18:53.169,0.7549,0.7555,1.00,4.90
2010.08.12 06:18:54.840,0.7549,0.75545,1.00,1.00
2010.08.12 06:18:55.439,0.75495,0.7555,1.00,4.90
2010.08.12 06:18:55.861,0.75495,0.75545,1.00,1.00
2010.08.12 06:18:56.119,0.75495,0.7555,1.00,4.90
2010.08.12 06:18:58.697,0.755,0.7555,1.00,4.80
2010.08.12 06:18:59.158,0.75495,0.7555,1.00,4.80
2010.08.12 06:18:59.934,0.75495,0.75545,1.00,1.00
2010.08.12 06:19:00.182,0.75495,0.7554,1.00,1.00
2010.08.12 06:19:00.521,0.755,0.7555,1.00,2.50
2010.08.12 06:19:01.116,0.75505,0.7555,1.00,2.50
2010.08.12 06:19:01.468,0.75505,0.75545,1.60,1.00
2010.08.12 06:19:01.601,0.75505,0.75545,1.00,2.40
2010.08.12 06:19:01.731,0.755,0.7554,2.40,1.00
2010.08.12 06:19:01.863,0.755,0.7554,1.70,1.00
2010.08.12 06:19:02.463,0.755,0.7554,1.00,2.40
2010.08.12 06:19:02.760,0.75495,0.7554,2.50,2.50
2010.08.12 06:19:05.753,0.755,0.7554,1.00,2.40
2010.08.12 06:19:05.929,0.75495,0.7554,2.50,2.50
2010.08.12 06:19:06.505,0.75495,0.7554,2.40,2.40
2010.08.12 06:19:06.697,0.755,0.7554,2.40,1.00
2010.08.12 06:19:07.071,0.755,0.75545,2.50,2.50
2010.08.12 06:19:10.190,0.75505,0.7555,2.40,2.50
2010.08.12 06:19:11.545,0.75505,0.7555,1.60,2.40
2010.08.12 06:19:11.794,0.75505,0.75555,4.80,1.00
2010.08.12 06:19:12.574,0.7551,0.75555,1.00,1.00
2010.08.12 06:19:12.718,0.75505,0.75555,4.90,1.00
2010.08.12 06:19:13.887,0.7551,0.7556,1.00,2.50
2010.08.12 06:19:14.580,0.75505,0.7555,4.80,1.00
2010.08.12 06:19:16.251,0.75505,0.7555,2.40,1.00
2010.08.12 06:19:16.410,0.75505,0.75555,2.50,1.00
2010.08.12 06:19:17.118,0.75505,0.75555,1.70,1.00
2010.08.12 06:19:17.288,0.75505,0.75555,1.00,1.00
2010.08.12 06:19:18.169,0.75505,0.75555,1.00,2.50
2010.08.12 06:19:18.809,0.755,0.7555,1.00,1.00
2010.08.12 06:19:18.979,0.755,0.7555,1.00,1.00
2010.08.12 06:19:24.909,0.755,0.75545,1.00,1.00
2010.08.12 06:19:29.571,0.75495,0.75545,1.00,1.00
2010.08.12 06:19:29.994,0.75495,0.7554,1.00,1.00
2010.08.12 06:19:32.331,0.75505,0.7555,1.00,2.40
2010.08.12 06:19:32.603,0.75505,0.75555,1.20,1.00
2010.08.12 06:19:32.871,0.7551,0.75555,1.00,1.00
2010.08.12 06:19:33.558,0.7551,0.7556,1.00,1.00
2010.08.12 06:19:33.763,0.7551,0.75555,1.00,1.00
2010.08.12 06:19:34.653,0.7551,0.75555,1.00,1.00
2010.08.12 06:19:35.198,0.7551,0.75555,1.00,1.00
2010.08.12 06:19:35.361,0.75515,0.7556,1.00,1.00
2010.08.12 06:19:36.498,0.75515,0.7556,1.00,1.00
2010.08.12 06:19:36.739,0.75515,0.75555,1.00,1.00
2010.08.12 06:19:37.219,0.75515,0.7556,1.00,1.00
2010.08.12 06:19:37.913,0.75515,0.7556,1.00,1.00
2010.08.12 06:19:39.772,0.7552,0.75565,1.00,1.70
2010.08.12 06:19:40.052,0.75515,0.75555,1.00,1.00
2010.08.12 06:19:40.260,0.75515,0.7556,1.00,1.00
2010.08.12 06:19:40.470,0.75515,0.75545,1.00,1.60
2010.08.12 06:19:40.980,0.7551,0.75545,1.00,1.60
2010.08.12 06:19:41.197,0.7549,0.75535,1.00,2.40
2010.08.12 06:19:41.546,0.75485,0.75535,2.50,2.40
2010.08.12 06:19:42.056,0.75485,0.75535,2.40,2.40
2010.08.12 06:19:42.407,0.75485,0.75535,2.40,2.50
2010.08.12 06:19:42.630,0.75485,0.75535,2.50,2.50
2010.08.12 06:19:43.134,0.75485,0.7553,2.50,1.00
2010.08.12 06:19:44.189,0.75485,0.7553,1.00,1.00
2010.08.12 06:19:45.322,0.7548,0.7553,1.00,1.00
2010.08.12 06:19:45.919,0.75485,0.7553,1.00,1.00
2010.08.12 06:19:46.859,0.75485,0.7553,1.00,1.00
2010.08.12 06:19:47.109,0.75485,0.75535,1.00,2.50
2010.08.12 06:19:47.729,0.75485,0.75535,2.50,2.50
2010.08.12 06:19:47.969,0.7549,0.75535,1.00,2.40
2010.08.12 06:19:48.219,0.7549,0.75535,1.00,2.50
2010.08.12 06:19:48.469,0.7549,0.75535,1.00,2.40
2010.08.12 06:19:49.115,0.7549,0.75535,1.00,2.40
2010.08.12 06:19:49.920,0.75495,0.75535,1.00,2.40
2010.08.12 06:19:50.461,0.7549,0.75535,2.50,2.50
2010.08.12 06:19:50.741,0.7549,0.75535,1.00,2.50
2010.08.12 06:19:51.113,0.7549,0.75535,1.00,2.40
2010.08.12 06:19:51.948,0.7549,0.75535,1.00,2.50
2010.08.12 06:19:59.631,0.75485,0.75535,1.00,2.50
2010.08.12 06:19:59.820,0.75485,0.7553,1.00,1.00
2010.08.12 06:20:00.526,0.75485,0.7553,1.00,1.00
2010.08.12 06:20:00.853,0.75485,0.7553,1.00,1.00
2010.08.12 06:20:01.229,0.7548,0.7553,3.20,1.00
2010.08.12 06:20:01.420,0.7548,0.75525,1.00,2.40
2010.08.12 06:20:02.395,0.75485,0.75525,1.00,2.40
2010.08.12 06:20:03.370,0.75485,0.75525,1.00,1.60
2010.08.12 06:20:03.689,0.75485,0.75525,1.00,1.60
2010.08.12 06:20:04.052,0.7548,0.75525,1.00,1.70
2010.08.12 06:20:04.841,0.75475,0.75525,1.00,1.70
2010.08.12 06:20:05.142,0.75475,0.7552,1.00,2.40
2010.08.12 06:20:05.440,0.7547,0.7552,1.60,2.40
2010.08.12 06:20:07.429,0.75475,0.7552,1.00,2.40
2010.08.12 06:20:08.560,0.75475,0.7552,1.00,2.50
2010.08.12 06:20:08.688,0.7548,0.7552,1.00,2.40
2010.08.12 06:20:09.957,0.7546,0.75505,1.00,2.40
2010.08.12 06:20:10.100,0.75465,0.75505,1.00,1.60
2010.08.12 06:20:10.250,0.7546,0.75505,1.00,2.40
2010.08.12 06:20:10.919,0.7546,0.75505,1.00,2.40
2010.08.12 06:20:12.050,0.7546,0.75505,1.00,2.50
2010.08.12 06:20:12.495,0.7546,0.75505,1.00,2.40
2010.08.12 06:20:12.632,0.75465,0.75505,1.00,2.40
2010.08.12 06:20:13.391,0.7546,0.75505,1.00,2.50
2010.08.12 06:20:13.533,0.75465,0.75505,1.00,2.40
2010.08.12 06:20:13.672,0.75465,0.7551,1.00,1.00
2010.08.12 06:20:13.813,0.7547,0.75515,1.00,1.60
2010.08.12 06:20:13.952,0.7547,0.75515,2.40,2.40
2010.08.12 06:20:14.510,0.7547,0.7552,4.10,2.50
2010.08.12 06:20:14.761,0.75475,0.7552,1.00,2.50
2010.08.12 06:20:16.079,0.7548,0.7552,1.00,2.40
2010.08.12 06:20:16.735,0.75475,0.75515,1.00,1.00
2010.08.12 06:20:17.502,0.7548,0.7552,1.00,2.40
2010.08.12 06:20:17.738,0.75475,0.7552,1.00,2.40
2010.08.12 06:20:18.241,0.75475,0.7552,1.00,2.40
2010.08.12 06:20:18.401,0.7548,0.7552,1.00,1.60
2010.08.12 06:20:18.549,0.7548,0.7552,1.00,1.60
2010.08.12 06:20:19.911,0.7548,0.7552,1.00,1.00
2010.08.12 06:20:21.030,0.75475,0.7552,1.00,2.40
2010.08.12 06:20:21.199,0.75475,0.7552,1.00,2.50
2010.08.12 06:20:21.359,0.75475,0.7552,1.00,4.90
2010.08.12 06:20:22.030,0.75475,0.7552,1.00,2.50
2010.08.12 06:20:22.283,0.75475,0.75515,1.00,1.00
2010.08.12 06:20:24.022,0.7548,0.75525,1.00,1.00
2010.08.12 06:20:26.163,0.7548,0.75525,1.00,1.00
2010.08.12 06:20:26.669,0.7548,0.7552,1.00,2.40
2010.08.12 06:20:27.219,0.75475,0.7552,1.00,2.50
2010.08.12 06:20:27.443,0.75475,0.7552,1.00,2.40
2010.08.12 06:20:27.590,0.75475,0.75515,1.00,1.00
2010.08.12 06:20:27.730,0.75475,0.75515,1.00,2.40
2010.08.12 06:20:28.794,0.75475,0.75515,1.00,2.40
2010.08.12 06:20:31.769,0.75475,0.75515,1.00,2.40
2010.08.12 06:20:31.938,0.7547,0.75515,1.00,2.50
2010.08.12 06:20:32.019,0.7547,0.7551,1.00,1.00
2010.08.12 06:20:32.682,0.7547,0.7551,1.00,1.00
2010.08.12 06:20:32.762,0.7547,0.75505,1.00,1.60
2010.08.12 06:20:34.522,0.75475,0.75505,1.00,1.60
2010.08.12 06:20:35.157,0.75475,0.7551,1.00,1.00
2010.08.12 06:20:51.102,0.75475,0.75515,1.00,2.40
2010.08.12 06:20:55.480,0.75465,0.7551,1.00,1.00
2010.08.12 06:20:55.542,0.75465,0.7551,1.00,1.00
2010.08.12 06:20:55.662,0.7547,0.75515,1.00,2.50
2010.08.12 06:20:55.681,0.7547,0.75515,1.00,2.10
2010.08.12 06:20:55.744,0.7547,0.75515,1.00,4.50
2010.08.12 06:20:55.974,0.7547,0.7551,1.00,2.40
2010.08.12 06:20:56.749,0.75465,0.7551,1.00,2.40
2010.08.12 06:20:56.969,0.7547,0.7551,1.00,2.40
2010.08.12 06:20:58.080,0.75475,0.7551,1.00,2.40
2010.08.12 06:20:59.692,0.7547,0.7551,1.00,2.40
2010.08.12 06:21:00.604,0.7547,0.7551,1.00,1.00
2010.08.12 06:21:00.741,0.75475,0.75515,1.00,1.00
2010.08.12 06:21:00.881,0.75475,0.7552,1.00,2.50
2010.08.12 06:21:01.020,0.7548,0.7552,1.00,2.40
2010.08.12 06:21:01.252,0.75475,0.75515,1.00,1.00
2010.08.12 06:21:01.522,0.7548,0.7552,1.00,2.40
2010.08.12 06:21:04.147,0.75475,0.7552,1.00,2.40
2010.08.12 06:21:06.191,0.75475,0.75515,1.00,1.00
2010.08.12 06:21:06.529,0.7548,0.7552,1.00,2.40
2010.08.12 06:21:08.831,0.75475,0.7552,1.00,2.40
2010.08.12 06:21:09.331,0.7548,0.7552,1.00,2.40
2010.08.12 06:21:10.921,0.75475,0.7552,1.00,2.40
2010.08.12 06:21:11.594,0.7548,0.7552,1.00,2.40
2010.08.12 06:21:14.984,0.75475,0.7552,1.00,2.40
2010.08.12 06:21:16.380,0.75475,0.7552,2.40,2.40
2010.08.12 06:21:16.483,0.7548,0.7552,1.00,2.40
2010.08.12 06:21:16.685,0.7548,0.7552,1.00,2.40
2010.08.12 06:21:17.243,0.7548,0.7552,1.00,2.40
2010.08.12 06:21:17.522,0.7548,0.7552,1.00,2.40
2010.08.12 06:21:23.110,0.7548,0.7552,1.00,2.40
2010.08.12 06:21:25.701,0.75485,0.7552,1.00,1.00
2010.08.12 06:21:25.780,0.75485,0.75525,1.00,1.20
2010.08.12 06:21:25.860,0.75485,0.7553,1.00,2.50
2010.08.12 06:21:25.939,0.75485,0.7553,1.00,2.40
2010.08.12 06:21:26.427,0.75485,0.7553,1.00,2.40
2010.08.12 06:21:26.591,0.75485,0.7553,1.00,2.50
2010.08.12 06:21:27.933,0.75475,0.7552,1.00,2.40
2010.08.12 06:21:28.370,0.7547,0.7552,1.70,2.40
2010.08.12 06:21:28.589,0.7547,0.7552,1.00,4.80
2010.08.12 06:21:29.091,0.75465,0.7552,1.70,4.90
2010.08.12 06:21:29.809,0.7547,0.7552,1.00,4.90
2010.08.12 06:21:30.505,0.7547,0.7552,1.00,4.80
2010.08.12 06:21:31.213,0.7548,0.75525,1.00,2.40
2010.08.12 06:21:31.489,0.7548,0.75525,1.00,1.60
2010.08.12 06:21:32.118,0.75475,0.7553,2.50,1.70
2010.08.12 06:21:32.412,0.7548,0.7553,1.00,2.50
2010.08.12 06:21:32.983,0.7548,0.7553,1.00,2.50
2010.08.12 06:21:35.180,0.7548,0.75525,1.00,1.00
2010.08.12 06:21:36.725,0.75485,0.7553,1.00,2.40
2010.08.12 06:21:36.870,0.75485,0.75535,1.00,1.00
2010.08.12 06:21:40.350,0.75485,0.75535,1.00,1.00
2010.08.12 06:21:40.568,0.75485,0.75535,1.00,1.00
2010.08.12 06:21:41.124,0.75485,0.75535,1.00,1.00
2010.08.12 06:21:42.541,0.75485,0.75535,1.00,1.00
2010.08.12 06:21:42.802,0.75485,0.75535,1.00,1.00
2010.08.12 06:21:43.051,0.75485,0.75535,1.00,1.00
2010.08.12 06:21:43.842,0.75485,0.7553,1.00,1.00
2010.08.12 06:21:45.350,0.75485,0.75535,1.00,1.00
2010.08.12 06:21:45.756,0.75485,0.7553,1.00,1.00
2010.08.12 06:21:46.152,0.7548,0.7553,3.20,1.00
2010.08.12 06:21:46.242,0.7548,0.75515,1.00,1.00
2010.08.12 06:21:46.333,0.7547,0.75515,1.00,1.00
2010.08.12 06:21:46.933,0.7548,0.75535,3.20,1.20
2010.08.12 06:21:47.260,0.7548,0.75535,3.30,1.30
2010.08.12 06:21:47.884,0.75485,0.75535,1.00,1.30
2010.08.12 06:21:48.753,0.75485,0.7553,1.00,1.00
2010.08.12 06:21:59.363,0.7549,0.75535,1.00,1.20
2010.08.12 06:21:59.953,0.7549,0.75535,1.00,1.20
2010.08.12 06:22:00.115,0.75485,0.75535,1.00,1.00
2010.08.12 06:22:00.260,0.7549,0.75535,1.00,1.00
2010.08.12 06:22:00.410,0.75485,0.75535,1.00,1.00
2010.08.12 06:22:00.692,0.7549,0.75535,1.00,1.00
2010.08.12 06:22:01.807,0.75485,0.75535,1.00,1.00
2010.08.12 06:22:02.241,0.7549,0.75535,1.00,1.00
2010.08.12 06:22:04.092,0.7549,0.75535,1.00,1.00
2010.08.12 06:22:04.140,0.7549,0.7554,1.00,5.70
2010.08.12 06:22:04.259,0.75495,0.7554,1.00,5.60
2010.08.12 06:22:04.309,0.75495,0.7554,1.00,4.80
2010.08.12 06:22:07.261,0.7549,0.75535,1.00,1.00
2010.08.12 06:22:07.982,0.75495,0.7554,1.00,4.80
2010.08.12 06:22:08.421,0.7549,0.75535,1.00,1.00
2010.08.12 06:22:10.031,0.75495,0.7554,1.00,4.80
2010.08.12 06:22:10.663,0.7549,0.75535,1.00,1.00
2010.08.12 06:22:10.925,0.75485,0.7554,1.00,5.30
2010.08.12 06:22:11.185,0.75485,0.75535,1.00,1.00
2010.08.12 06:22:11.442,0.7548,0.7553,1.00,2.40
2010.08.12 06:22:11.701,0.7548,0.7553,1.00,2.00
2010.08.12 06:22:12.237,0.7548,0.7553,1.00,2.80
2010.08.12 06:22:12.542,0.7548,0.75525,1.00,1.00
2010.08.12 06:22:12.840,0.7548,0.75525,1.00,1.00
2010.08.12 06:22:12.970,0.7548,0.75525,1.00,1.20
2010.08.12 06:22:13.660,0.7548,0.7552,1.00,1.60
2010.08.12 06:22:13.810,0.7548,0.75515,1.00,1.00
2010.08.12 06:22:14.970,0.7548,0.75515,1.00,1.00
2010.08.12 06:22:15.839,0.7547,0.75515,1.00,1.00
2010.08.12 06:22:15.969,0.7547,0.75515,1.00,1.20
2010.08.12 06:22:16.100,0.75465,0.75515,1.00,1.00
2010.08.12 06:22:16.812,0.75465,0.75515,1.00,3.20
2010.08.12 06:22:17.152,0.7547,0.75515,1.00,1.20
2010.08.12 06:22:17.322,0.75475,0.75515,1.00,1.20
2010.08.12 06:22:18.230,0.75465,0.7552,2.50,4.90
2010.08.12 06:22:18.774,0.7547,0.7552,1.00,4.90
2010.08.12 06:22:20.431,0.7547,0.7552,1.00,1.00
2010.08.12 06:22:21.054,0.75475,0.7552,1.00,1.00
2010.08.12 06:22:21.392,0.7548,0.7553,1.00,4.90
2010.08.12 06:22:22.361,0.75485,0.7553,1.00,2.00
2010.08.12 06:22:22.602,0.7548,0.7553,1.00,4.90
2010.08.12 06:22:22.884,0.75485,0.7553,1.00,4.80
2010.08.12 06:22:23.799,0.75485,0.7553,1.00,4.90
2010.08.12 06:22:24.069,0.7548,0.75525,1.00,1.00
2010.08.12 06:22:24.339,0.7548,0.7553,1.00,4.80
2010.08.12 06:22:24.829,0.75485,0.7553,1.00,4.80
2010.08.12 06:22:25.059,0.7548,0.7553,1.00,2.10
2010.08.12 06:22:27.260,0.75475,0.75525,1.00,2.50
2010.08.12 06:22:27.933,0.7548,0.75525,1.00,2.40
2010.08.12 06:22:29.599,0.75475,0.75525,1.00,2.50
2010.08.12 06:22:32.727,0.75475,0.7552,1.00,1.00
2010.08.12 06:22:33.742,0.7548,0.75525,1.00,2.40
2010.08.12 06:22:33.928,0.7548,0.7552,1.00,1.00
2010.08.12 06:22:34.614,0.75475,0.7552,1.00,4.80
2010.08.12 06:22:34.857,0.75475,0.7552,1.00,2.80
2010.08.12 06:22:35.092,0.7547,0.7552,1.00,4.90
2010.08.12 06:22:35.978,0.7547,0.7552,1.00,2.50
2010.08.12 06:22:36.109,0.7547,0.7552,1.00,2.90
2010.08.12 06:22:36.391,0.75475,0.7552,1.00,2.80
2010.08.12 06:22:36.519,0.75475,0.7552,1.00,1.00
2010.08.12 06:22:45.705,0.75475,0.75525,1.00,2.10
2010.08.12 06:22:52.557,0.75475,0.75525,1.00,2.90
2010.08.12 06:22:52.600,0.7548,0.75525,1.00,2.00
2010.08.12 06:22:52.682,0.7548,0.75525,1.00,2.00
2010.08.12 06:22:52.762,0.75475,0.75525,1.00,2.00
2010.08.12 06:22:52.801,0.75475,0.75525,1.00,1.00
2010.08.12 06:22:53.356,0.75485,0.7553,1.00,2.80
2010.08.12 06:22:53.451,0.75485,0.7553,1.00,2.90
2010.08.12 06:22:54.406,0.7548,0.75525,1.00,1.00
2010.08.12 06:22:54.753,0.7548,0.7553,1.00,2.90
2010.08.12 06:22:55.985,0.7547,0.7552,2.50,1.60
2010.08.12 06:22:56.252,0.7546,0.7551,1.00,1.60
2010.08.12 06:22:56.511,0.75465,0.7551,1.00,2.40
2010.08.12 06:22:57.502,0.7547,0.7551,1.00,2.40
2010.08.12 06:23:00.661,0.75465,0.7551,1.00,2.40
2010.08.12 06:23:00.954,0.75465,0.7551,1.00,2.00
2010.08.12 06:23:01.241,0.7546,0.7551,1.00,2.50
2010.08.12 06:23:01.520,0.75465,0.7551,1.00,2.40
2010.08.12 06:23:02.356,0.7547,0.7552,1.00,2.10
2010.08.12 06:23:02.562,0.7547,0.7552,1.00,2.40
2010.08.12 06:23:03.223,0.7548,0.7552,1.00,1.60
2010.08.12 06:23:03.434,0.7547,0.75525,2.50,1.00
2010.08.12 06:23:04.636,0.75475,0.75525,1.00,1.00
2010.08.12 06:23:05.742,0.75475,0.75525,1.00,1.00
2010.08.12 06:23:05.969,0.7547,0.75525,3.30,1.00
2010.08.12 06:23:06.576,0.7547,0.7552,1.00,1.00
2010.08.12 06:23:06.804,0.75465,0.7552,2.50,2.50
2010.08.12 06:23:07.931,0.7547,0.7552,1.00,2.50
2010.08.12 06:23:09.445,0.7547,0.7552,1.00,4.80
2010.08.12 06:23:09.672,0.7547,0.7552,1.00,4.90
2010.08.12 06:23:09.899,0.7547,0.7552,1.00,4.80
2010.08.12 06:23:10.179,0.7547,0.7552,1.00,2.40
2010.08.12 06:23:10.922,0.7547,0.75515,1.00,1.00
2010.08.12 06:23:11.536,0.75475,0.7552,1.00,2.40
2010.08.12 06:23:11.963,0.75475,0.7552,1.00,2.40
2010.08.12 06:23:12.735,0.7547,0.7552,1.00,2.50
2010.08.12 06:23:14.211,0.75475,0.7552,1.00,2.40
2010.08.12 06:23:14.308,0.7547,0.7552,1.00,2.50
2010.08.12 06:23:15.019,0.75475,0.75525,1.00,1.00
2010.08.12 06:23:16.773,0.75475,0.75525,1.00,1.00
2010.08.12 06:23:17.100,0.75475,0.7553,1.00,2.50
2010.08.12 06:23:17.209,0.75475,0.7553,2.50,2.50
2010.08.12 06:23:17.469,0.75475,0.7553,2.50,1.00
2010.08.12 06:23:18.431,0.7548,0.7553,1.00,1.00
2010.08.12 06:23:19.562,0.75485,0.7553,1.00,1.00
2010.08.12 06:23:19.976,0.75485,0.7553,1.00,1.00
2010.08.12 06:23:20.229,0.75475,0.7553,1.00,2.80
2010.08.12 06:23:20.920,0.75475,0.75525,1.00,2.40
2010.08.12 06:23:21.206,0.75475,0.75525,1.00,1.00
2010.08.12 06:23:21.480,0.7548,0.75525,1.00,1.00
2010.08.12 06:23:22.255,0.7547,0.75525,2.50,1.00
2010.08.12 06:23:22.538,0.75475,0.75525,1.00,3.30
2010.08.12 06:23:22.896,0.7548,0.75525,1.00,3.20
2010.08.12 06:23:23.471,0.7548,0.7553,1.00,4.90
2010.08.12 06:23:23.756,0.75475,0.75525,1.00,3.30
2010.08.12 06:23:24.003,0.75475,0.7552,1.00,4.00
2010.08.12 06:23:24.251,0.7547,0.7552,1.00,4.80
2010.08.12 06:23:25.090,0.75475,0.7552,1.00,1.60
2010.08.12 06:23:25.420,0.75475,0.75525,1.00,1.00
2010.08.12 06:23:25.751,0.75475,0.75525,1.00,1.00
2010.08.12 06:23:26.513,0.7548,0.7553,1.00,2.50
2010.08.12 06:23:26.850,0.7548,0.75525,1.00,1.00
2010.08.12 06:23:27.582,0.75485,0.7553,1.00,2.40
2010.08.12 06:23:27.699,0.7548,0.7553,1.00,2.40
2010.08.12 06:23:28.467,0.7548,0.7553,1.00,1.00
2010.08.12 06:23:28.599,0.75485,0.75535,1.00,5.70
2010.08.12 06:23:28.794,0.75485,0.7553,1.00,1.00
2010.08.12 06:23:29.340,0.75485,0.75535,1.00,5.70
2010.08.12 06:23:31.080,0.7549,0.75535,1.00,2.40
2010.08.12 06:23:31.209,0.7549,0.75535,1.00,4.80
2010.08.12 06:23:31.550,0.7549,0.75535,1.00,4.40
2010.08.12 06:23:32.030,0.75485,0.75535,1.00,4.50
2010.08.12 06:23:32.369,0.75485,0.75535,1.00,4.90
2010.08.12 06:23:32.863,0.75485,0.7553,1.00,1.00
2010.08.12 06:23:33.202,0.7549,0.75535,1.00,4.80
2010.08.12 06:23:42.213,0.7549,0.75535,1.00,2.00
2010.08.12 06:23:42.287,0.75485,0.75535,1.00,2.00
2010.08.12 06:23:42.351,0.75485,0.75535,1.00,4.40
2010.08.12 06:23:42.419,0.75485,0.75535,1.00,4.80
2010.08.12 06:23:42.946,0.7548,0.75535,1.00,4.90
2010.08.12 06:23:43.012,0.7548,0.7553,1.00,1.00
2010.08.12 06:23:43.192,0.7548,0.7553,1.00,1.00
2010.08.12 06:23:43.532,0.75485,0.7553,1.00,1.00
2010.08.12 06:23:45.870,0.75485,0.75535,1.00,4.90
2010.08.12 06:23:46.192,0.7549,0.75535,1.00,4.80
2010.08.12 06:23:46.521,0.7549,0.75535,1.00,1.00
2010.08.12 06:23:46.851,0.7549,0.7554,1.00,2.90
2010.08.12 06:23:47.856,0.7549,0.7554,1.00,3.70
2010.08.12 06:23:48.050,0.75495,0.7554,1.00,3.60
2010.08.12 06:23:48.339,0.75495,0.7554,1.00,1.00
2010.08.12 06:23:49.490,0.75495,0.75545,1.00,4.90
2010.08.12 06:23:52.715,0.75495,0.75545,1.00,3.30
2010.08.12 06:23:53.024,0.75495,0.7555,1.00,6.10
2010.08.12 06:23:53.382,0.75505,0.7555,1.00,6.00
2010.08.12 06:23:53.519,0.75505,0.75545,1.00,1.00
2010.08.12 06:23:54.211,0.755,0.7555,1.00,1.00
2010.08.12 06:23:54.492,0.755,0.7555,1.00,1.00
2010.08.12 06:23:55.500,0.755,0.75545,1.00,1.00
2010.08.12 06:23:56.137,0.755,0.7555,1.00,1.00
2010.08.12 06:23:56.908,0.75495,0.75545,1.00,1.00
2010.08.12 06:23:57.182,0.75495,0.75545,1.00,2.40
2010.08.12 06:23:57.410,0.75495,0.7554,1.00,1.00
2010.08.12 06:23:57.630,0.755,0.75545,1.00,2.50
2010.08.12 06:23:58.467,0.755,0.75545,1.00,2.40
2010.08.12 06:23:58.701,0.755,0.75545,1.00,2.50
2010.08.12 06:24:00.188,0.755,0.7554,1.00,1.00
2010.08.12 06:24:00.417,0.7549,0.7554,1.00,1.00
2010.08.12 06:24:00.632,0.75485,0.75535,1.00,4.80
2010.08.12 06:24:01.136,0.75485,0.75535,1.00,2.40
2010.08.12 06:24:01.483,0.7549,0.7554,1.00,3.30
2010.08.12 06:24:02.534,0.7549,0.7554,1.00,1.00
2010.08.12 06:24:02.790,0.75485,0.75535,1.00,1.00
2010.08.12 06:24:04.100,0.75485,0.7553,1.00,1.00
2010.08.12 06:24:04.320,0.7548,0.7553,1.00,1.00
2010.08.12 06:24:04.916,0.75475,0.7553,1.00,1.60
2010.08.12 06:24:05.144,0.7548,0.7553,1.00,1.00
2010.08.12 06:24:05.450,0.75475,0.7553,1.00,1.00
2010.08.12 06:24:06.070,0.75475,0.75525,1.00,1.00
2010.08.12 06:24:06.888,0.75465,0.7551,1.00,2.40
2010.08.12 06:24:07.063,0.7547,0.75505,1.00,2.40
2010.08.12 06:24:07.623,0.7547,0.7552,1.00,4.80
2010.08.12 06:24:07.800,0.75475,0.7552,1.00,3.20
2010.08.12 06:24:08.139,0.75475,0.7553,1.00,4.80
2010.08.12 06:24:08.470,0.75485,0.7554,1.00,1.00
2010.08.12 06:24:09.290,0.7548,0.7554,1.00,3.30
2010.08.12 06:24:09.519,0.7548,0.75535,1.00,1.00
2010.08.12 06:24:10.452,0.7548,0.7552,1.00,1.60
2010.08.12 06:24:10.779,0.7548,0.7552,1.00,1.60
2010.08.12 06:24:11.974,0.7548,0.7552,1.00,1.60
2010.08.12 06:24:12.821,0.7548,0.7552,1.00,1.60
2010.08.12 06:24:13.287,0.7548,0.7552,1.00,1.60
2010.08.12 06:24:13.536,0.75495,0.75545,1.60,2.90
2010.08.12 06:24:13.721,0.75495,0.75545,1.70,2.90
2010.08.12 06:24:15.436,0.755,0.75545,1.00,2.80
2010.08.12 06:24:15.878,0.755,0.75545,1.00,2.80
2010.08.12 06:24:16.486,0.755,0.75545,1.00,2.90
2010.08.12 06:24:16.844,0.75505,0.75545,1.00,2.80
2010.08.12 06:24:18.114,0.755,0.75545,1.00,2.80
2010.08.12 06:24:18.295,0.75505,0.75545,1.00,2.00
2010.08.12 06:24:18.475,0.75505,0.75545,1.00,2.40
2010.08.12 06:24:18.651,0.75505,0.75545,1.00,1.00
2010.08.12 06:24:19.282,0.75505,0.7555,1.00,2.80
2010.08.12 06:24:19.611,0.7551,0.7555,1.00,2.80
2010.08.12 06:24:19.952,0.755,0.7555,2.50,2.80
2010.08.12 06:24:20.502,0.755,0.7555,2.50,2.00
2010.08.12 06:24:20.842,0.75505,0.7555,1.00,2.90
2010.08.12 06:24:22.021,0.7551,0.75555,1.00,1.00
2010.08.12 06:24:22.602,0.7551,0.7556,1.00,1.70
2010.08.12 06:24:22.821,0.7551,0.75555,1.00,1.00
2010.08.12 06:24:23.523,0.75505,0.75555,1.00,1.00
2010.08.12 06:24:23.921,0.7551,0.75555,1.00,1.00
2010.08.12 06:24:24.711,0.75505,0.7555,1.00,1.60
2010.08.12 06:24:24.841,0.75505,0.7555,1.00,1.60
2010.08.12 06:24:25.789,0.75505,0.7555,1.00,1.70
2010.08.12 06:24:29.722,0.75505,0.7555,1.00,1.60
2010.08.12 06:24:29.942,0.75505,0.7555,1.00,2.40
2010.08.12 06:24:31.066,0.75505,0.7555,1.00,2.40
2010.08.12 06:24:31.230,0.755,0.7555,2.50,1.70
2010.08.12 06:24:31.864,0.75505,0.7555,1.00,1.60
2010.08.12 06:24:32.640,0.75505,0.7555,1.00,2.50
2010.08.12 06:24:32.939,0.75505,0.7555,1.00,2.40
2010.08.12 06:24:33.780,0.7551,0.7555,1.00,2.40
2010.08.12 06:24:34.520,0.75505,0.75545,1.00,1.00
2010.08.12 06:24:36.140,0.755,0.75545,2.10,1.00
2010.08.12 06:24:37.320,0.75505,0.75545,1.00,1.00
2010.08.12 06:24:41.219,0.75505,0.75545,1.00,2.40
2010.08.12 06:24:41.390,0.755,0.7554,1.60,1.00
2010.08.12 06:24:41.559,0.75495,0.7554,2.10,1.00
2010.08.12 06:24:41.729,0.75495,0.7554,1.70,1.00
2010.08.12 06:24:41.909,0.75495,0.7554,1.60,1.00
2010.08.12 06:24:42.272,0.755,0.7554,1.00,1.00
2010.08.12 06:24:42.872,0.75495,0.7554,1.60,1.00
2010.08.12 06:24:43.053,0.755,0.7554,1.00,1.00
2010.08.12 06:24:52.919,0.75505,0.7554,1.00,1.00
2010.08.12 06:24:53.691,0.755,0.7554,1.00,1.00
2010.08.12 06:24:55.225,0.755,0.7554,1.00,1.00
2010.08.12 06:24:55.240,0.755,0.75545,1.00,4.80
2010.08.12 06:24:55.277,0.755,0.75545,1.00,4.90
2010.08.12 06:24:55.394,0.75505,0.75545,1.00,4.80
2010.08.12 06:24:55.544,0.75505,0.75545,1.00,3.20
2010.08.12 06:24:55.589,0.75505,0.75545,1.00,2.40
2010.08.12 06:24:55.652,0.75505,0.7555,1.00,4.40
2010.08.12 06:24:56.172,0.7551,0.7555,1.00,2.30
2010.08.12 06:24:56.850,0.75505,0.7555,1.00,2.40
2010.08.12 06:24:57.691,0.75505,0.7555,1.00,2.50
2010.08.12 06:24:58.280,0.75505,0.7555,1.00,2.40
2010.08.12 06:24:58.561,0.75505,0.7555,1.00,2.50
2010.08.12 06:24:59.733,0.75505,0.7555,1.00,2.40
2010.08.12 06:25:00.909,0.75505,0.75545,1.00,2.40
2010.08.12 06:25:01.019,0.75505,0.75545,1.00,3.20
2010.08.12 06:25:01.628,0.75505,0.75545,1.00,3.20
2010.08.12 06:25:02.701,0.75505,0.75545,1.00,4.80
2010.08.12 06:25:03.950,0.7551,0.75545,1.00,4.80
2010.08.12 06:25:04.129,0.7551,0.75545,1.00,2.40
2010.08.12 06:25:07.899,0.7551,0.75545,1.00,1.60
2010.08.12 06:25:08.852,0.75505,0.75545,1.00,1.60
2010.08.12 06:25:09.962,0.75505,0.75545,1.00,2.40
2010.08.12 06:25:10.573,0.7551,0.75545,1.00,1.00
2010.08.12 06:25:11.822,0.75505,0.75545,1.00,1.00
2010.08.12 06:25:15.015,0.7551,0.75545,1.00,1.00
2010.08.12 06:25:15.562,0.75505,0.75545,1.00,1.00
2010.08.12 06:25:15.782,0.75505,0.75545,1.00,1.00
2010.08.12 06:25:18.187,0.75505,0.7555,1.00,4.80
2010.08.12 06:25:19.852,0.7551,0.7555,1.00,4.80
2010.08.12 06:25:22.824,0.75505,0.7555,1.00,4.80
2010.08.12 06:25:23.371,0.755,0.75545,1.70,1.00
2010.08.12 06:25:23.439,0.75505,0.75545,1.00,2.40
2010.08.12 06:25:23.570,0.75505,0.75545,1.00,2.40
2010.08.12 06:25:24.835,0.755,0.75545,1.00,2.50
2010.08.12 06:25:25.662,0.75505,0.75545,1.00,2.40
2010.08.12 06:25:26.791,0.75505,0.75545,1.00,1.60
2010.08.12 06:25:27.598,0.75505,0.7555,1.00,4.90
2010.08.12 06:25:27.840,0.75505,0.75545,1.00,1.60
2010.08.12 06:25:28.590,0.75505,0.75545,1.00,1.00
2010.08.12 06:25:29.592,0.75505,0.75545,1.00,2.40
2010.08.12 06:25:29.695,0.75505,0.75545,1.00,1.00
2010.08.12 06:25:31.439,0.75505,0.75545,1.00,1.00
2010.08.12 06:25:32.860,0.7551,0.75545,1.00,1.00
2010.08.12 06:25:33.500,0.75505,0.75545,1.00,1.00
2010.08.12 06:25:35.679,0.75505,0.75545,1.00,1.00
2010.08.12 06:25:35.769,0.75505,0.75545,1.00,1.60
2010.08.12 06:25:36.189,0.75505,0.75545,1.00,1.60
2010.08.12 06:25:36.808,0.75505,0.7554,1.00,1.00
2010.08.12 06:25:37.075,0.7549,0.7553,1.00,1.00
2010.08.12 06:25:37.192,0.7549,0.7552,1.00,1.00
2010.08.12 06:25:37.310,0.75485,0.7552,1.00,1.00
2010.08.12 06:25:37.431,0.7549,0.7552,1.00,1.00
2010.08.12 06:25:37.937,0.7549,0.7552,1.00,1.00
2010.08.12 06:25:38.066,0.75495,0.7553,1.00,1.00
2010.08.12 06:25:39.256,0.755,0.7553,1.00,1.00
2010.08.12 06:25:39.630,0.75495,0.7553,1.00,1.00
2010.08.12 06:25:39.850,0.755,0.7553,1.00,1.00
2010.08.12 06:25:40.021,0.75495,0.7553,1.00,1.00
2010.08.12 06:25:41.460,0.75505,0.7554,1.00,1.00
2010.08.12 06:25:41.509,0.75505,0.7554,1.00,1.00
2010.08.12 06:25:41.901,0.75505,0.7554,1.00,1.00
2010.08.12 06:25:53.003,0.75505,0.75545,1.00,1.00
2010.08.12 06:26:09.471,0.7551,0.7555,1.00,2.10
2010.08.12 06:26:09.975,0.7551,0.7555,1.00,2.00
2010.08.12 06:26:17.680,0.75515,0.7555,1.00,2.00
2010.08.12 06:26:18.262,0.7551,0.7555,1.00,2.00
2010.08.12 06:26:19.009,0.7551,0.7555,1.00,2.00
2010.08.12 06:26:20.302,0.75515,0.7555,1.00,2.00
2010.08.12 06:26:20.429,0.7551,0.7555,1.00,2.00
2010.08.12 06:26:21.390,0.75515,0.7555,1.00,1.00
2010.08.12 06:26:21.660,0.75515,0.75555,1.00,1.60
2010.08.12 06:26:22.392,0.75515,0.75555,1.70,1.00
2010.08.12 06:26:22.512,0.7552,0.75555,1.00,1.00
2010.08.12 06:26:22.742,0.75515,0.7556,1.60,1.00
2010.08.12 06:26:22.972,0.7551,0.7555,1.00,1.00
2010.08.12 06:26:23.545,0.75505,0.7555,1.00,1.00
2010.08.12 06:26:23.782,0.75485,0.7554,1.00,1.00
2010.08.12 06:26:24.020,0.7549,0.7554,1.00,1.00
2010.08.12 06:26:24.250,0.75485,0.75535,1.00,1.00
2010.08.12 06:26:25.616,0.7549,0.75535,1.00,1.00
2010.08.12 06:26:26.069,0.7549,0.75535,1.00,1.00
2010.08.12 06:26:29.123,0.75485,0.75535,1.00,1.00
2010.08.12 06:26:29.661,0.75495,0.75535,1.00,1.00
2010.08.12 06:26:29.800,0.75495,0.75535,1.00,1.00
2010.08.12 06:26:30.290,0.75495,0.75535,1.00,1.00
2010.08.12 06:26:32.361,0.75485,0.75535,1.00,1.00
2010.08.12 06:26:32.690,0.75485,0.75525,1.00,1.00
2010.08.12 06:26:33.014,0.75475,0.75525,1.00,1.00
2010.08.12 06:26:33.493,0.75475,0.75525,2.50,2.50
2010.08.12 06:26:33.732,0.75475,0.7552,1.00,1.00
2010.08.12 06:26:33.969,0.75475,0.7552,1.00,1.00
2010.08.12 06:26:34.801,0.75475,0.7552,1.00,1.00
2010.08.12 06:26:37.070,0.75475,0.7552,1.00,1.00
2010.08.12 06:26:37.372,0.75475,0.7552,1.00,1.00
2010.08.12 06:26:38.290,0.75475,0.7552,1.00,1.00
2010.08.12 06:26:38.771,0.7547,0.7552,1.00,1.00
2010.08.12 06:26:38.999,0.75475,0.7552,1.00,1.00
2010.08.12 06:26:39.630,0.75475,0.7552,1.00,1.00
2010.08.12 06:26:40.650,0.75475,0.7552,1.00,1.00
2010.08.12 06:26:41.354,0.7548,0.7552,1.00,1.00
2010.08.12 06:26:41.672,0.7547,0.7552,1.00,1.00
2010.08.12 06:26:41.881,0.7547,0.7551,1.00,1.00
2010.08.12 06:26:42.657,0.7547,0.7551,1.00,1.00
2010.08.12 06:26:42.881,0.75475,0.7552,1.00,1.00
2010.08.12 06:26:43.205,0.75475,0.7552,1.70,1.20
2010.08.12 06:26:44.001,0.7548,0.7552,1.00,1.20
2010.08.12 06:26:44.470,0.75475,0.7552,2.40,1.20
2010.08.12 06:26:44.699,0.75475,0.7552,2.40,1.00
2010.08.12 06:26:44.930,0.7548,0.7552,1.00,1.00
2010.08.12 06:26:45.821,0.75475,0.7552,1.00,1.00
2010.08.12 06:26:47.616,0.75475,0.7552,1.00,1.00
2010.08.12 06:26:48.137,0.7548,0.7552,1.00,1.00
2010.08.12 06:26:50.169,0.7548,0.7552,1.00,1.00
2010.08.12 06:26:50.301,0.7548,0.7552,1.00,1.20
2010.08.12 06:26:51.320,0.7548,0.7552,1.00,1.20
2010.08.12 06:26:52.808,0.7548,0.7552,1.00,1.00
2010.08.12 06:26:52.909,0.75485,0.7552,1.00,1.00
2010.08.12 06:26:56.180,0.75485,0.75525,1.00,1.00
2010.08.12 06:26:56.484,0.75485,0.75525,1.00,1.00
2010.08.12 06:26:57.204,0.7549,0.7553,1.00,1.00
2010.08.12 06:26:57.442,0.75495,0.7554,1.00,1.00
2010.08.12 06:26:57.635,0.7549,0.75535,1.00,1.60
2010.08.12 06:26:58.256,0.7549,0.7553,1.00,1.00
2010.08.12 06:26:58.561,0.7549,0.7553,1.00,1.20
2010.08.12 06:26:58.870,0.75495,0.7553,1.00,1.20
2010.08.12 06:26:59.180,0.75495,0.7553,1.00,1.00
2010.08.12 06:26:59.968,0.75495,0.7553,1.00,1.00
2010.08.12 06:27:00.469,0.7549,0.7553,1.00,1.00
2010.08.12 06:27:00.970,0.7549,0.75535,1.00,1.00
2010.08.12 06:27:01.700,0.7549,0.7553,1.00,1.00
2010.08.12 06:27:03.411,0.75495,0.75535,1.00,1.00
2010.08.12 06:27:03.680,0.75495,0.7554,1.00,2.00
2010.08.12 06:27:03.859,0.75495,0.75535,1.00,1.00
2010.08.12 06:27:06.775,0.75495,0.75535,1.00,1.00
2010.08.12 06:27:07.511,0.75495,0.75535,1.00,1.00
2010.08.12 06:27:17.891,0.755,0.75535,1.00,1.00
2010.08.12 06:27:18.080,0.75495,0.75535,1.00,1.00
2010.08.12 06:27:18.149,0.75495,0.75535,1.00,1.00
2010.08.12 06:27:18.326,0.75495,0.75535,1.00,1.00
2010.08.12 06:27:18.535,0.75495,0.75535,1.00,1.00
2010.08.12 06:27:18.609,0.75495,0.75535,1.00,1.00
2010.08.12 06:27:18.679,0.75495,0.75535,1.00,1.00
2010.08.12 06:27:18.890,0.75495,0.75535,1.00,1.00
2010.08.12 06:27:19.932,0.7549,0.75535,1.00,1.00
2010.08.12 06:27:20.099,0.7549,0.7553,1.00,1.00
2010.08.12 06:27:20.179,0.7549,0.7553,1.00,1.00
2010.08.12 06:27:20.873,0.75485,0.7553,1.00,1.00
2010.08.12 06:27:20.961,0.75485,0.75535,1.00,2.80
2010.08.12 06:27:21.300,0.75485,0.7554,1.00,3.30
2010.08.12 06:27:22.183,0.7549,0.75535,1.00,2.40
2010.08.12 06:27:22.361,0.75485,0.75535,1.00,2.00
2010.08.12 06:27:22.848,0.7549,0.75535,1.00,2.00
2010.08.12 06:27:23.039,0.7549,0.75535,1.00,1.00
2010.08.12 06:27:24.277,0.7549,0.7554,1.00,2.40
2010.08.12 06:27:24.330,0.75515,0.75545,1.00,1.60
2010.08.12 06:27:24.961,0.75515,0.7556,1.00,3.30
2010.08.12 06:27:25.014,0.75515,0.75565,1.00,1.00
2010.08.12 06:27:25.210,0.75515,0.7557,1.00,1.00
2010.08.12 06:27:25.761,0.75515,0.7557,1.00,1.00
2010.08.12 06:27:26.106,0.7553,0.75575,1.60,1.00
2010.08.12 06:27:26.451,0.7553,0.7558,1.60,1.30
2010.08.12 06:27:27.701,0.7553,0.7558,1.00,1.30
2010.08.12 06:27:27.922,0.7553,0.75575,1.00,1.00
2010.08.12 06:27:28.883,0.7553,0.75575,1.00,1.00
2010.08.12 06:27:29.950,0.75535,0.7558,1.00,1.30
2010.08.12 06:27:30.611,0.75525,0.75575,1.00,1.00
2010.08.12 06:27:30.950,0.7553,0.75575,1.00,2.40
2010.08.12 06:27:31.921,0.75525,0.75575,1.00,2.50
2010.08.12 06:27:32.874,0.75525,0.7557,1.00,1.00
2010.08.12 06:27:33.447,0.75525,0.75565,1.00,1.00
2010.08.12 06:27:33.660,0.75525,0.75565,1.00,1.00
2010.08.12 06:27:33.770,0.75525,0.75565,1.00,1.00
2010.08.12 06:27:36.571,0.7552,0.75565,1.00,1.00
2010.08.12 06:27:36.779,0.75525,0.75565,1.00,1.00
2010.08.12 06:27:38.690,0.75525,0.75565,1.00,1.00
2010.08.12 06:27:38.960,0.75525,0.75565,1.00,1.00
2010.08.12 06:27:39.700,0.7552,0.75565,2.50,1.00
2010.08.12 06:27:39.970,0.7553,0.75565,1.00,1.00
2010.08.12 06:27:40.072,0.75525,0.75575,1.00,2.10
2010.08.12 06:27:40.170,0.75525,0.75575,1.70,2.10
2010.08.12 06:27:40.751,0.7553,0.75575,1.00,1.00
2010.08.12 06:27:41.501,0.7553,0.75575,1.00,1.00
2010.08.12 06:27:41.998,0.7553,0.75575,1.00,2.00
2010.08.12 06:27:42.341,0.7553,0.75575,1.00,2.50
2010.08.12 06:27:42.530,0.7553,0.75575,1.00,1.00
2010.08.12 06:27:42.710,0.7553,0.75575,1.00,1.00
2010.08.12 06:27:42.891,0.75535,0.75575,1.00,1.00
2010.08.12 06:27:43.434,0.75535,0.75575,1.70,1.00
2010.08.12 06:27:43.656,0.75535,0.7558,1.00,3.20
2010.08.12 06:27:44.320,0.7553,0.7558,1.00,2.90
2010.08.12 06:27:44.531,0.7553,0.7558,1.00,2.80
2010.08.12 06:27:45.089,0.75535,0.7558,1.00,2.80
2010.08.12 06:27:45.777,0.7553,0.7558,1.00,2.90
2010.08.12 06:27:47.040,0.75525,0.7558,1.00,2.90
2010.08.12 06:27:47.160,0.75525,0.75575,1.00,2.40
2010.08.12 06:27:48.036,0.7552,0.7557,1.00,1.00
2010.08.12 06:27:48.270,0.7552,0.7557,1.00,4.80
2010.08.12 06:27:48.763,0.75525,0.7557,1.00,4.80
2010.08.12 06:27:49.433,0.75525,0.7557,1.00,4.80
2010.08.12 06:27:50.036,0.75525,0.7557,1.00,2.40
2010.08.12 06:27:50.193,0.75525,0.7557,1.00,2.00
2010.08.12 06:27:50.353,0.75525,0.7557,1.00,2.40
2010.08.12 06:27:50.611,0.75525,0.7557,1.00,4.80
2010.08.12 06:27:53.244,0.7552,0.75565,1.00,1.00
2010.08.12 06:27:53.451,0.75525,0.7557,1.00,4.40
2010.08.12 06:27:53.480,0.75525,0.7557,1.00,2.00
2010.08.12 06:27:54.012,0.75525,0.7557,1.00,4.40
2010.08.12 06:27:54.047,0.75525,0.7557,1.00,4.80
2010.08.12 06:28:00.505,0.7552,0.75565,1.00,1.00
2010.08.12 06:28:01.049,0.75525,0.7558,1.00,2.80
2010.08.12 06:28:01.388,0.7553,0.7558,1.60,1.00
2010.08.12 06:28:02.200,0.7553,0.7558,1.60,1.00
2010.08.12 06:28:02.518,0.7553,0.7558,1.70,1.00
2010.08.12 06:28:03.410,0.75535,0.7558,1.00,1.00
2010.08.12 06:28:03.452,0.75535,0.7558,1.00,1.00
2010.08.12 06:28:03.678,0.75535,0.7558,1.00,1.00
2010.08.12 06:28:04.153,0.75535,0.7558,1.00,1.00
2010.08.12 06:28:04.804,0.7554,0.7558,1.00,1.00
2010.08.12 06:28:05.063,0.7554,0.7558,1.00,1.00
2010.08.12 06:28:08.252,0.7554,0.7558,1.00,1.00
2010.08.12 06:28:08.441,0.7554,0.7558,1.00,1.00
2010.08.12 06:28:08.771,0.7553,0.7558,1.00,1.00
2010.08.12 06:28:09.367,0.75525,0.7558,2.50,1.00
2010.08.12 06:28:09.620,0.75525,0.7558,1.00,2.80
2010.08.12 06:28:09.881,0.75525,0.7558,1.00,2.90
2010.08.12 06:28:12.381,0.7552,0.75575,1.00,2.50
2010.08.12 06:28:12.611,0.7552,0.7557,1.00,2.00
2010.08.12 06:28:12.790,0.75515,0.7557,4.80,2.10
2010.08.12 06:28:13.282,0.75515,0.75565,2.40,2.40
2010.08.12 06:28:13.450,0.75515,0.7556,1.00,1.00
2010.08.12 06:28:16.222,0.7552,0.7556,1.00,1.00
2010.08.12 06:28:18.752,0.75515,0.7556,1.00,1.00
2010.08.12 06:28:22.075,0.7552,0.7556,1.00,1.00
2010.08.12 06:28:22.973,0.75515,0.7556,1.00,1.00
2010.08.12 06:28:25.711,0.75515,0.75555,1.00,1.00
2010.08.12 06:28:26.464,0.7551,0.75555,1.00,1.00
2010.08.12 06:28:27.222,0.75515,0.75555,1.00,1.00
2010.08.12 06:28:27.450,0.7551,0.75555,1.00,1.00
2010.08.12 06:28:27.680,0.7551,0.75555,1.00,1.00
2010.08.12 06:28:28.182,0.75515,0.75555,1.00,1.00
2010.08.12 06:28:28.480,0.7551,0.75555,1.00,1.00
2010.08.12 06:28:30.550,0.75515,0.75555,1.00,1.00
2010.08.12 06:28:30.700,0.7551,0.75555,1.00,1.00
2010.08.12 06:28:32.181,0.7551,0.75555,1.00,1.00
2010.08.12 06:28:34.247,0.75505,0.75555,3.30,1.00
2010.08.12 06:28:34.474,0.75515,0.75555,1.00,1.00
2010.08.12 06:28:35.141,0.7551,0.75555,1.00,1.00
2010.08.12 06:28:35.185,0.7551,0.75555,1.00,1.00
2010.08.12 06:28:35.212,0.75505,0.75555,3.30,1.00
2010.08.12 06:28:36.490,0.7551,0.75555,1.00,1.00
2010.08.12 06:28:37.000,0.7551,0.75555,2.40,1.00
2010.08.12 06:28:37.542,0.7551,0.75555,2.50,1.00
2010.08.12 06:28:37.793,0.7551,0.75555,1.00,1.00
2010.08.12 06:28:38.279,0.7551,0.75555,1.00,1.00
2010.08.12 06:28:41.440,0.7551,0.7556,1.00,1.00
2010.08.12 06:28:41.956,0.75505,0.75555,1.00,1.00
2010.08.12 06:28:42.159,0.75505,0.75555,1.00,1.00
2010.08.12 06:28:42.915,0.7551,0.7556,1.00,1.00
2010.08.12 06:28:44.300,0.7551,0.75565,2.50,1.00
2010.08.12 06:28:45.272,0.75515,0.75565,1.00,1.00
2010.08.12 06:28:45.573,0.75525,0.7557,2.40,1.00
2010.08.12 06:28:48.044,0.7553,0.7557,1.00,1.00
2010.08.12 06:28:48.262,0.75525,0.7557,2.50,1.00
2010.08.12 06:28:48.541,0.75525,0.7557,2.50,1.00
2010.08.12 06:28:48.611,0.75525,0.75575,2.50,1.00
2010.08.12 06:28:49.168,0.75525,0.75575,4.90,1.00
2010.08.12 06:28:49.514,0.7553,0.75575,1.00,1.00
2010.08.12 06:28:49.902,0.75525,0.75575,4.90,1.00
2010.08.12 06:28:50.678,0.75525,0.75575,4.90,1.00
2010.08.12 06:28:50.916,0.75515,0.75565,1.00,1.00
2010.08.12 06:28:52.160,0.75515,0.7556,1.00,1.00
2010.08.12 06:29:00.814,0.7551,0.7556,3.30,1.00
2010.08.12 06:29:01.241,0.75525,0.75575,4.00,1.00
2010.08.12 06:29:01.842,0.75525,0.75575,1.60,2.50
2010.08.12 06:29:02.183,0.75515,0.75575,3.30,2.90
2010.08.12 06:29:02.521,0.75515,0.7557,3.20,1.00
2010.08.12 06:29:03.285,0.7552,0.75575,1.00,2.90
2010.08.12 06:29:06.619,0.75515,0.7557,3.30,1.00
2010.08.12 06:29:07.199,0.7552,0.75575,1.00,2.90
2010.08.12 06:29:07.639,0.7552,0.75575,1.00,2.50
2010.08.12 06:29:09.886,0.7552,0.75575,1.00,2.40
2010.08.12 06:29:10.143,0.7552,0.75575,1.00,2.40
2010.08.12 06:29:10.404,0.7552,0.75575,3.30,1.00
2010.08.12 06:29:12.672,0.7552,0.75575,1.00,2.50
2010.08.12 06:29:19.409,0.7552,0.75575,1.00,4.10
2010.08.12 06:29:19.650,0.75515,0.7557,1.00,1.00
2010.08.12 06:29:21.312,0.75515,0.7557,1.00,1.00
2010.08.12 06:29:22.532,0.75515,0.7557,1.00,1.00
2010.08.12 06:29:23.110,0.7551,0.75565,3.30,1.00
2010.08.12 06:29:23.836,0.75515,0.7557,1.00,2.40
2010.08.12 06:29:24.131,0.75515,0.7557,1.00,2.50
2010.08.12 06:29:24.431,0.75515,0.7557,1.00,2.40
2010.08.12 06:29:24.926,0.75525,0.75575,2.40,1.00
2010.08.12 06:29:25.167,0.75525,0.75575,4.00,1.00
2010.08.12 06:29:25.405,0.75525,0.7558,4.90,1.00
2010.08.12 06:29:26.084,0.75525,0.75575,2.40,1.00
2010.08.12 06:29:26.310,0.75525,0.7557,1.00,1.00
2010.08.12 06:29:26.640,0.75525,0.75575,1.00,1.00
2010.08.12 06:29:28.163,0.75525,0.7557,1.00,1.00
2010.08.12 06:29:28.231,0.75525,0.75575,1.00,1.00
2010.08.12 06:29:28.366,0.75525,0.75575,1.00,1.00
2010.08.12 06:29:29.909,0.75525,0.75575,1.00,1.00
2010.08.12 06:29:30.251,0.75525,0.7557,1.00,1.00
2010.08.12 06:29:30.362,0.75515,0.7557,1.70,2.90
2010.08.12 06:29:30.926,0.75515,0.7557,1.00,2.90
2010.08.12 06:29:31.042,0.7551,0.75565,1.00,2.40
2010.08.12 06:29:31.463,0.75505,0.75565,3.30,2.50
2010.08.12 06:29:32.470,0.75505,0.7556,3.30,1.00
2010.08.12 06:29:35.550,0.75505,0.7556,1.00,2.50
2010.08.12 06:29:35.729,0.75505,0.7556,3.30,1.00
2010.08.12 06:29:35.909,0.75505,0.7556,1.00,2.50
2010.08.12 06:29:36.505,0.75505,0.7556,4.10,1.00
2010.08.12 06:29:36.841,0.7552,0.7557,1.00,1.00
2010.08.12 06:29:37.181,0.75515,0.75565,3.20,1.00
2010.08.12 06:29:37.683,0.75515,0.75565,1.00,1.00
2010.08.12 06:29:38.795,0.75515,0.7556,1.00,1.00
2010.08.12 06:29:39.019,0.75515,0.75565,1.00,1.00
2010.08.12 06:29:40.949,0.75515,0.7557,1.00,1.00
2010.08.12 06:29:41.240,0.75515,0.75565,1.00,1.00
2010.08.12 06:29:41.885,0.7552,0.75565,1.00,1.00
2010.08.12 06:29:42.385,0.7552,0.7557,1.00,1.00
2010.08.12 06:29:42.712,0.75515,0.7557,1.00,1.00
2010.08.12 06:29:42.840,0.7552,0.75575,1.00,2.90
2010.08.12 06:29:43.433,0.7552,0.7557,1.00,1.00
2010.08.12 06:29:44.523,0.7552,0.75565,1.00,1.00
2010.08.12 06:29:44.813,0.75525,0.7557,1.00,1.00
2010.08.12 06:29:46.405,0.7552,0.7557,1.60,1.00
2010.08.12 06:29:46.900,0.75525,0.7557,1.00,1.00
2010.08.12 06:29:47.722,0.7552,0.75565,1.60,1.00
2010.08.12 06:29:47.840,0.75525,0.7557,1.00,1.00
2010.08.12 06:29:48.581,0.7552,0.75565,1.60,1.00
2010.08.12 06:29:49.822,0.75525,0.7557,1.00,1.00
2010.08.12 06:29:52.681,0.75525,0.75565,1.00,1.00
2010.08.12 06:29:52.899,0.75525,0.7557,1.00,1.00
2010.08.12 06:29:55.905,0.7552,0.7557,1.70,1.00
2010.08.12 06:30:01.324,0.75525,0.7557,1.00,1.00
2010.08.12 06:30:01.752,0.7553,0.7557,1.00,1.00
2010.08.12 06:30:02.431,0.75525,0.7557,2.40,1.00
2010.08.12 06:30:02.969,0.75525,0.7557,4.80,1.00
2010.08.12 06:30:03.130,0.7553,0.75575,1.00,1.00
2010.08.12 06:30:07.704,0.75525,0.75575,4.90,1.00
2010.08.12 06:30:07.965,0.75525,0.7557,4.90,1.00
2010.08.12 06:30:08.119,0.75525,0.75575,4.90,1.00
2010.08.12 06:30:08.405,0.7553,0.7557,1.00,1.00
2010.08.12 06:30:09.260,0.7553,0.75575,1.00,1.00
2010.08.12 06:30:09.530,0.75525,0.7557,4.90,1.00
2010.08.12 06:30:09.699,0.75525,0.7557,2.50,1.00
2010.08.12 06:30:09.869,0.75525,0.7557,4.90,1.00
2010.08.12 06:30:10.771,0.75525,0.7557,2.50,1.00
2010.08.12 06:30:13.490,0.75525,0.75575,2.50,1.00
2010.08.12 06:30:13.560,0.75525,0.75575,2.40,1.00
2010.08.12 06:30:14.111,0.75525,0.75575,2.40,1.60
2010.08.12 06:30:14.293,0.75525,0.75575,2.50,1.70
2010.08.12 06:30:14.470,0.75525,0.75575,2.50,1.60
2010.08.12 06:30:15.163,0.7552,0.7557,1.00,1.00
2010.08.12 06:30:15.499,0.7552,0.7557,1.00,1.00
2010.08.12 06:30:15.839,0.7552,0.75565,1.00,1.00
2010.08.12 06:30:16.680,0.7552,0.75565,1.00,1.00
2010.08.12 06:30:17.424,0.7552,0.75565,1.00,1.00
2010.08.12 06:30:19.830,0.7552,0.7557,1.00,1.00
2010.08.12 06:30:19.973,0.75525,0.7557,1.60,1.00
2010.08.12 06:30:20.110,0.75525,0.7557,2.40,1.00
2010.08.12 06:30:21.435,0.7553,0.7557,1.00,1.00
2010.08.12 06:30:22.472,0.75525,0.7557,2.50,1.00
2010.08.12 06:30:22.761,0.7553,0.7557,1.00,1.00
2010.08.12 06:30:23.282,0.7553,0.7557,1.00,1.00
2010.08.12 06:30:23.543,0.7553,0.7557,2.40,1.00
2010.08.12 06:30:24.428,0.75525,0.75575,2.50,1.00
2010.08.12 06:30:24.641,0.75525,0.7557,2.50,1.00
2010.08.12 06:30:25.380,0.75525,0.7557,2.40,1.00
2010.08.12 06:30:25.530,0.7553,0.7557,1.00,1.00
2010.08.12 06:30:26.516,0.7553,0.7557,1.00,1.00
2010.08.12 06:30:27.612,0.7553,0.75575,1.00,1.00
2010.08.12 06:30:28.340,0.7553,0.7557,1.00,1.00
2010.08.12 06:30:28.459,0.7553,0.75575,1.00,1.00
2010.08.12 06:30:30.554,0.7553,0.75575,1.00,1.00
2010.08.12 06:30:30.677,0.7553,0.75575,1.00,1.00
2010.08.12 06:30:30.733,0.7553,0.7558,1.00,1.00
2010.08.12 06:30:31.321,0.7553,0.7558,1.00,1.00
2010.08.12 06:30:31.385,0.7553,0.7558,3.20,1.00
2010.08.12 06:30:31.445,0.7553,0.7558,1.00,1.00
2010.08.12 06:30:32.012,0.75525,0.7558,4.80,1.00
2010.08.12 06:30:32.365,0.75525,0.7557,1.00,2.40
2010.08.12 06:30:33.411,0.7553,0.7557,1.00,2.40
2010.08.12 06:30:33.825,0.75525,0.7557,1.00,2.50
2010.08.12 06:30:34.061,0.75525,0.75565,1.00,1.00
2010.08.12 06:30:34.992,0.75525,0.7557,1.00,1.00
2010.08.12 06:30:35.120,0.7552,0.7557,1.00,1.00
2010.08.12 06:30:35.684,0.7553,0.7557,1.00,1.00
2010.08.12 06:30:35.815,0.7553,0.7557,1.00,1.00
2010.08.12 06:30:35.940,0.7553,0.75575,1.00,1.00
2010.08.12 06:30:36.281,0.7553,0.7557,1.00,1.00
2010.08.12 06:30:36.619,0.7553,0.75575,1.00,1.00
2010.08.12 06:30:37.936,0.7553,0.75575,1.00,1.00
2010.08.12 06:30:38.359,0.7553,0.7557,1.00,1.00
2010.08.12 06:30:38.991,0.75525,0.7557,2.50,1.00
2010.08.12 06:30:39.610,0.7553,0.7557,1.00,1.00
2010.08.12 06:30:41.985,0.7553,0.7556,1.00,2.80
2010.08.12 06:30:42.110,0.75525,0.7556,1.60,2.80
2010.08.12 06:30:42.232,0.75515,0.7556,2.40,2.80
2010.08.12 06:30:42.788,0.75515,0.7556,3.20,2.40
2010.08.12 06:30:43.013,0.75515,0.75565,3.20,1.00
2010.08.12 06:30:43.443,0.7552,0.75565,1.00,1.00
2010.08.12 06:30:43.565,0.75515,0.7556,3.30,1.00
2010.08.12 06:30:44.012,0.7552,0.75565,1.00,1.00
2010.08.12 06:30:44.796,0.75515,0.75555,3.20,1.00
2010.08.12 06:30:44.961,0.75515,0.7556,3.30,1.00
2010.08.12 06:30:45.564,0.7552,0.7556,1.00,1.00
2010.08.12 06:30:45.761,0.75515,0.75555,2.50,1.00
2010.08.12 06:30:47.279,0.7552,0.7556,1.00,1.00
2010.08.12 06:30:47.991,0.75515,0.7556,1.70,1.00
2010.08.12 06:30:53.495,0.7552,0.7556,1.00,1.00
2010.08.12 06:30:54.712,0.75515,0.7556,1.70,1.00
2010.08.12 06:30:55.543,0.7552,0.7556,1.00,1.00
2010.08.12 06:30:55.910,0.7552,0.7556,2.50,1.00
2010.08.12 06:30:57.785,0.7552,0.7556,2.40,1.00
2010.08.12 06:31:00.899,0.7552,0.7556,2.50,1.00
2010.08.12 06:31:01.000,0.7552,0.75565,2.50,1.00
2010.08.12 06:31:02.684,0.75525,0.75565,1.00,1.00
2010.08.12 06:31:04.772,0.7552,0.75565,2.50,1.00
2010.08.12 06:31:14.046,0.75525,0.75565,1.00,1.00
2010.08.12 06:31:14.412,0.7552,0.75565,1.00,1.00
2010.08.12 06:31:14.582,0.7552,0.7556,1.00,1.00
2010.08.12 06:31:15.082,0.7552,0.7556,1.00,1.00
2010.08.12 06:31:15.252,0.75515,0.75555,3.20,1.00
2010.08.12 06:31:15.421,0.75515,0.7556,3.20,1.00
2010.08.12 06:31:15.982,0.7552,0.7556,1.00,1.00
2010.08.12 06:31:16.686,0.7552,0.7556,2.50,1.00
2010.08.12 06:31:19.929,0.7552,0.7556,2.40,1.00
2010.08.12 06:31:23.272,0.7552,0.7556,2.50,1.00
2010.08.12 06:31:23.620,0.7552,0.7556,1.00,1.00
2010.08.12 06:31:24.473,0.75515,0.7556,3.30,1.00
2010.08.12 06:31:25.465,0.7552,0.7556,1.00,1.00
2010.08.12 06:31:27.125,0.75515,0.7556,3.30,1.00
2010.08.12 06:31:29.121,0.7552,0.7556,1.00,1.00
2010.08.12 06:31:30.461,0.75515,0.7556,2.50,1.00
2010.08.12 06:31:34.134,0.7552,0.7556,1.00,1.00
2010.08.12 06:31:35.456,0.75515,0.75555,2.50,1.00
2010.08.12 06:31:35.960,0.75515,0.7556,2.50,1.00
2010.08.12 06:31:41.058,0.7552,0.7556,1.00,1.00
2010.08.12 06:31:41.193,0.7552,0.7556,1.00,1.00
2010.08.12 06:31:41.463,0.75515,0.7556,2.50,1.00
2010.08.12 06:31:53.394,0.7552,0.75565,1.00,2.40
2010.08.12 06:31:53.480,0.7552,0.7557,1.00,2.10
2010.08.12 06:31:53.561,0.7553,0.7557,1.60,1.00
2010.08.12 06:31:53.641,0.7553,0.7557,1.60,1.00
2010.08.12 06:31:54.602,0.7553,0.75575,1.60,1.60
2010.08.12 06:31:55.255,0.7553,0.75575,1.70,1.70
2010.08.12 06:31:55.321,0.75535,0.75575,1.60,1.00
2010.08.12 06:31:55.814,0.75535,0.75575,1.70,1.00
2010.08.12 06:31:57.880,0.75535,0.75575,1.60,1.00
2010.08.12 06:31:59.553,0.75535,0.7557,1.60,1.00
2010.08.12 06:31:59.760,0.75535,0.7557,1.60,1.00
2010.08.12 06:32:00.282,0.7553,0.7557,2.50,1.00
2010.08.12 06:32:00.881,0.75535,0.75575,1.00,1.00
2010.08.12 06:32:01.181,0.75535,0.75575,1.00,1.00
2010.08.12 06:32:01.940,0.7554,0.75575,2.40,1.00
2010.08.12 06:32:02.292,0.75535,0.75575,2.40,1.00
2010.08.12 06:32:02.630,0.75535,0.75575,2.50,1.00
2010.08.12 06:32:03.427,0.75535,0.75575,2.40,1.00
2010.08.12 06:32:04.762,0.75535,0.75575,2.50,1.00
2010.08.12 06:32:04.986,0.75535,0.75575,2.40,1.00
2010.08.12 06:32:06.086,0.75535,0.75575,2.50,1.00
2010.08.12 06:32:06.133,0.7554,0.7558,1.00,1.00
2010.08.12 06:32:06.172,0.7554,0.7558,1.00,1.00
2010.08.12 06:32:06.924,0.75545,0.7559,2.40,1.00
2010.08.12 06:32:06.965,0.7555,0.7559,1.00,1.00
2010.08.12 06:32:07.540,0.75545,0.7559,1.00,1.00
2010.08.12 06:32:08.573,0.75545,0.7558,1.00,1.00
2010.08.12 06:32:08.671,0.75545,0.75585,1.00,1.00
2010.08.12 06:32:08.772,0.7554,0.75585,2.50,1.00
2010.08.12 06:32:08.870,0.7554,0.75585,1.00,1.00
2010.08.12 06:32:10.010,0.7554,0.7558,1.00,1.00
2010.08.12 06:32:10.320,0.7554,0.75585,1.00,1.00
2010.08.12 06:32:10.630,0.75545,0.75585,2.40,1.00
2010.08.12 06:32:11.520,0.75545,0.75585,2.50,1.00
2010.08.12 06:32:13.424,0.75545,0.7559,1.60,2.10
2010.08.12 06:32:13.591,0.75545,0.7558,1.60,1.00
2010.08.12 06:32:13.760,0.7554,0.7558,1.00,1.00
2010.08.12 06:32:14.960,0.7554,0.7558,1.00,1.00
2010.08.12 06:32:15.670,0.7554,0.75585,1.00,1.00
2010.08.12 06:32:15.820,0.75545,0.75585,2.40,1.00
2010.08.12 06:32:16.773,0.75545,0.75585,2.50,1.00
2010.08.12 06:32:19.704,0.75545,0.7559,2.50,1.00
2010.08.12 06:32:19.892,0.75545,0.75585,2.50,1.00
2010.08.12 06:32:20.010,0.7555,0.75585,1.60,1.00
2010.08.12 06:32:20.912,0.7555,0.7559,1.70,1.00
2010.08.12 06:32:22.556,0.7555,0.7559,2.50,1.00
2010.08.12 06:32:22.753,0.75555,0.75595,1.00,1.70
2010.08.12 06:32:22.912,0.75555,0.756,2.50,2.40
2010.08.12 06:32:23.071,0.7556,0.75605,2.40,1.70
2010.08.12 06:32:23.232,0.75565,0.7561,2.40,2.50
2010.08.12 06:32:23.945,0.75565,0.7561,2.40,1.00
2010.08.12 06:32:24.171,0.75565,0.75615,2.50,1.70
2010.08.12 06:32:24.629,0.75565,0.75615,2.40,1.60
2010.08.12 06:32:26.225,0.75565,0.75615,2.50,1.70
2010.08.12 06:32:27.240,0.7557,0.75615,1.00,2.50
2010.08.12 06:32:27.580,0.7557,0.75615,1.00,2.40
2010.08.12 06:32:30.952,0.7557,0.7561,1.00,1.00
2010.08.12 06:32:32.562,0.7556,0.75605,3.30,1.60
2010.08.12 06:32:32.862,0.7556,0.75605,3.30,1.70
2010.08.12 06:32:33.181,0.75565,0.75605,1.00,1.60
2010.08.12 06:32:33.375,0.7556,0.75605,3.30,1.60
2010.08.12 06:32:34.330,0.75565,0.7561,2.50,1.60
2010.08.12 06:32:34.480,0.75565,0.75605,1.00,1.60
2010.08.12 06:32:38.259,0.7556,0.75605,3.20,1.60
2010.08.12 06:32:38.512,0.7556,0.75605,3.20,1.70
2010.08.12 06:32:39.822,0.75565,0.75615,1.00,1.00
2010.08.12 06:32:40.102,0.75565,0.7561,1.00,1.00
2010.08.12 06:32:41.250,0.75565,0.7561,1.00,1.00
2010.08.12 06:32:43.134,0.7556,0.75615,5.70,2.50
2010.08.12 06:32:43.189,0.7556,0.75615,5.10,2.50
2010.08.12 06:32:43.239,0.7556,0.75615,1.10,4.90
2010.08.12 06:32:43.356,0.7556,0.7561,1.00,1.00
2010.08.12 06:32:43.512,0.75565,0.75615,1.00,4.90
2010.08.12 06:32:43.573,0.7556,0.75615,1.10,4.90
2010.08.12 06:32:44.140,0.75565,0.75615,1.00,4.90
2010.08.12 06:32:44.764,0.7556,0.7561,1.00,1.00
2010.08.12 06:32:45.101,0.7556,0.7561,1.00,1.00
2010.08.12 06:32:45.805,0.7556,0.7561,1.00,1.00
2010.08.12 06:32:46.597,0.75565,0.7561,1.00,1.00
2010.08.12 06:32:46.859,0.75565,0.7561,1.00,1.00
2010.08.12 06:32:47.757,0.75565,0.7561,1.00,1.00
2010.08.12 06:32:47.892,0.75565,0.75615,1.00,2.50
2010.08.12 06:32:48.033,0.75565,0.75615,1.00,2.50
2010.08.12 06:32:48.172,0.75565,0.7561,1.00,1.00
2010.08.12 06:32:48.806,0.7556,0.75605,1.00,1.00
2010.08.12 06:32:49.131,0.75565,0.7561,1.00,1.00
2010.08.12 06:32:49.940,0.7556,0.7561,1.00,1.00
2010.08.12 06:32:50.482,0.75565,0.7561,1.00,1.00
2010.08.12 06:32:51.090,0.75565,0.75605,1.00,1.00
2010.08.12 06:32:51.852,0.7556,0.7561,1.00,1.00
2010.08.12 06:32:52.057,0.7556,0.756,1.00,1.00
2010.08.12 06:32:52.366,0.7556,0.75605,1.00,1.00
2010.08.12 06:32:54.917,0.75555,0.756,1.70,1.00
2010.08.12 06:32:55.817,0.75555,0.756,1.60,1.00
2010.08.12 06:32:56.166,0.75555,0.756,1.00,1.00
2010.08.12 06:32:56.503,0.7555,0.75605,1.00,4.90
2010.08.12 06:32:57.316,0.75555,0.75605,1.00,2.50
2010.08.12 06:32:57.582,0.75555,0.75605,1.00,1.00
2010.08.12 06:32:57.874,0.7555,0.75605,1.00,4.10
2010.08.12 06:32:58.697,0.7555,0.756,1.00,1.00
2010.08.12 06:32:58.933,0.7555,0.7559,1.00,1.00
2010.08.12 06:32:59.454,0.7555,0.7559,1.00,1.00
2010.08.12 06:32:59.689,0.7555,0.75595,1.00,1.70
2010.08.12 06:32:59.940,0.7555,0.7559,1.00,1.00
2010.08.12 06:33:01.961,0.7555,0.75595,1.00,1.00
2010.08.12 06:33:02.851,0.75555,0.756,3.20,1.00
2010.08.12 06:33:04.109,0.7556,0.756,1.00,1.00
2010.08.12 06:33:04.343,0.75555,0.75595,3.30,1.00
2010.08.12 06:33:04.543,0.7556,0.756,1.00,1.00
2010.08.12 06:33:07.512,0.7556,0.756,1.00,1.00
2010.08.12 06:33:07.687,0.7556,0.756,1.00,1.00
2010.08.12 06:33:09.435,0.75565,0.75605,1.00,1.70
2010.08.12 06:33:10.352,0.75565,0.75605,1.00,1.00
2010.08.12 06:33:12.005,0.75565,0.75605,1.00,1.70
2010.08.12 06:33:12.346,0.7556,0.75595,1.00,1.60
2010.08.12 06:33:12.452,0.75555,0.75595,1.00,1.60
2010.08.12 06:33:13.254,0.75555,0.75595,1.00,1.70
2010.08.12 06:33:14.782,0.75555,0.75595,1.00,1.60
2010.08.12 06:33:15.568,0.75555,0.75595,1.00,1.70
2010.08.12 06:33:15.742,0.7556,0.75595,1.00,1.60
2010.08.12 06:33:17.072,0.75555,0.75595,1.00,1.60
2010.08.12 06:33:17.250,0.75555,0.75595,1.00,1.70
2010.08.12 06:33:17.450,0.7556,0.75595,1.00,1.60
2010.08.12 06:33:17.651,0.75555,0.75595,1.00,1.70
2010.08.12 06:33:17.850,0.75555,0.75595,1.70,1.00
2010.08.12 06:33:18.050,0.75555,0.756,2.50,1.70
2010.08.12 06:33:18.610,0.75555,0.75595,2.50,1.00
2010.08.12 06:33:21.223,0.75555,0.7559,2.40,1.00
2010.08.12 06:33:22.317,0.75555,0.7559,1.00,2.50
2010.08.12 06:33:22.546,0.7554,0.75585,1.00,1.60
2010.08.12 06:33:23.220,0.7554,0.75585,1.00,1.70
2010.08.12 06:33:24.164,0.75535,0.7558,1.00,2.40
2010.08.12 06:33:24.466,0.75535,0.7558,1.00,2.40
2010.08.12 06:33:24.641,0.75535,0.7558,1.00,2.50
2010.08.12 06:33:27.955,0.75535,0.7558,1.00,2.40
2010.08.12 06:33:28.180,0.75535,0.7558,1.00,1.60
2010.08.12 06:33:28.583,0.75535,0.75575,1.00,1.00
2010.08.12 06:33:28.701,0.75535,0.7558,1.00,1.70
2010.08.12 06:33:28.810,0.75535,0.7558,1.00,1.70
2010.08.12 06:33:28.921,0.75535,0.75575,1.00,1.00
2010.08.12 06:33:29.436,0.75535,0.75575,1.00,1.00
2010.08.12 06:33:30.252,0.75535,0.7558,1.00,4.00
2010.08.12 06:33:30.411,0.75535,0.7558,1.00,1.70
2010.08.12 06:33:30.569,0.75535,0.7558,1.00,2.50
2010.08.12 06:33:31.145,0.75535,0.7558,1.00,1.70
2010.08.12 06:33:31.331,0.75535,0.7558,1.00,2.50
2010.08.12 06:33:31.555,0.75535,0.7558,1.00,1.70
2010.08.12 06:33:32.651,0.75535,0.75575,1.00,1.00
2010.08.12 06:33:32.961,0.7553,0.75575,3.30,1.00
2010.08.12 06:33:33.270,0.75535,0.75575,1.00,1.00
2010.08.12 06:33:33.581,0.7553,0.7557,1.00,1.70
2010.08.12 06:33:34.323,0.75525,0.7557,1.00,1.00
2010.08.12 06:33:34.580,0.75525,0.7557,1.00,1.00
2010.08.12 06:33:35.412,0.7552,0.75565,1.00,1.70
2010.08.12 06:33:35.742,0.75515,0.75565,2.50,1.70
2010.08.12 06:33:36.521,0.75515,0.7556,1.00,1.00
2010.08.12 06:33:36.781,0.75515,0.7556,1.00,1.00
2010.08.12 06:33:37.336,0.75515,0.75565,1.00,4.10
2010.08.12 06:33:37.679,0.7551,0.7556,1.70,1.00
2010.08.12 06:33:38.020,0.75515,0.75565,1.00,4.10
2010.08.12 06:33:38.391,0.75515,0.75555,1.00,1.00
2010.08.12 06:33:38.610,0.75515,0.7556,1.00,1.00
2010.08.12 06:33:39.554,0.75525,0.7556,1.00,1.00
2010.08.12 06:33:39.671,0.75525,0.75565,3.20,1.60
2010.08.12 06:33:39.792,0.7553,0.75565,1.00,1.60
2010.08.12 06:33:39.911,0.7553,0.7558,1.00,1.00
2010.08.12 06:33:40.522,0.7552,0.7557,1.00,1.00
2010.08.12 06:33:40.812,0.7552,0.7557,1.00,1.00
2010.08.12 06:33:41.103,0.75525,0.75575,3.20,1.00
2010.08.12 06:33:41.893,0.75525,0.75575,1.00,2.40
2010.08.12 06:33:42.232,0.75525,0.75575,3.30,1.00
2010.08.12 06:33:42.570,0.75525,0.7557,3.20,1.00
2010.08.12 06:33:43.112,0.75525,0.7557,1.60,1.00
2010.08.12 06:33:43.404,0.75555,0.75595,1.60,1.00
2010.08.12 06:33:43.692,0.75535,0.7558,2.50,1.60
2010.08.12 06:33:44.648,0.7554,0.7558,1.00,1.60
2010.08.12 06:33:44.866,0.75535,0.7558,2.40,1.60
2010.08.12 06:33:45.925,0.75535,0.7558,2.40,1.70
2010.08.12 06:33:46.255,0.7552,0.7557,1.00,4.10
2010.08.12 06:33:46.583,0.7552,0.7557,1.00,1.60
2010.08.12 06:33:47.241,0.7552,0.7557,1.00,1.70
2010.08.12 06:33:47.940,0.7552,0.75565,1.00,1.00
2010.08.12 06:33:48.762,0.75525,0.75565,1.00,1.00
2010.08.12 06:33:49.330,0.75525,0.7557,1.00,1.70
2010.08.12 06:33:50.661,0.75525,0.7557,1.00,1.00
2010.08.12 06:33:50.932,0.7553,0.7557,1.00,1.00
2010.08.12 06:33:51.211,0.7553,0.75575,1.00,1.00
2010.08.12 06:33:51.922,0.75535,0.75575,1.00,1.00
2010.08.12 06:33:52.262,0.7553,0.75575,1.60,1.00
2010.08.12 06:33:52.601,0.7553,0.75575,1.70,1.00
2010.08.12 06:33:53.678,0.75535,0.75575,1.00,1.00
2010.08.12 06:33:55.792,0.75525,0.7557,1.00,1.70
2010.08.12 06:33:56.061,0.75525,0.7557,1.00,2.40
2010.08.12 06:33:57.100,0.75525,0.7557,1.00,2.50
2010.08.12 06:33:58.763,0.75525,0.7557,1.00,2.40
2010.08.12 06:33:59.320,0.7553,0.7557,1.00,2.40
2010.08.12 06:33:59.714,0.75525,0.7557,1.00,2.40
2010.08.12 06:34:00.249,0.75525,0.7556,1.00,1.00
2010.08.12 06:34:00.562,0.75515,0.7556,1.70,4.00
2010.08.12 06:34:00.881,0.75515,0.7556,1.70,1.60
2010.08.12 06:34:02.054,0.75515,0.7556,1.70,1.70
2010.08.12 06:34:02.818,0.75515,0.7556,1.60,1.70
2010.08.12 06:34:03.092,0.75515,0.7556,2.50,4.10
2010.08.12 06:34:03.360,0.7551,0.75555,1.00,2.40
2010.08.12 06:34:03.631,0.7551,0.7555,1.00,1.60
2010.08.12 06:34:04.358,0.7551,0.7555,1.00,2.40
2010.08.12 06:34:04.694,0.7551,0.7555,1.00,1.60
2010.08.12 06:34:05.021,0.7551,0.7555,1.00,2.40
2010.08.12 06:34:05.784,0.75505,0.7555,2.50,2.40
2010.08.12 06:34:06.377,0.75505,0.75545,1.00,1.60
2010.08.12 06:34:06.465,0.75505,0.75545,1.60,1.00
2010.08.12 06:34:06.541,0.7551,0.7555,1.00,2.40
2010.08.12 06:34:06.621,0.75505,0.7555,2.50,2.40
2010.08.12 06:34:08.622,0.75505,0.7555,3.30,1.00
2010.08.12 06:34:08.951,0.7551,0.75555,1.00,2.40
2010.08.12 06:34:09.626,0.7551,0.75555,1.00,2.40
2010.08.12 06:34:10.419,0.7551,0.75555,1.00,1.00
2010.08.12 06:34:10.880,0.7551,0.7556,1.00,1.00
2010.08.12 06:34:11.720,0.7551,0.7556,1.00,1.00
2010.08.12 06:34:12.885,0.75515,0.75555,1.00,1.00
2010.08.12 06:34:13.031,0.7551,0.75555,1.00,1.00
2010.08.12 06:34:17.258,0.75515,0.75555,1.00,1.60
2010.08.12 06:34:17.439,0.7551,0.75555,1.00,2.50
2010.08.12 06:34:18.598,0.7551,0.75555,1.00,1.70
2010.08.12 06:34:19.223,0.7551,0.75555,1.00,1.70
2010.08.12 06:34:19.434,0.7551,0.75555,1.00,2.40
2010.08.12 06:34:19.843,0.7551,0.75555,1.00,2.50
2010.08.12 06:34:20.060,0.75515,0.75555,1.00,2.40
2010.08.12 06:34:20.973,0.7551,0.75555,1.00,2.50
2010.08.12 06:34:24.428,0.7551,0.75555,1.00,1.70
2010.08.12 06:34:24.640,0.75515,0.75555,1.00,1.60
2010.08.12 06:34:25.039,0.75515,0.75555,1.00,2.40
2010.08.12 06:34:25.591,0.75515,0.75555,1.00,2.40
2010.08.12 06:34:26.802,0.75515,0.75555,1.00,2.50
2010.08.12 06:34:28.393,0.7551,0.7555,1.00,1.00
2010.08.12 06:34:28.458,0.7551,0.7555,1.00,1.00
2010.08.12 06:34:31.058,0.7551,0.75555,1.00,2.50
2010.08.12 06:34:36.503,0.7551,0.7555,1.00,1.00
2010.08.12 06:34:37.073,0.7551,0.75555,1.00,2.50
2010.08.12 06:34:38.630,0.7551,0.7555,1.00,1.00
2010.08.12 06:34:38.720,0.75505,0.7555,3.30,1.00
2010.08.12 06:34:38.812,0.75505,0.7555,3.30,2.50
2010.08.12 06:34:39.858,0.7551,0.7555,1.00,2.50
2010.08.12 06:34:40.142,0.7551,0.75545,1.00,1.00
2010.08.12 06:34:40.592,0.7551,0.7555,1.00,2.40
2010.08.12 06:34:43.146,0.7551,0.75545,1.00,1.00
2010.08.12 06:34:43.929,0.75505,0.7555,2.40,1.00
2010.08.12 06:34:44.165,0.755,0.7555,1.00,1.00
2010.08.12 06:34:44.403,0.755,0.75545,1.00,1.00
2010.08.12 06:34:45.122,0.755,0.75545,1.00,1.00
2010.08.12 06:34:45.857,0.755,0.7554,1.00,1.00
2010.08.12 06:34:47.700,0.755,0.7554,1.00,1.00
2010.08.12 06:34:48.430,0.755,0.75545,1.00,2.50
2010.08.12 06:34:48.911,0.755,0.7554,1.00,1.00
2010.08.12 06:34:49.578,0.75505,0.75545,1.00,2.50
2010.08.12 06:34:49.789,0.755,0.7554,1.00,1.00
2010.08.12 06:34:50.783,0.755,0.75535,1.00,1.00
2010.08.12 06:34:51.025,0.75505,0.7554,1.00,1.00
2010.08.12 06:34:51.662,0.75505,0.75545,1.00,2.50
2010.08.12 06:34:51.838,0.755,0.7554,1.00,2.40
2010.08.12 06:34:52.843,0.75505,0.75545,1.00,1.70
2010.08.12 06:34:55.720,0.755,0.75545,1.70,1.70
2010.08.12 06:34:56.803,0.75505,0.7555,1.00,1.00
2010.08.12 06:34:57.825,0.7551,0.7555,1.00,1.00
2010.08.12 06:34:58.110,0.7551,0.75555,1.00,1.00
2010.08.12 06:34:58.962,0.75505,0.7555,1.00,1.00
2010.08.12 06:35:02.117,0.7551,0.7555,1.00,2.40
2010.08.12 06:35:02.502,0.7551,0.7555,1.00,1.00
2010.08.12 06:35:02.732,0.7551,0.7555,1.00,1.00
2010.08.12 06:35:03.866,0.75505,0.7555,1.00,1.00
2010.08.12 06:35:04.102,0.7551,0.7555,1.00,1.00
2010.08.12 06:35:04.341,0.7551,0.75555,1.00,1.00
2010.08.12 06:35:05.025,0.75505,0.7555,1.00,1.00
2010.08.12 06:35:09.080,0.7551,0.7555,1.00,1.00
2010.08.12 06:35:10.406,0.7551,0.75555,1.00,1.00
2010.08.12 06:35:11.410,0.7551,0.75555,1.00,1.00
2010.08.12 06:35:11.550,0.7551,0.75555,1.00,1.00
2010.08.12 06:35:12.480,0.75515,0.75555,1.00,1.00
2010.08.12 06:35:16.659,0.75515,0.75545,1.00,1.60
2010.08.12 06:35:16.831,0.7551,0.75545,1.00,1.60
2010.08.12 06:35:20.692,0.7551,0.75545,1.00,1.60
2010.08.12 06:35:21.177,0.7551,0.75555,1.00,1.00
2010.08.12 06:35:21.534,0.75515,0.7556,1.00,4.10
2010.08.12 06:35:25.483,0.75515,0.75555,1.00,1.00
2010.08.12 06:35:26.088,0.75515,0.75555,1.00,1.00
2010.08.12 06:35:29.352,0.75515,0.75555,1.00,1.00
2010.08.12 06:35:29.491,0.7552,0.7556,1.00,1.60
2010.08.12 06:35:30.022,0.7552,0.75565,2.50,2.40
2010.08.12 06:35:30.263,0.75525,0.7557,1.00,2.40
2010.08.12 06:35:30.501,0.75525,0.7557,2.40,2.40
2010.08.12 06:35:30.731,0.7552,0.75565,2.50,2.50
2010.08.12 06:35:30.972,0.75515,0.7556,3.30,2.40
2010.08.12 06:35:31.709,0.75515,0.7556,3.20,2.40
2010.08.12 06:35:32.353,0.75515,0.7556,3.30,2.50
2010.08.12 06:35:32.630,0.7552,0.7556,1.00,2.40
2010.08.12 06:35:32.720,0.7552,0.7556,1.70,1.00
2010.08.12 06:35:32.811,0.7552,0.75565,2.50,2.40
2010.08.12 06:35:32.900,0.75525,0.75565,1.60,1.00
2010.08.12 06:35:32.990,0.75525,0.75565,2.40,1.00
2010.08.12 06:35:33.195,0.75525,0.7557,2.40,2.50
2010.08.12 06:35:33.534,0.75525,0.75565,2.40,1.00
2010.08.12 06:35:34.169,0.7552,0.7556,1.00,1.60
2010.08.12 06:35:34.393,0.75515,0.7556,3.30,2.40
2010.08.12 06:35:34.865,0.7552,0.7556,1.00,2.40
2010.08.12 06:35:35.324,0.7552,0.7556,1.00,2.40
2010.08.12 06:35:36.363,0.7552,0.7556,1.00,2.50
2010.08.12 06:35:38.409,0.7552,0.7556,1.00,2.40
2010.08.12 06:35:38.909,0.7552,0.7556,1.00,2.50
2010.08.12 06:35:39.102,0.7552,0.7556,1.00,2.40
2010.08.12 06:35:39.253,0.7552,0.7556,1.00,1.60
2010.08.12 06:35:40.451,0.75525,0.75565,1.00,2.40
2010.08.12 06:35:41.971,0.75525,0.75565,1.00,2.50
2010.08.12 06:35:42.221,0.7553,0.75565,1.00,2.40
2010.08.12 06:35:42.476,0.75535,0.75575,1.70,1.60
2010.08.12 06:35:43.033,0.75535,0.7558,3.30,2.10
2010.08.12 06:35:43.274,0.75535,0.75575,1.60,1.60
2010.08.12 06:35:44.144,0.7554,0.7558,1.60,1.00
2010.08.12 06:35:44.482,0.7554,0.75585,1.60,1.70
2010.08.12 06:35:44.771,0.7554,0.75585,3.30,1.00
2010.08.12 06:35:45.544,0.75545,0.7559,3.30,1.70
2010.08.12 06:35:45.961,0.7555,0.7559,1.00,1.60
2010.08.12 06:35:46.616,0.75555,0.756,2.40,1.00
2010.08.12 06:35:46.856,0.75555,0.75605,3.30,2.50
2010.08.12 06:35:47.095,0.75555,0.756,3.30,1.00
2010.08.12 06:35:47.333,0.7556,0.756,1.00,1.00
2010.08.12 06:35:48.173,0.7556,0.756,1.00,1.60
2010.08.12 06:35:48.510,0.75555,0.756,3.30,1.70
2010.08.12 06:35:49.282,0.75555,0.75595,3.30,1.00
2010.08.12 06:35:49.531,0.7556,0.756,2.40,1.00
2010.08.12 06:35:50.343,0.75565,0.7561,1.70,2.40
2010.08.12 06:35:50.680,0.75565,0.7561,1.60,2.40
2010.08.12 06:35:51.305,0.75565,0.7561,1.60,2.50
2010.08.12 06:35:51.551,0.75565,0.75605,1.60,1.00
2010.08.12 06:35:51.800,0.75565,0.75605,1.70,1.00
2010.08.12 06:35:53.853,0.75565,0.7561,1.60,2.40
2010.08.12 06:35:54.124,0.7557,0.7561,1.00,2.40
2010.08.12 06:35:54.426,0.75565,0.7561,1.70,2.50
2010.08.12 06:35:55.155,0.7557,0.7561,1.00,2.50
2010.08.12 06:35:56.631,0.7557,0.7561,1.00,2.40
2010.08.12 06:35:56.851,0.7557,0.7561,1.00,2.50
2010.08.12 06:35:57.416,0.75565,0.7561,1.70,2.50
2010.08.12 06:35:57.761,0.7557,0.7561,1.00,2.40
2010.08.12 06:35:58.102,0.75585,0.75625,1.00,1.00
2010.08.12 06:35:58.821,0.75575,0.75615,1.00,1.00
2010.08.12 06:35:59.034,0.75585,0.7563,1.00,1.00
2010.08.12 06:35:59.253,0.75585,0.7563,1.00,3.20
2010.08.12 06:35:59.972,0.756,0.75645,1.00,1.60
2010.08.12 06:36:00.707,0.756,0.7565,1.00,1.00
2010.08.12 06:36:01.246,0.75605,0.7565,1.00,1.00
2010.08.12 06:36:01.411,0.7561,0.75645,1.00,1.00
2010.08.12 06:36:01.573,0.75605,0.75645,1.00,1.00
2010.08.12 06:36:02.307,0.75605,0.75645,1.00,2.40
2010.08.12 06:36:02.652,0.7561,0.75645,1.00,2.40
2010.08.12 06:36:02.991,0.7561,0.75645,1.00,2.40
2010.08.12 06:36:03.753,0.756,0.75635,1.00,1.00
2010.08.12 06:36:03.912,0.756,0.75635,1.00,2.40
2010.08.12 06:36:04.749,0.75595,0.75635,1.00,2.40
2010.08.12 06:36:05.064,0.75595,0.75635,1.00,2.50
2010.08.12 06:36:06.153,0.756,0.75635,1.00,2.40
2010.08.12 06:36:06.475,0.756,0.75645,1.70,1.00
2010.08.12 06:36:07.092,0.75605,0.75645,1.00,1.00
2010.08.12 06:36:07.804,0.75605,0.75645,1.00,1.00
2010.08.12 06:36:08.142,0.75605,0.75645,1.00,2.50
2010.08.12 06:36:09.004,0.75605,0.75645,1.00,2.40
2010.08.12 06:36:09.772,0.756,0.7564,1.00,1.00
2010.08.12 06:36:10.982,0.756,0.7564,1.00,2.50
2010.08.12 06:36:12.162,0.75605,0.75645,1.00,1.60
2010.08.12 06:36:12.361,0.7561,0.75645,1.00,1.60
2010.08.12 06:36:12.929,0.7561,0.7565,1.70,1.00
2010.08.12 06:36:13.122,0.7561,0.75655,1.70,2.10
2010.08.12 06:36:13.271,0.7561,0.75655,1.90,2.10
2010.08.12 06:36:13.723,0.75615,0.75655,1.00,2.00
2010.08.12 06:36:14.171,0.7561,0.7565,1.90,1.00
2010.08.12 06:36:14.390,0.75615,0.75655,1.00,2.00
2010.08.12 06:36:14.866,0.7562,0.75655,1.00,2.00
2010.08.12 06:36:15.084,0.75615,0.75655,1.00,2.10
2010.08.12 06:36:15.183,0.75615,0.75655,1.00,2.50
2010.08.12 06:36:15.281,0.7561,0.7565,1.60,1.00
2010.08.12 06:36:15.382,0.7561,0.7565,2.40,1.00
2010.08.12 06:36:15.482,0.7561,0.7565,1.60,1.00
2010.08.12 06:36:16.070,0.7561,0.7565,1.60,1.00
2010.08.12 06:36:16.414,0.75595,0.7564,1.60,1.60
2010.08.12 06:36:16.752,0.75595,0.7564,2.40,2.50
2010.08.12 06:36:17.091,0.75595,0.75635,1.60,1.00
2010.08.12 06:36:17.609,0.75595,0.75635,1.70,1.00
2010.08.12 06:36:18.243,0.75595,0.75635,1.60,1.00
2010.08.12 06:36:23.413,0.75595,0.75635,1.70,1.00
2010.08.12 06:36:25.521,0.7559,0.7563,1.00,1.00
2010.08.12 06:36:25.690,0.7559,0.75635,1.00,2.50
2010.08.12 06:36:25.860,0.7559,0.7563,1.00,1.00
2010.08.12 06:36:26.030,0.75585,0.7563,3.30,1.00
2010.08.12 06:36:27.253,0.75595,0.7564,2.50,2.50
2010.08.12 06:36:27.562,0.75595,0.7564,2.50,1.00
2010.08.12 06:36:28.637,0.75595,0.7564,2.50,1.00
2010.08.12 06:36:28.803,0.756,0.7564,1.00,1.00
2010.08.12 06:36:30.144,0.75595,0.75645,2.50,1.00
2010.08.12 06:36:30.371,0.756,0.75645,1.60,1.00
2010.08.12 06:36:30.602,0.75605,0.7565,1.00,2.10
2010.08.12 06:36:31.277,0.75605,0.7565,2.50,1.00
2010.08.12 06:36:32.230,0.7561,0.7565,1.00,1.00
2010.08.12 06:36:33.692,0.75595,0.7564,2.50,2.40
2010.08.12 06:36:33.811,0.75595,0.7564,1.00,2.40
2010.08.12 06:36:34.736,0.75605,0.7564,1.00,1.60
2010.08.12 06:36:35.045,0.7559,0.7564,4.00,2.40
2010.08.12 06:36:35.763,0.75585,0.75635,1.00,1.00
2010.08.12 06:36:36.061,0.7558,0.75625,1.00,1.00
2010.08.12 06:36:36.819,0.75565,0.7561,2.50,2.40
2010.08.12 06:36:37.691,0.75565,0.7561,2.50,1.00
2010.08.12 06:36:37.957,0.75565,0.7561,2.40,1.00
2010.08.12 06:36:38.304,0.75565,0.7561,2.50,1.00
2010.08.12 06:36:38.841,0.7557,0.7561,1.00,1.00
2010.08.12 06:36:39.193,0.75565,0.7561,2.40,1.00
2010.08.12 06:36:39.481,0.75565,0.7561,2.40,1.00
2010.08.12 06:36:39.918,0.75565,0.7561,2.40,1.00
2010.08.12 06:36:40.216,0.75565,0.7561,1.60,1.00
2010.08.12 06:36:40.534,0.75565,0.75615,2.40,2.40
2010.08.12 06:36:41.481,0.7557,0.75615,1.00,2.50
2010.08.12 06:36:41.780,0.7557,0.75615,1.00,2.40
2010.08.12 06:36:42.080,0.75565,0.7561,2.40,1.00
2010.08.12 06:36:42.872,0.75565,0.7561,1.00,1.00
2010.08.12 06:36:43.411,0.75565,0.75615,1.00,2.50
2010.08.12 06:36:44.142,0.7557,0.7561,1.00,1.00
2010.08.12 06:36:44.443,0.75565,0.7561,1.00,1.00
2010.08.12 06:36:45.371,0.75575,0.7561,1.00,1.00
2010.08.12 06:36:45.631,0.7557,0.7561,1.00,1.00
2010.08.12 06:36:45.891,0.7557,0.7561,1.00,1.00
2010.08.12 06:36:47.581,0.75565,0.7561,1.00,1.00
2010.08.12 06:36:48.347,0.75565,0.7561,1.00,1.00
2010.08.12 06:36:48.655,0.7555,0.756,1.00,4.00
2010.08.12 06:36:48.751,0.7555,0.756,1.00,4.00
2010.08.12 06:36:49.152,0.7555,0.75595,1.00,1.00
2010.08.12 06:36:49.693,0.7555,0.7559,1.00,1.00
2010.08.12 06:36:49.942,0.75555,0.756,1.00,1.60
2010.08.12 06:36:50.193,0.75555,0.756,1.00,1.60
2010.08.12 06:36:50.441,0.75555,0.75605,1.00,1.00
2010.08.12 06:36:51.181,0.75555,0.7561,1.00,1.00
2010.08.12 06:36:51.421,0.7556,0.7561,1.00,1.00
2010.08.12 06:36:52.381,0.75565,0.7561,1.00,1.00
2010.08.12 06:36:52.804,0.75565,0.7561,1.00,1.00
2010.08.12 06:36:53.621,0.7556,0.7561,1.00,1.00
2010.08.12 06:36:53.920,0.7556,0.75605,1.00,1.00
2010.08.12 06:36:54.752,0.75555,0.75605,1.00,1.00
2010.08.12 06:36:55.921,0.7556,0.7561,1.00,1.00
2010.08.12 06:36:56.275,0.7556,0.7561,1.00,1.00
2010.08.12 06:36:56.521,0.7556,0.7561,1.60,1.00
2010.08.12 06:36:57.055,0.7556,0.7561,2.40,1.00
2010.08.12 06:36:57.337,0.75565,0.75615,1.00,2.50
2010.08.12 06:36:57.613,0.7557,0.75615,1.00,2.40
2010.08.12 06:36:57.892,0.75575,0.75615,1.00,2.40
2010.08.12 06:36:58.171,0.7557,0.75615,1.00,2.50
2010.08.12 06:36:58.550,0.7557,0.75615,1.00,2.40
2010.08.12 06:36:59.097,0.7557,0.7561,1.00,1.60
2010.08.12 06:36:59.284,0.75575,0.7561,1.00,2.40
2010.08.12 06:36:59.611,0.75575,0.7561,1.00,1.60
2010.08.12 06:37:00.276,0.7558,0.7562,1.00,1.70
2010.08.12 06:37:00.442,0.7558,0.7562,1.00,1.60
2010.08.12 06:37:00.763,0.75575,0.7562,2.50,1.70
2010.08.12 06:37:01.540,0.7558,0.7562,1.00,1.70
2010.08.12 06:37:01.741,0.75575,0.7562,2.50,1.70
2010.08.12 06:37:03.372,0.75575,0.75615,1.00,1.00
2010.08.12 06:37:04.076,0.75575,0.7562,1.00,2.50
2010.08.12 06:37:04.604,0.75575,0.75615,1.00,1.00
2010.08.12 06:37:04.785,0.7557,0.75615,1.00,1.00
2010.08.12 06:37:06.090,0.75565,0.75615,1.00,3.20
2010.08.12 06:37:06.785,0.7557,0.7562,1.00,1.70
2010.08.12 06:37:06.973,0.75575,0.7562,1.00,2.40
2010.08.12 06:37:08.332,0.75575,0.7562,4.10,1.60
2010.08.12 06:37:09.595,0.7558,0.7562,1.00,1.60
2010.08.12 06:37:10.136,0.75585,0.7562,1.00,1.60
2010.08.12 06:37:12.064,0.7558,0.7562,1.00,1.60
2010.08.12 06:37:13.081,0.75575,0.7562,1.70,1.70
2010.08.12 06:37:13.402,0.75585,0.7562,1.00,1.60
2010.08.12 06:37:14.198,0.7558,0.7562,1.00,1.60
2010.08.12 06:37:14.504,0.75585,0.7562,1.00,1.60
2010.08.12 06:37:15.623,0.75575,0.7562,1.60,1.60
2010.08.12 06:37:15.791,0.75575,0.7562,1.70,4.10
2010.08.12 06:37:16.333,0.75575,0.75615,1.00,1.60
2010.08.12 06:37:16.504,0.7557,0.75615,1.70,1.60
2010.08.12 06:37:16.746,0.7557,0.75615,1.70,1.70
2010.08.12 06:37:16.901,0.7557,0.7561,1.60,1.00
2010.08.12 06:37:17.051,0.75565,0.7561,1.00,1.00
2010.08.12 06:37:17.211,0.7556,0.7561,1.00,2.50
2010.08.12 06:37:17.922,0.75565,0.75615,1.00,1.00
2010.08.12 06:37:18.192,0.75565,0.7561,1.00,1.60
2010.08.12 06:37:19.081,0.75565,0.7561,1.00,1.70
2010.08.12 06:37:19.952,0.75565,0.756,1.00,1.60
2010.08.12 06:37:20.737,0.7555,0.75595,1.60,1.00
2010.08.12 06:37:21.362,0.7555,0.756,1.60,4.10
2010.08.12 06:37:22.000,0.75555,0.756,1.00,1.00
2010.08.12 06:37:22.226,0.75565,0.75615,1.00,1.00
2010.08.12 06:37:22.411,0.75565,0.7561,1.00,1.60
2010.08.12 06:37:22.602,0.7556,0.75605,1.00,1.00
2010.08.12 06:37:23.803,0.7556,0.75605,1.00,1.00
2010.08.12 06:37:24.141,0.7556,0.75605,1.00,1.00
2010.08.12 06:37:24.803,0.7556,0.75605,1.00,1.00
2010.08.12 06:37:25.016,0.75565,0.7561,2.40,2.40
2010.08.12 06:37:26.435,0.7557,0.7561,1.00,2.40
2010.08.12 06:37:26.651,0.7557,0.7561,1.00,1.60
2010.08.12 06:37:27.319,0.7557,0.7561,1.00,2.40
2010.08.12 06:37:27.562,0.75565,0.7561,2.50,2.50
2010.08.12 06:37:27.861,0.75565,0.7561,2.50,1.70
2010.08.12 06:37:28.620,0.75565,0.75605,1.00,2.40
2010.08.12 06:37:28.925,0.7557,0.7561,1.00,1.60
2010.08.12 06:37:29.872,0.7556,0.7561,2.40,1.70
2010.08.12 06:37:30.149,0.7556,0.7561,1.00,1.60
2010.08.12 06:37:30.692,0.7556,0.75605,1.00,1.00
2010.08.12 06:37:31.172,0.7556,0.75605,1.00,1.00
2010.08.12 06:37:31.432,0.7555,0.756,1.00,1.70
2010.08.12 06:37:31.691,0.7555,0.75585,1.00,1.60
2010.08.12 06:37:31.951,0.7555,0.75595,1.00,1.00
2010.08.12 06:37:33.171,0.7555,0.7559,1.00,1.60
2010.08.12 06:37:33.484,0.75545,0.7559,1.00,2.50
2010.08.12 06:37:33.634,0.75545,0.7559,1.00,2.40
2010.08.12 06:37:33.699,0.7555,0.7559,1.00,2.40
2010.08.12 06:37:34.379,0.75545,0.75585,1.00,1.60
2010.08.12 06:37:34.423,0.75545,0.75585,1.00,2.40
2010.08.12 06:37:34.473,0.7554,0.75585,1.00,2.40
2010.08.12 06:37:35.038,0.75545,0.75575,1.00,2.40
2010.08.12 06:37:35.385,0.75545,0.75585,1.00,2.40
2010.08.12 06:37:35.722,0.75545,0.75585,1.00,2.50
2010.08.12 06:37:36.804,0.7554,0.7558,1.00,1.00
2010.08.12 06:37:37.032,0.75535,0.75585,2.50,1.70
2010.08.12 06:37:37.262,0.75535,0.75585,1.00,2.50
2010.08.12 06:37:37.801,0.75535,0.75585,1.00,1.00
2010.08.12 06:37:38.125,0.75545,0.75595,2.40,1.70
2010.08.12 06:37:38.769,0.7555,0.75595,1.00,1.70
2010.08.12 06:37:39.710,0.7555,0.7559,1.00,1.60
2010.08.12 06:37:40.315,0.75555,0.7559,1.00,1.60
2010.08.12 06:37:40.963,0.75555,0.756,1.00,4.50
2010.08.12 06:37:41.061,0.75555,0.756,1.00,1.70
2010.08.12 06:37:42.021,0.7555,0.75595,2.50,1.00
2010.08.12 06:37:42.312,0.75555,0.75595,1.00,1.00
2010.08.12 06:37:42.902,0.7555,0.75595,2.50,1.00
2010.08.12 06:37:43.660,0.7555,0.7559,2.50,1.00
2010.08.12 06:37:43.987,0.75555,0.75595,1.00,1.00
2010.08.12 06:37:45.044,0.7555,0.7559,2.50,1.00
2010.08.12 06:37:47.744,0.75555,0.75595,1.00,1.00
2010.08.12 06:37:48.355,0.7555,0.7559,2.50,1.00
2010.08.12 06:37:52.546,0.75555,0.7559,1.00,1.00
2010.08.12 06:37:53.141,0.7555,0.7559,2.40,1.00
2010.08.12 06:37:56.260,0.75555,0.7559,1.00,1.00
2010.08.12 06:37:58.118,0.7555,0.7559,2.40,1.00
2010.08.12 06:37:58.656,0.75555,0.7559,1.00,1.00
2010.08.12 06:37:58.932,0.7555,0.7559,2.40,1.00
2010.08.12 06:37:59.949,0.75555,0.7559,1.00,1.00
2010.08.12 06:38:00.172,0.7555,0.75585,2.40,1.00
2010.08.12 06:38:00.452,0.75555,0.7559,1.00,1.00
2010.08.12 06:38:04.398,0.75555,0.75585,1.00,1.60
2010.08.12 06:38:04.747,0.75525,0.7557,4.10,1.60
2010.08.12 06:38:05.085,0.75525,0.75565,1.00,1.60
2010.08.12 06:38:05.422,0.75525,0.75565,1.00,2.40
2010.08.12 06:38:06.591,0.7552,0.75565,1.00,2.50
2010.08.12 06:38:07.934,0.7552,0.7556,1.00,1.00
2010.08.12 06:38:08.885,0.7552,0.75565,1.00,2.50
2010.08.12 06:38:09.082,0.75525,0.75565,1.00,2.40
2010.08.12 06:38:09.282,0.7552,0.7556,1.00,1.00
2010.08.12 06:38:10.111,0.7552,0.75565,1.00,2.40
2010.08.12 06:38:10.483,0.75525,0.75565,1.00,2.40
2010.08.12 06:38:20.254,0.7552,0.75565,1.00,2.40
2010.08.12 06:38:21.681,0.7552,0.7556,1.00,1.60
2010.08.12 06:38:22.456,0.7552,0.7556,1.00,2.40
2010.08.12 06:38:22.744,0.75515,0.7556,2.50,2.50
2010.08.12 06:38:23.033,0.75515,0.75555,2.40,1.00
2010.08.12 06:38:24.466,0.75515,0.75555,2.40,1.00
2010.08.12 06:38:24.983,0.75515,0.7556,2.50,2.50
2010.08.12 06:38:29.173,0.7551,0.75555,2.50,1.00
2010.08.12 06:38:29.411,0.75515,0.75555,1.00,1.00
2010.08.12 06:38:29.655,0.75515,0.7556,1.00,2.50
2010.08.12 06:38:30.654,0.75515,0.75555,1.00,1.00
2010.08.12 06:38:31.162,0.75515,0.7556,1.00,2.50
2010.08.12 06:38:31.695,0.75515,0.7556,2.50,2.50
2010.08.12 06:38:32.002,0.7552,0.7556,1.00,2.50
2010.08.12 06:38:34.309,0.75515,0.7556,1.00,2.50
2010.08.12 06:38:35.042,0.7552,0.75565,2.50,2.40
2010.08.12 06:38:35.291,0.75525,0.7557,2.40,1.00
2010.08.12 06:38:36.152,0.75525,0.7557,2.40,1.00
2010.08.12 06:38:36.413,0.75525,0.7557,2.50,1.00
2010.08.12 06:38:36.671,0.7553,0.7557,1.00,1.00
2010.08.12 06:38:36.932,0.75525,0.7557,2.50,1.00
2010.08.12 06:38:37.666,0.7554,0.75565,1.00,1.60
2010.08.12 06:38:38.018,0.75535,0.75575,1.00,1.60
2010.08.12 06:38:38.844,0.75525,0.7558,1.00,1.00
2010.08.12 06:38:39.103,0.75525,0.7557,1.00,1.00
2010.08.12 06:38:40.583,0.75525,0.7558,1.00,1.00
2010.08.12 06:38:40.995,0.75525,0.7558,1.00,1.00
2010.08.12 06:38:41.588,0.75525,0.75575,1.00,1.00
2010.08.12 06:38:41.904,0.75535,0.7558,2.40,2.50
2010.08.12 06:38:42.679,0.75535,0.7558,4.80,1.00
2010.08.12 06:38:42.992,0.75535,0.7558,2.40,2.40
2010.08.12 06:38:43.332,0.75535,0.7558,2.50,2.50
2010.08.12 06:38:44.212,0.75535,0.7558,2.40,2.50
2010.08.12 06:38:44.513,0.75535,0.75575,2.40,1.00
2010.08.12 06:38:44.820,0.75535,0.7558,2.50,2.50
2010.08.12 06:38:46.010,0.75535,0.7558,2.50,1.00
2010.08.12 06:38:46.250,0.75535,0.75575,2.40,1.00
2010.08.12 06:38:47.445,0.75535,0.75575,2.40,1.00
2010.08.12 06:38:47.751,0.7553,0.75575,1.70,1.00
2010.08.12 06:38:48.747,0.7551,0.75565,1.00,1.00
2010.08.12 06:38:49.004,0.7551,0.75565,1.00,1.00
2010.08.12 06:38:49.812,0.7551,0.7555,1.00,1.00
2010.08.12 06:38:50.142,0.75505,0.75555,1.00,1.60
2010.08.12 06:38:50.927,0.75505,0.7555,1.00,1.00
2010.08.12 06:38:51.182,0.7551,0.7555,1.00,1.00
2010.08.12 06:38:51.993,0.75505,0.7555,1.00,1.00
2010.08.12 06:38:52.250,0.75505,0.7555,1.00,1.00
2010.08.12 06:38:57.362,0.75505,0.75555,1.00,1.00
2010.08.12 06:38:58.177,0.7551,0.7556,1.00,1.00
2010.08.12 06:38:58.391,0.7551,0.7556,1.00,1.00
2010.08.12 06:38:59.249,0.7551,0.75555,1.00,1.00
2010.08.12 06:38:59.561,0.7551,0.7556,1.00,1.00
2010.08.12 06:39:00.341,0.7551,0.75555,1.00,1.00
2010.08.12 06:39:00.653,0.7551,0.7556,1.00,1.00
2010.08.12 06:39:00.962,0.7551,0.75555,1.00,1.00
2010.08.12 06:39:01.372,0.75515,0.7556,1.00,1.00
2010.08.12 06:39:01.970,0.75515,0.7556,1.00,1.00
2010.08.12 06:39:02.514,0.7551,0.7556,1.00,1.00
2010.08.12 06:39:03.750,0.75515,0.7556,1.00,1.00
2010.08.12 06:39:05.044,0.75515,0.7556,2.50,1.00
2010.08.12 06:39:05.631,0.75515,0.75565,2.50,2.50
2010.08.12 06:39:06.241,0.7552,0.75565,1.00,2.50
2010.08.12 06:39:09.197,0.7552,0.75565,1.00,2.40
2010.08.12 06:39:15.225,0.7552,0.7556,1.00,1.00
2010.08.12 06:39:15.928,0.7552,0.75565,1.00,2.50
2010.08.12 06:39:16.973,0.75515,0.7556,1.00,1.00
2010.08.12 06:39:17.223,0.75515,0.7556,1.00,1.00
2010.08.12 06:39:18.078,0.75515,0.7556,1.00,1.00
2010.08.12 06:39:18.643,0.7551,0.75555,1.00,1.00
2010.08.12 06:39:19.237,0.75515,0.7556,1.00,1.00
2010.08.12 06:39:21.733,0.75515,0.75565,2.50,2.50
2010.08.12 06:39:22.512,0.7552,0.75565,1.00,2.40
2010.08.12 06:39:22.730,0.7552,0.75565,1.00,2.50
2010.08.12 06:39:27.771,0.75515,0.7556,2.50,1.00
2010.08.12 06:39:27.998,0.75515,0.75565,2.50,2.50
2010.08.12 06:39:32.566,0.75515,0.7556,2.50,1.00
2010.08.12 06:39:32.885,0.75515,0.7556,2.40,1.00
2010.08.12 06:39:33.203,0.7552,0.75565,1.00,2.50
2010.08.12 06:39:33.523,0.75515,0.75565,2.40,2.40
2010.08.12 06:39:34.154,0.75525,0.75565,1.60,1.00
2010.08.12 06:39:34.412,0.75525,0.7557,2.50,1.60
2010.08.12 06:39:34.614,0.75525,0.7557,1.60,2.50
2010.08.12 06:39:35.336,0.75525,0.7557,2.50,1.60
2010.08.12 06:39:36.335,0.75525,0.7557,2.50,1.70
2010.08.12 06:39:36.932,0.75525,0.7557,2.50,1.60
2010.08.12 06:39:37.590,0.7553,0.7557,1.00,1.60
2010.08.12 06:39:39.501,0.7553,0.7557,1.00,1.60
2010.08.12 06:39:40.412,0.75525,0.7557,2.50,1.70
2010.08.12 06:39:42.552,0.7553,0.7557,1.00,1.60
2010.08.12 06:39:43.088,0.7553,0.7557,1.00,1.60
2010.08.12 06:39:43.285,0.7553,0.7557,1.00,1.60
2010.08.12 06:39:43.572,0.75535,0.7557,1.00,1.60
2010.08.12 06:39:44.460,0.75535,0.7557,1.00,1.60
2010.08.12 06:39:44.673,0.75535,0.7557,1.00,1.60
2010.08.12 06:39:45.623,0.75535,0.7557,1.00,1.60
2010.08.12 06:39:51.225,0.75525,0.7557,1.00,4.80
2010.08.12 06:39:51.442,0.75525,0.7557,1.00,2.40
2010.08.12 06:39:52.276,0.7552,0.7557,2.50,2.50
2010.08.12 06:39:52.572,0.75525,0.7557,1.00,2.50
2010.08.12 06:39:55.535,0.75525,0.7557,1.00,2.40
2010.08.12 06:39:56.726,0.75525,0.75565,1.00,1.00
2010.08.12 06:39:57.317,0.75525,0.7557,1.00,2.40
2010.08.12 06:39:58.329,0.75525,0.7557,1.00,2.50
2010.08.12 06:40:00.608,0.7553,0.7557,1.00,2.40
2010.08.12 06:40:00.851,0.7553,0.7557,1.00,1.60
2010.08.12 06:40:01.103,0.7553,0.7557,1.00,1.70
2010.08.12 06:40:01.912,0.75535,0.75575,1.00,1.00
2010.08.12 06:40:02.072,0.7553,0.7557,1.00,2.40
2010.08.12 06:40:02.903,0.75535,0.75575,1.00,1.00
2010.08.12 06:40:03.153,0.7553,0.75575,1.00,1.00
2010.08.12 06:40:03.545,0.7553,0.75575,1.00,1.00
2010.08.12 06:40:04.373,0.7553,0.75575,1.00,1.00
2010.08.12 06:40:05.690,0.7553,0.75575,1.00,1.00
2010.08.12 06:40:06.033,0.75535,0.75575,1.00,1.00
2010.08.12 06:40:06.716,0.75535,0.75575,1.00,1.00
2010.08.12 06:40:06.991,0.75535,0.75575,1.00,1.00
2010.08.12 06:40:07.270,0.75535,0.7558,1.00,2.50
2010.08.12 06:40:09.154,0.75535,0.75575,1.00,1.00
2010.08.12 06:40:09.211,0.75535,0.7557,1.00,1.60
2010.08.12 06:40:09.263,0.75535,0.7557,1.00,1.60
2010.08.12 06:40:09.868,0.75535,0.7557,1.00,1.60
2010.08.12 06:40:10.411,0.75535,0.7557,1.00,1.60
2010.08.12 06:40:11.566,0.75535,0.75575,1.00,2.50
2010.08.12 06:40:11.779,0.7554,0.75575,1.00,1.60
2010.08.12 06:40:11.986,0.7554,0.75585,1.00,2.10
2010.08.12 06:40:12.477,0.7554,0.75585,1.00,2.00
2010.08.12 06:40:12.673,0.7554,0.7558,1.00,1.00
2010.08.12 06:40:13.012,0.7555,0.75585,1.00,2.40
2010.08.12 06:40:13.559,0.7555,0.75585,1.00,2.80
2010.08.12 06:40:13.828,0.7554,0.75595,4.00,1.70
2010.08.12 06:40:14.497,0.75535,0.7559,2.50,1.00
2010.08.12 06:40:14.756,0.7554,0.7559,1.00,1.00
2010.08.12 06:40:15.092,0.7554,0.7559,1.00,1.00
2010.08.12 06:40:15.887,0.7554,0.7559,1.00,1.00
2010.08.12 06:40:16.111,0.75545,0.75585,1.00,1.00
2010.08.12 06:40:17.041,0.75545,0.7559,1.00,4.80
2010.08.12 06:40:17.602,0.75545,0.7559,1.60,1.00
2010.08.12 06:40:18.341,0.75545,0.75585,1.60,1.00
2010.08.12 06:40:18.652,0.75545,0.75585,1.00,1.70
2010.08.12 06:40:19.221,0.75545,0.75585,1.00,1.60
2010.08.12 06:40:19.485,0.75535,0.7557,2.40,2.40
2010.08.12 06:40:20.321,0.7552,0.7555,2.40,1.60
2010.08.12 06:40:20.662,0.7551,0.7555,1.00,1.60
2010.08.12 06:40:21.176,0.7551,0.7555,1.00,2.40
2010.08.12 06:40:21.514,0.7551,0.75555,1.00,2.40
2010.08.12 06:40:21.781,0.75505,0.7555,1.70,1.00
2010.08.12 06:40:22.042,0.7551,0.7556,1.00,3.30
2010.08.12 06:40:22.522,0.7551,0.7556,1.00,1.00
2010.08.12 06:40:22.865,0.75515,0.7556,1.00,1.00
2010.08.12 06:40:23.201,0.7552,0.7556,1.00,1.00
2010.08.12 06:40:23.541,0.7552,0.75565,1.00,2.40
2010.08.12 06:40:24.344,0.75515,0.7556,1.00,1.00
2010.08.12 06:40:24.622,0.75515,0.75565,1.00,1.00
2010.08.12 06:40:25.744,0.7552,0.75565,1.00,1.00
2010.08.12 06:40:25.852,0.75525,0.7557,1.00,1.00
2010.08.12 06:40:25.962,0.7553,0.7557,1.00,1.00
2010.08.12 06:40:26.182,0.7553,0.7557,1.00,1.00
2010.08.12 06:40:26.814,0.75525,0.7557,1.00,1.00
2010.08.12 06:40:27.917,0.75525,0.7557,1.00,1.00
2010.08.12 06:40:28.213,0.75525,0.7557,1.00,1.00
2010.08.12 06:40:28.513,0.7552,0.7557,1.00,1.00
2010.08.12 06:40:28.813,0.7552,0.75565,1.00,2.40
2010.08.12 06:40:29.645,0.7552,0.75565,1.00,2.40
2010.08.12 06:40:29.931,0.7552,0.75565,1.00,2.50
2010.08.12 06:40:31.158,0.7552,0.7556,1.00,1.00
2010.08.12 06:40:32.516,0.75515,0.7556,2.40,1.00
2010.08.12 06:40:33.181,0.75515,0.7556,2.50,1.00
2010.08.12 06:40:33.909,0.75515,0.7556,2.40,1.00
2010.08.12 06:40:34.228,0.75515,0.75555,2.40,1.00
2010.08.12 06:40:35.026,0.75515,0.7556,2.50,1.00
2010.08.12 06:40:35.341,0.7552,0.7556,1.00,1.00
2010.08.12 06:40:35.652,0.7552,0.75565,1.00,2.50
2010.08.12 06:40:36.411,0.7552,0.7556,1.00,1.00
2010.08.12 06:40:37.308,0.75515,0.7556,2.50,1.00
2010.08.12 06:40:38.251,0.75515,0.75555,1.00,2.40
2010.08.12 06:40:38.923,0.75515,0.75555,1.00,2.40
2010.08.12 06:40:39.607,0.7551,0.75555,2.50,2.50
2010.08.12 06:40:40.134,0.75505,0.7555,3.30,2.50
2010.08.12 06:40:41.143,0.75505,0.75545,3.20,1.00
2010.08.12 06:40:41.341,0.75505,0.7555,3.30,2.40
2010.08.12 06:40:41.610,0.75505,0.7555,3.30,2.50
2010.08.12 06:40:41.882,0.7551,0.7555,2.40,1.00
2010.08.12 06:40:42.864,0.75515,0.75555,1.00,2.40
2010.08.12 06:40:43.048,0.7551,0.75555,6.10,1.60
2010.08.12 06:40:43.251,0.7552,0.75555,1.00,1.60
2010.08.12 06:40:43.713,0.75515,0.75555,1.00,1.60
2010.08.12 06:40:44.343,0.7552,0.75555,1.00,1.60
2010.08.12 06:40:45.243,0.7551,0.75555,4.90,2.50
2010.08.12 06:40:45.330,0.7551,0.75555,2.50,1.70
2010.08.12 06:40:46.834,0.7551,0.7555,2.40,1.00
2010.08.12 06:40:48.442,0.7551,0.7555,2.40,1.00
2010.08.12 06:40:48.761,0.7551,0.7555,2.50,1.00
2010.08.12 06:40:49.921,0.7551,0.75545,2.40,1.00
2010.08.12 06:40:50.141,0.7551,0.75545,2.40,1.00
2010.08.12 06:40:50.582,0.7551,0.7555,1.00,1.00
2010.08.12 06:40:51.312,0.75505,0.7555,2.50,1.00
2010.08.12 06:40:51.775,0.75505,0.75545,2.50,1.00
2010.08.12 06:40:52.678,0.75505,0.7555,2.50,1.00
2010.08.12 06:40:53.345,0.75505,0.7555,2.40,1.00
2010.08.12 06:40:54.652,0.75505,0.75545,2.40,1.00
2010.08.12 06:40:54.781,0.75505,0.75545,2.50,1.00
2010.08.12 06:40:54.900,0.75505,0.75545,1.00,1.00
2010.08.12 06:40:55.030,0.75505,0.75545,2.50,1.00
2010.08.12 06:40:55.993,0.755,0.75545,2.50,1.70
2010.08.12 06:40:56.301,0.755,0.7554,2.40,1.00
2010.08.12 06:40:56.612,0.755,0.75545,2.40,1.60
2010.08.12 06:40:57.292,0.755,0.7554,1.00,1.00
2010.08.12 06:40:59.602,0.7549,0.7554,1.00,1.00
2010.08.12 06:40:59.691,0.7549,0.7554,1.70,1.00
2010.08.12 06:40:59.771,0.75495,0.7554,1.00,1.00
2010.08.12 06:41:01.169,0.75495,0.75535,1.00,1.00
2010.08.12 06:41:05.523,0.75495,0.75535,1.70,1.00
2010.08.12 06:41:05.651,0.75505,0.75545,1.00,1.70
2010.08.12 06:41:05.781,0.75505,0.75545,2.40,1.00
2010.08.12 06:41:07.953,0.75495,0.7554,1.60,1.00
2010.08.12 06:41:08.091,0.75495,0.7554,1.00,1.00
2010.08.12 06:41:08.333,0.75495,0.7554,1.00,1.00
2010.08.12 06:41:08.453,0.75495,0.75545,1.00,1.70
2010.08.12 06:41:08.774,0.75495,0.7554,1.00,1.00
2010.08.12 06:41:09.886,0.75495,0.75535,1.00,1.00
2010.08.12 06:41:14.561,0.75495,0.75535,1.70,1.00
2010.08.12 06:41:14.612,0.75495,0.75545,1.70,1.70
2010.08.12 06:41:14.674,0.75505,0.75545,1.00,1.70
2010.08.12 06:41:15.373,0.75495,0.7554,1.00,1.00
2010.08.12 06:41:15.816,0.75495,0.75535,1.00,1.00
2010.08.12 06:41:16.023,0.7549,0.75535,2.40,1.00
2010.08.12 06:41:16.233,0.75495,0.7554,1.00,1.00
2010.08.12 06:41:16.752,0.75495,0.7554,1.00,1.00
2010.08.12 06:41:17.064,0.755,0.7554,1.00,1.00
2010.08.12 06:41:17.372,0.75495,0.75535,1.00,1.00
2010.08.12 06:41:18.615,0.75495,0.75535,1.60,1.00
2010.08.12 06:41:19.135,0.755,0.75545,1.00,1.60
2010.08.12 06:41:19.263,0.75505,0.7555,2.40,1.70
2010.08.12 06:41:19.552,0.75505,0.7555,4.80,1.70
2010.08.12 06:41:19.802,0.7551,0.75555,1.60,1.70
2010.08.12 06:41:20.391,0.7551,0.75555,2.40,1.70
2010.08.12 06:41:20.634,0.75515,0.75555,2.40,1.00
2010.08.12 06:41:21.395,0.75515,0.75555,2.50,1.00
2010.08.12 06:41:21.974,0.75515,0.75555,1.00,1.70
2010.08.12 06:41:22.238,0.7551,0.75555,2.50,1.70
2010.08.12 06:41:22.505,0.7551,0.7555,1.60,1.00
2010.08.12 06:41:22.693,0.75505,0.75555,1.00,4.00
2010.08.12 06:41:23.072,0.75505,0.7555,1.00,1.00
2010.08.12 06:41:23.704,0.75495,0.7554,3.30,1.00
2010.08.12 06:41:23.864,0.75495,0.7554,1.00,1.00
2010.08.12 06:41:24.020,0.75495,0.7554,3.30,1.00
2010.08.12 06:41:24.181,0.75495,0.75545,3.30,1.00
2010.08.12 06:41:24.827,0.755,0.75545,1.00,1.00
2010.08.12 06:41:25.594,0.755,0.7555,1.00,1.00
2010.08.12 06:41:25.832,0.7551,0.75555,1.00,2.50
2010.08.12 06:41:26.071,0.7551,0.75555,2.40,2.50
2010.08.12 06:41:26.337,0.7551,0.75555,1.00,2.50
2010.08.12 06:41:26.732,0.7551,0.75555,1.00,2.40
2010.08.12 06:41:27.375,0.75515,0.7556,1.00,1.70
2010.08.12 06:41:27.723,0.75515,0.7556,1.00,1.70
2010.08.12 06:41:28.112,0.7551,0.7555,2.40,1.00
2010.08.12 06:41:28.635,0.755,0.7555,1.00,1.00
2010.08.12 06:41:28.846,0.755,0.7555,1.00,1.00
2010.08.12 06:41:30.261,0.755,0.7555,1.00,1.00
2010.08.12 06:41:30.382,0.755,0.75545,1.00,1.00
2010.08.12 06:41:30.752,0.7552,0.75555,1.00,4.00
2010.08.12 06:41:31.360,0.7552,0.75555,1.00,1.00
2010.08.12 06:41:31.657,0.75505,0.75555,1.00,4.90
2010.08.12 06:41:31.951,0.755,0.7555,1.00,1.00
2010.08.12 06:41:32.502,0.75505,0.7555,1.00,1.00
2010.08.12 06:41:33.135,0.75505,0.7555,1.00,1.00
2010.08.12 06:41:33.751,0.7552,0.75555,1.00,4.80
2010.08.12 06:41:34.003,0.75515,0.75555,1.00,1.70
2010.08.12 06:41:34.382,0.75515,0.75555,1.00,1.60
2010.08.12 06:41:35.503,0.7552,0.7556,1.00,1.60
2010.08.12 06:41:35.741,0.7552,0.7556,1.00,1.60
2010.08.12 06:41:35.974,0.7552,0.7556,1.00,1.70
2010.08.12 06:41:36.231,0.7552,0.7556,1.00,1.70
2010.08.12 06:41:37.272,0.75515,0.75555,1.00,1.60
2010.08.12 06:41:37.463,0.75515,0.75555,1.00,1.70
2010.08.12 06:41:37.751,0.75515,0.75555,1.00,1.70
2010.08.12 06:41:37.886,0.7551,0.75555,1.90,1.70
2010.08.12 06:41:37.991,0.7551,0.7555,1.00,1.60
2010.08.12 06:41:38.694,0.7551,0.75555,1.00,2.50
2010.08.12 06:41:38.975,0.75525,0.7556,1.00,1.60
2010.08.12 06:41:39.245,0.75525,0.75565,1.00,1.00
2010.08.12 06:41:40.034,0.75515,0.7556,3.20,1.00
2010.08.12 06:41:40.343,0.7553,0.75565,2.40,1.00
2010.08.12 06:41:41.003,0.75535,0.7556,1.00,1.60
2010.08.12 06:41:41.275,0.75515,0.75565,3.20,3.20
2010.08.12 06:41:41.554,0.7552,0.75555,1.00,1.00
2010.08.12 06:41:42.333,0.7552,0.7556,1.00,1.00
2010.08.12 06:41:42.592,0.75525,0.75565,1.60,2.40
2010.08.12 06:41:43.122,0.75525,0.7557,4.80,1.70
2010.08.12 06:41:43.471,0.7553,0.7557,1.00,1.60
2010.08.12 06:41:44.712,0.7553,0.7557,1.00,1.70
2010.08.12 06:41:45.111,0.75525,0.7557,3.20,1.60
2010.08.12 06:41:45.271,0.7552,0.75565,1.00,3.20
2010.08.12 06:41:46.128,0.75515,0.7556,1.00,4.10
2010.08.12 06:41:47.608,0.7552,0.7556,2.40,2.50
2010.08.12 06:41:47.835,0.75525,0.7556,1.00,1.60
2010.08.12 06:41:49.191,0.75525,0.7556,1.00,1.60
2010.08.12 06:41:50.872,0.75525,0.7556,1.00,1.60
2010.08.12 06:41:51.122,0.7552,0.7556,2.70,1.60
2010.08.12 06:41:52.759,0.75515,0.75555,2.70,1.60
2010.08.12 06:41:53.105,0.7552,0.7556,1.00,2.40
2010.08.12 06:41:53.965,0.7552,0.7556,1.00,1.60
2010.08.12 06:41:55.450,0.75525,0.7556,1.00,1.60
2010.08.12 06:41:55.670,0.75525,0.7556,1.00,1.60
2010.08.12 06:41:55.880,0.75525,0.7556,3.20,1.60
2010.08.12 06:41:56.585,0.75525,0.7557,4.80,2.40
2010.08.12 06:41:56.924,0.75535,0.7558,2.50,2.10
2010.08.12 06:41:57.266,0.75525,0.75575,2.40,3.20
2010.08.12 06:41:58.056,0.7553,0.75575,2.50,1.00
2010.08.12 06:41:58.776,0.7553,0.7557,2.50,1.00
2010.08.12 06:41:59.252,0.7553,0.7557,1.00,1.00
2010.08.12 06:42:00.241,0.75525,0.7557,3.20,1.00
2010.08.12 06:42:00.342,0.75525,0.7556,2.40,1.00
2010.08.12 06:42:00.442,0.7552,0.7556,1.00,2.40
2010.08.12 06:42:00.553,0.75515,0.7556,4.90,2.00
2010.08.12 06:42:01.145,0.7551,0.7555,2.50,1.00
2010.08.12 06:42:01.467,0.7551,0.7555,1.00,1.00
2010.08.12 06:42:03.341,0.7553,0.7555,2.40,1.00
2010.08.12 06:42:03.544,0.7553,0.75575,3.20,2.90
2010.08.12 06:42:04.037,0.7553,0.75575,3.30,2.90
2010.08.12 06:42:04.853,0.75535,0.75575,1.00,2.10
2010.08.12 06:42:05.058,0.75535,0.75575,1.00,2.10
2010.08.12 06:42:05.314,0.75535,0.75575,1.00,2.00
2010.08.12 06:42:05.959,0.75535,0.75565,1.00,2.40
2010.08.12 06:42:06.247,0.75515,0.7556,1.00,4.00
2010.08.12 06:42:06.523,0.7552,0.7557,1.00,2.90
2010.08.12 06:42:06.803,0.7552,0.7556,1.00,4.00
2010.08.12 06:42:07.552,0.7552,0.7557,1.00,2.90
2010.08.12 06:42:07.812,0.75525,0.7557,1.00,4.40
2010.08.12 06:42:08.378,0.7552,0.7557,2.40,2.00
2010.08.12 06:42:08.723,0.75525,0.7557,1.00,1.00
2010.08.12 06:42:09.063,0.75525,0.7557,1.00,4.80
2010.08.12 06:42:09.401,0.7552,0.75565,2.50,1.00
2010.08.12 06:42:09.908,0.7552,0.7557,2.50,4.90
2010.08.12 06:42:10.265,0.75515,0.7556,2.40,2.50
2010.08.12 06:42:10.612,0.7551,0.75555,2.40,1.00
2010.08.12 06:42:11.305,0.7551,0.7556,2.50,4.90
2010.08.12 06:42:11.650,0.7551,0.75555,1.00,2.40
2010.08.12 06:42:12.491,0.7551,0.75555,2.40,1.00
2010.08.12 06:42:12.831,0.7551,0.75555,2.50,1.00
2010.08.12 06:42:13.537,0.7551,0.7556,2.50,4.90
2010.08.12 06:42:13.762,0.7551,0.75555,2.50,1.00
2010.08.12 06:42:13.983,0.75525,0.75565,2.40,2.40
2010.08.12 06:42:14.211,0.7553,0.75575,2.50,2.10
2010.08.12 06:42:15.152,0.7551,0.7556,2.70,2.40
2010.08.12 06:42:15.491,0.7551,0.7556,2.70,4.00
2010.08.12 06:42:15.811,0.7551,0.7556,2.70,4.10
2010.08.12 06:42:16.812,0.7551,0.75555,2.70,1.00
2010.08.12 06:42:17.492,0.75525,0.75565,2.40,2.40
2010.08.12 06:42:18.080,0.7553,0.75565,1.00,1.60
2010.08.12 06:42:18.441,0.75535,0.75575,1.00,1.70
2010.08.12 06:42:19.003,0.75535,0.7557,1.00,2.40
2010.08.12 06:42:19.782,0.75525,0.7557,3.20,1.00
2010.08.12 06:42:19.932,0.7553,0.7557,1.00,1.00
2010.08.12 06:42:20.430,0.7553,0.7557,1.00,1.00
2010.08.12 06:42:21.066,0.7551,0.7556,2.70,4.00
2010.08.12 06:42:21.333,0.75515,0.7556,2.50,2.40
2010.08.12 06:42:22.090,0.75515,0.7556,1.00,4.80
2010.08.12 06:42:22.773,0.7551,0.7556,2.40,4.90
2010.08.12 06:42:23.594,0.7551,0.75555,2.40,1.00
2010.08.12 06:42:24.477,0.7551,0.75555,2.50,1.00
2010.08.12 06:42:25.262,0.7551,0.75555,2.40,1.00
2010.08.12 06:42:25.452,0.7551,0.75555,2.40,1.00
2010.08.12 06:42:25.641,0.75505,0.75555,2.70,2.50
2010.08.12 06:42:26.345,0.75515,0.7556,4.10,1.70
2010.08.12 06:42:26.681,0.75515,0.7556,2.50,1.70
2010.08.12 06:42:27.650,0.7552,0.7556,1.00,1.60
2010.08.12 06:42:27.943,0.75525,0.7556,1.00,1.60
2010.08.12 06:42:28.911,0.75525,0.7556,1.00,1.60
2010.08.12 06:42:29.182,0.75525,0.7556,1.00,1.60
2010.08.12 06:42:31.477,0.75525,0.75565,1.00,2.50
2010.08.12 06:42:31.813,0.75525,0.7556,1.00,1.60
2010.08.12 06:42:36.119,0.7553,0.7556,1.00,1.60
2010.08.12 06:42:36.756,0.7553,0.7557,1.00,1.00
2010.08.12 06:42:36.894,0.75535,0.7558,3.20,1.00
2010.08.12 06:42:37.699,0.75535,0.7558,3.30,1.00
2010.08.12 06:42:38.385,0.75535,0.7558,3.20,1.00
2010.08.12 06:42:39.053,0.75535,0.7558,2.40,1.00
2010.08.12 06:42:39.333,0.75535,0.7558,1.00,1.00
2010.08.12 06:42:40.342,0.7553,0.75575,2.70,1.00
2010.08.12 06:42:42.139,0.75535,0.7558,1.00,1.00
2010.08.12 06:42:42.651,0.7553,0.75575,2.70,1.00
2010.08.12 06:42:43.593,0.75535,0.7558,1.00,1.00
2010.08.12 06:42:43.897,0.7553,0.75575,2.70,1.00
2010.08.12 06:42:44.964,0.75535,0.7558,1.00,1.00
2010.08.12 06:42:45.465,0.75535,0.7558,1.00,1.00
2010.08.12 06:42:45.651,0.75535,0.75585,1.00,4.90
2010.08.12 06:42:46.261,0.75535,0.7558,2.50,1.00
2010.08.12 06:42:46.502,0.75535,0.7558,1.00,1.00
2010.08.12 06:42:46.742,0.75535,0.7558,2.50,1.00
2010.08.12 06:42:47.479,0.7554,0.7558,1.00,1.00
2010.08.12 06:42:47.762,0.75535,0.7558,2.70,1.00
2010.08.12 06:42:48.051,0.75535,0.75575,2.60,1.00
2010.08.12 06:42:48.802,0.75535,0.7558,2.60,1.00
2010.08.12 06:42:49.106,0.75535,0.75575,2.60,1.00
2010.08.12 06:42:49.402,0.75535,0.7558,2.40,1.00
2010.08.12 06:42:50.174,0.75535,0.7558,1.00,1.00
2010.08.12 06:42:50.432,0.75535,0.7558,3.30,1.00
2010.08.12 06:42:52.054,0.75535,0.7558,3.30,1.00
2010.08.12 06:42:53.183,0.75535,0.7558,3.20,1.00
2010.08.12 06:42:55.427,0.75535,0.7558,2.40,1.00
2010.08.12 06:42:55.576,0.7553,0.75575,2.70,1.00
2010.08.12 06:42:55.711,0.75535,0.75575,1.00,1.00
2010.08.12 06:42:55.852,0.75535,0.75575,1.00,1.00
2010.08.12 06:42:56.471,0.75535,0.7558,1.00,1.00
2010.08.12 06:42:56.820,0.75535,0.7558,2.50,1.00
2010.08.12 06:42:57.560,0.75535,0.75575,2.70,1.00
2010.08.12 06:43:00.425,0.7554,0.7558,1.00,1.00
2010.08.12 06:43:01.453,0.7554,0.7558,3.20,1.00
2010.08.12 06:43:01.696,0.75535,0.7558,3.20,1.00
2010.08.12 06:43:01.934,0.75535,0.75585,3.30,2.50
2010.08.12 06:43:02.746,0.75535,0.7558,3.30,1.00
2010.08.12 06:43:03.334,0.75535,0.7558,3.20,1.00
2010.08.12 06:43:04.181,0.75535,0.75575,3.20,1.00
2010.08.12 06:43:05.397,0.75535,0.7558,3.20,1.00
2010.08.12 06:43:05.598,0.7554,0.75585,1.00,2.40
2010.08.12 06:43:05.782,0.75535,0.75585,3.30,2.50
2010.08.12 06:43:06.548,0.75535,0.7558,3.30,1.00
2010.08.12 06:43:06.855,0.75535,0.7558,3.20,1.00
2010.08.12 06:43:07.157,0.75535,0.7558,1.00,4.90
2010.08.12 06:43:07.762,0.75535,0.75575,1.00,1.00
2010.08.12 06:43:08.375,0.75535,0.7557,1.00,1.00
2010.08.12 06:43:11.424,0.75535,0.75575,1.00,1.00
2010.08.12 06:43:11.975,0.75535,0.75575,3.30,1.00
2010.08.12 06:43:12.128,0.75535,0.75575,1.00,1.00
2010.08.12 06:43:13.707,0.75535,0.75575,1.00,1.00
2010.08.12 06:43:18.053,0.7554,0.7558,2.50,2.50
2010.08.12 06:43:18.296,0.75545,0.7558,1.00,1.00
2010.08.12 06:43:18.999,0.7553,0.7558,2.40,1.00
2010.08.12 06:43:19.909,0.7553,0.75575,2.50,1.00
2010.08.12 06:43:23.264,0.7553,0.7557,2.40,1.00
2010.08.12 06:43:23.456,0.7552,0.7557,2.50,1.00
2010.08.12 06:43:26.753,0.7552,0.7557,2.70,1.00
2010.08.12 06:43:28.507,0.7552,0.75565,2.70,1.00
2010.08.12 06:43:29.266,0.7552,0.75565,2.50,1.00
2010.08.12 06:43:29.510,0.75515,0.7556,3.30,1.00
2010.08.12 06:43:31.017,0.75515,0.7556,3.20,1.00
2010.08.12 06:43:31.292,0.75515,0.7556,2.40,1.00
2010.08.12 06:43:32.065,0.75515,0.7556,2.50,1.00
2010.08.12 06:43:33.984,0.75515,0.7556,2.40,1.00
2010.08.12 06:43:34.225,0.75515,0.7556,2.50,1.00
2010.08.12 06:43:36.155,0.75515,0.75565,2.40,2.40
2010.08.12 06:43:36.221,0.75515,0.75565,3.20,2.40
2010.08.12 06:43:36.291,0.7552,0.75565,2.40,1.00
2010.08.12 06:43:36.363,0.7552,0.7556,2.40,1.00
2010.08.12 06:43:36.904,0.75515,0.75565,3.20,2.50
2010.08.12 06:43:37.183,0.75515,0.7556,3.20,1.00
2010.08.12 06:43:38.186,0.75515,0.75565,3.30,2.50
2010.08.12 06:43:38.484,0.75515,0.7556,1.00,1.00
2010.08.12 06:43:38.782,0.75515,0.75555,1.00,1.00
2010.08.12 06:43:40.242,0.75515,0.7555,1.00,1.00
2010.08.12 06:43:42.933,0.75515,0.75555,3.20,1.00
2010.08.12 06:43:43.171,0.75515,0.75555,1.00,1.00
2010.08.12 06:43:43.631,0.75515,0.75555,4.80,1.00
2010.08.12 06:43:44.136,0.7552,0.75555,1.00,1.00
2010.08.12 06:43:44.763,0.75515,0.75555,1.00,1.00
2010.08.12 06:43:44.972,0.7552,0.75555,2.40,1.00
2010.08.12 06:43:45.647,0.75515,0.75555,1.00,1.00
2010.08.12 06:43:45.975,0.7551,0.75555,3.30,1.00
2010.08.12 06:43:46.292,0.7551,0.7555,3.30,1.00
2010.08.12 06:43:47.204,0.75515,0.75555,1.00,1.00
2010.08.12 06:43:48.673,0.75515,0.75555,1.00,1.00
2010.08.12 06:43:49.207,0.75515,0.75555,1.00,1.00
2010.08.12 06:43:50.081,0.7551,0.75555,3.20,2.50
2010.08.12 06:43:50.624,0.7551,0.75555,1.00,2.50
2010.08.12 06:43:50.821,0.7551,0.7555,1.00,1.00
2010.08.12 06:43:50.894,0.7551,0.7555,1.00,1.00
2010.08.12 06:43:51.261,0.75505,0.7555,4.00,1.00
2010.08.12 06:43:51.779,0.75505,0.7555,1.60,1.00
2010.08.12 06:43:51.858,0.75515,0.75555,1.00,1.00
2010.08.12 06:43:52.971,0.75515,0.75555,1.00,1.00
2010.08.12 06:43:53.311,0.75515,0.7555,1.00,1.00
2010.08.12 06:43:53.651,0.7551,0.75555,1.00,2.40
2010.08.12 06:43:53.995,0.7551,0.7555,1.00,1.00
2010.08.12 06:43:54.538,0.7551,0.7555,1.00,1.00
2010.08.12 06:43:54.799,0.75505,0.75545,1.00,1.60
2010.08.12 06:43:55.057,0.75495,0.7554,4.80,1.00
2010.08.12 06:43:55.551,0.75495,0.7554,4.00,1.00
2010.08.12 06:43:55.866,0.75495,0.7554,2.40,1.00
2010.08.12 06:43:56.052,0.75495,0.75535,2.40,1.00
2010.08.12 06:43:56.242,0.75495,0.75535,1.60,1.00
2010.08.12 06:43:56.431,0.7549,0.75535,1.00,2.50
2010.08.12 06:43:56.610,0.7549,0.75535,1.00,2.50
2010.08.12 06:43:57.755,0.75485,0.7553,2.10,1.00
2010.08.12 06:43:58.604,0.75485,0.7553,4.90,1.00
2010.08.12 06:43:58.863,0.75495,0.75535,1.60,2.40
2010.08.12 06:43:59.582,0.7551,0.75545,3.20,1.60
2010.08.12 06:43:59.882,0.7551,0.7555,4.80,1.00
2010.08.12 06:44:01.303,0.7551,0.75555,3.20,1.00
2010.08.12 06:44:01.882,0.7551,0.75555,3.20,1.00
2010.08.12 06:44:02.901,0.7551,0.75555,3.30,1.00
2010.08.12 06:44:03.477,0.7551,0.7556,3.30,1.00
2010.08.12 06:44:03.966,0.7551,0.75555,3.30,1.00
2010.08.12 06:44:05.793,0.7552,0.75555,2.40,1.00
2010.08.12 06:44:06.099,0.755,0.7555,3.20,1.00
2010.08.12 06:44:06.631,0.7551,0.7555,1.00,1.00
2010.08.12 06:44:06.921,0.75505,0.75555,3.20,2.50
2010.08.12 06:44:07.262,0.755,0.7555,3.30,2.50
2010.08.12 06:44:07.601,0.755,0.7555,3.20,2.40
2010.08.12 06:44:08.452,0.755,0.7554,3.20,1.00
2010.08.12 06:44:08.701,0.755,0.7554,3.30,1.00
2010.08.12 06:44:09.625,0.755,0.75535,3.20,1.00
2010.08.12 06:44:09.907,0.75495,0.75535,1.00,1.00
2010.08.12 06:44:10.193,0.75495,0.75535,2.40,1.00
2010.08.12 06:44:11.096,0.75495,0.7553,2.40,1.00
2010.08.12 06:44:11.297,0.755,0.75535,3.20,1.00
2010.08.12 06:44:12.436,0.7549,0.75535,2.70,1.00
2010.08.12 06:44:13.477,0.75495,0.75535,1.00,1.00
2010.08.12 06:44:17.539,0.75495,0.7554,1.00,4.90
2010.08.12 06:44:17.676,0.75495,0.75535,1.00,1.00
2010.08.12 06:44:17.805,0.755,0.7554,1.00,4.10
2010.08.12 06:44:18.584,0.75495,0.7554,2.70,2.50
2010.08.12 06:44:19.166,0.75495,0.75535,1.00,1.00
2010.08.12 06:44:19.737,0.755,0.7554,1.00,2.40
2010.08.12 06:44:19.892,0.755,0.75535,1.00,1.00
2010.08.12 06:44:22.931,0.755,0.7554,1.00,2.40
2010.08.12 06:44:23.989,0.755,0.75535,1.00,1.00
2010.08.12 06:44:24.941,0.75505,0.7554,1.00,2.40
2010.08.12 06:44:26.333,0.75505,0.7554,1.00,2.40
2010.08.12 06:44:26.592,0.755,0.7554,1.00,2.50
2010.08.12 06:44:29.085,0.75505,0.7554,1.00,2.40
2010.08.12 06:44:30.311,0.755,0.7554,1.00,2.40
2010.08.12 06:44:32.194,0.75505,0.7554,1.00,2.40
2010.08.12 06:44:32.393,0.755,0.75535,1.00,1.00
2010.08.12 06:44:32.643,0.755,0.7554,1.00,2.40
2010.08.12 06:44:33.420,0.755,0.75545,2.70,2.50
2010.08.12 06:44:33.755,0.75505,0.75545,1.00,2.50
2010.08.12 06:44:34.821,0.75505,0.75545,1.00,2.40
2010.08.12 06:44:35.333,0.75505,0.7554,1.00,1.00
2010.08.12 06:44:36.874,0.75505,0.75545,1.00,2.40
2010.08.12 06:44:37.093,0.755,0.7554,2.70,1.00
2010.08.12 06:44:38.734,0.755,0.7554,3.30,1.00
2010.08.12 06:44:39.150,0.755,0.7554,1.00,1.00
2010.08.12 06:44:39.707,0.755,0.7554,2.50,1.00
2010.08.12 06:44:39.895,0.75505,0.75545,1.00,1.00
2010.08.12 06:44:41.114,0.75505,0.75545,1.00,1.00
2010.08.12 06:44:41.364,0.75505,0.7555,1.00,4.90
2010.08.12 06:44:41.612,0.75505,0.7555,2.70,2.50
2010.08.12 06:44:41.864,0.75505,0.75545,3.30,1.00
2010.08.12 06:44:42.565,0.75505,0.75545,1.00,1.00
2010.08.12 06:44:42.901,0.755,0.75545,1.00,1.00
2010.08.12 06:44:43.379,0.755,0.7554,1.00,1.00
2010.08.12 06:44:44.952,0.755,0.75545,1.00,3.20
2010.08.12 06:44:47.125,0.75505,0.7554,1.60,1.00
2010.08.12 06:44:47.405,0.7552,0.7556,2.40,1.00
2010.08.12 06:44:47.932,0.7552,0.7556,1.00,1.00
2010.08.12 06:44:48.192,0.75525,0.7558,2.40,1.00
2010.08.12 06:44:48.895,0.75525,0.7558,2.40,1.00
2010.08.12 06:44:49.151,0.75525,0.75575,2.40,2.50
2010.08.12 06:44:49.901,0.75525,0.75575,2.50,2.50
2010.08.12 06:44:50.829,0.75525,0.7557,2.40,1.00
2010.08.12 06:44:51.247,0.75525,0.75575,2.50,2.50
2010.08.12 06:44:51.451,0.7553,0.75575,1.00,2.40
2010.08.12 06:44:52.281,0.75525,0.7557,2.50,1.00
2010.08.12 06:44:52.612,0.75525,0.75575,2.50,2.50
2010.08.12 06:44:53.222,0.7553,0.75575,1.00,2.40
2010.08.12 06:44:53.566,0.75535,0.7558,1.00,2.40
2010.08.12 06:44:54.613,0.75535,0.7558,3.30,1.00
2010.08.12 06:44:56.052,0.7553,0.75575,2.50,1.00
2010.08.12 06:44:56.951,0.7553,0.75575,2.40,1.00
2010.08.12 06:45:00.469,0.7553,0.7558,2.50,3.30
2010.08.12 06:45:01.150,0.7553,0.7558,2.50,2.50
2010.08.12 06:45:01.447,0.7553,0.7558,2.50,1.00
2010.08.12 06:45:09.256,0.75535,0.7558,1.00,1.00
2010.08.12 06:45:09.888,0.7553,0.75575,2.50,1.00
2010.08.12 06:45:10.100,0.75535,0.75585,2.50,3.30
2010.08.12 06:45:10.777,0.75535,0.75575,2.40,1.00
2010.08.12 06:45:11.631,0.75535,0.7558,1.00,1.00
2010.08.12 06:45:12.782,0.7553,0.75585,2.90,3.30
2010.08.12 06:45:13.072,0.75535,0.7558,3.20,1.00
2010.08.12 06:45:13.361,0.7554,0.75585,2.40,1.00
2010.08.12 06:45:13.900,0.7554,0.75585,2.50,1.00
2010.08.12 06:45:14.256,0.75535,0.7558,3.30,1.00
2010.08.12 06:45:14.594,0.7554,0.7558,2.50,1.00
2010.08.12 06:45:15.277,0.7554,0.7558,2.70,1.00
2010.08.12 06:45:15.511,0.7554,0.7558,2.50,1.00
2010.08.12 06:45:15.741,0.7554,0.75585,2.70,1.00
2010.08.12 06:45:16.385,0.75545,0.75585,1.00,1.00
2010.08.12 06:45:17.072,0.75545,0.75585,1.00,1.00
2010.08.12 06:45:19.654,0.7554,0.75585,3.30,1.00
2010.08.12 06:45:20.373,0.7554,0.7559,3.30,4.90
2010.08.12 06:45:21.533,0.7554,0.75585,3.30,1.00
2010.08.12 06:45:21.660,0.75545,0.75585,1.00,1.00
2010.08.12 06:45:38.173,0.7554,0.75585,3.30,1.00
2010.08.12 06:45:38.627,0.75545,0.75585,1.00,1.00
2010.08.12 06:45:39.252,0.7554,0.75585,3.30,1.00
2010.08.12 06:45:39.892,0.75535,0.75585,3.70,3.30
2010.08.12 06:45:40.636,0.7554,0.75585,1.00,3.20
2010.08.12 06:45:41.412,0.75535,0.75585,3.20,3.20
2010.08.12 06:45:41.672,0.75535,0.75575,1.00,1.00
2010.08.12 06:45:42.467,0.75535,0.7558,3.30,1.00
2010.08.12 06:45:44.595,0.75535,0.7558,3.20,1.00
2010.08.12 06:45:45.166,0.75535,0.7558,1.00,4.00
2010.08.12 06:45:45.410,0.75535,0.7558,3.20,1.00
2010.08.12 06:45:45.642,0.75535,0.75575,1.00,1.00
2010.08.12 06:45:46.933,0.75535,0.75575,1.00,1.00
2010.08.12 06:45:47.554,0.7553,0.75575,3.30,1.00
2010.08.12 06:45:48.797,0.7553,0.75575,3.20,1.00
2010.08.12 06:45:49.240,0.7553,0.75575,3.20,1.00
2010.08.12 06:45:49.765,0.7553,0.7557,3.20,1.00
2010.08.12 06:45:49.997,0.7553,0.75575,2.50,1.00
2010.08.12 06:45:50.324,0.7553,0.75575,2.50,1.00
2010.08.12 06:45:50.923,0.7553,0.75575,1.00,1.00
2010.08.12 06:45:51.241,0.75525,0.75575,3.30,1.00
2010.08.12 06:45:51.501,0.75525,0.75575,1.00,3.30
2010.08.12 06:45:51.761,0.75525,0.75575,1.00,3.30
2010.08.12 06:45:52.471,0.7552,0.75565,2.50,1.00
2010.08.12 06:45:52.754,0.75515,0.75565,1.00,2.50
2010.08.12 06:45:53.321,0.7551,0.7556,2.50,1.00
2010.08.12 06:45:53.592,0.75515,0.75565,2.50,2.50
2010.08.12 06:45:54.342,0.75525,0.75565,3.20,1.00
2010.08.12 06:45:54.526,0.75525,0.7557,3.20,1.00
2010.08.12 06:45:55.676,0.75525,0.75575,3.20,2.50
2010.08.12 06:45:55.885,0.7553,0.75575,2.40,1.00
2010.08.12 06:45:56.091,0.7553,0.75575,2.50,1.00
2010.08.12 06:45:57.135,0.7553,0.75575,2.40,1.00
2010.08.12 06:45:58.464,0.7553,0.7557,2.40,1.00
2010.08.12 06:45:59.996,0.75535,0.7557,1.00,1.00
2010.08.12 06:46:00.182,0.75535,0.75575,3.20,1.00
2010.08.12 06:46:00.603,0.75535,0.75575,3.20,1.00
2010.08.12 06:46:01.140,0.75535,0.75575,3.20,1.00
2010.08.12 06:46:01.406,0.75535,0.75575,3.20,1.00
2010.08.12 06:46:01.662,0.75535,0.75575,3.30,1.00
2010.08.12 06:46:02.084,0.75535,0.75575,3.20,1.00
2010.08.12 06:46:02.781,0.75535,0.7557,3.20,1.00
2010.08.12 06:46:03.288,0.75535,0.75575,3.20,1.00
2010.08.12 06:46:03.500,0.75535,0.75575,2.40,1.00
2010.08.12 06:46:04.111,0.7553,0.75575,3.30,1.00
2010.08.12 06:46:05.074,0.7553,0.7557,3.30,1.00
2010.08.12 06:46:08.903,0.7553,0.7557,1.00,1.00
2010.08.12 06:46:09.982,0.7553,0.75565,1.00,1.00
2010.08.12 06:46:11.741,0.7553,0.75565,1.00,1.00
2010.08.12 06:46:14.152,0.75525,0.75565,4.80,1.00
2010.08.12 06:46:14.301,0.7553,0.75565,1.00,1.00
2010.08.12 06:46:15.013,0.7553,0.75565,3.20,1.00
2010.08.12 06:46:15.121,0.7553,0.75565,4.80,1.00
2010.08.12 06:46:15.235,0.7553,0.7556,4.80,1.00
2010.08.12 06:46:15.345,0.7553,0.75565,1.00,1.00
2010.08.12 06:46:15.452,0.7553,0.75565,1.00,1.00
2010.08.12 06:46:17.023,0.75525,0.75565,4.80,1.00
2010.08.12 06:46:17.585,0.7553,0.75565,1.00,1.00
2010.08.12 06:46:18.013,0.75525,0.75565,4.80,1.00
2010.08.12 06:46:20.043,0.7553,0.75565,1.00,1.00
2010.08.12 06:46:21.468,0.75525,0.75565,4.80,1.00
2010.08.12 06:46:24.593,0.7553,0.75565,1.00,1.00
2010.08.12 06:46:31.299,0.7553,0.7557,1.00,1.00
2010.08.12 06:46:31.538,0.7553,0.7557,1.00,1.00
2010.08.12 06:46:31.721,0.7553,0.7557,3.30,1.00
2010.08.12 06:46:32.396,0.7553,0.7557,3.20,1.00
2010.08.12 06:46:33.765,0.7553,0.7557,3.30,1.00
2010.08.12 06:46:34.309,0.7554,0.7558,1.00,3.20
2010.08.12 06:46:34.455,0.75545,0.7558,1.00,1.00
2010.08.12 06:46:34.594,0.7554,0.75585,1.00,5.30
2010.08.12 06:46:35.416,0.7553,0.75575,3.20,1.00
2010.08.12 06:46:35.751,0.75525,0.75575,2.50,3.20
2010.08.12 06:46:36.621,0.7553,0.75575,1.00,3.20
2010.08.12 06:46:37.419,0.7553,0.75575,1.00,2.40
2010.08.12 06:46:37.767,0.7553,0.75575,2.50,1.00
2010.08.12 06:46:38.104,0.75535,0.7558,1.00,4.80
2010.08.12 06:46:38.616,0.75535,0.75575,1.00,1.00
2010.08.12 06:46:39.046,0.7553,0.7558,2.50,4.90
2010.08.12 06:46:39.352,0.7554,0.7558,1.00,1.00
2010.08.12 06:46:39.933,0.7554,0.7558,1.00,1.00
2010.08.12 06:46:40.143,0.7553,0.75575,3.30,1.00
2010.08.12 06:46:40.361,0.7553,0.75575,3.30,1.00
2010.08.12 06:46:40.905,0.7553,0.7557,3.20,1.00
2010.08.12 06:46:41.242,0.7553,0.75575,3.30,1.00
2010.08.12 06:46:41.996,0.7553,0.75575,1.00,1.00
2010.08.12 06:46:42.234,0.75525,0.75575,3.30,1.00
2010.08.12 06:46:43.507,0.75525,0.7557,3.20,1.00
2010.08.12 06:46:43.736,0.75535,0.75575,1.00,1.00
2010.08.12 06:46:45.052,0.7554,0.75575,1.00,1.00
2010.08.12 06:46:47.226,0.7554,0.7557,1.00,1.00
2010.08.12 06:46:47.842,0.75535,0.7557,4.80,1.00
2010.08.12 06:46:48.159,0.7554,0.75575,2.40,1.00
2010.08.12 06:46:49.251,0.7554,0.7558,2.40,1.00
2010.08.12 06:46:50.819,0.7554,0.7558,2.40,1.00
2010.08.12 06:46:51.483,0.7554,0.7558,2.40,1.00
2010.08.12 06:46:51.650,0.7554,0.7558,3.20,1.00
2010.08.12 06:46:51.991,0.7554,0.7558,3.20,1.00
2010.08.12 06:46:52.352,0.7554,0.75585,3.20,1.00
2010.08.12 06:46:52.511,0.7554,0.75585,3.30,1.00
2010.08.12 06:46:56.141,0.7554,0.7558,2.40,1.00
2010.08.12 06:46:56.842,0.7554,0.75585,3.30,1.00
2010.08.12 06:46:58.092,0.7554,0.7558,3.20,1.00
2010.08.12 06:47:00.100,0.7554,0.7558,2.40,1.00
2010.08.12 06:47:01.067,0.7554,0.7558,2.40,1.00
2010.08.12 06:47:01.171,0.7554,0.7559,3.30,2.40
2010.08.12 06:47:01.513,0.75545,0.7559,1.00,2.50
2010.08.12 06:47:02.802,0.7554,0.7559,3.30,2.50
2010.08.12 06:47:03.033,0.7555,0.75595,2.40,2.50
2010.08.12 06:47:03.578,0.7555,0.75595,2.40,1.00
2010.08.12 06:47:03.802,0.75545,0.7559,2.40,1.00
2010.08.12 06:47:04.141,0.75545,0.7559,2.60,1.00
2010.08.12 06:47:04.481,0.7555,0.75595,2.40,1.00
2010.08.12 06:47:05.671,0.7555,0.7559,2.40,1.00
2010.08.12 06:47:05.920,0.7555,0.7559,1.00,1.00
2010.08.12 06:47:06.838,0.7555,0.75595,1.00,2.50
2010.08.12 06:47:07.031,0.75555,0.75595,1.00,1.00
2010.08.12 06:47:09.981,0.75555,0.756,1.00,2.50
2010.08.12 06:47:11.355,0.7555,0.75595,2.70,1.00
2010.08.12 06:47:11.852,0.75555,0.756,1.00,2.50
2010.08.12 06:47:12.247,0.7555,0.75595,2.70,1.00
2010.08.12 06:47:14.218,0.7555,0.75595,2.70,1.70
2010.08.12 06:47:14.392,0.7555,0.75595,1.00,4.90
2010.08.12 06:47:14.572,0.7555,0.7559,2.40,1.00
2010.08.12 06:47:15.087,0.7555,0.75595,3.20,2.40
2010.08.12 06:47:15.333,0.75555,0.75595,2.40,1.00
2010.08.12 06:47:15.581,0.75555,0.756,2.40,1.00
2010.08.12 06:47:15.821,0.75555,0.75595,2.40,1.00
2010.08.12 06:47:17.944,0.75555,0.756,2.50,1.00
2010.08.12 06:47:25.409,0.75555,0.75595,2.40,1.00
2010.08.12 06:47:25.611,0.7555,0.75595,4.30,1.00
2010.08.12 06:47:25.711,0.7555,0.75595,2.70,1.00
2010.08.12 06:47:28.901,0.7555,0.75595,1.00,4.80
2010.08.12 06:47:29.805,0.7555,0.75595,1.00,4.90
2010.08.12 06:47:30.928,0.7555,0.7559,1.00,1.00
2010.08.12 06:47:31.364,0.7555,0.7559,1.00,1.00
2010.08.12 06:47:31.562,0.75545,0.7559,3.30,1.00
2010.08.12 06:47:35.006,0.7555,0.7559,1.00,1.00
2010.08.12 06:47:35.498,0.75545,0.7559,3.30,1.00
2010.08.12 06:47:35.574,0.7555,0.7559,1.00,1.00
2010.08.12 06:47:38.914,0.7555,0.7559,1.00,3.20
2010.08.12 06:47:39.111,0.7554,0.75585,2.70,1.00
2010.08.12 06:47:42.983,0.7554,0.75585,2.70,2.50
2010.08.12 06:47:43.091,0.75545,0.75585,1.00,2.50
2010.08.12 06:47:43.604,0.7554,0.75585,2.70,2.50
2010.08.12 06:47:43.851,0.7554,0.75585,2.50,2.50
2010.08.12 06:47:44.470,0.7554,0.75585,2.70,2.50
2010.08.12 06:47:44.672,0.7554,0.7558,1.00,1.60
2010.08.12 06:47:44.867,0.75535,0.7558,1.00,4.90
2010.08.12 06:47:53.623,0.75535,0.75575,1.00,1.00
2010.08.12 06:47:54.335,0.7554,0.75575,1.00,1.00
2010.08.12 06:47:55.183,0.7554,0.75585,1.00,3.30
2010.08.12 06:47:55.842,0.75535,0.75585,3.30,3.30
2010.08.12 06:47:56.343,0.7554,0.75585,1.00,3.30
2010.08.12 06:47:56.524,0.75535,0.75585,3.30,3.30
2010.08.12 06:47:56.733,0.7554,0.75585,3.20,1.00
2010.08.12 06:47:57.053,0.7554,0.7559,3.30,4.90
2010.08.12 06:47:58.834,0.75545,0.7559,1.00,4.90
2010.08.12 06:48:04.972,0.75545,0.7559,1.00,4.90
2010.08.12 06:48:06.378,0.75545,0.75585,1.00,2.50
2010.08.12 06:48:06.542,0.7554,0.7558,1.00,1.60
2010.08.12 06:48:06.883,0.7554,0.7558,1.00,1.60
2010.08.12 06:48:07.202,0.75535,0.75575,2.50,1.60
2010.08.12 06:48:08.037,0.7553,0.7557,2.50,1.00
2010.08.12 06:48:08.364,0.7553,0.7557,1.00,4.00
2010.08.12 06:48:08.909,0.7553,0.7557,1.00,4.10
2010.08.12 06:48:09.153,0.7553,0.7557,1.00,4.80
2010.08.12 06:48:09.830,0.75525,0.7557,1.00,4.80
2010.08.12 06:48:10.623,0.75525,0.75565,1.00,1.00
2010.08.12 06:48:10.766,0.75525,0.75565,2.70,1.00
2010.08.12 06:48:11.079,0.7553,0.7557,1.00,1.00
2010.08.12 06:48:11.943,0.7552,0.75565,2.70,1.70
2010.08.12 06:48:12.183,0.75525,0.75565,1.00,1.60
2010.08.12 06:48:13.415,0.7552,0.75565,2.70,1.70
2010.08.12 06:48:14.001,0.7552,0.75565,2.50,2.50
2010.08.12 06:48:14.262,0.7552,0.7556,1.00,2.40
2010.08.12 06:48:15.092,0.75515,0.7556,2.70,2.50
2010.08.12 06:48:15.910,0.75515,0.7556,4.30,2.50
2010.08.12 06:48:16.524,0.7552,0.7556,1.00,2.40
2010.08.12 06:48:16.725,0.7553,0.75575,1.00,2.40
2010.08.12 06:48:16.922,0.75535,0.75575,2.40,1.00
2010.08.12 06:48:17.449,0.7553,0.75575,3.20,1.00
2010.08.12 06:48:17.632,0.75525,0.75575,2.50,1.00
2010.08.12 06:48:17.832,0.7553,0.75575,2.50,1.00
2010.08.12 06:48:18.497,0.7553,0.75575,1.00,1.00
2010.08.12 06:48:19.124,0.7553,0.75575,2.50,1.00
2010.08.12 06:48:19.403,0.7553,0.7557,2.40,1.00
2010.08.12 06:48:19.967,0.7553,0.75575,3.30,1.00
2010.08.12 06:48:20.236,0.75535,0.7558,2.40,1.00
2010.08.12 06:48:20.792,0.75535,0.7558,2.50,1.00
2010.08.12 06:48:21.598,0.75545,0.7559,4.80,2.10
2010.08.12 06:48:22.683,0.75545,0.7559,2.40,2.10
2010.08.12 06:48:22.934,0.75545,0.7559,1.00,2.90
2010.08.12 06:48:23.346,0.7555,0.7559,1.00,2.80
2010.08.12 06:48:23.929,0.75555,0.7559,1.00,2.00
2010.08.12 06:48:24.273,0.75555,0.75595,1.00,2.40
2010.08.12 06:48:25.056,0.75555,0.756,1.00,2.80
2010.08.12 06:48:25.314,0.75545,0.756,1.00,3.30
2010.08.12 06:48:26.382,0.7554,0.75595,2.50,2.50
2010.08.12 06:48:26.705,0.75535,0.75595,2.50,3.30
2010.08.12 06:48:27.235,0.75535,0.7559,2.40,1.00
2010.08.12 06:48:27.884,0.75535,0.75585,2.40,1.00
2010.08.12 06:48:28.214,0.7553,0.7558,3.20,2.40
2010.08.12 06:48:29.191,0.7553,0.7558,3.30,2.40
2010.08.12 06:48:29.531,0.7553,0.7558,3.20,2.40
2010.08.12 06:48:29.891,0.7553,0.7558,3.30,3.30
2010.08.12 06:48:30.541,0.7553,0.75575,2.40,1.00
2010.08.12 06:48:30.786,0.75525,0.75575,2.40,3.30
2010.08.12 06:48:31.023,0.75525,0.7557,2.40,1.00
2010.08.12 06:48:31.748,0.75525,0.7557,2.40,1.00
2010.08.12 06:48:32.062,0.75525,0.7557,2.40,1.00
2010.08.12 06:48:32.382,0.75525,0.75575,2.40,3.30
2010.08.12 06:48:33.199,0.75525,0.7557,2.50,1.00
2010.08.12 06:48:34.412,0.75525,0.7557,1.00,2.50
2010.08.12 06:48:34.891,0.75525,0.7557,2.50,1.00
2010.08.12 06:48:35.674,0.75525,0.7557,2.40,1.00
2010.08.12 06:48:37.615,0.75525,0.75565,2.40,1.00
2010.08.12 06:48:38.274,0.75515,0.75565,3.20,3.20
2010.08.12 06:48:38.424,0.7552,0.75565,1.00,3.20
2010.08.12 06:48:39.030,0.7552,0.75565,1.00,3.20
2010.08.12 06:48:40.602,0.75525,0.7557,2.50,1.00
2010.08.12 06:48:41.893,0.75525,0.7557,2.40,1.00
2010.08.12 06:48:42.442,0.75525,0.7557,2.50,1.00
2010.08.12 06:48:43.113,0.75525,0.7557,2.40,1.00
2010.08.12 06:48:43.289,0.75525,0.7557,2.50,1.00
2010.08.12 06:48:44.088,0.75525,0.7557,2.40,1.00
2010.08.12 06:48:45.636,0.75525,0.7557,2.50,1.00
2010.08.12 06:48:46.292,0.7553,0.75575,1.00,3.30
2010.08.12 06:48:46.961,0.75525,0.7557,2.40,1.00
2010.08.12 06:48:47.299,0.75525,0.7557,2.50,1.00
2010.08.12 06:48:48.090,0.75525,0.7557,2.40,1.00
2010.08.12 06:48:48.559,0.7553,0.7557,1.00,1.00
2010.08.12 06:48:48.891,0.7553,0.7557,1.00,2.40
2010.08.12 06:48:49.620,0.7552,0.7557,2.50,4.90
2010.08.12 06:48:49.958,0.7552,0.75565,2.40,1.00
2010.08.12 06:48:50.577,0.7552,0.75565,2.40,1.00
2010.08.12 06:48:50.901,0.7552,0.75565,2.50,1.00
2010.08.12 06:48:51.503,0.7552,0.75565,2.40,1.00
2010.08.12 06:48:51.643,0.7552,0.75565,2.50,1.00
2010.08.12 06:48:51.781,0.75525,0.75565,2.40,1.00
2010.08.12 06:48:52.433,0.7552,0.75565,2.40,1.00
2010.08.12 06:48:52.772,0.7552,0.75565,2.50,1.00
2010.08.12 06:48:54.071,0.7552,0.75565,2.40,1.00
2010.08.12 06:48:54.411,0.7552,0.75565,2.50,1.00
2010.08.12 06:48:55.161,0.75525,0.75565,1.00,1.00
2010.08.12 06:48:56.047,0.7552,0.7556,2.50,1.00
2010.08.12 06:48:56.852,0.7552,0.75565,2.50,1.00
2010.08.12 06:48:57.348,0.7552,0.75565,2.50,1.00
2010.08.12 06:48:58.013,0.7552,0.7556,2.50,1.00
2010.08.12 06:48:58.795,0.75525,0.75565,1.00,1.00
2010.08.12 06:49:02.234,0.75525,0.7557,1.00,4.90
2010.08.12 06:49:02.382,0.75525,0.7557,2.50,1.00
2010.08.12 06:49:02.592,0.75525,0.7557,2.50,1.00
2010.08.12 06:49:03.661,0.75525,0.7557,2.40,1.00
2010.08.12 06:49:03.921,0.7553,0.7557,1.00,1.00
2010.08.12 06:49:04.161,0.75525,0.7557,2.50,1.00
2010.08.12 06:49:05.295,0.75525,0.7557,2.40,1.00
2010.08.12 06:49:05.431,0.75525,0.7557,2.50,1.00
2010.08.12 06:49:05.700,0.75525,0.7557,2.50,1.70
2010.08.12 06:49:06.203,0.75525,0.7557,2.40,1.60
2010.08.12 06:49:06.347,0.75525,0.7557,1.00,5.20
2010.08.12 06:49:06.683,0.75525,0.7557,1.00,4.80
2010.08.12 06:49:07.272,0.75525,0.75565,1.00,1.00
2010.08.12 06:49:07.615,0.75525,0.75565,1.00,1.00
2010.08.12 06:49:09.280,0.75525,0.7556,1.00,1.00
2010.08.12 06:49:09.838,0.75525,0.75565,1.00,1.00
2010.08.12 06:49:10.882,0.75525,0.75565,2.40,1.00
2010.08.12 06:49:11.161,0.7553,0.75565,1.00,1.00
2010.08.12 06:49:12.577,0.7552,0.75565,2.40,1.00
2010.08.12 06:49:13.474,0.7552,0.7556,2.50,1.00
2010.08.12 06:49:13.802,0.75525,0.75565,1.00,1.00
2010.08.12 06:49:14.264,0.7552,0.7556,2.50,1.00
2010.08.12 06:49:15.770,0.75525,0.75565,1.00,1.00
2010.08.12 06:49:15.933,0.75525,0.75565,2.40,1.00
2010.08.12 06:49:17.577,0.75525,0.75565,2.50,1.00
2010.08.12 06:49:18.821,0.75525,0.7556,2.40,1.00
2010.08.12 06:49:19.405,0.75525,0.7557,2.50,2.10
2010.08.12 06:49:20.112,0.7553,0.75575,2.40,2.40
2010.08.12 06:49:20.415,0.7553,0.7557,2.50,1.00
2010.08.12 06:49:20.974,0.7553,0.75575,2.40,2.50
2010.08.12 06:49:21.475,0.75525,0.75575,4.10,4.90
2010.08.12 06:49:21.757,0.75525,0.75565,2.40,1.00
2010.08.12 06:49:22.838,0.75525,0.7557,2.40,1.00
2010.08.12 06:49:23.877,0.75525,0.7557,2.50,1.00
2010.08.12 06:49:24.678,0.75525,0.7557,2.40,1.00
2010.08.12 06:49:24.853,0.75525,0.75565,2.40,1.00
2010.08.12 06:49:25.102,0.7552,0.75565,2.40,1.00
2010.08.12 06:49:25.807,0.75515,0.7556,2.50,1.00
2010.08.12 06:49:26.652,0.75515,0.75565,2.50,1.00
2010.08.12 06:49:28.574,0.7552,0.75565,2.50,1.00
2010.08.12 06:49:29.756,0.7552,0.7557,2.50,3.30
2010.08.12 06:49:30.443,0.75525,0.75565,2.40,1.00
2010.08.12 06:49:31.528,0.75525,0.7557,2.40,1.00
2010.08.12 06:49:31.871,0.75525,0.7557,2.40,1.00
2010.08.12 06:49:32.613,0.75525,0.75565,2.40,1.00
2010.08.12 06:49:34.644,0.75525,0.7557,2.40,1.00
2010.08.12 06:49:35.488,0.75525,0.75565,2.40,1.00
2010.08.12 06:49:35.756,0.7552,0.7557,1.00,1.00
2010.08.12 06:49:36.024,0.7552,0.7557,1.00,1.00
2010.08.12 06:49:36.654,0.7552,0.75565,1.00,1.00
2010.08.12 06:49:38.319,0.75515,0.75565,2.40,1.00
2010.08.12 06:49:38.582,0.75525,0.7557,2.40,1.00
2010.08.12 06:49:40.001,0.75525,0.75565,2.40,1.00
2010.08.12 06:49:40.171,0.75525,0.7557,2.50,1.00
2010.08.12 06:49:40.341,0.75525,0.75565,2.40,1.00
2010.08.12 06:49:40.681,0.7552,0.75565,2.40,2.50
2010.08.12 06:49:41.372,0.7551,0.7556,2.50,2.40
2010.08.12 06:49:41.826,0.7551,0.7556,2.50,2.50
2010.08.12 06:49:42.021,0.7551,0.7556,2.40,2.50
2010.08.12 06:49:43.269,0.7551,0.7556,2.50,2.50
2010.08.12 06:49:43.445,0.75515,0.7556,1.00,3.20
2010.08.12 06:49:43.622,0.75515,0.75555,1.00,1.00
2010.08.12 06:49:47.976,0.75515,0.75555,2.40,1.00
2010.08.12 06:49:48.203,0.75515,0.75555,1.00,1.60
2010.08.12 06:49:49.146,0.75515,0.75555,1.00,1.70
2010.08.12 06:49:49.363,0.75515,0.75565,2.50,1.00
2010.08.12 06:49:49.651,0.75515,0.75565,2.50,1.00
2010.08.12 06:49:50.231,0.7552,0.75565,1.00,1.00
2010.08.12 06:49:50.820,0.75515,0.75565,2.50,1.00
2010.08.12 06:49:52.433,0.7552,0.75565,2.50,1.00
2010.08.12 06:49:53.903,0.75525,0.75575,3.30,1.00
2010.08.12 06:49:55.807,0.75525,0.75575,3.20,1.00
2010.08.12 06:49:56.162,0.7553,0.75575,1.00,1.00
2010.08.12 06:49:56.844,0.75525,0.75575,2.50,1.00
2010.08.12 06:49:56.962,0.7553,0.7558,3.20,3.20
2010.08.12 06:49:57.082,0.7553,0.75575,3.30,1.00
2010.08.12 06:49:57.322,0.75525,0.75575,4.90,2.40
2010.08.12 06:49:57.442,0.7553,0.75575,1.00,2.40
2010.08.12 06:49:57.561,0.75525,0.75575,4.90,2.50
2010.08.12 06:49:58.453,0.75525,0.7557,4.90,1.00
2010.08.12 06:49:58.743,0.7553,0.75575,1.00,2.40
2010.08.12 06:49:59.033,0.7553,0.75575,1.00,2.40
2010.08.12 06:49:59.324,0.7553,0.75575,1.00,2.40
2010.08.12 06:49:59.813,0.7553,0.7557,1.00,1.00
2010.08.12 06:50:00.144,0.75525,0.7557,2.40,2.90
2010.08.12 06:50:00.471,0.75525,0.7557,2.50,2.80
2010.08.12 06:50:01.188,0.75525,0.7557,2.50,2.90
2010.08.12 06:50:01.428,0.75525,0.7557,2.40,2.80
2010.08.12 06:50:02.578,0.75525,0.75565,2.40,1.00
2010.08.12 06:50:02.806,0.75525,0.7557,2.50,2.10
2010.08.12 06:50:03.059,0.75525,0.75565,2.50,1.00
2010.08.12 06:50:04.313,0.7552,0.75565,2.50,1.00
2010.08.12 06:50:06.415,0.7552,0.75565,2.40,1.00
2010.08.12 06:50:07.016,0.7552,0.75565,2.50,1.00
2010.08.12 06:50:07.242,0.7552,0.7556,2.40,1.00
2010.08.12 06:50:07.472,0.75525,0.75565,1.00,1.00
2010.08.12 06:50:08.437,0.7552,0.7556,2.40,1.00
2010.08.12 06:50:08.686,0.7552,0.75565,2.40,1.00
2010.08.12 06:50:08.908,0.7552,0.75565,2.40,1.00
2010.08.12 06:50:09.126,0.7552,0.7556,2.40,1.70
2010.08.12 06:50:09.632,0.7552,0.7556,2.40,2.50
2010.08.12 06:50:09.841,0.75515,0.7556,2.50,1.70
2010.08.12 06:50:10.103,0.75515,0.75555,2.40,1.00
2010.08.12 06:50:10.796,0.75515,0.7556,2.50,2.50
2010.08.12 06:50:11.625,0.75515,0.7556,2.50,1.70
2010.08.12 06:50:12.125,0.7552,0.7556,1.00,1.60
2010.08.12 06:50:12.694,0.75515,0.7556,2.40,1.60
2010.08.12 06:50:12.982,0.75515,0.75555,2.50,1.00
2010.08.12 06:50:13.752,0.75515,0.7556,2.40,2.50
2010.08.12 06:50:14.012,0.75515,0.7556,2.50,2.50
2010.08.12 06:50:16.085,0.75515,0.7556,2.40,2.40
2010.08.12 06:50:16.887,0.75515,0.7556,2.40,1.60
2010.08.12 06:50:17.107,0.7552,0.7556,1.00,1.70
2010.08.12 06:50:21.104,0.7552,0.7556,2.50,1.00
2010.08.12 06:50:21.524,0.7552,0.75565,2.50,1.00
2010.08.12 06:50:23.287,0.7552,0.75565,2.50,1.00
2010.08.12 06:50:23.352,0.7552,0.7556,2.40,1.00
2010.08.12 06:50:23.412,0.7552,0.7556,1.00,1.00
2010.08.12 06:50:23.488,0.75515,0.7556,2.50,1.00
2010.08.12 06:50:24.413,0.75515,0.7556,2.50,1.00
2010.08.12 06:50:24.752,0.7552,0.7556,1.00,2.40
2010.08.12 06:50:25.091,0.75515,0.7556,2.50,2.50
2010.08.12 06:50:25.431,0.7552,0.7556,1.00,2.50
2010.08.12 06:50:26.212,0.7552,0.7556,1.00,1.70
2010.08.12 06:50:26.473,0.75525,0.7556,1.00,1.60
2010.08.12 06:50:26.661,0.7552,0.7556,1.00,1.60
2010.08.12 06:50:26.907,0.75525,0.7556,1.00,1.60
2010.08.12 06:50:27.092,0.7552,0.7556,1.00,1.60
2010.08.12 06:50:28.162,0.7552,0.7556,1.00,2.40
2010.08.12 06:50:31.284,0.75515,0.7556,2.50,2.50
2010.08.12 06:50:32.254,0.75515,0.7556,1.00,4.90
2010.08.12 06:50:32.411,0.75515,0.7556,1.00,4.80
2010.08.12 06:50:33.682,0.75515,0.75555,1.00,1.00
2010.08.12 06:50:34.718,0.7551,0.75555,2.50,1.00
2010.08.12 06:50:34.933,0.75515,0.7556,1.00,4.90
2010.08.12 06:50:36.024,0.75515,0.7556,1.00,4.80
2010.08.12 06:50:38.353,0.75515,0.75555,1.00,1.00
2010.08.12 06:50:39.283,0.7551,0.75555,2.50,1.00
2010.08.12 06:50:40.239,0.75515,0.7556,1.00,4.90
2010.08.12 06:50:43.957,0.7551,0.75555,2.50,1.00
2010.08.12 06:50:44.655,0.7551,0.75555,2.50,1.00
2010.08.12 06:50:44.836,0.75515,0.7556,1.00,4.90
2010.08.12 06:50:45.072,0.75515,0.7556,1.00,4.90
2010.08.12 06:50:46.345,0.75515,0.75555,1.00,1.00
2010.08.12 06:50:46.521,0.75515,0.7556,1.00,4.90
2010.08.12 06:50:47.198,0.75515,0.7556,1.00,4.90
2010.08.12 06:50:47.725,0.75515,0.7556,2.50,2.50
2010.08.12 06:50:51.888,0.7552,0.7556,1.00,2.50
2010.08.12 06:50:52.852,0.7552,0.7556,2.50,2.40
2010.08.12 06:50:53.033,0.7552,0.75565,3.20,1.00
2010.08.12 06:50:53.863,0.75515,0.7556,2.50,1.00
2010.08.12 06:50:54.193,0.7552,0.7556,1.00,2.40
2010.08.12 06:50:55.020,0.75515,0.75555,3.20,1.00
2010.08.12 06:50:55.214,0.75515,0.7556,1.00,4.90
2010.08.12 06:50:55.535,0.75515,0.7556,3.20,2.50
2010.08.12 06:50:56.030,0.75515,0.7556,3.20,1.00
2010.08.12 06:50:56.370,0.75505,0.75555,1.00,3.20
2010.08.12 06:50:56.608,0.75505,0.75555,3.20,3.20
2010.08.12 06:50:57.512,0.75505,0.75555,3.30,3.20
2010.08.12 06:50:57.764,0.75505,0.75555,3.30,3.30
2010.08.12 06:50:58.061,0.7551,0.75555,1.00,3.20
2010.08.12 06:50:58.351,0.75505,0.75555,3.20,3.20
2010.08.12 06:50:58.907,0.7551,0.75555,1.00,3.20
2010.08.12 06:50:59.142,0.75505,0.75555,3.20,3.30
2010.08.12 06:50:59.601,0.75505,0.75555,3.30,3.30
2010.08.12 06:51:00.335,0.75505,0.75555,3.20,3.30
2010.08.12 06:51:00.532,0.75505,0.75555,3.30,3.30
2010.08.12 06:51:01.223,0.75505,0.75555,3.20,3.20
2010.08.12 06:51:01.421,0.75505,0.7555,3.20,1.00
2010.08.12 06:51:02.007,0.75505,0.7555,3.30,1.00
2010.08.12 06:51:02.265,0.7551,0.75555,1.00,3.30
2010.08.12 06:51:02.524,0.75505,0.75555,3.30,3.30
2010.08.12 06:51:02.734,0.755,0.7555,4.90,4.80
2010.08.12 06:51:03.644,0.75505,0.7555,1.00,4.80
2010.08.12 06:51:03.843,0.755,0.7555,4.90,4.90
2010.08.12 06:51:04.042,0.755,0.7555,4.80,4.80
2010.08.12 06:51:04.241,0.75505,0.7555,1.00,4.80
2010.08.12 06:51:04.483,0.75505,0.7555,1.00,4.90
2010.08.12 06:51:05.263,0.755,0.75545,4.90,1.00
2010.08.12 06:51:05.463,0.75505,0.7555,1.00,4.90
2010.08.12 06:51:06.692,0.755,0.7555,4.90,4.90
2010.08.12 06:51:06.849,0.75505,0.7555,1.00,4.80
2010.08.12 06:51:07.418,0.75505,0.7555,1.00,4.90
2010.08.12 06:51:07.498,0.75505,0.7555,1.00,4.80
2010.08.12 06:51:07.573,0.75505,0.7555,1.00,4.90
2010.08.12 06:51:07.775,0.755,0.7555,4.90,4.90
2010.08.12 06:51:08.531,0.75505,0.7555,1.00,4.90
2010.08.12 06:51:08.844,0.755,0.75545,4.90,1.00
2010.08.12 06:51:09.233,0.75505,0.75545,1.00,1.00
2010.08.12 06:51:09.844,0.75505,0.7555,1.00,4.90
2010.08.12 06:51:10.376,0.75505,0.75545,1.00,1.00
2010.08.12 06:51:11.084,0.75505,0.7555,1.00,4.80
2010.08.12 06:51:11.373,0.75505,0.75545,1.00,1.00
2010.08.12 06:51:12.672,0.75505,0.7555,1.00,4.90
2010.08.12 06:51:14.187,0.755,0.75545,4.90,1.00
2010.08.12 06:51:14.531,0.75505,0.7555,1.00,4.80
2010.08.12 06:51:15.523,0.75505,0.7555,1.00,4.80
2010.08.12 06:51:15.766,0.755,0.75545,1.00,2.40
2010.08.12 06:51:16.043,0.75495,0.7554,1.00,2.40
2010.08.12 06:51:16.546,0.7549,0.7554,4.00,3.20
2010.08.12 06:51:16.852,0.7549,0.75535,4.80,1.00
2010.08.12 06:51:17.085,0.75495,0.75545,2.40,2.90
2010.08.12 06:51:17.696,0.75495,0.75545,2.40,3.30
2010.08.12 06:51:17.933,0.75495,0.75545,2.40,3.20
2010.08.12 06:51:19.823,0.755,0.75545,1.00,3.30
2010.08.12 06:51:20.111,0.75495,0.75545,2.50,3.30
2010.08.12 06:51:20.402,0.75495,0.75535,1.00,1.00
2010.08.12 06:51:21.528,0.7549,0.75535,4.90,1.00
2010.08.12 06:51:22.406,0.75495,0.75535,1.00,1.00
2010.08.12 06:51:22.474,0.75495,0.7554,1.00,4.80
2010.08.12 06:51:22.541,0.75495,0.7554,2.50,3.20
2010.08.12 06:51:22.602,0.75495,0.7554,4.90,1.00
2010.08.12 06:51:22.663,0.75495,0.7554,4.80,1.00
2010.08.12 06:51:23.204,0.755,0.7554,2.50,2.40
2010.08.12 06:51:23.275,0.755,0.7554,1.00,2.40
2010.08.12 06:51:27.475,0.755,0.7554,1.00,1.00
2010.08.12 06:51:28.744,0.755,0.7554,1.00,2.40
2010.08.12 06:51:29.643,0.755,0.7554,1.00,4.10
2010.08.12 06:51:29.853,0.75495,0.75535,1.70,1.00
2010.08.12 06:51:30.052,0.75495,0.7554,4.90,1.00
2010.08.12 06:51:31.125,0.755,0.7554,1.00,1.00
2010.08.12 06:51:33.373,0.75495,0.75535,1.60,1.00
2010.08.12 06:51:33.441,0.75495,0.75535,1.00,1.00
2010.08.12 06:51:33.582,0.75495,0.7554,3.20,2.50
2010.08.12 06:51:33.642,0.75495,0.7554,4.80,1.00
2010.08.12 06:51:34.268,0.755,0.7554,2.40,1.00
2010.08.12 06:51:34.335,0.75505,0.7555,4.80,1.00
2010.08.12 06:51:34.673,0.75505,0.7555,4.90,1.00
2010.08.12 06:51:36.343,0.75505,0.75555,4.50,4.90
2010.08.12 06:51:37.409,0.75505,0.7555,4.40,1.00
2010.08.12 06:51:37.665,0.75505,0.7555,4.90,1.00
2010.08.12 06:51:37.916,0.75505,0.7555,4.80,1.00
2010.08.12 06:51:38.163,0.75505,0.7555,4.90,1.00
2010.08.12 06:51:39.829,0.75505,0.7555,4.50,1.00
2010.08.12 06:51:39.934,0.75505,0.7555,4.40,1.00
2010.08.12 06:51:40.574,0.7551,0.7555,1.00,1.00
2010.08.12 06:51:40.917,0.75505,0.7555,4.40,1.00
2010.08.12 06:51:41.231,0.75505,0.75555,4.50,4.90
2010.08.12 06:51:42.277,0.75505,0.7555,4.50,1.00
2010.08.12 06:51:42.601,0.7551,0.75555,1.00,4.90
2010.08.12 06:51:42.822,0.75505,0.7555,4.50,1.00
2010.08.12 06:51:43.382,0.7551,0.75555,1.00,4.80
2010.08.12 06:51:43.604,0.75505,0.75555,4.50,4.90
2010.08.12 06:51:43.901,0.75505,0.7555,4.50,1.00
2010.08.12 06:51:44.886,0.75505,0.7555,4.40,1.00
2010.08.12 06:51:45.084,0.75505,0.7555,4.40,1.00
2010.08.12 06:51:45.282,0.75505,0.75555,4.50,4.90
2010.08.12 06:51:45.482,0.75505,0.7555,4.40,1.00
2010.08.12 06:51:45.682,0.75505,0.75555,4.50,4.90
2010.08.12 06:51:46.408,0.75505,0.7555,4.50,1.00
2010.08.12 06:51:46.990,0.75505,0.7555,4.40,1.00
2010.08.12 06:51:47.127,0.75505,0.75555,4.50,4.90
2010.08.12 06:51:48.115,0.75505,0.7555,4.50,1.00
2010.08.12 06:51:48.371,0.75505,0.7555,4.80,1.00
2010.08.12 06:51:49.296,0.75505,0.7555,4.80,1.00
2010.08.12 06:51:49.815,0.75505,0.7555,4.90,1.00
2010.08.12 06:51:51.661,0.75505,0.7555,4.10,1.00
2010.08.12 06:51:55.202,0.75505,0.7555,4.00,1.00
2010.08.12 06:51:56.296,0.75505,0.75545,4.10,1.00
2010.08.12 06:51:58.135,0.7551,0.75555,2.50,1.00
2010.08.12 06:51:58.377,0.75505,0.7555,1.00,4.90
2010.08.12 06:51:58.545,0.75505,0.7555,1.00,4.80
2010.08.12 06:51:58.711,0.75505,0.7555,3.30,2.40
2010.08.12 06:51:58.882,0.7551,0.7555,1.00,2.40
2010.08.12 06:51:59.221,0.7551,0.7555,1.00,1.00
2010.08.12 06:51:59.983,0.7551,0.75555,4.90,2.50
2010.08.12 06:52:00.702,0.75515,0.75555,1.60,1.00
2010.08.12 06:52:00.944,0.75515,0.7556,1.70,4.10
2010.08.12 06:52:01.469,0.75515,0.7556,1.70,1.70
2010.08.12 06:52:01.671,0.7551,0.75555,4.90,2.50
2010.08.12 06:52:05.273,0.75515,0.75555,1.00,1.60
2010.08.12 06:52:07.397,0.75515,0.75555,1.00,2.40
2010.08.12 06:52:07.591,0.7551,0.75555,4.10,2.50
2010.08.12 06:52:07.984,0.7551,0.75555,4.00,2.40
2010.08.12 06:52:08.725,0.7551,0.7555,1.00,1.00
2010.08.12 06:52:09.354,0.75505,0.7555,4.10,1.00
2010.08.12 06:52:10.192,0.75505,0.7555,4.90,1.00
2010.08.12 06:52:10.842,0.755,0.7555,3.30,3.30
2010.08.12 06:52:11.022,0.75505,0.7555,1.00,3.20
2010.08.12 06:52:11.694,0.755,0.75545,3.30,1.00
2010.08.12 06:52:11.924,0.755,0.75545,3.20,1.00
2010.08.12 06:52:12.142,0.75495,0.75545,4.90,4.90
2010.08.12 06:52:12.849,0.75495,0.7554,4.90,1.00
2010.08.12 06:52:13.831,0.75495,0.7554,4.10,1.00
2010.08.12 06:52:13.933,0.755,0.75545,1.00,4.80
2010.08.12 06:52:14.894,0.755,0.7554,1.00,1.00
2010.08.12 06:52:15.573,0.755,0.75545,1.00,4.90
2010.08.12 06:52:16.487,0.755,0.7555,2.50,3.30
2010.08.12 06:52:16.677,0.755,0.7555,2.40,3.20
2010.08.12 06:52:16.894,0.755,0.75545,3.20,1.00
2010.08.12 06:52:17.113,0.755,0.75545,3.30,1.00
2010.08.12 06:52:21.074,0.755,0.75545,3.20,1.00
2010.08.12 06:52:21.733,0.755,0.75545,3.20,1.00
2010.08.12 06:52:22.066,0.755,0.75545,3.20,1.60
2010.08.12 06:52:22.311,0.755,0.75545,1.00,4.00
2010.08.12 06:52:22.561,0.75495,0.75545,4.80,4.80
2010.08.12 06:52:23.945,0.75495,0.7554,4.90,1.00
2010.08.12 06:52:24.184,0.755,0.75545,1.00,4.90
2010.08.12 06:52:24.452,0.75495,0.7554,4.90,1.00
2010.08.12 06:52:24.607,0.75495,0.7554,4.10,1.00
2010.08.12 06:52:25.582,0.75495,0.7554,4.90,1.00
2010.08.12 06:52:25.851,0.75495,0.75535,4.80,1.00
2010.08.12 06:52:26.122,0.7549,0.7554,1.00,2.40
2010.08.12 06:52:27.300,0.7549,0.75535,1.00,1.00
2010.08.12 06:52:27.509,0.75495,0.75535,1.60,1.00
2010.08.12 06:52:28.526,0.755,0.75545,1.00,2.50
2010.08.12 06:52:28.864,0.7551,0.75555,2.00,4.10
2010.08.12 06:52:29.206,0.75515,0.7556,4.80,1.00
2010.08.12 06:52:30.052,0.75505,0.75555,4.10,2.50
2010.08.12 06:52:31.693,0.7551,0.75555,1.00,2.50
2010.08.12 06:52:32.429,0.7551,0.7555,1.00,1.00
2010.08.12 06:52:38.804,0.75515,0.7556,2.40,4.90
2010.08.12 06:52:38.901,0.75515,0.7556,2.40,4.80
2010.08.12 06:52:39.003,0.75515,0.7556,2.40,4.80
2010.08.12 06:52:39.570,0.75525,0.7556,1.60,3.20
2010.08.12 06:52:39.676,0.75525,0.75565,1.00,1.00
2010.08.12 06:52:41.974,0.75525,0.75565,1.00,1.00
2010.08.12 06:52:42.778,0.75525,0.7556,1.00,1.00
2010.08.12 06:52:43.643,0.75525,0.75565,1.00,1.00
2010.08.12 06:52:43.924,0.75525,0.75565,1.00,1.00
2010.08.12 06:52:44.793,0.75525,0.7556,1.00,1.00
2010.08.12 06:52:45.133,0.75525,0.7557,1.00,3.30
2010.08.12 06:52:45.890,0.75525,0.75565,1.00,1.00
2010.08.12 06:52:46.234,0.75525,0.75565,1.00,1.00
2010.08.12 06:52:46.572,0.75525,0.75565,1.00,1.00
2010.08.12 06:52:47.542,0.75525,0.7556,1.00,1.60
2010.08.12 06:52:47.809,0.7552,0.7556,1.00,1.60
2010.08.12 06:52:47.942,0.7552,0.7556,1.00,1.60
2010.08.12 06:52:48.385,0.7552,0.7556,1.00,1.70
2010.08.12 06:52:50.955,0.7552,0.7556,1.00,1.60
2010.08.12 06:52:51.191,0.7552,0.7556,1.00,1.60
2010.08.12 06:52:52.278,0.7552,0.75565,1.00,4.90
2010.08.12 06:52:52.504,0.7552,0.75565,4.90,1.00
2010.08.12 06:52:52.732,0.75515,0.75565,3.30,2.50
2010.08.12 06:52:53.272,0.75515,0.75565,3.30,2.40
2010.08.12 06:52:53.497,0.75515,0.7556,1.00,4.90
2010.08.12 06:52:53.833,0.75515,0.7556,1.00,4.80
2010.08.12 06:52:54.626,0.75515,0.7556,1.00,4.80
2010.08.12 06:52:54.914,0.75515,0.75555,1.00,1.00
2010.08.12 06:52:55.201,0.75515,0.7556,1.00,4.90
2010.08.12 06:52:55.968,0.75515,0.7556,1.00,4.90
2010.08.12 06:52:59.015,0.75515,0.7556,1.00,4.90
2010.08.12 06:52:59.259,0.75535,0.7556,1.20,2.40
2010.08.12 06:52:59.458,0.75515,0.7556,1.00,4.80
2010.08.12 06:52:59.655,0.7553,0.7556,1.60,1.00
2010.08.12 06:53:00.322,0.7553,0.7557,2.40,1.00
2010.08.12 06:53:00.337,0.7553,0.7557,2.40,2.50
2010.08.12 06:53:00.573,0.75525,0.7557,1.00,3.30
2010.08.12 06:53:00.812,0.75525,0.7557,1.00,3.30
2010.08.12 06:53:01.502,0.7553,0.7557,1.00,1.00
2010.08.12 06:53:02.244,0.7553,0.75575,1.00,4.90
2010.08.12 06:53:02.849,0.7553,0.75575,1.00,4.90
2010.08.12 06:53:16.113,0.7553,0.75575,1.00,4.80
2010.08.12 06:53:16.443,0.7553,0.7557,2.50,1.00
2010.08.12 06:53:16.775,0.7553,0.7557,3.20,1.00
2010.08.12 06:53:17.272,0.7553,0.7557,1.00,1.00
2010.08.12 06:53:17.509,0.7553,0.75575,1.00,4.90
2010.08.12 06:53:20.147,0.75535,0.75575,1.00,4.80
2010.08.12 06:53:20.453,0.7553,0.7557,1.20,1.00
2010.08.12 06:53:21.551,0.7553,0.7557,3.60,1.00
2010.08.12 06:53:21.872,0.75535,0.75575,1.00,1.60
2010.08.12 06:53:22.819,0.7554,0.75575,1.00,1.60
2010.08.12 06:53:23.772,0.75535,0.75575,1.00,1.60
2010.08.12 06:53:24.175,0.75535,0.75575,1.00,1.60
2010.08.12 06:53:24.916,0.7553,0.75575,4.90,2.50
2010.08.12 06:53:25.061,0.7553,0.75575,1.00,4.90
2010.08.12 06:53:25.431,0.75535,0.75575,1.00,4.80
2010.08.12 06:53:28.916,0.7553,0.7557,1.00,1.00
2010.08.12 06:53:30.552,0.75535,0.75575,1.00,4.80
2010.08.12 06:53:31.573,0.7553,0.7557,1.00,1.00
2010.08.12 06:53:31.712,0.75535,0.75575,1.00,4.80
2010.08.12 06:53:31.853,0.75535,0.75575,1.00,2.40
2010.08.12 06:53:32.444,0.7553,0.7557,2.40,1.00
2010.08.12 06:53:33.008,0.7553,0.7557,3.20,1.00
2010.08.12 06:53:33.219,0.7553,0.7557,1.00,1.00
2010.08.12 06:53:33.752,0.75535,0.75575,1.00,4.80
2010.08.12 06:53:34.406,0.7553,0.7557,1.00,1.00
2010.08.12 06:53:36.324,0.75535,0.75575,1.00,4.80
2010.08.12 06:53:38.795,0.75535,0.75575,1.00,2.40
2010.08.12 06:53:38.943,0.75535,0.7558,1.70,3.30
2010.08.12 06:53:39.093,0.7554,0.7558,1.00,1.00
2010.08.12 06:53:41.403,0.7554,0.75575,1.00,1.00
2010.08.12 06:53:41.713,0.7555,0.756,5.20,4.40
2010.08.12 06:53:42.309,0.75555,0.756,1.60,2.80
2010.08.12 06:53:42.617,0.7555,0.75595,4.80,1.00
2010.08.12 06:53:42.923,0.7555,0.75595,4.80,1.00
2010.08.12 06:53:43.702,0.7555,0.7559,4.80,1.00
2010.08.12 06:53:44.785,0.7555,0.7559,2.40,1.00
2010.08.12 06:53:45.089,0.7555,0.7559,1.70,1.00
2010.08.12 06:53:45.599,0.7555,0.7559,1.60,1.00
2010.08.12 06:53:45.892,0.7555,0.75585,1.60,1.00
2010.08.12 06:53:49.933,0.7554,0.75585,2.90,1.00
2010.08.12 06:53:50.212,0.75545,0.75585,1.00,1.00
2010.08.12 06:53:50.455,0.75545,0.7559,1.00,4.00
2010.08.12 06:53:50.602,0.7556,0.7559,1.60,2.40
2010.08.12 06:53:50.752,0.7556,0.75595,1.60,1.00
2010.08.12 06:53:51.542,0.7556,0.7559,1.60,1.00
2010.08.12 06:53:52.423,0.7555,0.7559,4.00,1.00
2010.08.12 06:53:52.582,0.7555,0.7559,1.60,2.50
2010.08.12 06:53:53.187,0.7554,0.7559,3.30,4.10
2010.08.12 06:53:53.932,0.7554,0.7558,3.20,1.00
2010.08.12 06:53:54.473,0.7554,0.75585,3.20,1.00
2010.08.12 06:53:54.673,0.7554,0.75585,3.30,1.00
2010.08.12 06:53:57.321,0.7554,0.75585,3.30,1.00
2010.08.12 06:53:57.402,0.75545,0.7559,1.00,4.90
2010.08.12 06:53:57.482,0.7555,0.7559,1.60,1.00
2010.08.12 06:53:58.333,0.7555,0.75585,1.60,1.00
2010.08.12 06:53:58.542,0.7555,0.7559,1.60,1.00
2010.08.12 06:53:59.330,0.75545,0.7559,3.30,2.50
2010.08.12 06:53:59.654,0.7554,0.7559,4.90,4.10
2010.08.12 06:53:59.974,0.7554,0.75585,4.90,1.00
2010.08.12 06:54:00.293,0.7554,0.7558,2.40,1.00
2010.08.12 06:54:00.943,0.7554,0.75585,1.60,3.20
2010.08.12 06:54:01.301,0.7554,0.7558,1.60,3.30
2010.08.12 06:54:01.634,0.7554,0.7558,1.60,3.20
2010.08.12 06:54:02.170,0.7554,0.7558,1.60,3.30
2010.08.12 06:54:02.402,0.7554,0.75575,1.60,1.00
2010.08.12 06:54:02.905,0.7554,0.7558,1.60,3.30
2010.08.12 06:54:03.607,0.7554,0.75575,1.60,1.00
2010.08.12 06:54:03.926,0.75535,0.7558,1.60,3.30
2010.08.12 06:54:04.070,0.75535,0.75575,1.60,1.00
2010.08.12 06:54:06.522,0.75535,0.75575,1.60,1.00
2010.08.12 06:54:06.662,0.7553,0.75575,4.50,1.00
2010.08.12 06:54:06.721,0.7553,0.75575,2.10,3.30
2010.08.12 06:54:09.624,0.7553,0.7557,2.00,1.00
2010.08.12 06:54:16.204,0.75535,0.75575,1.00,3.20
2010.08.12 06:54:16.375,0.7553,0.75575,2.10,3.30
2010.08.12 06:54:17.516,0.75535,0.75575,1.00,3.20
2010.08.12 06:54:18.222,0.7553,0.7557,2.00,1.00
2010.08.12 06:54:19.972,0.7553,0.7557,2.40,1.00
2010.08.12 06:54:20.156,0.7554,0.7558,1.60,3.30
2010.08.12 06:54:21.354,0.7554,0.75575,1.60,1.00
2010.08.12 06:54:21.902,0.7554,0.7558,1.60,3.30
2010.08.12 06:54:24.814,0.7554,0.7557,1.60,1.00
2010.08.12 06:54:24.930,0.7554,0.7557,1.60,1.00
2010.08.12 06:54:25.717,0.75535,0.7557,1.60,1.00
2010.08.12 06:54:25.949,0.75525,0.7556,1.60,1.00
2010.08.12 06:54:27.835,0.75525,0.75565,1.60,1.00
2010.08.12 06:54:28.591,0.7553,0.75575,3.20,1.00
2010.08.12 06:54:28.837,0.7553,0.75575,3.20,1.00
2010.08.12 06:54:29.586,0.7553,0.75575,3.20,1.00
2010.08.12 06:54:31.147,0.7553,0.7557,3.20,1.00
2010.08.12 06:54:31.422,0.7553,0.7557,1.00,1.00
2010.08.12 06:54:32.186,0.75525,0.7557,1.00,1.00
2010.08.12 06:54:32.429,0.75525,0.7557,1.00,3.20
2010.08.12 06:54:33.152,0.75525,0.75565,1.00,1.00
2010.08.12 06:54:34.725,0.75525,0.7557,1.00,4.90
2010.08.12 06:54:45.922,0.7552,0.7556,2.40,1.00
2010.08.12 06:54:46.112,0.7552,0.7556,2.40,1.00
2010.08.12 06:54:46.914,0.75515,0.75555,4.50,1.00
2010.08.12 06:54:47.507,0.7552,0.75565,1.00,2.50
2010.08.12 06:54:47.682,0.7552,0.75565,1.00,1.00
2010.08.12 06:54:47.862,0.7552,0.75565,1.00,1.00
2010.08.12 06:54:48.132,0.7552,0.75565,2.50,1.00
2010.08.12 06:54:48.643,0.75525,0.7557,1.00,4.90
2010.08.12 06:54:48.915,0.7552,0.75565,1.00,1.00
2010.08.12 06:54:49.112,0.7552,0.75565,1.00,1.00
2010.08.12 06:54:49.312,0.7552,0.75565,1.00,1.00
2010.08.12 06:54:49.512,0.75525,0.75565,1.00,1.00
2010.08.12 06:54:50.254,0.75525,0.7557,1.00,4.90
2010.08.12 06:54:50.515,0.75525,0.75565,1.60,3.20
2010.08.12 06:54:50.774,0.75525,0.75565,1.00,1.00
2010.08.12 06:54:51.985,0.7552,0.75565,1.00,3.30
2010.08.12 06:54:53.665,0.75515,0.7556,2.80,1.00
2010.08.12 06:54:54.285,0.7551,0.75555,3.20,1.00
2010.08.12 06:54:54.764,0.7551,0.7556,3.20,2.40
2010.08.12 06:54:55.104,0.7551,0.75555,1.00,2.50
2010.08.12 06:54:55.600,0.7551,0.75555,3.30,1.00
2010.08.12 06:54:55.855,0.75515,0.7556,1.00,2.50
2010.08.12 06:54:57.254,0.75515,0.75555,1.00,1.00
2010.08.12 06:54:57.583,0.75515,0.7556,2.40,1.00
2010.08.12 06:54:58.162,0.7551,0.7556,2.40,3.30
2010.08.12 06:54:58.473,0.75515,0.75555,2.40,1.00
2010.08.12 06:54:58.784,0.75515,0.7556,2.40,1.00
2010.08.12 06:54:59.275,0.75515,0.7556,2.50,1.00
2010.08.12 06:54:59.587,0.75515,0.7556,2.40,1.00
2010.08.12 06:54:59.885,0.7552,0.75565,2.40,1.00
2010.08.12 06:55:00.123,0.7552,0.75565,2.40,1.00
2010.08.12 06:55:00.908,0.7552,0.75565,2.50,1.00
2010.08.12 06:55:01.625,0.7552,0.7557,2.50,3.30
2010.08.12 06:55:02.916,0.7552,0.75565,2.40,1.00
2010.08.12 06:55:04.074,0.7552,0.75565,2.50,1.00
2010.08.12 06:55:05.033,0.7552,0.75565,2.40,1.00
2010.08.12 06:55:05.221,0.7552,0.75565,2.50,1.00
2010.08.12 06:55:05.847,0.75515,0.75565,2.50,2.50
2010.08.12 06:55:06.051,0.75515,0.7556,1.00,3.20
2010.08.12 06:55:06.508,0.75515,0.7556,1.00,3.20
2010.08.12 06:55:07.853,0.75515,0.7556,1.00,3.30
2010.08.12 06:55:09.285,0.7551,0.75555,3.30,1.00
2010.08.12 06:55:09.502,0.75515,0.7556,1.00,3.30
2010.08.12 06:55:09.713,0.7551,0.7556,3.30,3.30
2010.08.12 06:55:10.264,0.75515,0.7556,1.00,3.30
2010.08.12 06:55:12.982,0.75515,0.7556,4.90,1.00
2010.08.12 06:55:13.536,0.7552,0.7556,1.00,1.00
2010.08.12 06:55:14.192,0.75515,0.7556,4.80,1.00
2010.08.12 06:55:14.365,0.75515,0.75555,4.80,1.00
2010.08.12 06:55:14.511,0.75515,0.7556,4.80,1.00
2010.08.12 06:55:15.376,0.75515,0.75555,4.80,1.00
2010.08.12 06:55:15.712,0.75515,0.7556,4.80,1.00
2010.08.12 06:55:16.052,0.75515,0.7556,4.80,1.00
2010.08.12 06:55:16.708,0.75515,0.7556,4.80,1.00
2010.08.12 06:55:16.984,0.75515,0.7556,4.90,1.00
2010.08.12 06:55:17.139,0.75515,0.7556,4.80,1.00
2010.08.12 06:55:17.283,0.7551,0.7556,2.50,3.30
2010.08.12 06:55:18.143,0.7551,0.75555,2.50,1.00
2010.08.12 06:55:18.773,0.7551,0.75555,2.40,1.00
2010.08.12 06:55:19.470,0.75505,0.7555,3.20,1.00
2010.08.12 06:55:19.820,0.7551,0.7555,1.00,1.00
2010.08.12 06:55:20.163,0.75505,0.7555,4.90,1.00
2010.08.12 06:55:23.951,0.75505,0.75545,4.80,1.00
2010.08.12 06:55:24.653,0.75505,0.75545,2.40,1.00
2010.08.12 06:55:24.845,0.75505,0.75545,1.60,1.00
2010.08.12 06:55:25.033,0.75505,0.7554,1.60,1.00
2010.08.12 06:55:25.224,0.75505,0.75545,1.60,1.00
2010.08.12 06:55:26.124,0.75505,0.7555,4.10,1.00
2010.08.12 06:55:26.347,0.7551,0.7555,1.00,1.00
2010.08.12 06:55:26.564,0.75505,0.7555,4.90,1.00
2010.08.12 06:55:28.367,0.75505,0.75545,4.80,1.00
2010.08.12 06:55:29.525,0.75505,0.7555,4.90,1.00
2010.08.12 06:55:29.721,0.75505,0.75545,4.80,1.00
2010.08.12 06:55:30.442,0.75505,0.7555,4.90,1.00
2010.08.12 06:55:35.564,0.75505,0.7555,4.90,1.00
2010.08.12 06:55:36.440,0.75505,0.7555,4.90,1.00
2010.08.12 06:55:37.037,0.75505,0.7555,4.80,1.00
2010.08.12 06:55:37.272,0.75505,0.75545,4.80,1.00
2010.08.12 06:55:37.512,0.75505,0.7555,4.90,1.00
2010.08.12 06:55:41.533,0.7551,0.7555,1.00,1.00
2010.08.12 06:55:42.066,0.7551,0.7555,1.00,1.00
2010.08.12 06:55:42.215,0.75505,0.7555,4.90,1.00
2010.08.12 06:55:42.319,0.75505,0.7555,4.00,1.00
2010.08.12 06:55:42.881,0.7551,0.7555,1.00,2.10
2010.08.12 06:55:42.975,0.7551,0.75555,2.40,1.00
2010.08.12 06:55:43.172,0.7551,0.7556,2.50,4.90
2010.08.12 06:55:43.841,0.7551,0.7556,4.90,1.00
2010.08.12 06:55:44.185,0.75515,0.7556,1.00,1.00
2010.08.12 06:55:44.485,0.7551,0.75555,4.80,1.00
2010.08.12 06:55:44.784,0.7551,0.75555,1.00,2.40
2010.08.12 06:55:45.563,0.75505,0.7555,4.50,1.00
2010.08.12 06:55:45.782,0.75505,0.7555,4.90,1.00
2010.08.12 06:55:48.395,0.7551,0.7555,2.40,1.00
2010.08.12 06:55:48.523,0.75505,0.7555,4.90,1.00
2010.08.12 06:55:52.496,0.7551,0.75555,1.00,1.00
2010.08.12 06:55:52.661,0.7551,0.75555,2.50,1.00
2010.08.12 06:55:53.364,0.7551,0.7555,2.40,1.00
2010.08.12 06:55:53.643,0.7551,0.75555,4.80,1.00
2010.08.12 06:55:53.924,0.75515,0.7556,1.00,2.50
2010.08.12 06:55:54.477,0.75515,0.7556,1.00,1.00
2010.08.12 06:55:54.820,0.75515,0.7556,2.40,1.00
2010.08.12 06:55:57.252,0.75515,0.7556,2.40,1.00
2010.08.12 06:55:57.372,0.7551,0.7556,4.10,4.90
2010.08.12 06:55:58.176,0.7551,0.75555,2.50,2.50
2010.08.12 06:55:58.354,0.7551,0.75555,2.40,2.50
2010.08.12 06:55:58.663,0.7551,0.75555,1.60,1.00
2010.08.12 06:55:59.464,0.7551,0.75555,2.40,1.00
2010.08.12 06:55:59.742,0.7551,0.75555,2.50,1.00
2010.08.12 06:56:00.022,0.75515,0.75555,1.00,1.00
2010.08.12 06:56:00.683,0.75515,0.7556,4.80,1.00
2010.08.12 06:56:00.894,0.75515,0.7556,4.80,1.00
2010.08.12 06:56:01.102,0.75515,0.7556,4.80,1.00
2010.08.12 06:56:02.062,0.75515,0.7556,4.80,1.00
2010.08.12 06:56:02.261,0.75515,0.7556,4.90,1.00
2010.08.12 06:56:02.883,0.75515,0.75555,2.40,1.00
2010.08.12 06:56:03.083,0.7551,0.7555,4.50,1.00
2010.08.12 06:56:03.506,0.7551,0.7555,4.40,1.00
2010.08.12 06:56:04.122,0.7551,0.75555,4.50,1.00
2010.08.12 06:56:04.865,0.75515,0.75555,1.00,1.00
2010.08.12 06:56:05.123,0.75515,0.7555,1.00,1.00
2010.08.12 06:56:05.467,0.75515,0.75555,1.00,1.00
2010.08.12 06:56:06.210,0.75515,0.7555,1.00,1.60
2010.08.12 06:56:06.313,0.7551,0.7555,3.30,1.60
2010.08.12 06:56:06.455,0.7551,0.7555,3.20,1.60
2010.08.12 06:56:06.844,0.7551,0.7555,3.20,1.60
2010.08.12 06:56:07.994,0.7551,0.7555,3.30,1.70
2010.08.12 06:56:08.496,0.7551,0.7555,1.00,1.70
2010.08.12 06:56:08.712,0.75505,0.7555,4.50,1.70
2010.08.12 06:56:08.903,0.7551,0.7555,1.00,1.60
2010.08.12 06:56:09.869,0.75505,0.7555,2.40,1.60
2010.08.12 06:56:10.122,0.755,0.75545,4.50,1.00
2010.08.12 06:56:10.475,0.75505,0.75545,1.00,1.00
2010.08.12 06:56:11.063,0.755,0.75545,4.40,1.00
2010.08.12 06:56:11.669,0.755,0.75545,4.40,1.00
2010.08.12 06:56:12.413,0.755,0.75545,4.50,1.00
2010.08.12 06:56:12.753,0.755,0.7554,5.30,1.00
2010.08.12 06:56:13.093,0.755,0.75545,4.90,1.00
2010.08.12 06:56:13.813,0.755,0.75545,4.50,1.00
2010.08.12 06:56:15.281,0.75505,0.75545,2.40,1.00
2010.08.12 06:56:15.618,0.75505,0.75545,4.80,1.00
2010.08.12 06:56:16.344,0.75505,0.75545,4.80,1.00
2010.08.12 06:56:17.334,0.75505,0.7555,4.80,1.70
2010.08.12 06:56:17.522,0.75505,0.75545,4.80,1.00
2010.08.12 06:56:17.712,0.75505,0.7555,4.90,1.70
2010.08.12 06:56:18.804,0.75505,0.75545,4.80,1.00
2010.08.12 06:56:20.428,0.75505,0.7555,4.90,1.70
2010.08.12 06:56:20.625,0.75505,0.7555,4.00,2.40
2010.08.12 06:56:20.825,0.75505,0.7555,2.50,1.70
2010.08.12 06:56:21.023,0.75505,0.7555,4.90,1.70
2010.08.12 06:56:21.412,0.75505,0.7555,4.10,1.70
2010.08.12 06:56:22.243,0.75505,0.7555,4.90,1.70
2010.08.12 06:56:25.292,0.75505,0.75545,4.90,1.00
2010.08.12 06:56:25.795,0.75505,0.75545,4.10,1.00
2010.08.12 06:56:26.023,0.75505,0.7553,1.60,1.00
2010.08.12 06:56:26.255,0.75485,0.7553,4.90,2.40
2010.08.12 06:56:27.165,0.75485,0.7553,4.10,1.60
2010.08.12 06:56:27.780,0.75485,0.7553,4.10,1.70
2010.08.12 06:56:28.445,0.75485,0.7553,4.00,1.70
2010.08.12 06:56:28.752,0.75485,0.7553,4.10,1.70
2010.08.12 06:56:28.922,0.75485,0.7553,4.10,1.60
2010.08.12 06:56:30.124,0.75485,0.7553,4.10,1.70
2010.08.12 06:56:33.143,0.7549,0.7553,1.00,1.60
2010.08.12 06:56:33.481,0.7549,0.7553,1.00,1.00
2010.08.12 06:56:34.252,0.75485,0.7553,4.00,1.00
2010.08.12 06:56:34.867,0.75475,0.7553,2.50,3.30
2010.08.12 06:56:35.157,0.7548,0.75525,2.40,1.00
2010.08.12 06:56:36.093,0.7548,0.7553,2.40,3.30
2010.08.12 06:56:36.314,0.7548,0.75525,2.40,1.00
2010.08.12 06:56:36.563,0.7548,0.75525,2.40,2.50
2010.08.12 06:56:36.813,0.75475,0.7552,2.40,1.00
2010.08.12 06:56:37.363,0.75475,0.75525,2.40,4.80
2010.08.12 06:56:37.680,0.75475,0.7552,2.40,1.00
2010.08.12 06:56:38.952,0.7548,0.7552,2.40,1.00
2010.08.12 06:56:39.152,0.7548,0.75525,2.40,1.00
2010.08.12 06:56:40.594,0.7548,0.75525,2.40,1.00
2010.08.12 06:56:42.165,0.7548,0.75525,2.40,1.00
2010.08.12 06:56:42.553,0.7548,0.7552,2.40,1.00
2010.08.12 06:56:44.282,0.75475,0.75525,1.00,1.60
2010.08.12 06:56:44.411,0.75475,0.75525,2.40,4.00
2010.08.12 06:56:44.541,0.75475,0.75525,2.40,4.80
2010.08.12 06:56:45.167,0.75475,0.75525,2.40,4.80
2010.08.12 06:56:45.408,0.75475,0.7552,2.40,1.00
2010.08.12 06:56:45.714,0.75475,0.75515,2.40,1.00
2010.08.12 06:56:45.952,0.75475,0.75515,2.40,1.00
2010.08.12 06:56:46.181,0.7547,0.75515,2.40,1.00
2010.08.12 06:56:47.267,0.7547,0.75515,2.40,1.00
2010.08.12 06:56:47.325,0.7546,0.75505,2.40,2.80
2010.08.12 06:56:47.549,0.7546,0.75505,2.40,1.20
2010.08.12 06:56:48.644,0.75465,0.7551,2.40,1.00
2010.08.12 06:56:49.262,0.75465,0.7551,4.00,1.00
2010.08.12 06:56:49.572,0.75465,0.7551,4.00,1.00
2010.08.12 06:56:50.383,0.75465,0.75505,4.00,1.00
2010.08.12 06:56:50.652,0.75465,0.7551,4.10,1.00
2010.08.12 06:56:52.274,0.75465,0.75505,4.10,1.00
2010.08.12 06:56:52.433,0.75465,0.7551,4.10,1.00
2010.08.12 06:56:52.864,0.75465,0.75505,4.10,1.00
2010.08.12 06:56:58.624,0.75465,0.7551,4.10,1.00
2010.08.12 06:56:59.702,0.75465,0.75505,4.00,1.00
2010.08.12 06:57:00.836,0.75465,0.7551,4.00,1.00
2010.08.12 06:57:01.686,0.7547,0.75505,4.80,1.00
2010.08.12 06:57:01.742,0.7547,0.75505,4.00,1.00
2010.08.12 06:57:01.792,0.7547,0.75505,1.60,1.00
2010.08.12 06:57:01.842,0.75465,0.75505,4.90,1.00
2010.08.12 06:57:03.504,0.75465,0.75505,4.10,1.00
2010.08.12 06:57:03.773,0.75465,0.75505,4.90,1.00
2010.08.12 06:57:03.957,0.75465,0.75505,4.80,1.00
2010.08.12 06:57:06.903,0.7547,0.75505,2.40,1.00
2010.08.12 06:57:07.395,0.75465,0.75505,4.10,1.00
2010.08.12 06:57:07.662,0.75465,0.75505,4.80,1.00
2010.08.12 06:57:08.545,0.75465,0.75505,4.90,1.00
2010.08.12 06:57:10.552,0.75465,0.755,4.80,1.00
2010.08.12 06:57:11.759,0.75465,0.755,4.80,1.00
2010.08.12 06:57:11.939,0.75465,0.755,4.80,1.00
2010.08.12 06:57:13.974,0.7545,0.75485,2.00,1.00
2010.08.12 06:57:14.173,0.75445,0.75485,2.40,1.00
2010.08.12 06:57:14.364,0.75445,0.7549,2.40,1.00
2010.08.12 06:57:14.564,0.75445,0.75485,2.40,1.00
2010.08.12 06:57:15.077,0.75445,0.7549,2.40,1.00
2010.08.12 06:57:15.274,0.75445,0.75485,2.40,1.00
2010.08.12 06:57:15.882,0.75445,0.75485,2.40,1.00
2010.08.12 06:57:16.662,0.7544,0.75485,2.90,1.00
2010.08.12 06:57:16.935,0.7544,0.7548,1.00,1.00
2010.08.12 06:57:17.215,0.7544,0.7548,1.00,1.00
2010.08.12 06:57:18.017,0.7544,0.7548,2.80,1.00
2010.08.12 06:57:18.293,0.7544,0.75485,2.90,2.50
2010.08.12 06:57:19.078,0.7545,0.7549,4.00,1.20
2010.08.12 06:57:19.375,0.7545,0.75495,2.40,1.00
2010.08.12 06:57:19.779,0.7545,0.7549,2.50,1.00
2010.08.12 06:57:20.658,0.7545,0.75485,2.40,1.60
2010.08.12 06:57:20.814,0.7545,0.75495,3.20,1.00
2010.08.12 06:57:21.132,0.7545,0.75495,2.80,1.00
2010.08.12 06:57:21.293,0.7545,0.7549,2.80,1.00
2010.08.12 06:57:21.913,0.7545,0.75495,2.50,1.00
2010.08.12 06:57:22.355,0.7545,0.75495,2.40,1.00
2010.08.12 06:57:22.673,0.7545,0.7549,4.80,1.00
2010.08.12 06:57:23.346,0.7545,0.75495,3.20,1.00
2010.08.12 06:57:23.615,0.7545,0.7549,2.80,1.00
2010.08.12 06:57:23.883,0.7545,0.7549,2.80,1.00
2010.08.12 06:57:24.133,0.7545,0.7549,1.00,1.00
2010.08.12 06:57:24.880,0.75445,0.7549,3.30,1.00
2010.08.12 06:57:25.174,0.75445,0.7549,3.30,1.00
2010.08.12 06:57:26.496,0.75445,0.75485,3.20,1.00
2010.08.12 06:57:26.682,0.75445,0.7549,3.30,1.00
2010.08.12 06:57:27.812,0.75445,0.7549,3.20,1.00
2010.08.12 06:57:28.043,0.75445,0.75485,1.00,1.00
2010.08.12 06:57:28.282,0.75445,0.75485,1.00,1.00
2010.08.12 06:57:29.273,0.75445,0.7548,1.00,1.00
2010.08.12 06:57:29.556,0.75445,0.75485,1.00,1.00
2010.08.12 06:57:29.835,0.75445,0.75485,1.00,1.00
2010.08.12 06:57:30.072,0.75445,0.75485,1.00,1.00
2010.08.12 06:57:30.362,0.75445,0.75485,1.00,1.00
2010.08.12 06:57:30.876,0.75445,0.75485,1.00,1.00
2010.08.12 06:57:31.166,0.75445,0.75485,4.80,1.00
2010.08.12 06:57:32.248,0.75445,0.75485,4.90,1.00
2010.08.12 06:57:33.027,0.75445,0.75485,4.80,1.00
2010.08.12 06:57:35.084,0.75445,0.7549,4.90,1.00
2010.08.12 06:57:35.896,0.75445,0.75485,4.90,1.00
2010.08.12 06:57:37.682,0.75445,0.75485,6.10,1.00
2010.08.12 06:57:39.383,0.7545,0.7549,1.00,1.00
2010.08.12 06:57:39.513,0.7545,0.7549,4.10,1.00
2010.08.12 06:57:41.347,0.7545,0.75495,4.00,1.60
2010.08.12 06:57:41.623,0.75455,0.7549,1.00,1.00
2010.08.12 06:57:42.444,0.7545,0.75495,4.90,1.70
2010.08.12 06:57:42.663,0.7545,0.7549,4.80,1.00
2010.08.12 06:57:43.210,0.7545,0.7549,2.40,1.00
2010.08.12 06:57:43.337,0.7545,0.75485,1.00,1.00
2010.08.12 06:57:44.664,0.75455,0.75495,1.00,1.00
2010.08.12 06:57:45.335,0.75455,0.755,1.00,4.90
2010.08.12 06:57:46.047,0.75465,0.755,2.40,1.00
2010.08.12 06:57:46.496,0.75465,0.75505,2.40,1.00
2010.08.12 06:57:46.787,0.75465,0.75505,4.80,1.00
2010.08.12 06:57:47.544,0.75465,0.75505,3.20,1.00
2010.08.12 06:57:47.792,0.75465,0.7551,2.50,1.00
2010.08.12 06:57:48.774,0.7547,0.7551,2.50,1.00
2010.08.12 06:57:49.113,0.7547,0.7551,2.40,1.00
2010.08.12 06:57:49.453,0.75465,0.7551,2.40,1.00
2010.08.12 06:57:50.005,0.7547,0.7551,1.00,1.00
2010.08.12 06:57:50.369,0.75455,0.755,4.10,1.00
2010.08.12 06:57:50.715,0.7545,0.755,2.50,3.30
2010.08.12 06:57:50.934,0.75455,0.755,1.60,3.30
2010.08.12 06:57:51.617,0.7546,0.755,2.50,1.00
2010.08.12 06:57:51.850,0.7546,0.75495,2.50,1.00
2010.08.12 06:57:52.097,0.7546,0.755,4.80,1.00
2010.08.12 06:57:52.832,0.75465,0.75495,2.40,1.00
2010.08.12 06:57:53.073,0.75455,0.75485,4.80,1.00
2010.08.12 06:57:53.689,0.75455,0.7549,4.80,1.00
2010.08.12 06:57:53.965,0.7546,0.7549,3.20,1.00
2010.08.12 06:57:54.273,0.7546,0.7549,3.20,1.00
2010.08.12 06:57:58.217,0.7546,0.75495,3.20,1.00
2010.08.12 06:57:58.432,0.75455,0.7549,2.40,1.00
2010.08.12 06:57:58.634,0.7546,0.75495,1.00,1.00
2010.08.12 06:57:59.374,0.75455,0.755,4.00,2.40
2010.08.12 06:57:59.582,0.75455,0.755,2.40,4.00
2010.08.12 06:58:00.144,0.75455,0.755,2.40,1.60
2010.08.12 06:58:00.485,0.7546,0.755,3.20,1.00
2010.08.12 06:58:01.667,0.75465,0.75505,2.50,1.00
2010.08.12 06:58:01.983,0.7547,0.7551,2.40,1.00
2010.08.12 06:58:02.304,0.75465,0.75505,2.50,1.00
2010.08.12 06:58:03.133,0.75465,0.755,2.40,1.00
2010.08.12 06:58:03.611,0.7546,0.755,3.20,1.00
2010.08.12 06:58:05.902,0.7546,0.75505,3.20,1.00
2010.08.12 06:58:06.172,0.7546,0.75505,3.20,1.00
2010.08.12 06:58:06.443,0.75475,0.7551,1.00,1.00
2010.08.12 06:58:07.081,0.75475,0.75505,1.00,1.00
2010.08.12 06:58:07.323,0.75475,0.75505,1.00,1.00
2010.08.12 06:58:07.866,0.75475,0.755,1.00,1.00
2010.08.12 06:58:08.564,0.75475,0.75505,1.00,1.00
2010.08.12 06:58:09.408,0.75475,0.755,1.00,1.00
2010.08.12 06:58:10.650,0.7547,0.755,4.80,1.00
2010.08.12 06:58:11.613,0.75465,0.75495,2.00,1.00
2010.08.12 06:58:12.267,0.7546,0.75495,2.40,1.00
2010.08.12 06:58:13.175,0.75455,0.75495,4.80,1.00
2010.08.12 06:58:13.516,0.75455,0.7549,4.80,1.00
2010.08.12 06:58:13.733,0.7546,0.7549,3.20,1.00
2010.08.12 06:58:13.953,0.7546,0.75495,3.20,1.00
2010.08.12 06:58:14.163,0.7546,0.7549,3.20,1.00
2010.08.12 06:58:14.993,0.75455,0.7549,3.20,1.00
2010.08.12 06:58:15.643,0.75455,0.75485,2.40,1.00
2010.08.12 06:58:16.405,0.75455,0.7549,4.00,1.00
2010.08.12 06:58:16.698,0.75465,0.75495,1.00,1.00
2010.08.12 06:58:16.923,0.75465,0.75495,1.00,1.00
2010.08.12 06:58:17.035,0.75465,0.7549,1.00,1.00
2010.08.12 06:58:17.143,0.75455,0.7549,2.40,1.00
2010.08.12 06:58:17.650,0.75455,0.7549,1.00,1.00
2010.08.12 06:58:17.862,0.75455,0.7549,1.00,1.70
2010.08.12 06:58:18.193,0.7545,0.75485,1.00,1.00
2010.08.12 06:58:19.236,0.75455,0.7549,1.00,1.00
2010.08.12 06:58:19.683,0.7546,0.75495,1.00,1.00
2010.08.12 06:58:20.544,0.7545,0.7549,1.00,1.60
2010.08.12 06:58:20.884,0.7546,0.7549,1.00,1.00
2010.08.12 06:58:21.529,0.7546,0.7549,3.20,1.00
2010.08.12 06:58:21.784,0.75465,0.75495,4.80,1.00
2010.08.12 06:58:22.043,0.75465,0.75505,4.80,1.00
2010.08.12 06:58:22.304,0.7547,0.75505,1.00,1.00
2010.08.12 06:58:23.063,0.7547,0.75505,3.20,1.00
2010.08.12 06:58:23.344,0.75475,0.7551,1.00,1.00
2010.08.12 06:58:24.214,0.75475,0.7551,1.00,1.00
2010.08.12 06:58:24.535,0.75475,0.7551,3.20,1.00
2010.08.12 06:58:25.580,0.7547,0.75505,3.20,1.00
2010.08.12 06:58:25.864,0.7547,0.755,3.20,1.00
2010.08.12 06:58:26.549,0.75465,0.75505,1.00,1.00
2010.08.12 06:58:26.754,0.75465,0.755,2.40,1.00
2010.08.12 06:58:26.963,0.7546,0.75495,2.40,1.00
2010.08.12 06:58:27.643,0.7546,0.755,2.40,1.00
2010.08.12 06:58:27.853,0.7546,0.75505,4.10,1.00
2010.08.12 06:58:28.835,0.7546,0.75505,4.40,1.00
2010.08.12 06:58:29.653,0.7546,0.75505,4.00,1.00
2010.08.12 06:58:29.931,0.7546,0.75505,1.60,4.10
2010.08.12 06:58:30.276,0.7546,0.75505,1.60,4.90
2010.08.12 06:58:31.116,0.7546,0.755,1.60,1.00
2010.08.12 06:58:31.918,0.7546,0.75495,1.60,1.00
2010.08.12 06:58:32.194,0.75455,0.7549,4.00,1.00
2010.08.12 06:58:32.483,0.7545,0.7549,4.40,1.00
2010.08.12 06:58:33.295,0.75465,0.755,1.60,1.00
2010.08.12 06:58:34.058,0.7546,0.75495,2.40,1.00
2010.08.12 06:58:34.303,0.7545,0.75495,2.50,1.00
2010.08.12 06:58:34.552,0.7545,0.755,4.10,4.90
2010.08.12 06:58:35.175,0.7545,0.75495,4.00,1.00
2010.08.12 06:58:35.521,0.7545,0.75495,4.10,1.00
2010.08.12 06:58:35.775,0.7545,0.7549,2.40,2.50
2010.08.12 06:58:36.028,0.7546,0.75495,1.60,2.40
2010.08.12 06:58:36.566,0.7546,0.75505,4.00,1.00
2010.08.12 06:58:36.845,0.7546,0.755,2.40,1.00
2010.08.12 06:58:37.588,0.7545,0.755,2.40,3.30
2010.08.12 06:58:37.913,0.7545,0.75495,2.40,1.00
2010.08.12 06:58:38.243,0.75455,0.75495,2.40,1.00
2010.08.12 06:58:38.574,0.75455,0.75495,2.40,1.00
2010.08.12 06:58:39.299,0.7545,0.7549,3.20,1.00
2010.08.12 06:58:40.135,0.75455,0.7549,1.60,1.00
2010.08.12 06:58:40.474,0.75455,0.75495,4.80,1.00
2010.08.12 06:58:40.813,0.75455,0.755,4.80,1.00
2010.08.12 06:58:41.152,0.75455,0.75495,4.80,1.00
2010.08.12 06:58:41.834,0.7546,0.75495,2.40,1.00
2010.08.12 06:58:42.165,0.75455,0.755,4.90,1.00
2010.08.12 06:58:42.377,0.75465,0.755,3.20,1.00
2010.08.12 06:58:42.927,0.75465,0.75505,3.20,1.70
2010.08.12 06:58:44.348,0.7547,0.75505,1.60,1.00
2010.08.12 06:58:44.518,0.75465,0.75505,2.80,1.70
2010.08.12 06:58:44.686,0.75465,0.75505,1.00,1.70
2010.08.12 06:58:45.326,0.75465,0.755,1.00,1.00
2010.08.12 06:58:45.666,0.75465,0.75505,2.40,1.00
2010.08.12 06:58:46.722,0.75465,0.755,2.40,1.00
2010.08.12 06:58:46.972,0.75465,0.75505,2.40,1.00
2010.08.12 06:58:48.355,0.75465,0.755,2.40,1.00
2010.08.12 06:58:49.137,0.75465,0.75505,2.40,1.00
2010.08.12 06:58:49.401,0.75465,0.75505,3.20,1.60
2010.08.12 06:58:50.100,0.75465,0.75505,3.20,1.60
2010.08.12 06:58:50.423,0.75465,0.75505,1.00,1.60
2010.08.12 06:58:50.762,0.75465,0.75505,1.00,1.70
2010.08.12 06:58:54.935,0.75465,0.75505,2.50,1.60
2010.08.12 06:58:55.123,0.75465,0.75505,2.50,1.70
2010.08.12 06:58:56.823,0.7547,0.7551,2.40,1.60
2010.08.12 06:58:57.490,0.75475,0.7551,4.00,1.00
2010.08.12 06:58:57.746,0.7547,0.75515,2.40,1.00
2010.08.12 06:58:57.992,0.7547,0.75515,2.40,1.00
2010.08.12 06:58:58.866,0.7547,0.75515,2.40,1.00
2010.08.12 06:59:00.222,0.7547,0.75515,2.40,1.00
2010.08.12 06:59:00.763,0.7547,0.75515,2.40,1.00
2010.08.12 06:59:01.488,0.75475,0.75515,2.40,1.00
2010.08.12 06:59:01.783,0.75475,0.75515,2.40,1.00
2010.08.12 06:59:02.082,0.7547,0.75515,1.00,2.40
2010.08.12 06:59:02.847,0.75465,0.75515,6.10,2.50
2010.08.12 06:59:03.073,0.75475,0.75515,2.40,1.00
2010.08.12 06:59:03.285,0.7547,0.75515,2.50,1.00
2010.08.12 06:59:04.242,0.7547,0.75515,2.40,1.00
2010.08.12 06:59:04.584,0.75475,0.75515,2.40,1.00
2010.08.12 06:59:05.410,0.75475,0.7551,2.40,1.00
2010.08.12 06:59:05.752,0.75475,0.7551,2.40,1.00
2010.08.12 06:59:06.093,0.75465,0.75515,2.80,1.00
2010.08.12 06:59:07.003,0.75465,0.75515,2.80,1.00
2010.08.12 06:59:07.463,0.75465,0.7551,2.90,1.00
2010.08.12 06:59:07.732,0.75465,0.75505,2.80,1.00
2010.08.12 06:59:08.514,0.75465,0.7551,1.00,2.40
2010.08.12 06:59:09.906,0.75465,0.75505,1.00,1.00
2010.08.12 06:59:10.056,0.7547,0.7551,1.00,1.00
2010.08.12 06:59:10.202,0.7547,0.7551,2.50,1.00
2010.08.12 06:59:11.493,0.75465,0.75505,2.80,1.00
2010.08.12 06:59:11.833,0.7546,0.75505,2.50,2.10
2010.08.12 06:59:12.823,0.7546,0.75505,2.40,2.00
2010.08.12 06:59:12.993,0.75455,0.755,2.10,2.40
2010.08.12 06:59:13.162,0.75455,0.755,4.50,1.00
2010.08.12 06:59:13.332,0.75455,0.755,2.90,2.50
2010.08.12 06:59:13.977,0.75455,0.755,2.80,2.40
2010.08.12 06:59:14.412,0.7546,0.755,2.40,1.70
2010.08.12 06:59:14.715,0.75455,0.755,2.90,2.40
2010.08.12 06:59:14.938,0.75455,0.755,2.90,2.50
2010.08.12 06:59:15.427,0.7546,0.755,1.00,2.40
2010.08.12 06:59:17.724,0.7545,0.7549,2.90,1.60
2010.08.12 06:59:18.615,0.7545,0.7549,2.80,1.60
2010.08.12 06:59:19.233,0.7545,0.7549,2.80,1.70
2010.08.12 06:59:19.418,0.7545,0.7549,4.00,1.00
2010.08.12 06:59:19.574,0.7544,0.75485,2.50,1.00
2010.08.12 06:59:19.733,0.75445,0.7549,4.00,2.50
2010.08.12 06:59:20.889,0.75445,0.75485,4.00,1.00
2010.08.12 06:59:23.412,0.75445,0.7548,4.00,1.00
2010.08.12 06:59:23.591,0.75445,0.7548,2.40,1.00
2010.08.12 06:59:24.374,0.7545,0.7549,1.20,1.60
2010.08.12 06:59:24.805,0.7545,0.7549,1.20,1.70
2010.08.12 06:59:25.042,0.7545,0.7549,3.60,1.60
2010.08.12 06:59:25.272,0.7545,0.7549,3.20,1.60
2010.08.12 06:59:26.102,0.7545,0.7549,3.20,1.70
2010.08.12 06:59:26.423,0.75465,0.75495,2.40,1.00
2010.08.12 06:59:26.623,0.75465,0.75505,3.20,1.00
2010.08.12 06:59:27.138,0.75465,0.75505,1.00,1.00
2010.08.12 06:59:27.324,0.7546,0.75505,3.20,1.00
2010.08.12 06:59:27.523,0.75465,0.75505,1.00,1.00
2010.08.12 06:59:27.724,0.7546,0.755,3.20,1.00
2010.08.12 06:59:28.261,0.7546,0.755,2.50,1.00
2010.08.12 06:59:28.455,0.7546,0.75505,1.00,3.20
2010.08.12 06:59:28.797,0.75455,0.75495,1.00,1.00
2010.08.12 06:59:29.136,0.7546,0.75505,1.00,2.90
2010.08.12 06:59:29.964,0.7546,0.75505,1.00,3.30
2010.08.12 06:59:31.715,0.7546,0.755,1.00,1.00
2010.08.12 06:59:32.570,0.7546,0.75505,1.00,3.30
2010.08.12 06:59:33.303,0.75465,0.75505,1.00,1.00
2010.08.12 06:59:33.403,0.75465,0.75505,1.00,1.00
2010.08.12 06:59:34.120,0.75465,0.7551,1.00,1.00
2010.08.12 06:59:36.363,0.75465,0.75505,1.00,1.00
2010.08.12 06:59:36.602,0.7546,0.75505,2.70,1.00
2010.08.12 06:59:37.315,0.75465,0.75505,1.00,1.00
2010.08.12 06:59:38.355,0.7546,0.755,2.70,1.00
2010.08.12 06:59:38.632,0.75455,0.755,1.00,4.80
2010.08.12 06:59:39.269,0.75455,0.755,1.00,4.00
2010.08.12 06:59:39.841,0.75455,0.755,1.00,4.80
2010.08.12 06:59:40.134,0.7546,0.755,1.00,1.60
2010.08.12 06:59:40.723,0.7546,0.755,1.00,1.60
2010.08.12 06:59:41.012,0.7546,0.755,1.00,1.60
2010.08.12 06:59:41.934,0.7546,0.755,1.00,1.60
2010.08.12 06:59:42.133,0.7546,0.75505,2.70,1.00
2010.08.12 06:59:42.364,0.7546,0.755,2.50,1.60
2010.08.12 06:59:42.889,0.7546,0.755,1.00,1.60
2010.08.12 06:59:44.403,0.7546,0.755,1.00,1.70
2010.08.12 06:59:44.983,0.7546,0.75495,1.00,1.60
2010.08.12 06:59:45.744,0.75455,0.75495,1.00,1.60
2010.08.12 06:59:46.013,0.7546,0.75495,1.00,1.60
2010.08.12 06:59:46.283,0.75455,0.75495,1.00,1.70
2010.08.12 06:59:46.786,0.75455,0.75495,1.00,2.50
2010.08.12 06:59:47.055,0.7545,0.75485,1.00,1.60
2010.08.12 06:59:47.323,0.7545,0.75485,1.00,1.60
2010.08.12 06:59:49.694,0.75445,0.7548,1.00,1.00
2010.08.12 06:59:50.001,0.75435,0.7548,2.50,4.80
2010.08.12 06:59:50.753,0.75435,0.7548,2.40,4.80
2010.08.12 06:59:51.075,0.75435,0.7548,1.60,4.80
2010.08.12 06:59:52.192,0.75435,0.75475,1.60,1.00
2010.08.12 06:59:52.484,0.75435,0.75475,1.60,2.90
2010.08.12 06:59:52.875,0.75435,0.7547,1.60,1.00
2010.08.12 06:59:53.587,0.75435,0.7547,1.60,1.00
2010.08.12 06:59:53.847,0.75425,0.7547,2.00,1.00
2010.08.12 06:59:54.593,0.75425,0.7546,1.60,1.00
2010.08.12 06:59:54.897,0.75415,0.7546,4.00,1.00
2010.08.12 06:59:55.373,0.75415,0.75455,4.00,1.00
2010.08.12 06:59:55.672,0.7542,0.7546,1.00,1.00
2010.08.12 06:59:56.503,0.75405,0.75455,4.10,3.30
2010.08.12 06:59:56.841,0.7541,0.75455,2.40,1.00
2010.08.12 06:59:57.644,0.75425,0.75465,1.60,1.00
2010.08.12 06:59:57.804,0.75415,0.7546,1.00,4.80
2010.08.12 06:59:58.453,0.75415,0.75465,2.50,4.90
2010.08.12 06:59:58.762,0.75415,0.7546,2.50,1.00
2010.08.12 06:59:59.063,0.75415,0.75455,2.40,1.60
2010.08.12 06:59:59.875,0.7541,0.75455,2.50,1.00
