2010.08.19 19:00:03.459,0.7296,0.73005,1.00,3.20
2010.08.19 19:00:03.938,0.72955,0.73005,3.30,3.20
2010.08.19 19:00:04.825,0.7296,0.73005,1.00,3.20
2010.08.19 19:00:06.377,0.72965,0.73005,1.00,3.20
2010.08.19 19:00:06.714,0.72965,0.73005,1.00,3.20
2010.08.19 19:00:08.174,0.72965,0.73005,1.00,3.20
2010.08.19 19:00:08.415,0.72965,0.73015,2.40,2.40
2010.08.19 19:00:09.190,0.72965,0.73015,2.40,2.40
2010.08.19 19:00:09.423,0.7297,0.73015,1.00,2.40
2010.08.19 19:00:09.685,0.7297,0.73015,1.00,2.40
2010.08.19 19:00:11.996,0.72965,0.73015,2.50,2.40
2010.08.19 19:00:12.313,0.72965,0.73015,1.00,2.40
2010.08.19 19:00:13.194,0.72965,0.7302,1.00,1.60
2010.08.19 19:00:14.145,0.72965,0.7302,1.00,2.40
2010.08.19 19:00:15.414,0.72965,0.7302,1.00,2.50
2010.08.19 19:00:17.284,0.7297,0.7302,1.00,2.40
2010.08.19 19:00:19.908,0.7297,0.7301,1.00,2.40
2010.08.19 19:00:20.135,0.72955,0.73005,1.70,3.20
2010.08.19 19:00:20.365,0.7296,0.73005,1.00,1.00
2010.08.19 19:00:20.605,0.72965,0.73005,1.00,1.00
2010.08.19 19:00:20.846,0.7296,0.7301,1.00,3.20
2010.08.19 19:00:21.416,0.7296,0.7301,1.00,1.00
2010.08.19 19:00:22.206,0.7295,0.7301,1.00,1.00
2010.08.19 19:00:22.815,0.72945,0.7301,1.00,1.00
2010.08.19 19:00:23.094,0.72945,0.7301,3.30,1.00
2010.08.19 19:00:23.374,0.72945,0.7301,1.00,1.00
2010.08.19 19:00:23.674,0.72945,0.7301,3.20,1.00
2010.08.19 19:00:24.344,0.7294,0.7301,1.00,1.00
2010.08.19 19:00:25.703,0.7294,0.7301,1.00,1.60
2010.08.19 19:00:27.424,0.72945,0.7301,3.20,2.00
2010.08.19 19:00:27.624,0.72945,0.7301,3.20,1.60
2010.08.19 19:00:28.411,0.72945,0.7301,1.00,2.00
2010.08.19 19:00:28.585,0.72945,0.7301,1.00,1.20
2010.08.19 19:00:28.824,0.72945,0.7301,3.20,1.20
2010.08.19 19:00:29.584,0.72945,0.7301,3.20,1.70
2010.08.19 19:00:30.335,0.72945,0.7301,1.00,1.20
2010.08.19 19:00:30.544,0.72945,0.7301,1.00,1.60
2010.08.19 19:00:30.753,0.72945,0.7301,3.30,1.60
2010.08.19 19:00:31.064,0.72945,0.7301,2.50,1.60
2010.08.19 19:00:31.373,0.72945,0.7301,3.30,1.60
2010.08.19 19:00:31.979,0.72945,0.7301,3.20,1.60
2010.08.19 19:00:32.316,0.72935,0.73005,3.20,1.00
2010.08.19 19:00:32.657,0.72935,0.73,1.00,1.00
2010.08.19 19:00:33.230,0.7292,0.7298,1.00,1.00
2010.08.19 19:00:33.486,0.72925,0.7298,1.00,1.00
2010.08.19 19:00:33.745,0.7292,0.7298,1.00,1.00
2010.08.19 19:00:35.824,0.72925,0.7298,1.00,1.00
2010.08.19 19:00:36.095,0.7292,0.7298,2.50,1.00
2010.08.19 19:00:36.367,0.7292,0.7298,1.60,1.00
2010.08.19 19:00:36.933,0.72925,0.7298,1.00,1.00
2010.08.19 19:00:37.196,0.72925,0.7298,1.00,1.00
2010.08.19 19:00:37.455,0.72925,0.7298,1.00,1.00
2010.08.19 19:00:37.715,0.72925,0.7298,1.00,1.00
2010.08.19 19:00:37.975,0.72925,0.7298,1.00,1.00
2010.08.19 19:00:38.334,0.72925,0.7298,1.00,1.00
2010.08.19 19:00:38.884,0.72925,0.7298,1.00,1.00
2010.08.19 19:00:39.064,0.7292,0.7298,1.70,1.00
2010.08.19 19:00:39.244,0.7292,0.7298,1.00,1.00
2010.08.19 19:00:39.544,0.72925,0.7298,1.00,1.00
2010.08.19 19:00:39.844,0.72925,0.7298,1.00,1.00
2010.08.19 19:00:40.388,0.7292,0.7298,2.50,1.00
2010.08.19 19:00:40.697,0.72925,0.7298,1.00,1.00
2010.08.19 19:00:40.965,0.72925,0.7298,1.00,1.00
2010.08.19 19:00:41.236,0.72925,0.7298,1.00,1.00
2010.08.19 19:00:41.505,0.72925,0.7298,1.00,1.00
2010.08.19 19:00:41.766,0.72925,0.7298,1.00,1.00
2010.08.19 19:00:42.026,0.72925,0.7298,1.00,1.00
2010.08.19 19:00:42.284,0.7293,0.72985,2.40,1.00
2010.08.19 19:00:42.756,0.72935,0.7299,4.80,1.00
2010.08.19 19:00:42.885,0.72935,0.7299,4.80,1.00
2010.08.19 19:00:43.017,0.72945,0.7299,1.60,1.00
2010.08.19 19:00:43.145,0.72945,0.72995,2.40,2.50
2010.08.19 19:00:43.277,0.7295,0.72995,1.00,1.70
2010.08.19 19:00:43.406,0.7295,0.73,1.00,2.80
2010.08.19 19:00:43.812,0.7295,0.73,3.20,1.00
2010.08.19 19:00:43.947,0.7295,0.73005,1.00,1.00
2010.08.19 19:00:45.683,0.7295,0.73005,1.00,1.00
2010.08.19 19:00:46.005,0.7295,0.73005,1.00,3.20
2010.08.19 19:00:46.685,0.7295,0.73,1.00,1.00
2010.08.19 19:00:47.025,0.72945,0.73,1.00,3.20
2010.08.19 19:00:47.417,0.7295,0.73,1.00,3.20
2010.08.19 19:00:47.721,0.7295,0.73,1.00,1.00
2010.08.19 19:00:48.016,0.72955,0.73,1.00,3.20
2010.08.19 19:00:48.315,0.7295,0.73,1.00,1.00
2010.08.19 19:00:48.695,0.7295,0.73,1.00,1.00
2010.08.19 19:00:49.267,0.7295,0.73,1.00,1.00
2010.08.19 19:00:49.465,0.7295,0.73,1.00,3.20
2010.08.19 19:00:49.805,0.7295,0.73,1.00,1.00
2010.08.19 19:00:50.146,0.72945,0.73,2.50,1.00
2010.08.19 19:00:50.799,0.7295,0.73,1.00,3.20
2010.08.19 19:00:51.314,0.7295,0.73,1.00,1.00
2010.08.19 19:00:52.405,0.72955,0.73,1.00,1.00
2010.08.19 19:00:53.428,0.7295,0.73,1.00,3.20
2010.08.19 19:00:53.515,0.7295,0.73,1.00,1.00
2010.08.19 19:00:53.604,0.7295,0.73,1.00,3.20
2010.08.19 19:00:53.764,0.7295,0.73,1.00,3.20
2010.08.19 19:00:53.924,0.7295,0.73,1.00,1.00
2010.08.19 19:00:54.249,0.7295,0.73,1.00,3.20
2010.08.19 19:00:54.680,0.7295,0.73,1.00,3.20
2010.08.19 19:00:54.953,0.7295,0.73,1.00,1.00
2010.08.19 19:00:55.216,0.7295,0.73,1.00,3.20
2010.08.19 19:00:55.616,0.7295,0.73,1.00,3.20
2010.08.19 19:00:55.886,0.7295,0.73,1.00,1.00
2010.08.19 19:00:56.227,0.72945,0.73,1.00,1.00
2010.08.19 19:00:57.092,0.7295,0.73,1.00,1.00
2010.08.19 19:00:57.443,0.72955,0.73005,1.00,4.90
2010.08.19 19:00:58.705,0.72945,0.73,1.00,1.00
2010.08.19 19:00:58.845,0.7294,0.73,4.10,1.00
2010.08.19 19:00:59.211,0.72955,0.73,2.40,1.00
2010.08.19 19:00:59.425,0.72955,0.73,2.40,1.00
2010.08.19 19:01:00.360,0.72955,0.73,2.40,1.00
2010.08.19 19:01:00.877,0.72955,0.73005,2.40,1.60
2010.08.19 19:01:01.253,0.72955,0.7301,2.40,1.00
2010.08.19 19:01:01.584,0.7296,0.7301,1.00,1.00
2010.08.19 19:01:03.474,0.7296,0.73005,1.00,1.00
2010.08.19 19:01:04.755,0.7296,0.7301,1.00,1.00
2010.08.19 19:01:08.230,0.7296,0.7301,1.00,1.00
2010.08.19 19:01:08.312,0.7296,0.7301,1.00,1.00
2010.08.19 19:01:08.731,0.7296,0.7301,1.00,1.00
2010.08.19 19:01:11.250,0.7296,0.73005,1.00,1.00
2010.08.19 19:01:13.774,0.72965,0.73005,1.60,1.00
2010.08.19 19:01:13.933,0.72965,0.73005,2.40,1.00
2010.08.19 19:01:15.127,0.72965,0.7301,2.40,1.00
2010.08.19 19:01:15.217,0.72965,0.73015,2.40,1.00
2010.08.19 19:01:17.156,0.72965,0.73015,4.80,1.00
2010.08.19 19:01:18.768,0.72965,0.73015,4.80,1.00
2010.08.19 19:01:22.205,0.72965,0.73015,4.80,1.00
2010.08.19 19:01:22.425,0.72965,0.73015,2.40,1.00
2010.08.19 19:01:22.874,0.72965,0.7301,2.40,1.00
2010.08.19 19:01:23.542,0.72965,0.7301,2.50,1.00
2010.08.19 19:01:23.966,0.72965,0.73015,2.50,1.00
2010.08.19 19:01:24.094,0.72965,0.7302,2.50,2.50
2010.08.19 19:01:24.214,0.72965,0.73015,2.50,1.00
2010.08.19 19:01:24.654,0.72975,0.73015,2.40,1.00
2010.08.19 19:01:27.163,0.72975,0.7302,2.40,1.00
2010.08.19 19:01:35.090,0.72975,0.73015,2.40,1.00
2010.08.19 19:01:35.516,0.72975,0.7302,2.40,1.00
2010.08.19 19:01:36.742,0.72975,0.7301,2.40,1.00
2010.08.19 19:01:36.969,0.72975,0.7301,2.40,1.00
2010.08.19 19:01:38.095,0.72975,0.73015,2.40,1.00
2010.08.19 19:01:39.636,0.72975,0.7301,2.40,1.00
2010.08.19 19:01:40.552,0.72975,0.73015,2.40,1.00
2010.08.19 19:01:41.254,0.72975,0.7301,2.40,1.00
2010.08.19 19:01:41.594,0.72975,0.7301,2.40,1.00
2010.08.19 19:01:41.934,0.72975,0.73015,2.40,1.00
2010.08.19 19:01:42.575,0.72975,0.7301,2.40,1.00
2010.08.19 19:01:42.896,0.72975,0.7301,2.40,1.00
2010.08.19 19:01:43.523,0.72975,0.7301,2.40,1.00
2010.08.19 19:01:47.916,0.72975,0.73015,2.40,1.00
2010.08.19 19:01:48.200,0.72975,0.73015,1.60,1.00
2010.08.19 19:01:48.484,0.72975,0.7301,1.60,1.00
2010.08.19 19:01:49.884,0.72975,0.73015,1.60,1.00
2010.08.19 19:01:51.215,0.72975,0.73015,2.40,1.00
2010.08.19 19:01:53.206,0.72975,0.7302,2.40,1.00
2010.08.19 19:01:54.930,0.72975,0.73015,2.40,1.00
2010.08.19 19:01:55.056,0.72975,0.7301,2.40,1.00
2010.08.19 19:01:55.506,0.72975,0.7301,1.60,1.00
2010.08.19 19:01:55.655,0.72965,0.7301,2.00,1.00
2010.08.19 19:01:55.803,0.72965,0.7301,2.80,1.00
2010.08.19 19:01:56.104,0.72965,0.73005,2.80,1.00
2010.08.19 19:01:57.184,0.72965,0.7301,2.80,1.00
2010.08.19 19:01:57.758,0.72965,0.73,2.80,1.00
2010.08.19 19:01:57.946,0.72965,0.73005,2.80,1.00
2010.08.19 19:01:58.783,0.72965,0.73005,2.40,1.00
2010.08.19 19:02:00.346,0.72945,0.7301,4.40,1.00
2010.08.19 19:02:00.515,0.72955,0.7301,4.00,1.00
2010.08.19 19:02:00.854,0.72955,0.73015,4.00,1.00
2010.08.19 19:02:01.344,0.7296,0.73015,1.00,1.00
2010.08.19 19:02:02.604,0.7296,0.7301,1.00,1.00
2010.08.19 19:02:02.934,0.7295,0.7301,2.80,1.00
2010.08.19 19:02:03.393,0.7295,0.7301,1.00,1.00
2010.08.19 19:02:06.402,0.72945,0.73005,3.60,1.00
2010.08.19 19:02:06.597,0.72945,0.7301,1.20,1.00
2010.08.19 19:02:07.276,0.7294,0.73005,2.50,1.00
2010.08.19 19:02:07.616,0.72945,0.73005,1.00,1.00
2010.08.19 19:02:07.734,0.72935,0.73005,2.90,1.00
2010.08.19 19:02:08.314,0.72935,0.73005,3.20,1.00
2010.08.19 19:02:08.555,0.72935,0.73,3.30,1.00
2010.08.19 19:02:09.706,0.72935,0.73,3.20,1.00
2010.08.19 19:02:10.586,0.72935,0.72995,3.20,1.00
2010.08.19 19:02:10.664,0.72935,0.73,3.30,1.00
2010.08.19 19:02:11.685,0.72935,0.73,3.20,1.00
2010.08.19 19:02:11.965,0.72945,0.7301,1.00,1.00
2010.08.19 19:02:13.126,0.72945,0.73015,1.00,1.70
2010.08.19 19:02:13.644,0.7294,0.73005,3.60,1.00
2010.08.19 19:02:13.904,0.72945,0.7301,1.00,1.00
2010.08.19 19:02:14.104,0.72945,0.7301,1.00,1.00
2010.08.19 19:02:14.205,0.7294,0.73005,2.80,1.00
2010.08.19 19:02:14.755,0.7294,0.73005,2.80,1.00
2010.08.19 19:02:15.149,0.7294,0.73005,2.80,1.00
2010.08.19 19:02:15.325,0.7294,0.73005,2.90,1.00
2010.08.19 19:02:15.514,0.7294,0.73005,2.80,1.00
2010.08.19 19:02:15.694,0.7294,0.7301,1.00,3.30
2010.08.19 19:02:15.874,0.7294,0.73005,2.90,1.00
2010.08.19 19:02:16.054,0.7294,0.73005,3.30,1.00
2010.08.19 19:02:16.510,0.7294,0.7301,3.30,1.70
2010.08.19 19:02:16.845,0.72945,0.7301,1.00,1.00
2010.08.19 19:02:17.319,0.7294,0.7301,3.70,1.00
2010.08.19 19:02:17.545,0.7294,0.73005,3.30,1.00
2010.08.19 19:02:17.984,0.7294,0.7301,3.30,1.70
2010.08.19 19:02:18.945,0.7294,0.73005,3.20,1.00
2010.08.19 19:02:19.113,0.7294,0.73005,3.30,1.00
2010.08.19 19:02:20.465,0.7294,0.73,3.20,1.00
2010.08.19 19:02:21.584,0.72935,0.73,3.30,1.00
2010.08.19 19:02:22.370,0.72935,0.72995,3.30,1.00
2010.08.19 19:02:25.124,0.72935,0.72995,4.90,1.00
2010.08.19 19:02:25.208,0.7294,0.7299,2.40,1.00
2010.08.19 19:02:25.294,0.72935,0.7299,4.80,1.00
2010.08.19 19:02:25.374,0.7294,0.7299,2.40,1.00
2010.08.19 19:02:25.533,0.7294,0.7299,3.20,1.00
2010.08.19 19:02:25.875,0.7294,0.72995,3.20,1.00
2010.08.19 19:02:33.356,0.7294,0.73,3.20,1.00
2010.08.19 19:02:33.827,0.7294,0.72995,3.20,1.00
2010.08.19 19:02:34.089,0.7294,0.73,2.80,1.00
2010.08.19 19:02:34.346,0.72935,0.7299,2.50,1.00
2010.08.19 19:02:34.606,0.72935,0.72985,1.00,2.40
2010.08.19 19:02:35.186,0.7293,0.72985,1.00,4.00
2010.08.19 19:02:37.534,0.72935,0.72985,1.00,4.10
2010.08.19 19:02:38.215,0.7293,0.7298,1.00,1.00
2010.08.19 19:02:39.959,0.7293,0.72975,1.00,1.00
2010.08.19 19:02:43.618,0.7293,0.7298,1.00,1.00
2010.08.19 19:02:43.836,0.72925,0.7298,2.90,1.00
2010.08.19 19:02:44.945,0.7292,0.72975,3.30,1.00
2010.08.19 19:02:45.392,0.7292,0.7298,1.00,3.30
2010.08.19 19:02:45.498,0.7292,0.72975,1.00,1.00
2010.08.19 19:02:45.693,0.7292,0.72975,3.20,1.00
2010.08.19 19:02:45.894,0.72925,0.72975,1.00,1.00
2010.08.19 19:02:46.416,0.72925,0.7298,1.00,1.00
2010.08.19 19:02:47.594,0.72925,0.7298,1.00,1.00
2010.08.19 19:02:49.466,0.72925,0.7298,1.00,1.00
2010.08.19 19:02:50.094,0.7293,0.7298,1.00,1.00
2010.08.19 19:02:50.395,0.7293,0.72985,1.00,3.30
2010.08.19 19:02:50.546,0.7293,0.72985,1.00,3.30
2010.08.19 19:02:51.012,0.72935,0.72985,2.40,1.00
2010.08.19 19:02:51.336,0.7294,0.72995,1.00,1.00
2010.08.19 19:02:51.836,0.7294,0.72995,1.00,1.00
2010.08.19 19:02:52.399,0.7294,0.7299,1.00,1.00
2010.08.19 19:02:52.759,0.7294,0.72995,1.00,1.00
2010.08.19 19:02:53.604,0.7294,0.7299,1.00,1.00
2010.08.19 19:03:01.576,0.7294,0.7299,1.00,1.00
2010.08.19 19:03:03.438,0.7294,0.7299,1.00,1.60
2010.08.19 19:03:03.509,0.7294,0.7299,1.00,2.40
2010.08.19 19:03:03.606,0.7294,0.7299,1.00,4.80
2010.08.19 19:03:03.721,0.7294,0.72985,1.00,1.00
2010.08.19 19:03:04.204,0.72935,0.72985,1.00,1.00
2010.08.19 19:03:07.148,0.72935,0.72985,1.00,1.00
2010.08.19 19:03:07.758,0.72935,0.72985,1.00,4.90
2010.08.19 19:03:08.224,0.72935,0.72985,1.00,1.00
2010.08.19 19:03:08.405,0.72935,0.72985,1.00,1.00
2010.08.19 19:03:09.193,0.7294,0.72985,1.00,1.00
2010.08.19 19:03:10.095,0.72935,0.72985,1.00,1.00
2010.08.19 19:03:11.584,0.7294,0.72985,1.00,1.00
2010.08.19 19:03:11.925,0.72935,0.7299,1.70,4.00
2010.08.19 19:03:12.114,0.72935,0.73,4.10,1.00
2010.08.19 19:03:13.726,0.72935,0.73,1.00,1.00
2010.08.19 19:03:13.945,0.72935,0.72995,1.00,1.00
2010.08.19 19:03:14.215,0.72935,0.72995,1.00,1.00
2010.08.19 19:03:14.591,0.72935,0.73,1.00,1.00
2010.08.19 19:03:14.872,0.7294,0.73,1.00,1.00
2010.08.19 19:03:15.807,0.7294,0.73,1.00,1.00
2010.08.19 19:03:16.170,0.7294,0.73,1.00,1.00
2010.08.19 19:03:17.354,0.72945,0.73,1.00,1.00
2010.08.19 19:03:19.424,0.7294,0.73,1.00,1.00
2010.08.19 19:03:21.365,0.72945,0.73,1.00,1.00
2010.08.19 19:03:21.896,0.7294,0.73,1.00,1.00
2010.08.19 19:03:25.020,0.7294,0.73,1.00,1.00
2010.08.19 19:03:26.301,0.7294,0.73,1.00,1.00
2010.08.19 19:03:27.558,0.7294,0.73,1.00,1.00
2010.08.19 19:03:27.734,0.72935,0.73,1.00,2.90
2010.08.19 19:03:27.904,0.72935,0.73,1.00,3.70
2010.08.19 19:03:28.094,0.72935,0.73,1.00,4.50
2010.08.19 19:03:29.604,0.72935,0.73,1.00,4.40
2010.08.19 19:03:29.695,0.72935,0.7299,1.00,1.00
2010.08.19 19:03:29.874,0.72935,0.7299,1.00,1.20
2010.08.19 19:03:30.054,0.7293,0.7299,1.00,1.20
2010.08.19 19:03:31.384,0.7293,0.7298,1.00,1.00
2010.08.19 19:03:42.465,0.72935,0.72985,1.00,1.00
2010.08.19 19:03:44.834,0.72935,0.7298,1.00,1.00
2010.08.19 19:03:45.585,0.7293,0.7298,1.00,1.00
2010.08.19 19:03:49.982,0.7293,0.72985,1.00,1.00
2010.08.19 19:03:50.610,0.7293,0.7298,1.00,1.00
2010.08.19 19:04:10.025,0.7293,0.7299,1.00,1.00
2010.08.19 19:04:11.276,0.7293,0.7299,1.00,1.00
2010.08.19 19:04:22.018,0.7293,0.72995,1.00,4.90
2010.08.19 19:04:22.664,0.7293,0.7299,1.00,1.00
2010.08.19 19:04:22.847,0.7293,0.72995,1.00,4.90
2010.08.19 19:04:22.914,0.7293,0.72995,1.00,4.50
2010.08.19 19:04:22.985,0.7293,0.72995,1.00,2.90
2010.08.19 19:04:23.054,0.7293,0.72995,1.00,1.00
2010.08.19 19:04:23.125,0.7293,0.7299,1.00,1.00
2010.08.19 19:04:33.484,0.72925,0.7299,3.30,1.00
2010.08.19 19:04:41.569,0.72925,0.72985,3.20,1.00
2010.08.19 19:04:42.408,0.72925,0.72985,3.20,2.50
2010.08.19 19:04:42.621,0.7293,0.7298,1.00,1.00
2010.08.19 19:04:44.634,0.7293,0.7298,1.00,1.00
2010.08.19 19:04:45.114,0.72925,0.7298,1.00,3.30
2010.08.19 19:04:45.294,0.72925,0.72975,1.00,2.40
2010.08.19 19:04:45.654,0.72925,0.72975,1.00,2.50
2010.08.19 19:04:46.417,0.7293,0.72975,1.00,2.40
2010.08.19 19:04:46.545,0.72925,0.72975,1.00,2.40
2010.08.19 19:04:47.077,0.7293,0.72975,1.00,2.40
2010.08.19 19:04:47.414,0.72925,0.72975,1.00,2.50
2010.08.19 19:04:47.928,0.72925,0.7297,1.00,1.00
2010.08.19 19:04:48.196,0.7292,0.72965,4.40,1.00
2010.08.19 19:04:48.465,0.72925,0.7297,1.00,1.00
2010.08.19 19:04:48.735,0.72925,0.7297,1.00,1.00
2010.08.19 19:04:49.207,0.72925,0.72975,1.00,2.50
2010.08.19 19:04:49.730,0.72925,0.72975,1.00,2.50
2010.08.19 19:04:51.564,0.72925,0.72975,1.00,2.50
2010.08.19 19:04:53.077,0.7293,0.72975,1.00,2.40
2010.08.19 19:04:53.865,0.72925,0.72975,1.00,2.50
2010.08.19 19:04:56.289,0.7293,0.72975,1.00,2.40
2010.08.19 19:05:04.206,0.72935,0.72975,1.00,2.40
2010.08.19 19:05:05.717,0.7293,0.72975,1.00,1.60
2010.08.19 19:05:05.995,0.7293,0.72975,1.00,1.60
2010.08.19 19:05:07.135,0.7293,0.72975,1.00,2.40
2010.08.19 19:05:08.201,0.7293,0.7296,1.00,1.00
2010.08.19 19:05:10.566,0.72925,0.7296,1.00,1.00
2010.08.19 19:05:11.214,0.7293,0.7296,1.00,1.00
2010.08.19 19:05:11.365,0.72925,0.7296,1.00,1.00
2010.08.19 19:05:11.515,0.7293,0.7296,1.00,1.00
2010.08.19 19:05:16.625,0.72925,0.7296,1.00,1.00
2010.08.19 19:05:18.559,0.7293,0.7296,1.00,1.00
2010.08.19 19:05:19.028,0.7293,0.72965,1.00,1.00
2010.08.19 19:05:22.107,0.72925,0.72965,1.00,1.00
2010.08.19 19:05:28.367,0.7293,0.72965,1.00,1.00
2010.08.19 19:05:28.782,0.72925,0.72965,1.00,1.00
2010.08.19 19:05:28.892,0.7293,0.72965,1.00,1.00
2010.08.19 19:05:31.725,0.7293,0.72965,1.00,1.00
2010.08.19 19:05:32.224,0.72935,0.72965,1.00,1.00
2010.08.19 19:05:33.300,0.7293,0.72965,1.00,1.00
2010.08.19 19:05:41.938,0.7293,0.7297,1.00,1.00
2010.08.19 19:05:42.467,0.7293,0.7297,1.00,1.00
2010.08.19 19:05:42.732,0.7293,0.7297,2.40,1.00
2010.08.19 19:05:42.988,0.7293,0.7297,2.40,1.00
2010.08.19 19:05:43.526,0.7293,0.7297,2.50,1.00
2010.08.19 19:05:44.066,0.7293,0.7297,2.40,1.00
2010.08.19 19:05:45.485,0.72935,0.7297,1.00,1.00
2010.08.19 19:05:48.715,0.72935,0.7297,3.20,1.00
2010.08.19 19:05:48.744,0.72935,0.72975,3.20,1.00
2010.08.19 19:05:48.776,0.72935,0.72975,4.80,1.00
2010.08.19 19:06:00.106,0.72935,0.72975,2.40,1.00
2010.08.19 19:06:00.135,0.72935,0.72975,1.00,1.00
2010.08.19 19:06:00.184,0.7293,0.72975,2.40,1.00
2010.08.19 19:06:02.014,0.72935,0.72975,1.00,1.00
2010.08.19 19:06:02.792,0.7293,0.72975,2.50,1.00
2010.08.19 19:06:06.189,0.72935,0.72975,1.00,1.00
2010.08.19 19:06:08.655,0.7294,0.72975,1.00,1.00
2010.08.19 19:06:09.835,0.72935,0.72975,2.40,1.00
2010.08.19 19:06:10.260,0.7294,0.72975,1.00,1.00
2010.08.19 19:06:10.598,0.7294,0.72975,1.00,1.00
2010.08.19 19:06:12.162,0.7294,0.72975,1.00,1.00
2010.08.19 19:06:12.515,0.7294,0.72975,2.40,1.00
2010.08.19 19:06:12.858,0.7294,0.7298,2.40,1.00
2010.08.19 19:06:13.557,0.7294,0.7298,2.50,1.00
2010.08.19 19:06:14.567,0.7294,0.7298,2.40,1.00
2010.08.19 19:06:15.286,0.7294,0.7298,2.50,1.00
2010.08.19 19:06:15.655,0.7294,0.7298,2.40,1.00
2010.08.19 19:06:16.034,0.7294,0.7298,2.40,1.00
2010.08.19 19:06:17.327,0.7294,0.7298,2.40,1.00
2010.08.19 19:06:19.116,0.7294,0.7298,2.50,1.00
2010.08.19 19:06:19.374,0.72935,0.7298,4.00,1.00
2010.08.19 19:06:19.625,0.72935,0.7298,2.50,1.00
2010.08.19 19:06:20.170,0.7294,0.7298,1.00,1.00
2010.08.19 19:06:24.956,0.7294,0.7298,1.00,1.00
2010.08.19 19:06:25.094,0.7294,0.7298,1.00,1.00
2010.08.19 19:06:26.430,0.7294,0.7298,1.00,1.00
2010.08.19 19:06:28.848,0.7294,0.7298,1.00,1.00
2010.08.19 19:06:30.286,0.7294,0.7298,1.00,1.00
2010.08.19 19:06:30.624,0.7294,0.7298,1.00,1.00
2010.08.19 19:06:35.807,0.7294,0.7298,1.00,1.00
2010.08.19 19:06:36.182,0.72935,0.7298,4.10,1.00
2010.08.19 19:06:36.233,0.7294,0.7298,2.40,1.00
2010.08.19 19:06:36.578,0.7294,0.7298,1.00,1.00
2010.08.19 19:06:52.864,0.72945,0.72985,1.00,1.00
2010.08.19 19:06:53.476,0.7294,0.72985,1.00,1.00
2010.08.19 19:06:53.776,0.72935,0.7298,4.00,1.00
2010.08.19 19:06:53.935,0.7294,0.7298,1.00,1.00
2010.08.19 19:06:55.419,0.7294,0.7298,1.00,1.00
2010.08.19 19:07:07.770,0.72945,0.7298,1.00,1.00
2010.08.19 19:07:07.936,0.7294,0.7298,1.00,1.00
2010.08.19 19:07:08.351,0.7294,0.7298,1.00,1.00
2010.08.19 19:07:08.517,0.7294,0.7298,1.00,1.00
2010.08.19 19:07:14.810,0.72945,0.7298,1.00,1.00
2010.08.19 19:07:15.360,0.7294,0.7298,1.00,1.00
2010.08.19 19:07:15.697,0.72945,0.7298,1.00,1.00
2010.08.19 19:07:18.026,0.72945,0.72985,1.00,1.00
2010.08.19 19:07:19.134,0.72945,0.7298,1.00,1.00
2010.08.19 19:07:19.789,0.7295,0.7298,1.00,1.00
2010.08.19 19:07:21.330,0.72945,0.7298,1.00,1.00
2010.08.19 19:07:22.297,0.72945,0.7298,1.00,2.00
2010.08.19 19:07:22.596,0.72945,0.7297,1.00,1.00
2010.08.19 19:07:25.030,0.7295,0.7297,1.00,1.00
2010.08.19 19:07:25.307,0.72945,0.7297,1.00,1.00
2010.08.19 19:07:25.812,0.72945,0.7297,1.00,1.00
2010.08.19 19:07:26.519,0.7294,0.7297,1.00,1.00
2010.08.19 19:07:35.317,0.72945,0.7297,1.00,1.00
2010.08.19 19:07:35.538,0.7294,0.7297,1.00,1.00
2010.08.19 19:07:53.466,0.72945,0.7297,1.00,1.00
2010.08.19 19:07:54.064,0.72945,0.7297,1.00,1.00
2010.08.19 19:08:14.765,0.7295,0.7297,1.00,1.00
2010.08.19 19:08:20.667,0.72955,0.7297,1.00,1.00
2010.08.19 19:08:21.023,0.7295,0.7297,1.00,1.00
2010.08.19 19:08:21.135,0.7295,0.7297,1.00,1.00
2010.08.19 19:08:22.667,0.72955,0.7297,1.00,1.00
2010.08.19 19:08:25.108,0.7295,0.7297,1.00,1.00
2010.08.19 19:08:28.747,0.72955,0.7297,1.00,1.00
2010.08.19 19:08:29.018,0.7295,0.7297,1.00,1.00
2010.08.19 19:08:29.094,0.72955,0.7297,1.00,1.00
2010.08.19 19:08:29.258,0.72955,0.7297,1.00,1.00
2010.08.19 19:08:29.907,0.72955,0.7297,1.00,1.00
2010.08.19 19:08:30.024,0.7295,0.7297,1.00,1.00
2010.08.19 19:08:37.617,0.7295,0.7299,1.00,1.00
2010.08.19 19:08:37.955,0.7295,0.7298,1.00,1.00
2010.08.19 19:08:38.284,0.72945,0.7298,1.00,1.00
2010.08.19 19:08:38.965,0.72945,0.7299,1.00,1.00
2010.08.19 19:08:39.275,0.7295,0.7299,2.40,1.00
2010.08.19 19:08:39.584,0.72945,0.72985,1.70,1.00
2010.08.19 19:08:40.204,0.72955,0.72985,2.40,1.00
2010.08.19 19:08:40.857,0.7296,0.73,1.00,1.00
2010.08.19 19:08:41.900,0.72955,0.73,3.20,1.00
2010.08.19 19:08:43.478,0.72955,0.73,3.30,1.00
2010.08.19 19:08:43.769,0.7296,0.73,1.60,1.00
2010.08.19 19:08:44.470,0.7296,0.73,1.60,1.00
2010.08.19 19:08:44.768,0.7296,0.73,1.70,1.00
2010.08.19 19:08:45.908,0.7296,0.73,1.60,1.00
2010.08.19 19:08:46.079,0.72955,0.73,3.30,1.00
2010.08.19 19:08:46.265,0.72955,0.73,3.20,1.00
2010.08.19 19:08:46.976,0.7296,0.73,1.00,1.00
2010.08.19 19:08:47.637,0.7296,0.73,1.00,1.00
2010.08.19 19:08:47.974,0.7296,0.73,1.00,1.00
2010.08.19 19:08:50.090,0.72955,0.73,3.30,1.00
2010.08.19 19:08:50.648,0.72955,0.73,1.00,1.00
2010.08.19 19:08:50.687,0.72955,0.73,1.00,1.00
2010.08.19 19:08:51.584,0.72955,0.73,3.30,1.00
2010.08.19 19:08:59.319,0.7296,0.72995,1.00,1.00
2010.08.19 19:09:00.456,0.72955,0.72995,1.00,1.00
2010.08.19 19:09:04.834,0.7296,0.72995,1.00,1.00
2010.08.19 19:09:09.965,0.72955,0.72995,1.70,1.00
2010.08.19 19:09:10.706,0.72955,0.72995,1.60,1.00
2010.08.19 19:09:10.825,0.7296,0.73,1.00,1.00
2010.08.19 19:09:11.026,0.72965,0.73,1.60,1.00
2010.08.19 19:09:11.225,0.7296,0.73,3.20,1.00
2010.08.19 19:09:12.136,0.7296,0.73,1.00,1.00
2010.08.19 19:09:12.398,0.7296,0.73,2.40,1.00
2010.08.19 19:09:12.656,0.7296,0.73,3.20,1.00
2010.08.19 19:09:13.567,0.7296,0.73,3.20,1.00
2010.08.19 19:09:14.309,0.7296,0.73,3.20,1.00
2010.08.19 19:09:15.609,0.7296,0.73,1.00,1.00
2010.08.19 19:09:15.671,0.72945,0.7299,2.40,1.00
2010.08.19 19:09:15.747,0.7294,0.7299,1.70,1.00
2010.08.19 19:09:15.989,0.72945,0.7299,1.00,1.00
2010.08.19 19:09:22.626,0.7294,0.7299,1.00,1.00
2010.08.19 19:09:22.916,0.72945,0.7299,1.00,1.00
2010.08.19 19:09:23.596,0.7294,0.72975,1.00,1.00
2010.08.19 19:09:24.186,0.7294,0.72975,1.00,1.00
2010.08.19 19:09:24.397,0.72935,0.72975,4.10,1.00
2010.08.19 19:09:24.737,0.7294,0.72975,1.00,1.00
2010.08.19 19:09:25.399,0.72935,0.72975,4.10,1.00
2010.08.19 19:09:25.636,0.72935,0.72975,1.70,1.00
2010.08.19 19:09:25.876,0.7294,0.7297,1.00,1.00
2010.08.19 19:09:26.413,0.72945,0.7297,1.00,1.00
2010.08.19 19:09:26.587,0.7294,0.7297,1.00,1.00
2010.08.19 19:09:31.718,0.72935,0.7297,1.00,1.00
2010.08.19 19:09:32.396,0.7294,0.7297,1.00,1.00
2010.08.19 19:09:32.622,0.7294,0.7296,1.00,1.00
2010.08.19 19:09:33.372,0.72935,0.7296,1.00,1.00
2010.08.19 19:09:49.008,0.7293,0.7296,1.00,1.00
2010.08.19 19:09:49.285,0.7293,0.7297,1.00,1.00
2010.08.19 19:09:49.364,0.7293,0.7297,2.50,1.00
2010.08.19 19:09:50.329,0.72935,0.7297,1.00,1.00
2010.08.19 19:09:55.385,0.7294,0.7297,1.00,1.00
2010.08.19 19:09:56.165,0.7294,0.7297,1.00,1.00
2010.08.19 19:09:56.255,0.7294,0.7297,2.50,1.00
2010.08.19 19:09:57.354,0.72945,0.7297,1.00,1.00
2010.08.19 19:10:00.586,0.7294,0.7297,2.50,1.00
2010.08.19 19:10:01.314,0.72945,0.7297,1.00,1.00
2010.08.19 19:10:05.610,0.72945,0.72975,1.00,1.00
2010.08.19 19:11:05.285,0.72945,0.72975,1.00,1.00
2010.08.19 19:11:15.817,0.72945,0.72975,1.00,1.00
2010.08.19 19:11:24.553,0.72945,0.7298,1.00,1.00
2010.08.19 19:11:28.176,0.72945,0.7298,1.00,1.00
2010.08.19 19:11:29.320,0.72945,0.7298,1.00,1.00
2010.08.19 19:11:31.336,0.72945,0.7298,1.00,1.00
2010.08.19 19:11:31.529,0.72945,0.7298,1.00,1.00
2010.08.19 19:11:36.895,0.7294,0.7298,1.00,1.00
2010.08.19 19:11:37.103,0.7294,0.72975,1.00,1.00
2010.08.19 19:11:37.373,0.7294,0.72975,1.00,1.00
2010.08.19 19:11:38.348,0.7294,0.72975,1.00,1.00
2010.08.19 19:11:39.826,0.7294,0.72975,1.00,1.00
2010.08.19 19:11:43.147,0.7294,0.72975,1.00,1.00
2010.08.19 19:11:43.297,0.7294,0.72975,1.00,1.00
2010.08.19 19:11:50.782,0.7294,0.72975,1.00,1.00
2010.08.19 19:12:00.377,0.72945,0.72975,1.00,1.00
2010.08.19 19:12:00.497,0.7294,0.72975,1.00,1.00
2010.08.19 19:12:01.478,0.72945,0.72975,1.00,1.00
2010.08.19 19:12:02.302,0.7294,0.72975,1.00,1.00
2010.08.19 19:12:05.162,0.72945,0.72975,1.00,1.00
2010.08.19 19:12:06.482,0.7294,0.72975,1.00,1.00
2010.08.19 19:12:12.145,0.7294,0.72975,1.00,1.00
2010.08.19 19:12:12.819,0.7294,0.72975,1.00,1.00
2010.08.19 19:12:20.617,0.72945,0.72975,1.00,1.00
2010.08.19 19:12:22.161,0.7294,0.72975,1.00,1.00
2010.08.19 19:12:26.086,0.7294,0.72975,1.00,1.00
2010.08.19 19:12:26.590,0.72945,0.72975,1.00,1.00
2010.08.19 19:12:34.017,0.72945,0.72975,1.00,1.00
2010.08.19 19:12:54.703,0.72945,0.72975,1.00,1.00
2010.08.19 19:12:54.807,0.7294,0.72975,1.00,1.00
2010.08.19 19:13:27.646,0.72945,0.72975,1.00,1.00
2010.08.19 19:13:28.019,0.72945,0.72975,1.00,1.00
2010.08.19 19:13:29.402,0.72945,0.72975,1.00,1.00
2010.08.19 19:13:31.525,0.72935,0.72975,1.70,1.00
2010.08.19 19:13:31.999,0.7294,0.72975,1.00,1.00
2010.08.19 19:13:32.509,0.7294,0.72975,1.00,1.00
2010.08.19 19:13:34.124,0.7294,0.72975,1.00,1.00
2010.08.19 19:13:38.581,0.7294,0.72975,1.00,1.00
2010.08.19 19:13:41.319,0.7294,0.72975,1.00,1.00
2010.08.19 19:13:41.798,0.7294,0.72975,1.00,1.00
2010.08.19 19:13:42.707,0.72945,0.72975,1.00,1.00
2010.08.19 19:13:43.046,0.7294,0.72975,1.00,1.00
2010.08.19 19:13:45.505,0.7294,0.72975,1.00,1.00
2010.08.19 19:13:48.565,0.72945,0.72975,1.00,1.00
2010.08.19 19:13:50.666,0.7294,0.72975,1.00,1.00
2010.08.19 19:13:52.536,0.7294,0.7297,1.00,1.00
2010.08.19 19:13:52.605,0.7294,0.7297,1.00,1.00
2010.08.19 19:13:52.990,0.7294,0.72985,1.00,2.00
2010.08.19 19:13:53.294,0.7294,0.72975,1.00,1.60
2010.08.19 19:13:53.547,0.72935,0.72975,1.00,1.60
2010.08.19 19:13:55.936,0.72935,0.7297,1.00,1.60
2010.08.19 19:13:57.346,0.72935,0.7297,1.00,1.60
2010.08.19 19:13:58.296,0.7293,0.7297,1.00,1.60
2010.08.19 19:13:58.693,0.72935,0.7297,1.00,1.60
2010.08.19 19:13:59.491,0.7293,0.7297,1.00,1.60
2010.08.19 19:14:00.963,0.72935,0.7297,1.00,1.60
2010.08.19 19:14:03.108,0.7293,0.72975,1.00,1.00
2010.08.19 19:14:03.555,0.7293,0.7299,1.00,5.20
2010.08.19 19:14:04.215,0.7293,0.72985,1.00,1.00
2010.08.19 19:14:05.555,0.7293,0.72985,1.00,1.00
2010.08.19 19:14:06.958,0.7293,0.7298,1.00,1.00
2010.08.19 19:14:07.105,0.72925,0.72985,1.00,1.70
2010.08.19 19:14:07.586,0.72925,0.72975,1.00,1.60
2010.08.19 19:14:08.265,0.7293,0.72975,1.00,1.60
2010.08.19 19:14:11.268,0.72925,0.72975,1.00,1.60
2010.08.19 19:14:12.548,0.7293,0.72985,1.00,1.00
2010.08.19 19:14:14.480,0.7293,0.72985,1.00,1.00
2010.08.19 19:14:18.076,0.7293,0.72985,1.00,4.80
2010.08.19 19:14:18.536,0.72925,0.7298,1.00,1.00
2010.08.19 19:14:18.745,0.72925,0.72975,1.00,1.00
2010.08.19 19:14:18.885,0.72925,0.72975,1.00,2.40
2010.08.19 19:14:19.585,0.72925,0.72975,1.00,2.40
2010.08.19 19:14:19.895,0.72925,0.72975,1.00,2.40
2010.08.19 19:14:24.896,0.72925,0.72975,1.00,4.80
2010.08.19 19:14:25.668,0.72925,0.72975,1.00,1.60
2010.08.19 19:14:25.806,0.72925,0.72975,4.10,1.60
2010.08.19 19:14:27.128,0.7293,0.72975,1.00,1.60
2010.08.19 19:14:27.406,0.72935,0.72975,1.00,1.60
2010.08.19 19:14:27.793,0.72935,0.72975,1.00,1.60
2010.08.19 19:14:37.169,0.72935,0.7297,1.00,1.60
2010.08.19 19:14:37.377,0.7293,0.72975,1.00,1.60
2010.08.19 19:14:37.586,0.7293,0.7297,1.00,1.60
2010.08.19 19:14:38.115,0.72935,0.7297,1.00,1.60
2010.08.19 19:14:38.563,0.7293,0.7297,1.00,1.60
2010.08.19 19:14:39.038,0.72935,0.7297,1.00,1.60
2010.08.19 19:14:39.587,0.7293,0.7297,1.00,1.60
2010.08.19 19:14:40.499,0.72935,0.7297,1.00,1.60
2010.08.19 19:14:41.097,0.7293,0.7297,1.00,1.60
2010.08.19 19:14:41.174,0.7293,0.72965,1.00,1.60
2010.08.19 19:14:41.585,0.7293,0.7297,1.00,1.60
2010.08.19 19:14:43.685,0.7293,0.7297,1.00,1.60
2010.08.19 19:14:51.636,0.72935,0.7297,1.00,1.60
2010.08.19 19:14:52.334,0.7293,0.7297,1.00,1.60
2010.08.19 19:14:53.423,0.7293,0.7297,1.00,2.00
2010.08.19 19:14:55.025,0.72935,0.7297,1.00,2.00
2010.08.19 19:14:57.956,0.72935,0.7297,1.00,2.00
2010.08.19 19:14:59.007,0.72935,0.7296,1.00,1.60
2010.08.19 19:14:59.215,0.7293,0.7296,1.00,1.60
2010.08.19 19:14:59.794,0.7293,0.7297,1.00,1.60
2010.08.19 19:14:59.996,0.72935,0.7297,1.00,1.60
2010.08.19 19:15:00.195,0.7293,0.7297,1.00,1.60
2010.08.19 19:15:00.515,0.72935,0.7297,1.00,1.60
2010.08.19 19:15:01.018,0.7293,0.7297,1.00,1.60
2010.08.19 19:15:01.335,0.7293,0.72965,1.00,1.60
2010.08.19 19:15:01.768,0.7293,0.7297,1.00,1.60
2010.08.19 19:15:02.077,0.7294,0.7298,1.00,2.40
2010.08.19 19:15:06.549,0.7294,0.7298,1.00,2.40
2010.08.19 19:15:07.326,0.72935,0.7299,1.00,2.40
2010.08.19 19:15:07.424,0.72935,0.72995,1.00,1.60
2010.08.19 19:15:07.524,0.72935,0.72995,1.00,1.00
2010.08.19 19:15:08.261,0.7293,0.72995,2.50,1.00
2010.08.19 19:15:09.550,0.7293,0.7299,2.50,1.00
2010.08.19 19:15:10.178,0.72935,0.72995,1.00,1.00
2010.08.19 19:15:10.642,0.72935,0.72995,1.00,1.00
2010.08.19 19:15:10.737,0.7294,0.72995,1.60,1.00
2010.08.19 19:15:11.047,0.72965,0.73,1.00,1.00
2010.08.19 19:15:13.015,0.72965,0.73,1.00,1.00
2010.08.19 19:15:14.095,0.72965,0.73,1.00,1.00
2010.08.19 19:15:17.599,0.72965,0.73005,1.00,1.00
2010.08.19 19:15:21.278,0.72965,0.73015,1.00,2.90
2010.08.19 19:15:21.536,0.72965,0.7302,1.00,4.00
2010.08.19 19:15:21.798,0.72965,0.73015,1.00,1.00
2010.08.19 19:15:22.056,0.72965,0.7302,1.00,4.10
2010.08.19 19:15:23.352,0.72965,0.73015,1.00,1.00
2010.08.19 19:15:23.878,0.72965,0.7301,1.00,1.00
2010.08.19 19:15:26.340,0.72965,0.73015,1.00,1.00
2010.08.19 19:15:26.828,0.72975,0.73015,1.00,1.00
2010.08.19 19:15:27.170,0.72975,0.7301,1.00,1.00
2010.08.19 19:15:28.658,0.72975,0.73015,1.00,1.00
2010.08.19 19:15:28.799,0.72965,0.7301,2.40,1.00
2010.08.19 19:15:28.937,0.72965,0.73015,2.50,1.00
2010.08.19 19:15:30.215,0.72975,0.73015,1.00,1.00
2010.08.19 19:15:30.555,0.72965,0.73015,2.50,1.00
2010.08.19 19:15:32.745,0.72975,0.73015,1.00,1.00
2010.08.19 19:15:36.577,0.72975,0.7301,1.00,1.00
2010.08.19 19:15:42.928,0.72975,0.7301,1.00,1.00
2010.08.19 19:15:43.273,0.72975,0.73015,1.00,1.00
2010.08.19 19:15:55.039,0.72975,0.7301,1.00,1.00
2010.08.19 19:15:55.450,0.72975,0.73015,1.00,1.00
2010.08.19 19:15:56.113,0.72975,0.7301,1.00,1.00
2010.08.19 19:15:58.478,0.72975,0.7301,1.00,1.00
2010.08.19 19:15:59.119,0.72975,0.73015,1.00,1.00
2010.08.19 19:15:59.777,0.72965,0.73015,2.50,1.00
2010.08.19 19:16:00.058,0.72965,0.73015,2.40,1.00
2010.08.19 19:16:00.370,0.72965,0.7301,2.40,1.00
2010.08.19 19:16:01.793,0.72965,0.7301,2.40,1.00
2010.08.19 19:16:03.747,0.72965,0.73015,4.00,1.00
2010.08.19 19:16:04.527,0.72965,0.73015,4.10,1.00
2010.08.19 19:16:07.313,0.72975,0.73015,1.00,1.00
2010.08.19 19:16:07.606,0.72975,0.7302,1.00,1.00
2010.08.19 19:16:10.971,0.72975,0.73015,1.00,1.00
2010.08.19 19:16:11.747,0.7297,0.7301,1.00,1.00
2010.08.19 19:16:12.017,0.72965,0.73015,1.00,1.00
2010.08.19 19:16:12.389,0.72975,0.73015,1.00,1.00
2010.08.19 19:16:12.668,0.72975,0.7301,1.00,1.00
2010.08.19 19:16:13.008,0.72975,0.73015,1.00,1.00
2010.08.19 19:16:13.581,0.7297,0.73005,1.00,1.00
2010.08.19 19:16:13.925,0.7297,0.73015,1.00,1.00
2010.08.19 19:16:16.288,0.7297,0.7301,1.00,1.00
2010.08.19 19:16:16.456,0.72975,0.7301,1.00,1.00
2010.08.19 19:16:17.059,0.72975,0.7301,1.00,1.00
2010.08.19 19:16:18.915,0.72975,0.73015,1.00,1.00
2010.08.19 19:16:19.819,0.72975,0.73015,1.00,1.00
2010.08.19 19:16:22.158,0.72975,0.73015,1.00,1.00
2010.08.19 19:16:26.885,0.7297,0.73015,1.00,1.00
2010.08.19 19:16:27.016,0.7297,0.73015,1.00,1.70
2010.08.19 19:16:27.463,0.7297,0.73015,1.00,1.60
2010.08.19 19:16:27.833,0.7297,0.73015,1.00,1.00
2010.08.19 19:16:28.178,0.7297,0.7302,1.00,2.10
2010.08.19 19:16:30.820,0.7297,0.73015,1.00,1.00
2010.08.19 19:16:31.200,0.7297,0.73015,1.00,1.70
2010.08.19 19:16:31.240,0.72965,0.73015,1.00,1.70
2010.08.19 19:16:32.603,0.72965,0.7301,1.00,1.00
2010.08.19 19:16:36.559,0.72965,0.73015,1.00,1.70
2010.08.19 19:16:40.416,0.72965,0.73015,1.00,1.70
2010.08.19 19:16:45.018,0.72965,0.73015,1.00,1.70
2010.08.19 19:16:46.056,0.72965,0.73015,1.00,1.60
2010.08.19 19:16:47.157,0.72965,0.73015,1.00,1.70
2010.08.19 19:16:48.637,0.72965,0.73015,1.00,4.90
2010.08.19 19:16:48.680,0.7296,0.73015,1.00,4.90
2010.08.19 19:16:48.718,0.7296,0.73015,1.00,4.90
2010.08.19 19:16:49.728,0.7296,0.7301,1.00,1.00
2010.08.19 19:16:50.240,0.7296,0.73015,1.00,4.90
2010.08.19 19:16:51.606,0.7296,0.73015,1.00,4.10
2010.08.19 19:16:52.200,0.7296,0.73015,1.00,1.60
2010.08.19 19:16:52.380,0.7297,0.73015,1.00,1.70
2010.08.19 19:16:52.555,0.7297,0.73015,1.00,1.00
2010.08.19 19:16:52.751,0.7297,0.7301,1.00,1.00
2010.08.19 19:16:54.139,0.7297,0.73015,1.00,1.00
2010.08.19 19:16:56.676,0.7297,0.7302,1.00,1.00
2010.08.19 19:16:56.855,0.7298,0.7302,1.00,1.00
2010.08.19 19:16:57.935,0.7298,0.73015,1.00,1.00
2010.08.19 19:16:59.452,0.7298,0.7302,1.00,1.00
2010.08.19 19:17:03.079,0.7298,0.7302,1.00,1.00
2010.08.19 19:17:03.879,0.7298,0.7302,1.00,1.70
2010.08.19 19:17:04.150,0.7298,0.73015,1.00,1.00
2010.08.19 19:17:04.448,0.7298,0.7302,1.00,1.70
2010.08.19 19:17:05.407,0.7298,0.73015,1.00,1.00
2010.08.19 19:17:06.406,0.7298,0.7302,1.00,1.70
2010.08.19 19:17:10.307,0.7298,0.7302,1.00,1.00
2010.08.19 19:17:10.514,0.7299,0.73025,1.00,1.00
2010.08.19 19:17:10.708,0.7299,0.7303,1.00,1.70
2010.08.19 19:17:11.448,0.7299,0.73025,1.00,1.00
2010.08.19 19:17:13.947,0.72985,0.73025,1.60,1.00
2010.08.19 19:17:15.365,0.7299,0.73025,1.00,1.00
2010.08.19 19:17:16.238,0.7299,0.7302,1.00,1.00
2010.08.19 19:17:16.689,0.7299,0.73025,1.00,1.00
2010.08.19 19:17:17.008,0.7299,0.7303,1.00,1.70
2010.08.19 19:17:17.226,0.7299,0.7302,1.00,1.00
2010.08.19 19:17:17.468,0.7299,0.73025,1.00,1.00
2010.08.19 19:17:27.079,0.7299,0.7303,1.00,1.70
2010.08.19 19:17:27.198,0.7299,0.73025,1.00,1.00
2010.08.19 19:17:29.280,0.7299,0.7303,1.00,1.70
2010.08.19 19:17:30.102,0.7299,0.73025,1.00,1.00
2010.08.19 19:17:31.383,0.7299,0.7303,1.00,1.70
2010.08.19 19:17:34.899,0.7299,0.73025,1.00,1.00
2010.08.19 19:17:35.510,0.7299,0.7303,1.00,1.70
2010.08.19 19:17:36.217,0.7299,0.73025,1.00,1.00
2010.08.19 19:17:36.586,0.72985,0.7302,1.60,1.00
2010.08.19 19:17:36.796,0.7298,0.73015,2.40,1.60
2010.08.19 19:17:36.866,0.72975,0.73015,1.00,1.60
2010.08.19 19:17:36.936,0.72975,0.73015,3.20,1.60
2010.08.19 19:17:37.006,0.72975,0.7303,4.80,2.50
2010.08.19 19:17:37.386,0.72985,0.7303,1.00,1.70
2010.08.19 19:17:37.668,0.72985,0.7302,1.00,1.00
2010.08.19 19:17:39.617,0.7298,0.73025,1.00,1.00
2010.08.19 19:17:39.959,0.72985,0.73025,1.00,1.00
2010.08.19 19:17:42.968,0.72985,0.7302,1.00,1.00
2010.08.19 19:17:44.426,0.72985,0.73025,1.00,1.00
2010.08.19 19:17:45.948,0.72985,0.73025,1.00,1.00
2010.08.19 19:17:54.130,0.72985,0.7302,1.00,1.00
2010.08.19 19:17:54.466,0.72985,0.7302,1.00,1.00
2010.08.19 19:17:55.020,0.72985,0.73025,1.00,1.00
2010.08.19 19:17:55.243,0.72985,0.7302,1.00,1.00
2010.08.19 19:17:56.191,0.72985,0.73025,1.00,1.00
2010.08.19 19:17:57.629,0.72985,0.73025,1.00,1.00
2010.08.19 19:17:59.073,0.72985,0.7302,1.00,1.00
2010.08.19 19:17:59.546,0.72985,0.7303,1.00,1.70
2010.08.19 19:17:59.888,0.72985,0.7302,1.00,1.00
2010.08.19 19:18:00.227,0.72985,0.73025,1.00,1.00
2010.08.19 19:18:00.584,0.72985,0.7303,1.00,1.70
2010.08.19 19:18:01.659,0.72985,0.73025,1.00,1.00
2010.08.19 19:18:02.408,0.72985,0.7303,1.00,1.60
2010.08.19 19:18:02.667,0.72985,0.7303,1.00,1.70
2010.08.19 19:18:02.916,0.72985,0.73025,1.00,1.00
2010.08.19 19:18:04.310,0.72985,0.7303,1.00,1.70
2010.08.19 19:18:05.438,0.72985,0.73025,1.00,1.00
2010.08.19 19:18:05.975,0.72985,0.73025,1.00,1.00
2010.08.19 19:18:06.168,0.72985,0.7303,1.00,1.70
2010.08.19 19:18:06.447,0.72985,0.73025,1.00,1.00
2010.08.19 19:18:06.868,0.72985,0.7303,1.00,1.70
2010.08.19 19:18:07.053,0.72985,0.7303,1.00,1.70
2010.08.19 19:18:08.367,0.72985,0.7303,1.00,1.70
2010.08.19 19:18:09.145,0.72985,0.7303,1.00,1.70
2010.08.19 19:18:09.499,0.72985,0.7303,1.00,1.70
2010.08.19 19:18:10.323,0.72985,0.7303,1.00,1.70
2010.08.19 19:18:11.785,0.72985,0.7303,1.00,1.60
2010.08.19 19:18:12.868,0.72985,0.7303,1.00,1.70
2010.08.19 19:18:13.736,0.72985,0.7303,1.00,1.70
2010.08.19 19:18:16.115,0.7298,0.7303,1.00,1.70
2010.08.19 19:18:16.346,0.7298,0.73025,1.00,1.00
2010.08.19 19:18:17.059,0.72975,0.73025,4.10,1.00
2010.08.19 19:18:17.758,0.7298,0.7303,1.00,1.70
2010.08.19 19:18:19.450,0.7299,0.7303,1.00,1.60
2010.08.19 19:18:24.766,0.7299,0.7303,1.00,1.70
2010.08.19 19:18:26.958,0.7299,0.73025,1.00,1.00
2010.08.19 19:18:27.206,0.7299,0.7303,1.00,1.70
2010.08.19 19:18:27.564,0.7299,0.7303,1.00,1.60
2010.08.19 19:18:29.550,0.7299,0.7303,1.00,1.60
2010.08.19 19:18:30.918,0.7299,0.7303,1.00,1.60
2010.08.19 19:18:32.186,0.7299,0.7303,1.00,1.60
2010.08.19 19:18:32.416,0.73,0.73035,1.00,1.70
2010.08.19 19:18:34.312,0.73,0.73035,1.00,1.60
2010.08.19 19:18:36.457,0.73,0.73035,1.00,1.70
2010.08.19 19:18:36.543,0.73,0.73035,1.00,1.60
2010.08.19 19:18:37.636,0.73,0.73035,1.00,1.70
2010.08.19 19:18:37.972,0.73,0.73035,1.00,1.60
2010.08.19 19:18:39.096,0.73,0.73035,1.00,1.70
2010.08.19 19:18:40.357,0.73,0.73035,1.00,1.60
2010.08.19 19:18:41.393,0.73,0.7304,1.00,2.10
2010.08.19 19:18:41.738,0.73,0.7304,1.00,2.00
2010.08.19 19:18:42.515,0.73,0.7304,1.00,1.60
2010.08.19 19:18:42.836,0.73,0.73045,1.00,1.60
2010.08.19 19:18:43.156,0.7301,0.7305,1.00,2.10
2010.08.19 19:18:45.917,0.73015,0.7305,1.00,1.00
2010.08.19 19:18:46.207,0.73035,0.73075,1.00,1.70
2010.08.19 19:18:46.507,0.7304,0.7308,1.00,1.00
2010.08.19 19:18:47.496,0.7304,0.7307,1.00,1.00
2010.08.19 19:18:48.646,0.7304,0.7307,1.00,1.00
2010.08.19 19:18:49.517,0.7304,0.7307,1.00,1.00
2010.08.19 19:18:49.776,0.7304,0.7307,1.00,1.00
2010.08.19 19:18:52.336,0.7304,0.7308,1.00,1.00
2010.08.19 19:18:53.340,0.7304,0.73075,1.00,1.00
2010.08.19 19:18:54.872,0.7304,0.7307,1.00,1.00
2010.08.19 19:18:55.996,0.7304,0.73075,1.00,1.00
2010.08.19 19:18:57.615,0.7304,0.73075,1.00,1.00
2010.08.19 19:18:59.487,0.7304,0.7307,1.00,1.00
2010.08.19 19:19:01.217,0.7304,0.73075,1.00,1.00
2010.08.19 19:19:30.478,0.7304,0.7308,1.00,1.00
2010.08.19 19:19:33.004,0.7304,0.73075,1.00,1.00
2010.08.19 19:19:33.888,0.7304,0.7308,1.00,1.00
2010.08.19 19:19:35.591,0.7304,0.7308,1.00,1.00
2010.08.19 19:19:37.728,0.7304,0.73075,1.00,1.00
2010.08.19 19:19:40.747,0.7304,0.7307,1.00,1.00
2010.08.19 19:19:41.659,0.7304,0.73075,1.00,1.00
2010.08.19 19:19:43.159,0.7303,0.73075,2.40,1.00
2010.08.19 19:19:43.840,0.73035,0.7307,1.00,1.00
2010.08.19 19:19:44.092,0.73035,0.7308,1.00,1.00
2010.08.19 19:19:44.576,0.73035,0.73075,1.00,1.00
2010.08.19 19:19:46.590,0.73035,0.7307,1.00,1.00
2010.08.19 19:19:47.179,0.7304,0.7307,1.00,1.00
2010.08.19 19:19:54.620,0.7304,0.73075,1.00,1.00
2010.08.19 19:19:54.818,0.7304,0.73065,1.00,1.00
2010.08.19 19:19:55.936,0.7304,0.7307,1.00,1.00
2010.08.19 19:19:56.128,0.7304,0.7307,1.00,1.00
2010.08.19 19:19:56.396,0.7304,0.73065,1.00,1.00
2010.08.19 19:19:56.656,0.7304,0.73065,1.00,1.00
2010.08.19 19:20:01.366,0.7304,0.7307,1.00,1.00
2010.08.19 19:20:01.527,0.7304,0.73075,1.00,1.00
2010.08.19 19:20:02.017,0.7304,0.7307,1.00,1.00
2010.08.19 19:20:03.012,0.7304,0.73075,1.00,1.00
2010.08.19 19:20:04.596,0.7304,0.7307,1.00,1.00
2010.08.19 19:20:04.777,0.7304,0.7307,1.00,1.00
2010.08.19 19:20:06.313,0.7304,0.73065,1.00,1.00
2010.08.19 19:20:07.168,0.7304,0.7307,1.00,1.00
2010.08.19 19:20:07.868,0.7304,0.7307,1.00,1.00
2010.08.19 19:20:16.804,0.7304,0.7307,1.00,1.00
2010.08.19 19:20:17.109,0.7304,0.73065,1.00,1.00
2010.08.19 19:20:17.679,0.7304,0.7307,1.00,1.00
2010.08.19 19:20:20.331,0.7304,0.73065,1.00,1.00
2010.08.19 19:20:22.244,0.7304,0.73065,1.00,1.00
2010.08.19 19:20:23.675,0.7304,0.7307,1.00,1.00
2010.08.19 19:20:23.977,0.7304,0.7307,1.00,1.00
2010.08.19 19:20:24.696,0.7304,0.7307,1.00,1.00
2010.08.19 19:20:25.081,0.7304,0.73075,1.00,1.00
2010.08.19 19:20:31.397,0.7303,0.7307,2.40,1.00
2010.08.19 19:20:31.477,0.7302,0.7307,1.00,1.00
2010.08.19 19:20:31.998,0.7302,0.7308,1.00,1.00
2010.08.19 19:20:32.608,0.7302,0.73075,1.00,1.00
2010.08.19 19:20:33.309,0.7302,0.73075,1.00,1.00
2010.08.19 19:20:33.617,0.7302,0.73075,1.00,1.00
2010.08.19 19:20:34.570,0.7302,0.7307,1.00,1.00
2010.08.19 19:20:35.306,0.7302,0.73075,1.00,1.00
2010.08.19 19:20:37.298,0.7302,0.7307,1.00,1.00
2010.08.19 19:20:50.859,0.7302,0.73065,1.00,1.00
2010.08.19 19:20:51.097,0.7302,0.7307,1.00,1.00
2010.08.19 19:20:51.303,0.7302,0.73065,1.00,1.00
2010.08.19 19:20:51.830,0.7302,0.73065,1.00,2.10
2010.08.19 19:20:52.124,0.7301,0.73055,1.00,1.00
2010.08.19 19:20:52.420,0.7302,0.7306,1.00,1.00
2010.08.19 19:20:53.438,0.7302,0.73055,1.00,1.00
2010.08.19 19:20:55.097,0.7302,0.7306,1.00,1.00
2010.08.19 19:20:56.751,0.7302,0.73055,1.00,1.00
2010.08.19 19:20:57.210,0.73015,0.7306,1.00,1.00
2010.08.19 19:20:57.457,0.73015,0.7307,1.00,1.00
2010.08.19 19:21:00.059,0.7302,0.73075,1.00,1.00
2010.08.19 19:21:01.468,0.7302,0.73065,1.00,1.00
2010.08.19 19:21:01.742,0.7302,0.7307,1.00,1.00
2010.08.19 19:21:02.447,0.73015,0.7307,3.20,1.00
2010.08.19 19:21:02.739,0.7302,0.73065,1.00,1.00
2010.08.19 19:21:03.047,0.7302,0.7307,1.00,1.00
2010.08.19 19:21:06.148,0.7302,0.73075,1.00,1.00
2010.08.19 19:21:08.098,0.7302,0.7307,1.00,1.00
2010.08.19 19:21:08.716,0.73005,0.73065,1.00,1.00
2010.08.19 19:21:09.028,0.73015,0.73065,1.00,1.00
2010.08.19 19:21:09.367,0.73015,0.73065,1.00,1.00
2010.08.19 19:21:10.404,0.73015,0.73065,1.00,1.00
2010.08.19 19:21:10.927,0.73015,0.7306,1.00,1.00
2010.08.19 19:21:14.029,0.73015,0.73065,1.00,1.00
2010.08.19 19:21:15.377,0.73015,0.73065,1.00,1.00
2010.08.19 19:21:15.681,0.73015,0.73065,1.00,1.00
2010.08.19 19:21:30.829,0.7301,0.73065,1.00,1.00
2010.08.19 19:21:31.027,0.73005,0.73065,2.40,1.00
2010.08.19 19:21:31.047,0.73,0.73065,2.50,1.00
2010.08.19 19:21:32.169,0.73,0.7306,2.50,1.00
2010.08.19 19:21:34.877,0.7301,0.7306,1.00,1.00
2010.08.19 19:21:37.261,0.7301,0.73065,1.00,1.00
2010.08.19 19:21:37.461,0.7301,0.73065,1.00,1.00
2010.08.19 19:21:40.388,0.73005,0.73065,1.00,1.00
2010.08.19 19:21:42.159,0.7301,0.73065,1.00,1.00
2010.08.19 19:21:55.919,0.7301,0.73065,1.00,1.00
2010.08.19 19:21:58.250,0.7301,0.73065,1.00,1.00
2010.08.19 19:22:08.919,0.7301,0.73065,1.00,1.00
2010.08.19 19:22:09.799,0.7301,0.7307,1.00,1.70
2010.08.19 19:22:18.137,0.7301,0.73065,1.00,1.00
2010.08.19 19:22:25.894,0.7301,0.7307,1.00,1.70
2010.08.19 19:22:32.799,0.7301,0.73065,1.00,1.00
2010.08.19 19:22:36.584,0.73015,0.73065,1.00,1.00
2010.08.19 19:22:37.191,0.73005,0.73055,1.00,1.00
2010.08.19 19:22:37.380,0.73005,0.73045,1.00,1.00
2010.08.19 19:22:37.777,0.73,0.73045,1.00,1.00
2010.08.19 19:22:40.413,0.73,0.73045,1.00,1.00
2010.08.19 19:22:43.698,0.73,0.7304,1.00,1.00
2010.08.19 19:22:46.241,0.73,0.73045,1.00,1.00
2010.08.19 19:22:47.187,0.72995,0.73045,1.00,1.00
2010.08.19 19:22:48.116,0.7299,0.7304,4.00,1.00
2010.08.19 19:22:48.450,0.7299,0.7304,4.10,1.00
2010.08.19 19:22:49.898,0.72995,0.73045,2.50,1.00
2010.08.19 19:22:50.187,0.73,0.73045,1.00,1.00
2010.08.19 19:22:50.461,0.73,0.73045,2.40,1.00
2010.08.19 19:22:51.108,0.73,0.7305,2.50,1.00
2010.08.19 19:22:51.138,0.73,0.7305,2.40,1.00
2010.08.19 19:22:51.488,0.73015,0.7305,1.00,1.00
2010.08.19 19:22:51.769,0.7301,0.7305,1.00,1.00
2010.08.19 19:22:52.423,0.7301,0.73055,1.00,1.00
2010.08.19 19:22:54.530,0.7301,0.7305,1.00,1.00
2010.08.19 19:22:55.477,0.7301,0.7305,1.00,1.00
2010.08.19 19:22:55.717,0.7301,0.73045,1.00,1.00
2010.08.19 19:22:56.399,0.7301,0.7305,1.00,1.00
2010.08.19 19:23:01.651,0.7301,0.7305,1.00,1.00
2010.08.19 19:23:02.298,0.7301,0.7305,1.00,1.00
2010.08.19 19:23:03.421,0.7301,0.73045,1.00,1.00
2010.08.19 19:23:04.512,0.7299,0.7302,1.00,1.00
2010.08.19 19:23:04.578,0.72985,0.73025,1.00,1.00
2010.08.19 19:23:04.758,0.7299,0.73035,2.40,1.00
2010.08.19 19:23:04.841,0.7299,0.73035,2.50,1.00
2010.08.19 19:23:04.908,0.73,0.7304,1.00,1.00
2010.08.19 19:23:05.448,0.73,0.7305,1.00,1.00
2010.08.19 19:23:05.508,0.7301,0.7305,1.00,1.00
2010.08.19 19:23:05.849,0.72995,0.7305,2.40,2.40
2010.08.19 19:23:06.210,0.73,0.7305,1.00,2.40
2010.08.19 19:23:06.547,0.73,0.7305,1.00,2.40
2010.08.19 19:23:06.957,0.73,0.7305,1.00,4.90
2010.08.19 19:23:07.107,0.73,0.7304,1.00,1.60
2010.08.19 19:23:07.257,0.73,0.7304,1.00,2.40
2010.08.19 19:23:08.098,0.72995,0.7304,1.00,2.40
2010.08.19 19:23:08.640,0.72995,0.7304,1.00,2.40
2010.08.19 19:23:08.978,0.72995,0.73035,1.00,1.00
2010.08.19 19:23:09.689,0.72995,0.7304,1.00,2.50
2010.08.19 19:23:12.230,0.72995,0.7304,1.00,2.40
2010.08.19 19:23:13.180,0.73,0.7304,1.00,2.40
2010.08.19 19:23:13.369,0.73,0.7304,1.00,2.40
2010.08.19 19:23:13.686,0.72995,0.7304,1.00,2.40
2010.08.19 19:23:13.979,0.72995,0.7303,1.00,1.00
2010.08.19 19:23:14.560,0.72995,0.7303,2.40,1.00
2010.08.19 19:23:15.279,0.72995,0.7303,1.00,1.00
2010.08.19 19:23:15.587,0.72995,0.7303,1.00,1.00
2010.08.19 19:23:16.133,0.73,0.7303,1.00,1.00
2010.08.19 19:23:16.743,0.73005,0.7303,1.00,1.00
2010.08.19 19:23:16.998,0.73005,0.7304,1.00,1.00
2010.08.19 19:23:21.108,0.73005,0.73045,1.00,2.40
2010.08.19 19:23:24.156,0.7301,0.73045,1.00,2.40
2010.08.19 19:23:25.441,0.7301,0.73045,1.00,2.40
2010.08.19 19:23:25.960,0.73005,0.73045,1.00,2.40
2010.08.19 19:23:27.288,0.7301,0.73045,1.00,2.40
2010.08.19 19:23:28.749,0.7301,0.73045,1.00,2.40
2010.08.19 19:23:29.377,0.73015,0.73045,1.00,2.40
2010.08.19 19:23:29.478,0.73015,0.73045,1.00,2.40
2010.08.19 19:23:30.007,0.7301,0.73045,1.00,2.40
2010.08.19 19:23:30.358,0.73015,0.73045,1.00,2.40
2010.08.19 19:23:31.051,0.7302,0.73045,1.00,2.40
2010.08.19 19:23:31.715,0.73015,0.73045,1.00,2.40
2010.08.19 19:23:34.779,0.73015,0.73045,1.00,2.40
2010.08.19 19:23:35.951,0.7302,0.73045,1.00,2.40
2010.08.19 19:23:36.197,0.7301,0.73045,1.00,2.40
2010.08.19 19:23:36.878,0.73015,0.7305,1.00,2.40
2010.08.19 19:23:37.728,0.7301,0.7305,1.00,2.40
2010.08.19 19:23:38.069,0.7301,0.73065,2.50,2.40
2010.08.19 19:23:38.407,0.7301,0.73065,2.50,1.00
2010.08.19 19:23:39.402,0.73015,0.73065,1.00,1.00
2010.08.19 19:23:39.737,0.73015,0.73065,1.00,1.00
2010.08.19 19:23:42.078,0.73015,0.7306,1.00,1.00
2010.08.19 19:23:42.359,0.7302,0.7306,1.00,1.00
2010.08.19 19:23:42.528,0.73015,0.7306,1.00,1.00
2010.08.19 19:23:44.065,0.7302,0.7306,1.00,1.00
2010.08.19 19:23:44.411,0.73035,0.7308,1.00,1.00
2010.08.19 19:23:46.289,0.73035,0.73085,1.00,1.00
2010.08.19 19:23:48.489,0.73035,0.7308,1.00,1.00
2010.08.19 19:23:48.687,0.7303,0.7308,3.20,1.00
2010.08.19 19:23:48.887,0.7303,0.7308,1.00,1.00
2010.08.19 19:23:50.708,0.7303,0.73075,1.00,1.00
2010.08.19 19:23:51.320,0.7303,0.7308,1.00,1.00
2010.08.19 19:23:51.660,0.7303,0.73075,1.00,1.00
2010.08.19 19:23:52.138,0.73025,0.73075,1.00,1.00
2010.08.19 19:23:52.297,0.73025,0.73075,2.50,1.00
2010.08.19 19:23:52.787,0.73025,0.73075,1.00,1.00
2010.08.19 19:23:53.127,0.73025,0.73075,1.00,1.00
2010.08.19 19:23:54.158,0.73025,0.73075,3.30,1.00
2010.08.19 19:23:54.427,0.73025,0.73075,2.50,1.00
2010.08.19 19:23:59.978,0.7303,0.73085,1.00,1.00
2010.08.19 19:24:00.127,0.73025,0.7308,2.50,1.00
2010.08.19 19:24:10.833,0.7303,0.7307,1.00,1.00
2010.08.19 19:24:11.121,0.7303,0.7307,1.00,1.00
2010.08.19 19:24:13.807,0.73025,0.7307,2.50,1.00
2010.08.19 19:24:15.359,0.7303,0.7307,1.00,1.00
2010.08.19 19:24:16.018,0.73025,0.7307,2.50,1.00
2010.08.19 19:24:16.358,0.73025,0.7307,2.40,1.00
2010.08.19 19:24:16.528,0.73025,0.7307,2.40,1.00
2010.08.19 19:24:16.726,0.7302,0.7307,2.50,1.00
2010.08.19 19:24:27.360,0.73025,0.7307,1.00,1.00
2010.08.19 19:24:37.651,0.7302,0.7307,1.00,1.00
2010.08.19 19:24:40.803,0.73015,0.7307,1.00,1.00
2010.08.19 19:24:41.140,0.73015,0.7306,1.00,1.00
2010.08.19 19:24:41.478,0.73015,0.7307,1.00,2.00
2010.08.19 19:24:41.916,0.73015,0.7307,1.00,1.60
2010.08.19 19:24:42.238,0.7302,0.73075,2.40,1.00
2010.08.19 19:24:42.877,0.7302,0.73075,2.50,1.00
2010.08.19 19:24:43.895,0.73025,0.73075,1.00,1.00
2010.08.19 19:24:45.400,0.7302,0.7307,2.50,1.00
2010.08.19 19:24:45.745,0.73025,0.7307,2.40,1.00
2010.08.19 19:24:46.189,0.73025,0.73075,2.40,1.00
2010.08.19 19:24:46.468,0.73025,0.73075,2.40,1.00
2010.08.19 19:24:46.790,0.73025,0.7307,2.40,1.00
2010.08.19 19:24:47.297,0.73025,0.73075,2.50,1.00
2010.08.19 19:24:48.548,0.7303,0.7308,1.00,1.00
2010.08.19 19:24:49.391,0.7303,0.7308,1.00,1.00
2010.08.19 19:24:49.727,0.7303,0.73075,1.00,1.00
2010.08.19 19:24:53.475,0.73025,0.73075,1.00,1.00
2010.08.19 19:24:53.738,0.7303,0.7308,1.00,1.00
2010.08.19 19:24:54.858,0.7303,0.7308,1.00,1.00
2010.08.19 19:24:55.167,0.7303,0.7308,1.00,1.00
2010.08.19 19:24:56.185,0.7303,0.73075,1.00,1.60
2010.08.19 19:24:56.518,0.73025,0.7307,1.00,4.00
2010.08.19 19:24:58.819,0.7302,0.7307,1.00,4.40
2010.08.19 19:24:59.498,0.7302,0.7307,1.00,4.00
2010.08.19 19:24:59.837,0.7302,0.7307,1.00,4.10
2010.08.19 19:25:00.863,0.7302,0.7307,1.00,4.90
2010.08.19 19:25:01.200,0.73015,0.7306,1.00,1.60
2010.08.19 19:25:02.550,0.73015,0.7306,1.00,1.60
2010.08.19 19:25:02.848,0.73015,0.7306,1.00,1.60
2010.08.19 19:25:03.850,0.73015,0.7306,1.00,1.60
2010.08.19 19:25:04.270,0.7302,0.7306,1.00,1.60
2010.08.19 19:25:04.819,0.73015,0.7306,1.00,1.60
2010.08.19 19:25:06.182,0.7301,0.7306,1.00,1.70
2010.08.19 19:25:08.370,0.7301,0.7306,1.00,1.70
2010.08.19 19:25:09.019,0.7301,0.7306,1.00,1.70
2010.08.19 19:25:09.358,0.73005,0.73055,1.00,1.00
2010.08.19 19:25:11.278,0.73005,0.7306,2.50,1.70
2010.08.19 19:25:11.605,0.73005,0.7306,2.50,2.50
2010.08.19 19:25:11.919,0.73005,0.7306,1.00,5.20
2010.08.19 19:25:12.238,0.7301,0.7306,1.00,2.80
2010.08.19 19:25:12.919,0.7301,0.7306,1.00,2.80
2010.08.19 19:25:13.257,0.7301,0.7306,1.00,2.90
2010.08.19 19:25:13.599,0.7301,0.73055,1.00,1.00
2010.08.19 19:25:13.978,0.73005,0.73055,2.50,1.00
2010.08.19 19:25:19.497,0.7301,0.73065,1.00,2.10
2010.08.19 19:25:19.677,0.7301,0.73065,2.50,2.10
2010.08.19 19:25:19.858,0.7301,0.73055,2.40,1.00
2010.08.19 19:25:20.438,0.7301,0.7306,2.40,1.00
2010.08.19 19:25:20.617,0.7301,0.73055,2.40,1.00
2010.08.19 19:25:22.209,0.7301,0.73055,2.40,1.00
2010.08.19 19:25:22.431,0.73015,0.7305,2.40,1.00
2010.08.19 19:25:23.994,0.73015,0.73055,2.40,1.00
2010.08.19 19:25:24.598,0.73015,0.7305,2.40,1.00
2010.08.19 19:25:26.420,0.73015,0.7306,2.40,1.00
2010.08.19 19:25:26.711,0.73025,0.7306,2.40,1.00
2010.08.19 19:25:28.138,0.73025,0.7306,2.40,1.00
2010.08.19 19:25:30.098,0.73025,0.7306,2.40,1.00
2010.08.19 19:25:30.948,0.73025,0.7306,2.40,1.00
2010.08.19 19:25:31.268,0.73025,0.7306,2.40,1.00
2010.08.19 19:25:31.608,0.73025,0.7306,2.40,1.00
2010.08.19 19:25:36.965,0.73025,0.73055,2.40,1.00
2010.08.19 19:25:37.519,0.73025,0.7306,2.40,1.00
2010.08.19 19:25:37.955,0.73025,0.73055,2.40,1.00
2010.08.19 19:25:39.197,0.73025,0.7306,2.40,1.00
2010.08.19 19:25:39.574,0.73035,0.7306,2.40,1.00
2010.08.19 19:25:39.925,0.73035,0.7307,2.40,1.00
2010.08.19 19:25:40.610,0.7303,0.73065,2.40,1.00
2010.08.19 19:25:41.231,0.7303,0.7306,2.40,1.00
2010.08.19 19:25:41.550,0.7303,0.7307,2.40,1.00
2010.08.19 19:25:43.651,0.7303,0.73065,2.40,1.00
2010.08.19 19:25:43.767,0.73025,0.73065,2.40,1.00
2010.08.19 19:25:43.877,0.7303,0.73065,2.40,1.00
2010.08.19 19:25:44.316,0.73025,0.73065,2.40,1.00
2010.08.19 19:25:45.427,0.73025,0.7306,2.40,1.00
2010.08.19 19:25:46.677,0.73025,0.73065,2.40,1.00
2010.08.19 19:25:46.907,0.73035,0.73065,1.00,1.00
2010.08.19 19:25:47.428,0.7303,0.73065,1.00,1.00
2010.08.19 19:25:47.897,0.7302,0.7306,2.40,1.00
2010.08.19 19:25:49.558,0.7302,0.73055,2.40,1.00
2010.08.19 19:25:49.697,0.7302,0.73065,2.40,1.00
2010.08.19 19:25:50.171,0.73015,0.73065,4.00,1.00
2010.08.19 19:25:50.248,0.73015,0.73065,2.40,1.00
2010.08.19 19:25:50.588,0.7302,0.73065,2.40,1.00
2010.08.19 19:25:51.299,0.73025,0.73065,2.40,1.00
2010.08.19 19:25:51.448,0.73025,0.73075,2.40,1.00
2010.08.19 19:25:52.354,0.73025,0.7306,2.40,1.00
2010.08.19 19:25:52.974,0.7302,0.73075,2.40,1.00
2010.08.19 19:25:53.309,0.7303,0.7307,2.40,1.00
2010.08.19 19:25:54.377,0.7303,0.7308,2.40,1.00
2010.08.19 19:25:54.717,0.7303,0.73075,2.40,1.00
2010.08.19 19:25:55.278,0.7303,0.73075,2.40,1.00
2010.08.19 19:25:55.537,0.7303,0.7308,2.50,1.00
2010.08.19 19:26:02.408,0.73035,0.7308,2.40,1.00
2010.08.19 19:26:02.537,0.7303,0.7308,2.50,1.00
2010.08.19 19:26:02.959,0.7303,0.73075,2.40,1.00
2010.08.19 19:26:03.108,0.73035,0.73075,1.00,1.00
2010.08.19 19:26:03.448,0.73035,0.7308,1.00,1.00
2010.08.19 19:26:16.250,0.7304,0.7309,1.00,2.50
2010.08.19 19:26:21.428,0.73035,0.73085,1.00,1.00
2010.08.19 19:26:29.297,0.73035,0.7308,1.00,1.00
2010.08.19 19:26:36.718,0.73035,0.73085,1.00,1.00
2010.08.19 19:26:57.619,0.73035,0.7308,2.40,1.00
2010.08.19 19:26:58.247,0.73035,0.7308,2.40,1.00
2010.08.19 19:26:59.659,0.73035,0.73085,2.50,1.00
2010.08.19 19:26:59.998,0.73035,0.7308,2.40,1.00
2010.08.19 19:27:00.338,0.73045,0.7308,1.00,1.00
2010.08.19 19:27:01.022,0.73045,0.73085,1.00,1.00
2010.08.19 19:27:01.360,0.73035,0.7308,2.40,1.00
2010.08.19 19:27:02.109,0.7303,0.73085,1.00,3.60
2010.08.19 19:27:02.989,0.7303,0.7308,1.00,1.00
2010.08.19 19:27:03.655,0.73025,0.73075,2.40,1.00
2010.08.19 19:27:03.890,0.73025,0.7307,2.40,1.00
2010.08.19 19:27:04.119,0.73025,0.7307,2.40,1.00
2010.08.19 19:27:04.356,0.7303,0.73075,1.00,1.00
2010.08.19 19:27:12.593,0.7303,0.73075,1.00,1.00
2010.08.19 19:27:12.667,0.7303,0.73075,1.00,1.00
2010.08.19 19:27:14.044,0.73025,0.7307,2.40,1.00
2010.08.19 19:27:20.030,0.7303,0.73075,1.00,1.00
2010.08.19 19:27:20.528,0.7303,0.7307,1.00,1.00
2010.08.19 19:27:20.700,0.7303,0.7307,1.00,1.00
2010.08.19 19:27:21.040,0.7303,0.73075,1.00,1.00
2010.08.19 19:27:21.379,0.73025,0.73075,1.00,1.00
2010.08.19 19:27:23.859,0.7303,0.73075,1.00,1.00
2010.08.19 19:27:26.350,0.73025,0.7307,1.00,1.00
2010.08.19 19:27:26.827,0.7303,0.7308,1.00,1.00
2010.08.19 19:27:27.078,0.73025,0.73075,2.50,1.00
2010.08.19 19:27:28.567,0.73025,0.7307,2.40,1.00
2010.08.19 19:27:34.631,0.73025,0.7307,2.40,1.00
2010.08.19 19:27:34.868,0.7303,0.7307,2.40,1.00
2010.08.19 19:27:35.098,0.7303,0.73075,2.40,1.00
2010.08.19 19:27:40.200,0.73025,0.73075,2.40,1.00
2010.08.19 19:27:51.933,0.73025,0.7308,2.50,1.00
2010.08.19 19:27:52.200,0.7303,0.73075,2.40,1.00
2010.08.19 19:27:55.990,0.7303,0.7307,2.40,1.00
2010.08.19 19:27:56.610,0.7303,0.73075,2.40,1.00
2010.08.19 19:27:56.669,0.7303,0.73075,2.40,1.00
2010.08.19 19:27:56.727,0.73025,0.73075,2.40,1.00
2010.08.19 19:27:58.209,0.73025,0.7307,2.40,1.00
2010.08.19 19:28:03.821,0.73025,0.7307,2.40,1.00
2010.08.19 19:28:03.961,0.7303,0.7307,2.40,1.00
2010.08.19 19:28:05.358,0.73025,0.7307,2.40,1.00
2010.08.19 19:28:07.712,0.73025,0.73075,2.50,1.00
2010.08.19 19:28:07.969,0.73025,0.7307,2.40,1.00
2010.08.19 19:28:08.261,0.73025,0.73075,2.40,1.00
2010.08.19 19:28:08.578,0.73025,0.73075,2.50,1.00
2010.08.19 19:28:11.452,0.73025,0.7307,2.40,1.00
2010.08.19 19:28:11.830,0.73025,0.73075,2.40,1.00
2010.08.19 19:28:11.956,0.7303,0.73075,2.40,1.00
2010.08.19 19:28:12.179,0.7303,0.73075,2.40,1.00
2010.08.19 19:28:12.881,0.7303,0.7307,2.40,1.00
2010.08.19 19:28:21.074,0.73035,0.7307,2.40,1.00
2010.08.19 19:28:21.309,0.7303,0.73075,2.40,1.00
2010.08.19 19:28:21.539,0.7303,0.7307,2.40,1.00
2010.08.19 19:28:22.060,0.7303,0.73075,2.40,1.00
2010.08.19 19:28:22.538,0.7303,0.7307,2.40,1.00
2010.08.19 19:28:27.320,0.7303,0.7307,2.40,1.00
2010.08.19 19:28:29.202,0.7303,0.73075,2.40,1.00
2010.08.19 19:28:30.541,0.7303,0.73075,2.40,1.00
2010.08.19 19:28:32.278,0.7303,0.7307,2.40,1.00
2010.08.19 19:28:33.208,0.7303,0.7307,2.40,1.00
2010.08.19 19:28:33.271,0.73035,0.73075,2.40,1.00
2010.08.19 19:28:35.390,0.73035,0.7307,2.40,1.00
2010.08.19 19:28:36.209,0.73035,0.73075,2.40,1.00
2010.08.19 19:28:36.448,0.7304,0.73075,2.40,1.00
2010.08.19 19:28:36.688,0.7305,0.73075,1.00,1.00
2010.08.19 19:28:37.408,0.7305,0.7307,1.00,1.00
2010.08.19 19:28:37.668,0.7305,0.73075,1.00,1.00
2010.08.19 19:28:37.848,0.73045,0.73075,1.00,1.00
2010.08.19 19:28:37.938,0.73035,0.73075,2.40,1.00
2010.08.19 19:28:38.028,0.73035,0.7307,2.40,1.00
2010.08.19 19:28:38.207,0.7303,0.7307,2.40,1.00
2010.08.19 19:28:38.298,0.7304,0.7307,1.00,1.00
2010.08.19 19:28:39.118,0.7304,0.73075,1.00,1.00
2010.08.19 19:28:39.523,0.7304,0.7307,1.00,1.00
2010.08.19 19:28:43.258,0.73045,0.7307,1.00,1.00
2010.08.19 19:28:43.578,0.73045,0.73075,1.00,1.00
2010.08.19 19:28:47.236,0.73045,0.7308,1.00,1.00
2010.08.19 19:28:48.043,0.73045,0.73075,1.00,1.00
2010.08.19 19:28:52.558,0.73045,0.7307,1.00,1.00
2010.08.19 19:28:54.548,0.73045,0.73075,1.00,1.00
2010.08.19 19:28:56.349,0.73045,0.7307,1.00,1.00
2010.08.19 19:28:57.972,0.73045,0.7307,1.00,1.00
2010.08.19 19:28:58.398,0.7304,0.7307,1.00,1.00
2010.08.19 19:29:04.599,0.7304,0.73075,1.00,1.00
2010.08.19 19:29:06.307,0.7304,0.7307,1.00,1.00
2010.08.19 19:29:11.833,0.7303,0.7307,2.40,1.00
2010.08.19 19:29:12.000,0.73035,0.73075,2.40,1.00
2010.08.19 19:29:12.088,0.73055,0.73075,1.00,1.00
2010.08.19 19:29:12.529,0.7305,0.7307,1.00,1.00
2010.08.19 19:29:14.003,0.7305,0.73075,1.00,1.00
2010.08.19 19:29:16.637,0.7305,0.7307,1.00,1.00
2010.08.19 19:29:17.240,0.7305,0.73075,1.00,1.00
2010.08.19 19:29:18.280,0.73055,0.7307,1.00,1.00
2010.08.19 19:29:18.579,0.7305,0.7307,1.00,1.00
2010.08.19 19:29:19.449,0.7305,0.73075,1.00,1.00
2010.08.19 19:29:19.729,0.7305,0.7307,1.00,1.00
2010.08.19 19:29:20.603,0.7304,0.7307,1.00,1.00
2010.08.19 19:29:20.811,0.73045,0.73075,1.00,1.00
2010.08.19 19:29:21.322,0.7304,0.73075,1.00,1.00
2010.08.19 19:29:21.868,0.7303,0.73065,2.40,1.00
2010.08.19 19:29:22.209,0.73045,0.7308,1.00,1.00
2010.08.19 19:29:22.638,0.73045,0.73085,1.00,1.00
2010.08.19 19:29:23.708,0.73045,0.7308,1.00,1.00
2010.08.19 19:29:25.114,0.73045,0.73075,1.00,1.00
2010.08.19 19:29:25.849,0.73045,0.7308,1.00,1.00
2010.08.19 19:29:29.594,0.73045,0.73085,1.00,1.00
2010.08.19 19:29:30.418,0.73045,0.7308,1.00,1.00
2010.08.19 19:29:35.101,0.73045,0.73085,1.00,1.00
2010.08.19 19:29:38.051,0.73045,0.7309,1.00,1.00
2010.08.19 19:29:38.871,0.73045,0.73085,1.00,1.00
2010.08.19 19:29:39.892,0.73045,0.7309,1.00,1.00
2010.08.19 19:29:40.810,0.73045,0.73095,1.00,1.30
2010.08.19 19:29:41.113,0.73045,0.73095,1.00,1.00
2010.08.19 19:29:45.367,0.73045,0.73085,1.00,1.00
2010.08.19 19:29:45.558,0.73045,0.73085,1.00,1.00
2010.08.19 19:29:46.473,0.73045,0.7308,1.00,1.00
2010.08.19 19:29:49.098,0.73055,0.73085,1.00,1.00
2010.08.19 19:29:52.559,0.73055,0.7308,1.00,1.00
2010.08.19 19:29:52.878,0.7304,0.7308,2.40,1.00
2010.08.19 19:29:53.050,0.7304,0.73085,2.40,1.00
2010.08.19 19:29:53.459,0.7304,0.7308,2.40,1.00
2010.08.19 19:29:53.568,0.7303,0.7308,4.00,1.00
2010.08.19 19:29:53.679,0.7304,0.73075,1.00,1.00
2010.08.19 19:29:54.118,0.7304,0.7307,1.00,1.00
2010.08.19 19:29:55.148,0.7304,0.7307,1.00,1.00
2010.08.19 19:29:58.157,0.7304,0.73075,1.00,1.00
2010.08.19 19:29:59.034,0.7304,0.7307,1.00,1.00
2010.08.19 19:30:00.351,0.7304,0.73065,1.00,1.00
2010.08.19 19:30:00.761,0.73015,0.73065,1.00,2.80
2010.08.19 19:30:01.441,0.73,0.73055,1.00,3.20
2010.08.19 19:30:01.944,0.7301,0.73055,1.00,1.00
2010.08.19 19:30:04.801,0.7301,0.73055,1.00,1.00
2010.08.19 19:30:05.321,0.7301,0.73055,1.00,1.00
2010.08.19 19:30:05.460,0.7301,0.73065,1.00,3.30
2010.08.19 19:30:05.609,0.7301,0.73065,1.00,1.00
2010.08.19 19:30:05.758,0.7301,0.73065,1.00,1.00
2010.08.19 19:30:05.908,0.7301,0.73065,1.00,3.20
2010.08.19 19:30:08.320,0.7301,0.73065,1.00,3.30
2010.08.19 19:30:09.254,0.7301,0.73065,1.00,3.30
2010.08.19 19:30:09.962,0.7301,0.73065,1.00,1.00
2010.08.19 19:30:10.445,0.7301,0.73065,1.00,1.00
2010.08.19 19:30:11.050,0.7301,0.73065,1.00,1.00
2010.08.19 19:30:11.310,0.7301,0.73065,1.00,1.00
2010.08.19 19:30:12.299,0.7301,0.73065,1.00,1.00
2010.08.19 19:30:15.269,0.7301,0.73065,1.00,1.00
2010.08.19 19:30:16.802,0.7301,0.73065,1.00,1.00
2010.08.19 19:30:17.061,0.7301,0.73065,1.00,1.00
2010.08.19 19:30:17.975,0.7301,0.73065,1.00,1.00
2010.08.19 19:30:18.470,0.7301,0.73065,1.00,1.00
2010.08.19 19:30:20.368,0.7301,0.73065,1.00,1.00
2010.08.19 19:30:22.728,0.7301,0.73065,1.00,1.00
2010.08.19 19:30:23.008,0.73005,0.73065,1.00,3.30
2010.08.19 19:30:24.093,0.73005,0.7306,1.00,1.00
2010.08.19 19:30:24.329,0.7301,0.73065,1.00,1.00
2010.08.19 19:30:24.914,0.7301,0.73065,1.00,1.00
2010.08.19 19:30:25.089,0.7301,0.73065,1.00,1.00
2010.08.19 19:30:25.520,0.7301,0.73065,1.00,1.00
2010.08.19 19:30:27.225,0.7301,0.73065,1.00,1.00
2010.08.19 19:30:28.361,0.7301,0.73065,1.00,1.00
2010.08.19 19:30:29.369,0.7301,0.7306,1.00,1.00
2010.08.19 19:30:32.161,0.7301,0.73065,1.00,1.00
2010.08.19 19:30:32.203,0.73005,0.73065,1.00,1.00
2010.08.19 19:30:32.244,0.73005,0.73065,1.00,1.00
2010.08.19 19:30:32.634,0.73005,0.7307,1.00,1.00
2010.08.19 19:30:32.969,0.73015,0.7307,1.00,1.00
2010.08.19 19:30:33.307,0.73025,0.7307,1.00,1.00
2010.08.19 19:30:38.258,0.73025,0.73065,1.00,1.00
2010.08.19 19:30:38.900,0.73025,0.7307,1.00,1.00
2010.08.19 19:30:41.289,0.73025,0.73075,1.00,1.00
2010.08.19 19:30:42.896,0.73025,0.7307,1.00,1.00
2010.08.19 19:30:43.352,0.73025,0.73065,1.00,1.00
2010.08.19 19:30:44.351,0.73025,0.7307,1.00,1.00
2010.08.19 19:30:49.938,0.73025,0.7307,1.00,1.00
2010.08.19 19:30:50.972,0.73025,0.7307,1.00,1.00
2010.08.19 19:30:51.169,0.73025,0.73065,1.00,1.00
2010.08.19 19:30:51.500,0.73025,0.7307,1.00,1.00
2010.08.19 19:30:51.703,0.73025,0.7307,1.00,1.00
2010.08.19 19:31:03.770,0.73025,0.73075,1.00,1.00
2010.08.19 19:31:04.452,0.7302,0.73075,1.00,1.00
2010.08.19 19:31:11.029,0.7302,0.7307,1.00,1.00
2010.08.19 19:31:11.228,0.7302,0.7307,1.00,1.00
2010.08.19 19:31:12.219,0.7302,0.73065,1.00,1.00
2010.08.19 19:31:13.021,0.7302,0.7307,1.00,1.00
2010.08.19 19:31:17.253,0.7302,0.7307,1.00,1.00
2010.08.19 19:31:21.978,0.7302,0.7308,1.00,1.00
2010.08.19 19:31:26.148,0.7302,0.73075,1.00,1.00
2010.08.19 19:31:26.934,0.7302,0.7307,1.00,1.00
2010.08.19 19:31:31.214,0.7302,0.7307,1.00,1.00
2010.08.19 19:31:33.880,0.7302,0.7307,1.00,1.00
2010.08.19 19:31:35.408,0.7302,0.73065,1.00,1.00
2010.08.19 19:31:35.749,0.73005,0.7306,2.80,1.00
2010.08.19 19:31:36.439,0.7302,0.73055,1.00,1.00
2010.08.19 19:31:37.270,0.7302,0.7306,1.00,1.00
2010.08.19 19:31:39.141,0.7302,0.7306,1.00,1.00
2010.08.19 19:31:42.645,0.7302,0.73065,1.00,1.00
2010.08.19 19:31:42.771,0.7302,0.7306,1.00,1.00
2010.08.19 19:31:43.193,0.7302,0.7306,1.00,1.00
2010.08.19 19:31:43.438,0.7302,0.73065,1.00,1.00
2010.08.19 19:31:45.402,0.7302,0.73065,1.00,1.00
2010.08.19 19:31:48.565,0.7302,0.7307,1.00,1.00
2010.08.19 19:31:48.908,0.7302,0.7307,1.00,1.00
2010.08.19 19:31:55.970,0.7302,0.7307,1.00,1.00
2010.08.19 19:32:03.916,0.7302,0.73075,1.00,1.00
2010.08.19 19:32:05.345,0.7302,0.73075,1.00,1.00
2010.08.19 19:32:05.679,0.7302,0.73075,1.00,3.30
2010.08.19 19:32:06.010,0.73015,0.73075,1.00,4.80
2010.08.19 19:32:06.436,0.73015,0.73075,1.00,2.40
2010.08.19 19:32:06.781,0.7303,0.7309,1.60,1.00
2010.08.19 19:32:07.068,0.73025,0.7309,4.80,1.00
2010.08.19 19:32:07.358,0.73025,0.73085,4.80,1.00
2010.08.19 19:32:08.027,0.73025,0.7308,4.90,1.00
2010.08.19 19:32:09.124,0.7303,0.73085,1.00,1.00
2010.08.19 19:32:12.450,0.73035,0.73085,1.00,1.00
2010.08.19 19:32:12.609,0.73045,0.73085,1.00,1.00
2010.08.19 19:32:13.026,0.73045,0.73085,1.00,1.00
2010.08.19 19:32:18.035,0.73045,0.73075,1.00,1.00
2010.08.19 19:32:23.027,0.73045,0.7308,1.00,1.00
2010.08.19 19:32:23.127,0.7303,0.7308,2.40,1.00
2010.08.19 19:32:23.230,0.73025,0.7308,4.90,1.00
2010.08.19 19:32:26.158,0.73025,0.7308,1.00,1.00
2010.08.19 19:32:29.349,0.7303,0.7308,1.00,1.00
2010.08.19 19:32:31.350,0.73025,0.7308,1.00,1.00
2010.08.19 19:32:38.159,0.73025,0.7308,1.00,1.00
2010.08.19 19:32:38.409,0.73025,0.73075,1.00,1.00
2010.08.19 19:32:38.833,0.73025,0.7307,1.00,1.00
2010.08.19 19:32:38.961,0.7302,0.7307,1.00,1.00
2010.08.19 19:32:41.190,0.73025,0.7308,1.00,1.00
2010.08.19 19:32:43.207,0.73025,0.7308,1.00,1.00
2010.08.19 19:32:43.688,0.73025,0.7308,1.00,1.00
2010.08.19 19:32:44.188,0.73025,0.73085,1.00,1.00
2010.08.19 19:32:46.279,0.7302,0.73085,2.50,1.00
2010.08.19 19:32:52.030,0.73025,0.73085,1.00,1.00
2010.08.19 19:32:52.140,0.73025,0.73085,1.00,1.00
2010.08.19 19:32:56.541,0.73025,0.73085,1.00,1.00
2010.08.19 19:32:56.718,0.73025,0.73085,1.00,1.00
2010.08.19 19:32:56.899,0.73025,0.73085,1.00,1.00
2010.08.19 19:32:57.402,0.73025,0.73085,1.00,1.00
2010.08.19 19:33:04.274,0.7303,0.73085,1.00,1.00
2010.08.19 19:33:04.980,0.73025,0.73085,1.00,1.00
2010.08.19 19:33:09.255,0.73035,0.73085,1.00,1.00
2010.08.19 19:33:09.517,0.73025,0.7309,1.00,1.00
2010.08.19 19:33:09.759,0.73025,0.73085,1.00,1.00
2010.08.19 19:33:10.009,0.7303,0.73085,1.00,1.00
2010.08.19 19:33:10.670,0.7303,0.7309,1.00,1.00
2010.08.19 19:33:10.978,0.73025,0.7309,1.00,1.00
2010.08.19 19:33:13.062,0.73025,0.73085,1.00,1.00
2010.08.19 19:33:13.456,0.73025,0.73085,1.00,1.00
2010.08.19 19:33:13.693,0.73025,0.73085,1.00,1.00
2010.08.19 19:33:15.681,0.73025,0.73085,1.00,1.00
2010.08.19 19:33:15.908,0.73025,0.73085,1.00,1.00
2010.08.19 19:33:16.279,0.73025,0.7308,1.00,1.00
2010.08.19 19:33:30.818,0.73025,0.7308,1.00,1.00
2010.08.19 19:33:32.608,0.73025,0.7308,1.00,1.00
2010.08.19 19:33:46.479,0.73025,0.7308,1.00,1.00
2010.08.19 19:33:47.060,0.73025,0.7308,1.00,1.00
2010.08.19 19:33:47.887,0.7302,0.7308,1.00,1.00
2010.08.19 19:33:48.218,0.7301,0.7308,1.70,1.00
2010.08.19 19:33:48.574,0.7301,0.7308,1.00,1.00
2010.08.19 19:33:48.897,0.7301,0.7308,2.50,1.00
2010.08.19 19:33:49.403,0.73015,0.7308,1.00,1.00
2010.08.19 19:33:50.447,0.7302,0.7308,1.00,1.00
2010.08.19 19:33:58.409,0.7302,0.73075,1.00,1.00
2010.08.19 19:33:59.558,0.7302,0.73075,1.00,1.00
2010.08.19 19:34:02.949,0.73025,0.73075,1.00,1.00
2010.08.19 19:34:03.177,0.7302,0.73075,1.00,1.00
2010.08.19 19:34:07.671,0.73015,0.7307,2.50,1.00
2010.08.19 19:34:08.011,0.73015,0.7307,2.50,1.00
2010.08.19 19:34:08.230,0.7302,0.7307,1.00,1.00
2010.08.19 19:34:13.806,0.73015,0.7307,2.50,1.00
2010.08.19 19:34:14.236,0.73015,0.7307,2.40,1.00
2010.08.19 19:34:14.408,0.73015,0.7307,1.00,1.00
2010.08.19 19:34:16.686,0.73015,0.7307,1.00,1.00
2010.08.19 19:34:17.229,0.73015,0.7307,2.50,1.00
2010.08.19 19:34:18.211,0.73015,0.7307,2.50,1.00
2010.08.19 19:34:21.289,0.73015,0.7307,2.40,1.00
2010.08.19 19:34:24.997,0.73015,0.7307,1.00,1.00
2010.08.19 19:34:25.899,0.73015,0.73075,1.00,1.00
2010.08.19 19:34:26.907,0.73015,0.7308,1.00,1.00
2010.08.19 19:34:27.468,0.7302,0.7308,1.00,1.00
2010.08.19 19:34:27.788,0.73015,0.73075,1.00,1.00
2010.08.19 19:34:29.249,0.73015,0.73075,1.00,1.00
2010.08.19 19:34:29.752,0.73025,0.73075,1.00,1.00
2010.08.19 19:34:31.852,0.73025,0.7308,1.00,1.00
2010.08.19 19:34:33.428,0.73025,0.7308,1.00,1.00
2010.08.19 19:34:33.568,0.7302,0.73075,1.00,1.00
2010.08.19 19:34:34.239,0.73025,0.7308,1.00,1.00
2010.08.19 19:34:34.418,0.73015,0.73075,1.00,1.00
2010.08.19 19:34:41.310,0.7301,0.73075,3.70,1.00
2010.08.19 19:34:42.637,0.73015,0.73075,2.40,1.00
2010.08.19 19:34:43.057,0.7302,0.73075,1.00,1.00
2010.08.19 19:34:43.078,0.7302,0.73075,1.00,1.00
2010.08.19 19:34:44.307,0.7302,0.73075,1.00,1.00
2010.08.19 19:34:45.028,0.7302,0.7308,1.00,1.00
2010.08.19 19:34:45.190,0.7302,0.7308,1.00,1.00
2010.08.19 19:34:45.661,0.7302,0.7308,1.00,1.00
2010.08.19 19:34:45.819,0.73025,0.7308,1.00,1.00
2010.08.19 19:34:46.976,0.7302,0.7307,1.00,1.00
2010.08.19 19:34:47.169,0.7302,0.73075,1.00,1.00
2010.08.19 19:34:47.895,0.7302,0.73075,1.00,1.00
2010.08.19 19:34:50.587,0.7302,0.7308,1.00,1.00
2010.08.19 19:34:50.817,0.73025,0.7308,1.00,1.00
2010.08.19 19:34:53.531,0.7302,0.7308,1.00,1.00
2010.08.19 19:34:54.571,0.7302,0.73075,1.00,1.00
2010.08.19 19:34:54.679,0.7302,0.73075,1.00,1.00
2010.08.19 19:34:56.398,0.7303,0.7308,1.00,1.00
2010.08.19 19:34:57.007,0.7303,0.7308,1.00,1.00
2010.08.19 19:34:57.488,0.7303,0.73085,1.00,1.00
2010.08.19 19:34:57.728,0.7303,0.7308,1.00,1.00
2010.08.19 19:34:59.372,0.7303,0.7308,1.00,1.00
2010.08.19 19:35:00.316,0.7303,0.7308,1.00,1.00
2010.08.19 19:35:00.659,0.73035,0.7309,1.00,4.10
2010.08.19 19:35:01.263,0.73035,0.73085,1.00,1.00
2010.08.19 19:35:01.599,0.73045,0.73085,1.00,1.00
2010.08.19 19:35:02.039,0.73045,0.7309,1.00,1.00
2010.08.19 19:35:02.208,0.73045,0.73085,1.00,1.00
2010.08.19 19:35:03.109,0.73045,0.7308,1.00,1.00
2010.08.19 19:35:03.908,0.73045,0.73075,1.00,1.00
2010.08.19 19:35:04.068,0.73035,0.73075,1.00,1.00
2010.08.19 19:35:04.308,0.73035,0.7307,1.00,1.00
2010.08.19 19:35:04.821,0.73025,0.73075,1.00,1.00
2010.08.19 19:35:05.387,0.73025,0.7307,1.00,1.00
2010.08.19 19:35:07.435,0.73025,0.7307,1.00,1.00
2010.08.19 19:35:08.003,0.73025,0.73075,1.00,1.00
2010.08.19 19:35:08.219,0.73025,0.7307,1.00,1.00
2010.08.19 19:35:08.492,0.73025,0.73075,1.00,1.00
2010.08.19 19:35:09.118,0.73025,0.73075,1.00,1.00
2010.08.19 19:35:09.278,0.73025,0.7307,1.00,1.00
2010.08.19 19:35:09.438,0.73025,0.73075,1.00,1.00
2010.08.19 19:35:09.938,0.73025,0.73075,1.00,1.00
2010.08.19 19:35:10.769,0.73025,0.7307,1.00,1.00
2010.08.19 19:35:12.948,0.73025,0.7307,1.00,1.00
2010.08.19 19:35:14.515,0.73025,0.73075,1.00,1.00
2010.08.19 19:35:14.770,0.73025,0.73065,1.00,1.00
2010.08.19 19:35:15.577,0.73025,0.73075,1.00,1.00
2010.08.19 19:35:15.801,0.73015,0.7307,1.00,1.00
2010.08.19 19:35:16.478,0.73015,0.7307,1.00,1.00
2010.08.19 19:35:16.826,0.7302,0.7307,1.00,1.00
2010.08.19 19:35:18.430,0.73015,0.73065,1.00,1.00
2010.08.19 19:35:18.718,0.73015,0.7306,1.00,1.00
2010.08.19 19:35:19.074,0.73015,0.7306,1.00,1.00
2010.08.19 19:35:20.208,0.73015,0.73055,1.00,1.00
2010.08.19 19:35:25.617,0.73015,0.7306,1.00,1.00
2010.08.19 19:35:27.559,0.73015,0.73055,1.00,1.00
2010.08.19 19:35:27.899,0.73015,0.7306,1.00,1.00
2010.08.19 19:35:28.191,0.73015,0.7306,1.00,1.00
2010.08.19 19:35:41.626,0.73015,0.7306,2.80,1.00
2010.08.19 19:35:41.949,0.73015,0.7306,1.00,1.00
2010.08.19 19:35:42.109,0.73015,0.7306,2.80,1.00
2010.08.19 19:35:58.952,0.7302,0.73055,1.00,1.00
2010.08.19 19:35:59.082,0.7302,0.73065,1.00,1.00
2010.08.19 19:35:59.609,0.7302,0.7306,1.00,1.00
2010.08.19 19:35:59.762,0.7302,0.73065,1.00,1.00
2010.08.19 19:36:00.660,0.7302,0.7306,1.00,1.00
2010.08.19 19:36:01.005,0.7302,0.73065,1.00,1.00
2010.08.19 19:36:01.219,0.7301,0.73065,1.00,1.00
2010.08.19 19:36:01.431,0.7301,0.7306,1.00,1.00
2010.08.19 19:36:01.945,0.7301,0.7306,1.00,1.00
2010.08.19 19:36:02.471,0.7301,0.7306,1.00,1.00
2010.08.19 19:36:02.808,0.7301,0.7306,1.00,1.00
2010.08.19 19:36:05.269,0.73005,0.7306,1.00,1.00
2010.08.19 19:36:06.197,0.73005,0.7306,1.00,1.00
2010.08.19 19:36:06.540,0.7301,0.7306,1.00,1.00
2010.08.19 19:36:07.896,0.73005,0.73055,1.00,1.00
2010.08.19 19:36:12.608,0.7301,0.7306,1.00,1.00
2010.08.19 19:36:12.967,0.73005,0.73055,1.00,1.00
2010.08.19 19:36:15.925,0.7301,0.7306,1.00,1.00
2010.08.19 19:36:19.148,0.73005,0.73055,1.00,1.00
2010.08.19 19:36:33.769,0.7301,0.7306,1.00,1.00
2010.08.19 19:36:34.165,0.73005,0.7306,1.00,1.00
2010.08.19 19:36:34.813,0.73005,0.73055,1.00,1.00
2010.08.19 19:36:38.280,0.7301,0.7306,1.00,1.00
2010.08.19 19:36:45.556,0.73005,0.73055,1.00,1.00
2010.08.19 19:36:46.006,0.73005,0.73055,1.00,1.00
2010.08.19 19:36:46.230,0.73005,0.73055,2.40,1.00
2010.08.19 19:36:46.569,0.73005,0.7306,2.50,1.00
2010.08.19 19:36:47.869,0.73005,0.73055,2.50,1.00
2010.08.19 19:36:51.849,0.73,0.7305,2.90,1.00
2010.08.19 19:37:33.310,0.73005,0.73055,1.00,1.00
2010.08.19 19:37:40.724,0.73,0.7305,2.50,1.00
2010.08.19 19:37:41.492,0.73005,0.7305,1.00,1.00
2010.08.19 19:38:00.428,0.73,0.73045,2.40,1.00
2010.08.19 19:38:01.111,0.7301,0.73055,1.00,1.00
2010.08.19 19:38:02.209,0.7301,0.7305,1.00,1.00
2010.08.19 19:38:12.573,0.7301,0.7305,1.00,1.00
2010.08.19 19:38:23.340,0.7301,0.73045,1.00,1.00
2010.08.19 19:38:28.049,0.7301,0.7305,1.00,1.00
2010.08.19 19:38:33.452,0.7301,0.73045,1.00,1.00
2010.08.19 19:38:33.605,0.7301,0.73055,1.00,1.00
2010.08.19 19:38:33.739,0.73005,0.73055,2.50,1.00
2010.08.19 19:38:34.307,0.73005,0.7305,2.40,1.00
2010.08.19 19:38:38.344,0.73005,0.73055,2.50,1.00
2010.08.19 19:38:38.406,0.73005,0.7305,2.40,1.00
2010.08.19 19:38:39.167,0.73005,0.73055,2.40,1.00
2010.08.19 19:38:39.532,0.73005,0.73055,4.80,1.00
2010.08.19 19:38:39.877,0.73015,0.73055,2.40,1.00
2010.08.19 19:38:40.533,0.7302,0.73055,1.00,1.00
2010.08.19 19:38:42.749,0.7302,0.7306,1.00,1.00
2010.08.19 19:38:43.009,0.73025,0.7306,1.00,1.00
2010.08.19 19:38:44.270,0.7302,0.7306,1.00,1.00
2010.08.19 19:38:44.480,0.7302,0.73055,1.00,1.00
2010.08.19 19:38:46.234,0.73015,0.7306,3.20,1.00
2010.08.19 19:38:46.489,0.7302,0.73065,2.40,1.00
2010.08.19 19:38:47.241,0.73015,0.7306,3.60,1.00
2010.08.19 19:38:49.471,0.73015,0.7306,2.80,1.00
2010.08.19 19:38:49.661,0.73005,0.7306,1.00,1.00
2010.08.19 19:38:49.801,0.73,0.73065,3.20,1.00
2010.08.19 19:38:49.979,0.73,0.7307,1.00,1.00
2010.08.19 19:38:50.099,0.7299,0.7307,2.90,1.00
2010.08.19 19:38:50.464,0.7299,0.7307,2.50,1.00
2010.08.19 19:38:50.519,0.7299,0.73065,2.50,1.00
2010.08.19 19:38:50.778,0.72995,0.73065,1.00,1.00
2010.08.19 19:38:51.121,0.72995,0.73045,1.00,1.00
2010.08.19 19:38:51.461,0.72985,0.7304,1.00,1.00
2010.08.19 19:38:51.800,0.7299,0.7304,1.00,1.00
2010.08.19 19:38:52.080,0.7298,0.7305,3.70,1.00
2010.08.19 19:38:52.397,0.7299,0.73055,1.00,1.00
2010.08.19 19:38:52.679,0.7299,0.7305,1.00,1.00
2010.08.19 19:38:53.402,0.72995,0.7305,1.00,1.00
2010.08.19 19:38:54.550,0.72995,0.7305,1.00,1.00
2010.08.19 19:38:55.386,0.7299,0.73045,1.00,1.00
2010.08.19 19:38:55.730,0.7299,0.7305,1.00,1.00
2010.08.19 19:38:56.719,0.7299,0.73045,1.00,1.00
2010.08.19 19:38:57.325,0.72995,0.7305,1.00,1.00
2010.08.19 19:38:57.679,0.72995,0.7305,1.00,1.00
2010.08.19 19:38:58.042,0.72995,0.7305,1.00,1.00
2010.08.19 19:38:58.387,0.72995,0.7305,1.00,1.00
2010.08.19 19:38:59.559,0.72995,0.7305,1.00,1.00
2010.08.19 19:39:00.582,0.73,0.7305,1.00,1.00
2010.08.19 19:39:00.921,0.73,0.73045,1.00,1.00
2010.08.19 19:39:01.599,0.73,0.7305,1.00,1.00
2010.08.19 19:39:02.304,0.73,0.73045,1.00,1.00
2010.08.19 19:39:04.779,0.73,0.7305,1.00,1.00
2010.08.19 19:39:07.702,0.72995,0.7305,1.00,1.00
2010.08.19 19:39:08.030,0.72995,0.7305,1.00,1.00
2010.08.19 19:39:08.249,0.7299,0.7305,1.00,1.00
2010.08.19 19:39:08.458,0.72995,0.7305,1.00,1.00
2010.08.19 19:39:09.448,0.73,0.7305,1.00,1.00
2010.08.19 19:39:10.031,0.72995,0.7305,1.00,1.00
2010.08.19 19:39:10.404,0.7299,0.73045,1.00,1.00
2010.08.19 19:39:11.383,0.73,0.7305,1.00,1.00
2010.08.19 19:39:11.834,0.72995,0.7305,1.00,1.00
2010.08.19 19:39:12.679,0.73,0.7305,1.00,1.60
2010.08.19 19:39:13.018,0.72995,0.7305,1.00,1.70
2010.08.19 19:39:17.413,0.72995,0.7305,1.00,1.60
2010.08.19 19:39:17.549,0.7299,0.7305,1.00,1.00
2010.08.19 19:39:19.374,0.73,0.7305,1.00,1.00
2010.08.19 19:39:23.309,0.72995,0.7305,1.00,1.00
2010.08.19 19:39:23.638,0.73,0.7305,1.00,1.00
2010.08.19 19:39:23.940,0.73,0.7305,1.00,1.00
2010.08.19 19:39:24.718,0.73,0.73045,1.00,1.00
2010.08.19 19:39:25.028,0.73,0.73045,1.00,1.00
2010.08.19 19:39:25.339,0.73005,0.7305,1.00,1.00
2010.08.19 19:39:25.649,0.73,0.73055,1.00,1.00
2010.08.19 19:39:25.939,0.7301,0.7306,1.00,1.00
2010.08.19 19:39:27.303,0.7301,0.73055,1.00,1.00
2010.08.19 19:39:29.531,0.7301,0.7306,1.00,1.00
2010.08.19 19:39:30.589,0.7301,0.73055,1.00,1.00
2010.08.19 19:39:31.229,0.73005,0.73055,1.00,1.00
2010.08.19 19:39:31.519,0.73005,0.7305,1.00,1.00
2010.08.19 19:39:32.489,0.73005,0.7306,1.00,1.00
2010.08.19 19:39:33.145,0.73,0.73055,1.00,1.00
2010.08.19 19:39:37.238,0.73,0.73055,1.00,1.60
2010.08.19 19:39:40.507,0.73,0.73055,1.00,1.60
2010.08.19 19:39:40.745,0.73,0.73055,1.00,1.00
2010.08.19 19:39:45.039,0.73,0.73055,1.00,1.60
2010.08.19 19:39:46.629,0.73,0.7305,1.00,1.00
2010.08.19 19:39:47.198,0.73,0.7305,1.00,1.60
2010.08.19 19:39:47.428,0.72995,0.7305,1.00,1.60
2010.08.19 19:39:48.355,0.72995,0.7305,1.00,1.70
2010.08.19 19:39:57.869,0.72995,0.7304,1.00,1.00
2010.08.19 19:40:01.359,0.73,0.7304,1.00,1.00
2010.08.19 19:40:01.678,0.73,0.73045,1.00,1.00
2010.08.19 19:40:02.399,0.72995,0.73045,1.00,1.00
2010.08.19 19:40:05.119,0.7299,0.7304,1.00,1.00
2010.08.19 19:40:05.714,0.72995,0.7304,1.00,1.00
2010.08.19 19:40:13.998,0.72995,0.73045,1.00,1.00
2010.08.19 19:40:23.150,0.73,0.73045,1.00,1.00
2010.08.19 19:40:31.484,0.72995,0.73045,1.00,1.00
2010.08.19 19:40:31.903,0.72995,0.7304,1.00,1.00
2010.08.19 19:40:32.062,0.73,0.7304,1.00,1.00
2010.08.19 19:40:39.822,0.73,0.7304,1.00,1.60
2010.08.19 19:40:39.882,0.7299,0.7304,1.00,1.60
2010.08.19 19:40:39.941,0.72985,0.7304,1.00,1.60
2010.08.19 19:40:40.060,0.72985,0.7303,1.00,1.00
2010.08.19 19:40:40.489,0.7297,0.73035,2.50,1.00
2010.08.19 19:40:40.598,0.72975,0.7304,1.00,1.70
2010.08.19 19:40:41.324,0.72985,0.7304,1.00,1.60
2010.08.19 19:40:42.423,0.72985,0.7304,1.00,1.70
2010.08.19 19:41:31.939,0.7298,0.73035,1.00,1.00
2010.08.19 19:41:32.272,0.72985,0.7304,1.00,1.70
2010.08.19 19:41:36.615,0.7299,0.7304,1.00,1.60
2010.08.19 19:41:36.790,0.72985,0.7304,1.00,1.70
2010.08.19 19:41:37.100,0.72975,0.7304,2.50,1.70
2010.08.19 19:41:37.581,0.72965,0.7303,2.40,1.00
2010.08.19 19:41:37.919,0.7296,0.7303,1.00,1.00
2010.08.19 19:41:38.991,0.7296,0.73035,1.30,1.00
2010.08.19 19:41:39.302,0.72965,0.73035,1.00,1.00
2010.08.19 19:41:40.785,0.72975,0.73035,1.00,1.00
2010.08.19 19:41:41.286,0.7297,0.73035,1.00,1.00
2010.08.19 19:41:41.929,0.7297,0.73035,1.00,1.00
2010.08.19 19:41:42.159,0.7297,0.73035,1.00,1.00
2010.08.19 19:41:50.716,0.72975,0.73035,1.00,1.00
2010.08.19 19:41:54.641,0.7297,0.73035,1.00,1.00
2010.08.19 19:41:57.210,0.7297,0.7302,1.00,1.00
2010.08.19 19:41:57.754,0.72975,0.7302,1.00,1.00
2010.08.19 19:41:58.619,0.72975,0.73035,1.00,2.00
2010.08.19 19:41:58.929,0.72975,0.73035,1.00,1.60
2010.08.19 19:41:59.548,0.7297,0.73035,1.00,1.60
2010.08.19 19:41:59.925,0.72965,0.73035,1.00,1.70
2010.08.19 19:42:01.064,0.7297,0.73035,1.00,1.60
2010.08.19 19:42:01.379,0.7297,0.7303,1.00,1.20
2010.08.19 19:42:02.119,0.7297,0.7302,1.00,1.00
2010.08.19 19:42:02.373,0.72965,0.7302,1.00,1.00
2010.08.19 19:42:03.449,0.72965,0.7302,1.00,1.00
2010.08.19 19:42:04.521,0.72965,0.7302,1.00,1.00
2010.08.19 19:42:05.351,0.72965,0.7302,1.00,1.00
2010.08.19 19:42:06.917,0.7296,0.73015,1.00,1.00
2010.08.19 19:42:06.989,0.72965,0.7302,1.00,1.00
2010.08.19 19:42:08.239,0.7297,0.7302,1.00,1.00
2010.08.19 19:42:13.676,0.72965,0.7302,1.00,1.00
2010.08.19 19:42:14.052,0.7297,0.7302,1.00,1.00
2010.08.19 19:42:14.101,0.7297,0.73025,1.00,1.70
2010.08.19 19:42:17.949,0.7297,0.73025,1.00,1.00
2010.08.19 19:42:19.177,0.7297,0.73025,1.00,1.70
2010.08.19 19:42:34.921,0.7297,0.73015,1.00,1.00
2010.08.19 19:42:37.823,0.72975,0.73015,1.00,1.00
2010.08.19 19:42:38.129,0.72975,0.7302,1.00,1.00
2010.08.19 19:42:38.439,0.72975,0.73015,1.00,1.00
2010.08.19 19:42:39.200,0.72975,0.7302,1.00,1.00
2010.08.19 19:42:39.834,0.7297,0.7302,1.00,1.00
2010.08.19 19:42:40.902,0.72975,0.7302,1.00,1.00
2010.08.19 19:42:41.130,0.7297,0.7302,1.00,1.00
2010.08.19 19:42:41.503,0.72975,0.7302,1.00,1.00
2010.08.19 19:42:42.339,0.72975,0.73015,1.00,1.00
2010.08.19 19:42:42.549,0.7297,0.73015,1.00,1.00
2010.08.19 19:42:42.966,0.72965,0.73015,1.00,1.00
2010.08.19 19:42:43.248,0.7297,0.73015,1.00,1.00
2010.08.19 19:42:43.579,0.72965,0.73015,1.00,1.00
2010.08.19 19:42:44.929,0.7297,0.73015,1.00,1.00
2010.08.19 19:42:46.170,0.7297,0.73015,1.00,1.00
2010.08.19 19:42:46.729,0.7297,0.73015,1.00,1.00
2010.08.19 19:42:47.337,0.7297,0.7302,1.00,1.00
2010.08.19 19:42:47.974,0.7297,0.73015,1.00,1.00
2010.08.19 19:42:50.320,0.7297,0.7302,1.00,1.00
2010.08.19 19:42:51.697,0.7297,0.7302,1.00,1.00
2010.08.19 19:42:52.670,0.72965,0.7302,1.00,1.00
2010.08.19 19:42:53.351,0.72955,0.73015,1.00,1.00
2010.08.19 19:42:54.082,0.7296,0.73015,1.00,1.00
2010.08.19 19:42:54.535,0.7296,0.73015,1.00,1.00
2010.08.19 19:42:55.208,0.72965,0.73015,1.00,1.00
2010.08.19 19:42:55.390,0.72965,0.73015,1.00,1.00
2010.08.19 19:42:58.000,0.72965,0.7302,1.00,1.70
2010.08.19 19:42:58.782,0.7297,0.7302,1.00,1.60
2010.08.19 19:43:00.093,0.7297,0.7302,1.00,1.60
2010.08.19 19:43:00.429,0.72965,0.7302,1.00,1.70
2010.08.19 19:43:02.379,0.72965,0.7302,1.00,1.60
2010.08.19 19:43:03.211,0.7296,0.73015,1.00,1.00
2010.08.19 19:43:13.360,0.72965,0.7302,1.00,1.00
2010.08.19 19:43:17.734,0.7296,0.73015,2.50,1.00
2010.08.19 19:43:22.187,0.72965,0.7302,1.00,1.00
2010.08.19 19:43:22.340,0.7297,0.73025,1.00,1.70
2010.08.19 19:43:23.160,0.72965,0.7302,1.00,1.00
2010.08.19 19:43:25.466,0.72965,0.7302,1.00,1.00
2010.08.19 19:43:27.442,0.7296,0.73015,1.00,1.00
2010.08.19 19:43:31.041,0.72955,0.73015,1.00,1.00
2010.08.19 19:43:31.350,0.72955,0.7301,1.00,1.00
2010.08.19 19:43:31.662,0.7296,0.73015,1.00,1.00
2010.08.19 19:43:31.970,0.72965,0.73015,1.00,1.00
2010.08.19 19:43:34.779,0.72965,0.7301,1.00,1.00
2010.08.19 19:43:35.944,0.72965,0.7301,1.00,1.00
2010.08.19 19:43:36.111,0.72965,0.7301,1.00,1.00
2010.08.19 19:43:36.389,0.7296,0.7301,1.00,1.00
2010.08.19 19:43:38.307,0.72965,0.7301,1.00,1.00
2010.08.19 19:43:42.110,0.7297,0.73015,1.00,1.00
2010.08.19 19:43:42.659,0.7297,0.7301,1.00,1.00
2010.08.19 19:43:42.829,0.72965,0.73015,1.00,1.00
2010.08.19 19:43:43.512,0.72965,0.73015,1.00,1.00
2010.08.19 19:43:44.503,0.72965,0.73015,1.00,1.00
2010.08.19 19:43:48.052,0.72965,0.73015,1.00,1.00
2010.08.19 19:43:48.466,0.72965,0.73015,1.00,1.00
2010.08.19 19:43:49.860,0.72965,0.7301,1.00,1.00
2010.08.19 19:43:50.030,0.7296,0.7301,1.00,1.00
2010.08.19 19:43:50.670,0.7296,0.7301,1.00,1.60
2010.08.19 19:43:51.233,0.7296,0.7301,1.00,1.70
2010.08.19 19:43:52.588,0.7296,0.7301,1.00,1.60
2010.08.19 19:43:52.932,0.7296,0.7301,1.00,1.60
2010.08.19 19:43:54.261,0.72965,0.7301,1.00,1.60
2010.08.19 19:43:58.480,0.7297,0.7301,1.00,1.60
2010.08.19 19:43:58.669,0.7297,0.7301,1.00,1.60
2010.08.19 19:43:59.501,0.72965,0.7301,1.00,1.60
2010.08.19 19:44:09.122,0.72965,0.7301,1.00,1.00
2010.08.19 19:44:09.662,0.72965,0.7302,1.00,1.00
2010.08.19 19:44:10.861,0.72965,0.7302,1.00,1.60
2010.08.19 19:44:12.722,0.7297,0.7302,1.00,1.60
2010.08.19 19:44:14.300,0.72965,0.7302,1.00,1.60
2010.08.19 19:44:17.139,0.72965,0.73015,1.00,1.60
2010.08.19 19:44:17.250,0.7296,0.73015,1.00,1.60
2010.08.19 19:44:17.911,0.72965,0.73015,1.00,1.60
2010.08.19 19:44:19.986,0.7296,0.73015,1.00,1.60
2010.08.19 19:44:24.672,0.72965,0.73015,1.00,1.60
2010.08.19 19:45:01.324,0.7297,0.73015,1.00,1.00
2010.08.19 19:45:01.602,0.7297,0.7303,1.00,1.00
2010.08.19 19:45:03.372,0.72975,0.7304,1.00,1.70
2010.08.19 19:45:03.700,0.7298,0.7304,1.00,1.70
2010.08.19 19:45:07.707,0.72975,0.73035,1.00,1.00
2010.08.19 19:45:08.045,0.72975,0.7304,1.00,1.70
2010.08.19 19:45:18.310,0.7298,0.7304,1.00,1.60
2010.08.19 19:45:18.441,0.7298,0.7304,1.00,1.60
2010.08.19 19:45:24.633,0.7298,0.73035,1.00,1.00
2010.08.19 19:45:38.265,0.72975,0.73035,1.00,1.00
2010.08.19 19:45:39.477,0.7298,0.73035,1.00,1.00
2010.08.19 19:45:40.361,0.72975,0.73035,1.00,1.00
2010.08.19 19:45:42.670,0.72975,0.73035,1.00,1.00
2010.08.19 19:45:42.880,0.7298,0.73035,1.00,1.00
2010.08.19 19:45:43.471,0.7298,0.7304,1.00,1.60
2010.08.19 19:45:48.660,0.7298,0.7304,1.00,1.00
2010.08.19 19:45:48.969,0.7298,0.73045,1.00,1.30
2010.08.19 19:45:56.578,0.72985,0.73045,1.00,1.20
2010.08.19 19:45:59.192,0.7298,0.73045,1.00,1.30
2010.08.19 19:45:59.543,0.72985,0.73045,1.00,1.30
2010.08.19 19:46:00.332,0.7298,0.73045,1.00,1.30
2010.08.19 19:46:05.170,0.7298,0.73045,1.00,2.90
2010.08.19 19:46:05.241,0.7298,0.7304,1.00,1.00
2010.08.19 19:46:05.663,0.72985,0.7304,1.00,1.00
2010.08.19 19:46:17.662,0.7298,0.7304,1.00,1.00
2010.08.19 19:46:18.370,0.7298,0.73045,1.00,2.10
2010.08.19 19:46:26.296,0.72975,0.7304,1.00,1.00
2010.08.19 19:46:27.822,0.7298,0.73045,1.00,2.10
2010.08.19 19:46:28.375,0.72975,0.7304,1.00,1.00
2010.08.19 19:46:28.571,0.72975,0.73035,1.00,1.00
2010.08.19 19:46:29.412,0.7297,0.73035,1.00,1.00
2010.08.19 19:46:31.263,0.72975,0.73035,1.00,1.00
2010.08.19 19:46:31.664,0.72975,0.7304,1.00,1.00
2010.08.19 19:46:32.163,0.72975,0.7304,1.00,1.00
2010.08.19 19:46:35.991,0.7297,0.73035,1.00,1.00
2010.08.19 19:46:37.885,0.72975,0.7304,1.00,1.00
2010.08.19 19:46:38.810,0.72975,0.73035,1.00,1.00
2010.08.19 19:46:45.433,0.7298,0.7304,1.00,1.00
2010.08.19 19:46:47.882,0.72975,0.7304,1.00,1.00
2010.08.19 19:46:50.869,0.72975,0.7304,1.00,1.00
2010.08.19 19:46:52.260,0.7298,0.73045,1.00,5.30
2010.08.19 19:46:52.360,0.7298,0.7304,1.00,1.00
2010.08.19 19:46:52.931,0.72975,0.7304,1.00,1.00
2010.08.19 19:46:54.300,0.72975,0.7304,1.00,1.00
2010.08.19 19:46:54.869,0.7298,0.7304,1.00,1.00
2010.08.19 19:46:56.277,0.72975,0.7304,1.00,1.00
2010.08.19 19:46:57.668,0.72975,0.7304,1.00,1.30
2010.08.19 19:46:58.430,0.7298,0.7304,1.00,1.30
2010.08.19 19:46:58.981,0.72975,0.7304,1.00,1.20
2010.08.19 19:46:59.369,0.72975,0.7304,1.00,1.30
2010.08.19 19:47:03.074,0.7298,0.7304,1.00,1.30
2010.08.19 19:47:04.261,0.72975,0.7304,1.00,1.30
2010.08.19 19:47:04.821,0.7298,0.7304,1.00,1.30
2010.08.19 19:47:05.647,0.72975,0.7304,1.00,1.30
2010.08.19 19:47:08.112,0.7298,0.7304,1.00,1.30
2010.08.19 19:47:08.398,0.7298,0.7304,1.00,1.00
2010.08.19 19:47:16.280,0.7298,0.7304,1.00,1.00
2010.08.19 19:47:16.374,0.7298,0.7304,1.00,1.00
2010.08.19 19:47:17.942,0.7298,0.7304,1.00,1.00
2010.08.19 19:47:18.158,0.7298,0.7304,1.00,1.00
2010.08.19 19:47:18.554,0.7298,0.7304,1.00,1.00
2010.08.19 19:47:19.159,0.72985,0.7304,1.00,1.00
2010.08.19 19:47:38.732,0.7299,0.73045,1.00,1.00
2010.08.19 19:47:38.941,0.72995,0.73045,1.00,1.00
2010.08.19 19:47:39.150,0.72995,0.7305,1.70,1.00
2010.08.19 19:47:39.549,0.72995,0.73055,1.70,1.00
2010.08.19 19:47:40.082,0.73,0.73055,1.00,1.00
2010.08.19 19:47:41.345,0.73005,0.73055,1.00,1.00
2010.08.19 19:47:42.272,0.7301,0.73055,1.00,1.00
2010.08.19 19:47:42.611,0.73005,0.73065,1.00,1.00
2010.08.19 19:47:42.951,0.7301,0.73065,1.00,1.00
2010.08.19 19:47:43.290,0.7301,0.7307,1.00,5.60
2010.08.19 19:47:43.629,0.7301,0.73065,1.00,1.00
2010.08.19 19:47:44.383,0.73005,0.73065,1.00,1.00
2010.08.19 19:47:45.355,0.73005,0.73065,1.00,1.00
2010.08.19 19:47:49.702,0.73005,0.73055,1.00,1.00
2010.08.19 19:47:50.088,0.73,0.73055,1.00,1.00
2010.08.19 19:47:50.391,0.73,0.73045,1.00,1.00
2010.08.19 19:47:51.156,0.73005,0.73045,1.00,1.00
2010.08.19 19:47:51.280,0.73005,0.73045,1.00,1.00
2010.08.19 19:47:51.400,0.73005,0.73055,1.00,2.40
2010.08.19 19:47:51.519,0.73005,0.73065,1.00,1.70
2010.08.19 19:47:52.096,0.73025,0.73065,1.00,1.00
2010.08.19 19:47:52.414,0.73025,0.7307,1.00,1.00
2010.08.19 19:47:52.512,0.7303,0.73075,1.00,1.00
2010.08.19 19:47:52.709,0.73025,0.7307,1.00,1.00
2010.08.19 19:48:04.349,0.73015,0.7307,1.00,3.20
2010.08.19 19:48:04.910,0.73015,0.7307,1.00,1.60
2010.08.19 19:48:07.425,0.73015,0.7307,1.00,1.70
2010.08.19 19:48:09.461,0.73015,0.7307,1.00,3.30
2010.08.19 19:48:12.309,0.73015,0.73065,1.00,1.00
2010.08.19 19:48:13.352,0.73015,0.73065,1.00,1.00
2010.08.19 19:48:13.709,0.73015,0.73065,1.00,1.00
2010.08.19 19:48:14.499,0.73015,0.73065,1.00,1.00
2010.08.19 19:48:17.451,0.73015,0.73065,1.00,1.00
2010.08.19 19:48:17.514,0.73015,0.73065,1.00,1.00
2010.08.19 19:48:17.755,0.73015,0.73065,1.00,1.60
2010.08.19 19:48:18.114,0.73015,0.73055,1.00,1.00
2010.08.19 19:48:18.210,0.73015,0.7306,1.00,5.60
2010.08.19 19:48:18.230,0.73005,0.73055,1.00,1.00
2010.08.19 19:48:18.340,0.73,0.73055,1.00,1.00
2010.08.19 19:48:18.681,0.73,0.73045,1.00,1.00
2010.08.19 19:48:25.172,0.73,0.73055,1.00,2.50
2010.08.19 19:48:25.235,0.7301,0.73055,1.00,2.50
2010.08.19 19:48:25.303,0.7301,0.7306,1.00,1.00
2010.08.19 19:48:25.691,0.7301,0.7306,1.00,1.70
2010.08.19 19:48:26.370,0.73005,0.73055,1.00,1.00
2010.08.19 19:48:27.742,0.73005,0.73055,1.00,1.00
2010.08.19 19:48:30.256,0.72995,0.73055,1.00,1.00
2010.08.19 19:48:33.071,0.73005,0.73055,1.00,1.00
2010.08.19 19:48:33.261,0.73,0.73045,1.00,1.00
2010.08.19 19:48:40.636,0.7299,0.73035,1.00,1.00
2010.08.19 19:48:42.502,0.7299,0.7302,1.00,1.00
2010.08.19 19:48:42.610,0.72965,0.73005,1.00,1.00
2010.08.19 19:48:46.084,0.72975,0.7301,1.00,3.20
2010.08.19 19:48:46.306,0.72975,0.7301,1.00,1.00
2010.08.19 19:48:47.901,0.72975,0.73035,1.00,1.00
2010.08.19 19:48:48.242,0.7298,0.73025,1.00,2.40
2010.08.19 19:48:49.148,0.7298,0.7302,1.00,1.00
2010.08.19 19:48:50.233,0.7298,0.7302,1.00,1.00
2010.08.19 19:48:52.014,0.7298,0.7302,1.00,1.00
2010.08.19 19:48:53.382,0.7298,0.73015,1.00,2.40
2010.08.19 19:48:53.440,0.7297,0.7301,1.00,1.00
2010.08.19 19:48:54.022,0.7297,0.73015,1.00,2.40
2010.08.19 19:48:54.241,0.72975,0.7302,1.00,1.00
2010.08.19 19:48:55.306,0.72975,0.7302,1.00,1.00
2010.08.19 19:48:55.640,0.72975,0.7302,1.00,1.00
2010.08.19 19:48:55.980,0.7297,0.73025,1.00,1.00
2010.08.19 19:48:56.750,0.72955,0.73015,1.00,4.00
2010.08.19 19:48:56.970,0.72945,0.73005,1.00,1.00
2010.08.19 19:48:57.189,0.72945,0.73,1.00,1.00
2010.08.19 19:48:59.578,0.72945,0.73005,1.00,1.70
2010.08.19 19:49:00.560,0.72945,0.7301,1.00,4.90
2010.08.19 19:49:01.023,0.72945,0.7301,1.00,1.00
2010.08.19 19:49:01.192,0.7296,0.73005,1.00,1.00
2010.08.19 19:49:01.860,0.72965,0.73005,1.00,1.00
2010.08.19 19:49:07.047,0.7295,0.73005,1.00,1.00
2010.08.19 19:49:17.913,0.72955,0.73005,1.00,1.00
2010.08.19 19:49:19.003,0.7295,0.73005,1.00,1.00
2010.08.19 19:49:22.610,0.72955,0.73005,1.00,1.00
2010.08.19 19:49:22.921,0.7295,0.73005,1.00,1.00
2010.08.19 19:49:23.139,0.7295,0.73005,1.00,1.00
2010.08.19 19:49:24.530,0.7295,0.73005,1.00,1.00
2010.08.19 19:49:25.968,0.72955,0.73005,1.00,1.00
2010.08.19 19:49:26.260,0.72955,0.73015,1.00,1.00
2010.08.19 19:49:26.550,0.72955,0.73015,1.00,1.00
2010.08.19 19:49:27.013,0.7296,0.73015,1.00,1.00
2010.08.19 19:49:27.309,0.7296,0.73015,1.00,1.00
2010.08.19 19:49:28.756,0.72945,0.73005,2.50,1.20
2010.08.19 19:49:29.102,0.72945,0.73005,1.60,1.00
2010.08.19 19:49:29.571,0.7295,0.73005,1.00,1.00
2010.08.19 19:49:30.147,0.72955,0.73005,1.00,1.00
2010.08.19 19:49:30.692,0.7295,0.73005,1.00,1.00
2010.08.19 19:49:31.239,0.72955,0.73005,1.00,1.00
2010.08.19 19:49:32.951,0.72955,0.73005,1.00,1.00
2010.08.19 19:49:33.151,0.72955,0.73005,1.00,1.00
2010.08.19 19:49:33.980,0.7295,0.73005,1.00,1.00
2010.08.19 19:49:35.640,0.7295,0.73005,1.00,1.00
2010.08.19 19:49:35.981,0.72955,0.73005,1.00,1.00
2010.08.19 19:49:37.352,0.72955,0.73005,1.00,1.00
2010.08.19 19:49:38.805,0.72955,0.73005,1.00,1.00
2010.08.19 19:49:40.302,0.72955,0.73005,1.00,1.00
2010.08.19 19:49:40.882,0.7295,0.73005,1.00,1.00
2010.08.19 19:49:41.750,0.72955,0.72995,1.00,1.00
2010.08.19 19:49:42.144,0.7295,0.72995,1.00,1.00
2010.08.19 19:49:42.222,0.7295,0.73,1.00,1.00
2010.08.19 19:49:42.561,0.7295,0.72995,1.00,1.00
2010.08.19 19:49:45.351,0.72945,0.72995,1.00,1.00
2010.08.19 19:49:46.333,0.7295,0.72995,1.00,1.00
2010.08.19 19:49:47.313,0.72945,0.72995,1.00,1.00
2010.08.19 19:49:47.620,0.7294,0.72995,1.00,1.00
2010.08.19 19:49:48.500,0.7294,0.72995,1.00,1.00
2010.08.19 19:49:48.651,0.72945,0.72995,1.00,1.00
2010.08.19 19:49:51.364,0.7294,0.72995,1.00,1.00
2010.08.19 19:49:52.026,0.7294,0.72995,1.00,1.00
2010.08.19 19:49:52.881,0.7294,0.72995,1.00,1.00
2010.08.19 19:49:53.091,0.72945,0.72995,1.00,1.00
2010.08.19 19:49:53.810,0.7295,0.72995,1.00,1.00
2010.08.19 19:49:55.502,0.72945,0.72995,1.00,1.00
2010.08.19 19:49:57.511,0.72945,0.7299,1.00,1.00
2010.08.19 19:49:57.721,0.7294,0.72985,1.00,1.00
2010.08.19 19:49:57.930,0.7294,0.7299,1.00,1.60
2010.08.19 19:49:59.859,0.72935,0.7299,1.00,1.60
2010.08.19 19:49:59.999,0.72935,0.72985,1.00,1.00
2010.08.19 19:50:00.713,0.7294,0.72985,1.00,1.00
2010.08.19 19:50:03.160,0.72935,0.72985,1.00,1.00
2010.08.19 19:50:04.441,0.7294,0.72985,1.00,1.00
2010.08.19 19:50:04.839,0.7294,0.7299,1.00,1.60
2010.08.19 19:50:05.573,0.72945,0.7299,1.00,1.60
2010.08.19 19:50:05.759,0.72945,0.7299,1.00,1.00
2010.08.19 19:50:06.539,0.72935,0.7299,1.00,3.30
2010.08.19 19:50:06.729,0.72935,0.72985,1.00,1.00
2010.08.19 19:50:10.082,0.7294,0.7299,1.00,1.60
2010.08.19 19:50:10.641,0.72945,0.7299,1.00,1.00
2010.08.19 19:50:10.831,0.72945,0.72995,1.00,1.00
2010.08.19 19:50:11.603,0.72945,0.73005,1.00,1.00
2010.08.19 19:50:12.680,0.72945,0.73005,1.00,1.00
2010.08.19 19:50:13.020,0.7295,0.73005,1.00,1.00
2010.08.19 19:50:14.221,0.72945,0.73005,1.00,1.00
2010.08.19 19:50:16.260,0.7295,0.73005,1.00,1.00
2010.08.19 19:50:17.243,0.72955,0.73005,1.00,1.00
2010.08.19 19:50:17.561,0.7295,0.73005,1.00,1.00
2010.08.19 19:50:17.879,0.72955,0.73005,1.00,1.00
2010.08.19 19:50:20.611,0.72955,0.73,1.00,1.00
2010.08.19 19:50:20.936,0.7295,0.73,1.00,1.00
2010.08.19 19:50:24.193,0.7295,0.73,1.00,1.60
2010.08.19 19:50:26.051,0.7295,0.72995,1.00,1.00
2010.08.19 19:50:26.690,0.72945,0.72995,1.00,1.00
2010.08.19 19:50:26.932,0.72945,0.72995,1.00,1.00
2010.08.19 19:50:28.771,0.7295,0.72995,1.00,1.00
2010.08.19 19:50:37.740,0.7295,0.73,1.00,1.60
2010.08.19 19:50:38.761,0.72955,0.73,1.00,1.60
2010.08.19 19:50:49.354,0.7295,0.73,1.00,1.60
2010.08.19 19:51:15.814,0.7295,0.73,1.00,1.00
2010.08.19 19:51:16.159,0.7295,0.73005,1.00,1.00
2010.08.19 19:51:16.703,0.7295,0.73005,1.00,1.00
2010.08.19 19:51:17.041,0.7295,0.73,1.00,1.00
2010.08.19 19:51:32.101,0.7296,0.73005,1.00,2.40
2010.08.19 19:51:32.352,0.72965,0.73015,1.00,1.70
2010.08.19 19:51:32.601,0.72965,0.73015,1.00,1.60
2010.08.19 19:51:33.580,0.72965,0.73015,1.00,1.70
2010.08.19 19:51:36.502,0.72965,0.73015,1.00,1.60
2010.08.19 19:51:38.452,0.72955,0.73005,1.00,1.00
2010.08.19 19:51:40.289,0.72955,0.73005,1.00,1.00
2010.08.19 19:51:41.854,0.72955,0.73005,1.00,1.00
2010.08.19 19:51:43.531,0.7295,0.7299,1.00,1.00
2010.08.19 19:51:43.731,0.7295,0.7299,1.00,1.00
2010.08.19 19:51:44.640,0.7295,0.7299,1.00,1.00
2010.08.19 19:51:45.307,0.72945,0.7299,1.00,1.00
2010.08.19 19:51:45.633,0.7295,0.7299,1.00,1.00
2010.08.19 19:51:46.461,0.72955,0.73005,1.00,1.00
2010.08.19 19:51:47.325,0.72955,0.73005,1.00,1.00
2010.08.19 19:51:48.072,0.72955,0.73005,1.00,1.00
2010.08.19 19:51:48.332,0.72955,0.73005,1.00,1.00
2010.08.19 19:51:49.322,0.72955,0.73005,1.00,1.00
2010.08.19 19:51:53.721,0.72955,0.73005,1.00,1.00
2010.08.19 19:51:57.178,0.72955,0.73005,1.00,1.00
2010.08.19 19:51:58.921,0.72955,0.73005,1.00,1.00
2010.08.19 19:51:59.209,0.7295,0.73005,1.00,1.00
2010.08.19 19:51:59.691,0.72955,0.73005,1.00,1.00
2010.08.19 19:51:59.982,0.72955,0.73005,1.00,1.00
2010.08.19 19:52:00.434,0.72955,0.73005,1.00,1.00
2010.08.19 19:52:03.826,0.72955,0.73005,1.00,1.00
2010.08.19 19:52:04.146,0.72955,0.73005,1.00,1.00
2010.08.19 19:52:04.456,0.72955,0.73005,1.00,1.00
2010.08.19 19:52:05.623,0.72955,0.73005,1.00,1.00
2010.08.19 19:52:06.296,0.72955,0.7301,1.00,1.00
2010.08.19 19:52:09.102,0.7296,0.7301,1.00,1.00
2010.08.19 19:52:09.362,0.7296,0.73005,1.00,1.00
2010.08.19 19:52:09.640,0.72955,0.7301,1.00,1.00
2010.08.19 19:52:09.919,0.7296,0.7301,1.00,1.00
2010.08.19 19:52:10.200,0.7296,0.7301,1.00,1.00
2010.08.19 19:52:11.200,0.72965,0.73015,1.00,1.60
2010.08.19 19:52:17.545,0.72965,0.73015,1.00,1.70
2010.08.19 19:52:18.220,0.72965,0.73015,1.00,1.60
2010.08.19 19:52:18.791,0.72965,0.73015,1.00,1.00
2010.08.19 19:52:21.621,0.72965,0.73015,1.00,1.00
2010.08.19 19:52:21.761,0.72965,0.73015,1.00,1.00
2010.08.19 19:52:22.156,0.72965,0.73015,1.00,1.00
2010.08.19 19:52:26.697,0.7296,0.73015,1.00,1.00
2010.08.19 19:52:27.093,0.72965,0.73015,1.00,1.00
2010.08.19 19:52:27.482,0.7296,0.73015,1.00,1.00
2010.08.19 19:52:31.660,0.7296,0.73015,1.00,1.00
2010.08.19 19:52:32.906,0.72965,0.73025,1.00,1.00
2010.08.19 19:52:33.434,0.72965,0.73025,1.00,1.00
2010.08.19 19:52:34.020,0.72965,0.73025,1.00,1.60
2010.08.19 19:52:35.160,0.72965,0.73025,1.00,1.70
2010.08.19 19:52:35.402,0.7296,0.73025,1.00,1.70
2010.08.19 19:52:37.579,0.72965,0.73025,1.00,1.60
2010.08.19 19:52:39.414,0.7296,0.73025,1.00,1.70
2010.08.19 19:52:40.700,0.7296,0.7302,1.00,1.00
2010.08.19 19:52:40.899,0.7296,0.7302,1.00,1.00
2010.08.19 19:52:47.221,0.72965,0.7302,1.00,1.00
2010.08.19 19:52:47.308,0.72965,0.7302,1.00,1.00
2010.08.19 19:52:48.553,0.72965,0.73015,1.00,2.40
2010.08.19 19:52:48.832,0.7296,0.73015,1.00,3.20
2010.08.19 19:52:49.110,0.7296,0.7301,1.00,1.00
2010.08.19 19:52:50.282,0.7296,0.73005,1.00,1.00
2010.08.19 19:52:51.304,0.72955,0.73005,1.00,1.00
2010.08.19 19:52:54.982,0.72955,0.7301,1.00,1.00
2010.08.19 19:52:55.853,0.7296,0.7301,1.00,1.00
2010.08.19 19:52:57.512,0.72955,0.7301,1.00,1.00
2010.08.19 19:52:57.916,0.72955,0.7301,1.00,1.00
2010.08.19 19:52:58.064,0.72955,0.73005,1.00,1.00
2010.08.19 19:52:58.573,0.7295,0.73005,1.00,1.00
2010.08.19 19:52:58.711,0.72955,0.73005,1.00,1.00
2010.08.19 19:52:59.050,0.72955,0.73005,1.00,1.00
2010.08.19 19:52:59.390,0.72955,0.7301,1.00,1.60
2010.08.19 19:52:59.731,0.72955,0.73005,1.00,1.00
2010.08.19 19:53:00.809,0.72955,0.7301,1.00,1.00
2010.08.19 19:53:01.770,0.7296,0.7301,1.00,1.00
2010.08.19 19:53:02.010,0.72955,0.7301,1.00,1.00
2010.08.19 19:53:02.250,0.7296,0.7301,1.00,1.00
2010.08.19 19:53:02.821,0.7296,0.7301,1.00,1.00
2010.08.19 19:53:05.351,0.72965,0.7301,1.00,1.00
2010.08.19 19:53:06.342,0.7296,0.7301,1.00,1.00
2010.08.19 19:53:06.913,0.7296,0.7301,1.00,1.00
2010.08.19 19:53:21.129,0.7296,0.73015,1.00,1.60
2010.08.19 19:53:23.359,0.72965,0.73015,1.00,1.60
2010.08.19 19:53:46.629,0.7296,0.73015,1.00,1.70
2010.08.19 19:53:58.581,0.72965,0.73015,1.00,1.60
2010.08.19 19:53:58.921,0.72965,0.73015,1.00,1.60
2010.08.19 19:53:59.864,0.7296,0.73015,1.00,1.70
2010.08.19 19:54:00.911,0.7296,0.73015,1.00,1.00
2010.08.19 19:54:02.819,0.72955,0.73015,1.00,1.00
2010.08.19 19:54:03.052,0.7296,0.73015,1.00,1.00
2010.08.19 19:54:03.417,0.72955,0.7301,1.00,1.00
2010.08.19 19:54:09.088,0.7296,0.73015,1.00,1.00
2010.08.19 19:54:09.430,0.72965,0.73015,1.00,1.00
2010.08.19 19:54:10.010,0.7296,0.73015,1.00,1.00
2010.08.19 19:54:10.861,0.72965,0.7302,1.00,3.70
2010.08.19 19:54:10.990,0.72965,0.7302,1.00,5.30
2010.08.19 19:54:11.380,0.72965,0.73015,1.00,1.00
2010.08.19 19:54:11.510,0.72965,0.7302,1.00,3.70
2010.08.19 19:54:11.640,0.72965,0.73015,1.00,1.00
2010.08.19 19:54:12.251,0.7296,0.73015,1.00,2.50
2010.08.19 19:54:12.530,0.7296,0.7301,1.00,1.00
2010.08.19 19:54:12.810,0.72965,0.7301,1.00,1.00
2010.08.19 19:54:14.943,0.7296,0.7301,1.00,1.00
2010.08.19 19:54:17.202,0.7296,0.73015,1.00,1.00
2010.08.19 19:54:39.393,0.72965,0.73015,1.00,1.00
2010.08.19 19:54:39.584,0.72965,0.73015,1.00,1.00
2010.08.19 19:54:41.310,0.7296,0.73015,1.00,1.00
2010.08.19 19:54:41.440,0.7296,0.73005,1.00,1.00
2010.08.19 19:54:42.498,0.7296,0.73005,1.00,1.00
2010.08.19 19:54:44.312,0.72965,0.73005,1.00,1.00
2010.08.19 19:54:51.062,0.7296,0.73005,1.00,1.00
2010.08.19 19:54:52.583,0.7296,0.7301,1.00,1.00
2010.08.19 19:54:52.882,0.7296,0.73005,1.00,1.00
2010.08.19 19:54:53.419,0.72965,0.73005,1.00,1.00
2010.08.19 19:54:53.540,0.7296,0.73005,1.00,1.00
2010.08.19 19:55:11.772,0.72965,0.73005,1.00,1.00
2010.08.19 19:55:12.816,0.7296,0.73005,1.00,1.00
2010.08.19 19:55:14.387,0.72965,0.73005,1.00,1.00
2010.08.19 19:55:15.320,0.7296,0.73005,1.00,1.00
2010.08.19 19:55:15.633,0.72965,0.73005,1.00,1.00
2010.08.19 19:55:17.604,0.7296,0.73005,1.00,1.00
2010.08.19 19:55:18.843,0.72965,0.73005,1.00,1.00
2010.08.19 19:55:22.169,0.7296,0.73005,1.00,1.00
2010.08.19 19:55:22.710,0.72965,0.73005,1.00,1.00
2010.08.19 19:55:23.662,0.7296,0.73005,1.00,1.00
2010.08.19 19:55:24.070,0.72965,0.73005,1.00,1.00
2010.08.19 19:55:25.451,0.7296,0.73005,1.00,1.00
2010.08.19 19:55:32.745,0.72965,0.73005,1.00,1.00
2010.08.19 19:55:33.340,0.7296,0.73005,1.00,1.00
2010.08.19 19:55:33.660,0.72965,0.7301,1.00,1.00
2010.08.19 19:55:37.380,0.72965,0.73,1.00,1.00
2010.08.19 19:55:54.482,0.7296,0.73,1.00,1.00
2010.08.19 19:55:55.229,0.72965,0.73,1.00,1.00
2010.08.19 19:55:57.285,0.7296,0.73,1.00,1.00
2010.08.19 19:55:57.720,0.72965,0.73,1.00,1.00
2010.08.19 19:56:00.921,0.7296,0.73,1.00,1.00
2010.08.19 19:56:01.411,0.7296,0.73,1.00,1.00
2010.08.19 19:56:01.695,0.72965,0.73,1.00,1.00
2010.08.19 19:56:04.343,0.7296,0.73,1.00,1.00
2010.08.19 19:56:04.885,0.72965,0.73,1.00,1.00
2010.08.19 19:56:06.732,0.7295,0.73,1.00,1.00
2010.08.19 19:56:06.901,0.7295,0.72995,1.00,1.00
2010.08.19 19:56:07.414,0.72955,0.72995,1.00,1.00
2010.08.19 19:56:08.092,0.7295,0.73,1.00,1.00
2010.08.19 19:56:08.517,0.7295,0.73005,1.00,1.00
2010.08.19 19:56:08.867,0.7295,0.73,1.00,1.00
2010.08.19 19:56:09.210,0.72955,0.73,1.00,1.00
2010.08.19 19:56:18.143,0.72945,0.73,1.00,1.00
2010.08.19 19:56:18.331,0.7295,0.73,1.00,1.00
2010.08.19 19:56:18.432,0.7295,0.72995,1.00,1.00
2010.08.19 19:56:20.343,0.72955,0.72995,1.00,1.00
2010.08.19 19:56:24.510,0.72955,0.72995,1.00,1.00
2010.08.19 19:56:24.862,0.72955,0.72995,1.00,1.00
2010.08.19 19:56:28.702,0.72955,0.73,1.00,1.00
2010.08.19 19:56:30.152,0.72955,0.73,1.00,1.00
2010.08.19 19:56:30.591,0.72945,0.73,1.00,1.00
2010.08.19 19:56:31.182,0.72945,0.73,1.00,1.00
2010.08.19 19:56:32.385,0.7295,0.73,1.00,1.00
2010.08.19 19:56:34.035,0.7295,0.73,1.00,1.00
2010.08.19 19:56:40.193,0.7295,0.73,1.00,1.00
2010.08.19 19:56:41.621,0.72945,0.73,1.00,1.00
2010.08.19 19:56:41.920,0.7294,0.7299,1.00,1.00
2010.08.19 19:56:42.070,0.7294,0.7299,1.00,1.00
2010.08.19 19:56:42.561,0.72945,0.7299,1.00,1.00
2010.08.19 19:56:44.721,0.7295,0.7299,1.00,1.00
2010.08.19 19:56:45.182,0.7295,0.72995,1.00,1.00
2010.08.19 19:56:46.002,0.7295,0.72995,1.00,1.00
2010.08.19 19:56:46.171,0.7295,0.72985,1.00,1.00
2010.08.19 19:56:47.493,0.7295,0.72995,1.00,1.00
2010.08.19 19:56:49.791,0.72955,0.72995,1.00,1.00
2010.08.19 19:56:51.636,0.7295,0.72995,1.00,1.00
2010.08.19 19:56:51.861,0.7295,0.7298,1.00,1.00
2010.08.19 19:56:52.091,0.7294,0.7298,1.00,1.00
2010.08.19 19:56:53.632,0.72945,0.7298,1.00,1.00
2010.08.19 19:56:54.362,0.72945,0.7298,1.00,1.00
2010.08.19 19:56:54.991,0.7294,0.7298,1.00,1.00
2010.08.19 19:56:55.380,0.7294,0.7298,1.00,1.00
2010.08.19 19:56:56.112,0.7294,0.7298,1.00,1.00
2010.08.19 19:56:57.541,0.72935,0.72985,1.00,1.00
2010.08.19 19:56:58.033,0.7294,0.72985,1.00,1.00
2010.08.19 19:56:58.679,0.7294,0.72985,1.00,1.00
2010.08.19 19:56:59.029,0.72935,0.7299,2.50,1.00
2010.08.19 19:56:59.276,0.7294,0.7299,2.40,1.00
2010.08.19 19:57:00.251,0.72955,0.7299,1.00,1.00
2010.08.19 19:57:00.532,0.7295,0.7298,1.00,1.00
2010.08.19 19:57:01.091,0.7295,0.7298,1.00,1.00
2010.08.19 19:57:01.752,0.72955,0.7298,1.00,1.00
2010.08.19 19:57:02.091,0.72955,0.7298,1.00,1.00
2010.08.19 19:57:03.120,0.7296,0.7298,1.00,1.00
2010.08.19 19:57:08.293,0.72965,0.7298,1.00,1.00
2010.08.19 19:57:08.440,0.72965,0.72985,1.00,1.00
2010.08.19 19:57:09.549,0.7296,0.72985,1.00,1.00
2010.08.19 19:57:09.880,0.72965,0.72985,1.00,1.00
2010.08.19 19:57:12.364,0.7297,0.72985,1.00,1.00
2010.08.19 19:57:12.740,0.7297,0.73,1.00,1.00
2010.08.19 19:57:13.440,0.72965,0.73,1.00,1.00
2010.08.19 19:57:14.924,0.72965,0.73,1.00,1.00
2010.08.19 19:57:15.563,0.72965,0.73,1.00,1.00
2010.08.19 19:57:16.231,0.7297,0.73,1.00,1.00
2010.08.19 19:57:16.878,0.7297,0.7301,1.00,1.00
2010.08.19 19:57:17.221,0.72965,0.7301,1.00,1.00
2010.08.19 19:57:17.561,0.7297,0.7301,1.00,1.00
2010.08.19 19:57:27.841,0.72965,0.7301,1.00,1.00
2010.08.19 19:57:29.345,0.72965,0.7301,1.00,1.00
2010.08.19 19:57:29.520,0.7296,0.7301,1.00,1.00
2010.08.19 19:57:29.860,0.7296,0.73005,1.00,1.00
2010.08.19 19:57:31.785,0.7296,0.7301,1.00,1.00
2010.08.19 19:57:34.388,0.72965,0.7301,1.00,1.00
2010.08.19 19:57:34.472,0.7296,0.7301,1.00,1.00
2010.08.19 19:57:46.207,0.72965,0.7301,1.00,1.00
2010.08.19 19:57:46.992,0.7296,0.7301,1.00,1.00
2010.08.19 19:57:48.324,0.72965,0.7301,1.00,1.00
2010.08.19 19:57:50.311,0.7296,0.7301,1.00,1.00
2010.08.19 19:57:50.880,0.72965,0.7301,1.00,1.00
2010.08.19 19:57:52.272,0.72965,0.7301,1.00,1.00
2010.08.19 19:57:55.291,0.72965,0.73015,1.00,1.00
2010.08.19 19:57:55.620,0.7297,0.73015,1.00,1.00
2010.08.19 19:57:57.401,0.72965,0.73015,1.00,1.00
2010.08.19 19:57:58.192,0.72965,0.73015,1.00,1.00
2010.08.19 19:58:00.470,0.72965,0.73015,1.00,1.00
2010.08.19 19:58:03.327,0.72965,0.73015,1.00,1.20
2010.08.19 19:58:03.550,0.72965,0.73015,1.00,1.00
2010.08.19 19:58:04.233,0.72965,0.73015,1.00,1.00
2010.08.19 19:58:06.277,0.7296,0.73015,1.00,1.00
2010.08.19 19:58:10.373,0.7297,0.7302,1.00,1.20
2010.08.19 19:58:11.074,0.72965,0.7302,1.00,1.20
2010.08.19 19:58:11.175,0.72965,0.7302,1.00,1.00
2010.08.19 19:58:12.332,0.7297,0.7302,1.00,1.00
2010.08.19 19:58:12.643,0.72965,0.7302,1.00,1.00
2010.08.19 19:58:12.931,0.7296,0.7302,1.00,1.00
2010.08.19 19:58:13.070,0.72965,0.7302,1.00,1.00
2010.08.19 19:58:13.420,0.7297,0.7302,1.00,1.00
2010.08.19 19:58:13.624,0.7297,0.73025,1.00,1.00
2010.08.19 19:58:13.832,0.7297,0.73025,1.00,1.00
2010.08.19 19:58:14.042,0.7297,0.7303,1.00,1.00
2010.08.19 19:58:15.252,0.7297,0.73025,1.00,1.00
2010.08.19 19:58:15.593,0.72965,0.73015,1.00,1.00
2010.08.19 19:58:15.841,0.72965,0.7301,1.00,1.00
2010.08.19 19:58:16.082,0.72965,0.73005,1.00,1.00
2010.08.19 19:58:16.672,0.7296,0.73005,1.00,1.00
2010.08.19 19:58:17.250,0.72965,0.73005,1.00,1.00
2010.08.19 19:58:22.268,0.72965,0.7301,1.00,1.00
2010.08.19 19:58:23.172,0.72965,0.7301,1.00,1.00
2010.08.19 19:58:24.811,0.7297,0.7301,1.00,1.00
2010.08.19 19:58:30.433,0.72975,0.7301,1.00,1.00
2010.08.19 19:58:30.684,0.72985,0.7304,1.00,1.00
2010.08.19 19:58:31.271,0.7298,0.73035,1.00,1.00
2010.08.19 19:58:31.751,0.72975,0.73035,1.00,1.00
2010.08.19 19:58:33.312,0.72975,0.73035,1.00,1.00
2010.08.19 19:58:33.581,0.72975,0.73035,1.00,1.00
2010.08.19 19:58:39.233,0.72975,0.73035,1.00,1.60
2010.08.19 19:58:39.442,0.72965,0.73005,1.00,1.00
2010.08.19 19:59:09.926,0.7297,0.73005,1.00,1.00
2010.08.19 19:59:10.610,0.7297,0.7302,1.00,1.00
2010.08.19 19:59:16.827,0.7297,0.7302,1.00,2.40
2010.08.19 19:59:17.052,0.72975,0.7303,1.00,2.90
2010.08.19 19:59:18.491,0.7297,0.7303,1.00,2.90
2010.08.19 19:59:21.311,0.7297,0.7303,1.00,2.80
2010.08.19 19:59:23.616,0.72965,0.7303,1.00,2.90
2010.08.19 19:59:26.783,0.7297,0.7303,1.00,2.90
2010.08.19 19:59:26.963,0.72975,0.7303,1.00,2.90
2010.08.19 19:59:27.836,0.7297,0.7303,1.00,2.90
2010.08.19 19:59:28.171,0.7297,0.73015,1.00,1.00
2010.08.19 19:59:29.198,0.72975,0.73025,1.00,2.40
2010.08.19 19:59:29.322,0.72975,0.73025,1.00,1.00
2010.08.19 19:59:29.563,0.7297,0.73025,1.00,1.00
2010.08.19 19:59:30.040,0.72975,0.73025,1.00,1.00
2010.08.19 19:59:31.648,0.7297,0.73025,1.00,1.00
2010.08.19 19:59:32.208,0.72975,0.73025,1.00,1.00
2010.08.19 19:59:32.953,0.7297,0.73025,1.00,1.00
2010.08.19 19:59:36.642,0.72975,0.73025,1.00,1.00
2010.08.19 19:59:36.891,0.72975,0.7303,1.00,1.00
2010.08.19 19:59:39.229,0.7297,0.7303,1.00,1.00
2010.08.19 19:59:45.812,0.72975,0.7303,1.00,1.00
2010.08.19 19:59:47.361,0.72975,0.7303,1.00,1.00
2010.08.19 19:59:47.670,0.72975,0.7303,1.00,1.00
2010.08.19 19:59:49.151,0.7298,0.7303,1.00,1.00
2010.08.19 19:59:49.380,0.72975,0.7303,1.00,1.00
2010.08.19 19:59:50.875,0.7298,0.7303,1.00,1.00
2010.08.19 19:59:57.066,0.72975,0.7303,1.00,1.00
2010.08.19 19:59:57.385,0.7298,0.7303,1.00,1.00
