2013.05.07 19:00:00.144,0.79496,0.7953,1.50,1.50
2013.05.07 19:00:00.355,0.79497,0.7953,1.50,1.50
2013.05.07 19:00:00.713,0.79496,0.79534,1.50,1.50
2013.05.07 19:00:01.294,0.79491,0.79529,2.19,1.50
2013.05.07 19:00:02.376,0.79491,0.79523,1.81,1.50
2013.05.07 19:00:02.493,0.7949,0.79523,1.13,1.50
2013.05.07 19:00:02.993,0.7949,0.79528,1.13,1.50
2013.05.07 19:00:03.433,0.79481,0.79528,1.32,1.50
2013.05.07 19:00:03.613,0.79482,0.79513,1.13,1.50
2013.05.07 19:00:07.335,0.79477,0.79509,1.13,1.50
2013.05.07 19:00:09.723,0.79481,0.79514,1.13,1.50
2013.05.07 19:00:09.784,0.7949,0.79523,1.13,1.50
2013.05.07 19:00:09.962,0.79491,0.79523,1.13,1.50
2013.05.07 19:00:10.082,0.7949,0.79523,1.13,1.50
2013.05.07 19:00:10.202,0.79487,0.79518,1.13,1.50
2013.05.07 19:00:11.813,0.7949,0.79523,1.13,1.50
2013.05.07 19:00:13.963,0.79487,0.79518,1.13,1.50
2013.05.07 19:00:16.342,0.79487,0.79515,1.13,2.25
2013.05.07 19:00:18.513,0.79476,0.79514,1.50,2.25
2013.05.07 19:00:20.992,0.79476,0.79512,1.50,2.25
2013.05.07 19:00:21.904,0.79466,0.79509,2.25,1.50
2013.05.07 19:00:25.233,0.79463,0.79509,4.50,1.50
2013.05.07 19:00:25.301,0.79463,0.79509,4.50,1.50
2013.05.07 19:00:26.846,0.79476,0.79519,1.50,1.50
2013.05.07 19:00:27.173,0.79467,0.79509,2.25,1.50
2013.05.07 19:00:27.292,0.79464,0.79501,1.50,1.50
2013.05.07 19:00:29.155,0.7946,0.79504,1.50,1.50
2013.05.07 19:00:29.385,0.7946,0.79501,1.50,1.50
2013.05.07 19:00:29.503,0.79458,0.79497,1.50,1.50
2013.05.07 19:00:29.622,0.79458,0.79493,1.50,1.50
2013.05.07 19:00:33.346,0.79459,0.79503,1.50,1.50
2013.05.07 19:00:35.055,0.79462,0.79503,1.50,1.50
2013.05.07 19:00:35.944,0.79464,0.79508,1.50,1.50
2013.05.07 19:00:40.825,0.79464,0.79499,1.50,1.50
2013.05.07 19:00:47.352,0.79462,0.79496,1.50,1.50
2013.05.07 19:00:50.403,0.79464,0.79498,1.50,1.50
2013.05.07 19:00:51.634,0.79459,0.79498,1.50,1.50
2013.05.07 19:01:00.933,0.79462,0.79503,1.50,1.50
2013.05.07 19:01:01.223,0.79455,0.79493,1.13,1.50
2013.05.07 19:01:01.797,0.79437,0.79493,1.50,1.50
2013.05.07 19:01:03.342,0.79439,0.79493,1.50,1.50
2013.05.07 19:01:06.372,0.79452,0.79504,1.50,1.50
2013.05.07 19:01:06.493,0.79457,0.79504,1.35,1.50
2013.05.07 19:01:06.613,0.79459,0.79504,1.50,1.50
2013.05.07 19:01:06.673,0.79463,0.79496,1.50,1.50
2013.05.07 19:01:06.923,0.79461,0.79496,1.50,1.50
2013.05.07 19:01:07.042,0.79459,0.79494,1.50,1.50
2013.05.07 19:01:07.604,0.79455,0.79494,1.50,1.50
2013.05.07 19:01:08.103,0.79459,0.79494,1.50,1.50
2013.05.07 19:01:08.423,0.79464,0.79498,2.25,1.50
2013.05.07 19:01:08.483,0.79464,0.79498,2.25,1.50
2013.05.07 19:01:08.693,0.79467,0.795,1.50,1.50
2013.05.07 19:01:09.685,0.79466,0.79502,1.50,1.50
2013.05.07 19:01:09.863,0.79462,0.79502,3.00,2.25
2013.05.07 19:01:10.203,0.79458,0.79498,2.25,2.25
2013.05.07 19:01:10.263,0.79456,0.79486,3.00,1.50
2013.05.07 19:01:10.683,0.79456,0.79486,3.00,1.50
2013.05.07 19:01:11.742,0.79456,0.79486,3.00,1.50
2013.05.07 19:01:15.193,0.79462,0.79493,1.50,1.13
2013.05.07 19:01:15.316,0.79462,0.79493,1.50,1.13
2013.05.07 19:01:15.433,0.79466,0.795,1.50,1.88
2013.05.07 19:01:15.553,0.79466,0.79503,1.50,1.50
2013.05.07 19:01:15.739,0.79466,0.79499,1.50,1.50
2013.05.07 19:01:16.905,0.79466,0.79504,1.50,1.50
2013.05.07 19:01:17.284,0.79473,0.79504,1.50,1.50
2013.05.07 19:01:17.343,0.79474,0.79504,1.13,1.50
2013.05.07 19:01:20.533,0.79473,0.79503,1.50,1.50
2013.05.07 19:01:20.843,0.79473,0.79493,1.50,1.50
2013.05.07 19:01:21.514,0.79473,0.79494,1.50,1.50
2013.05.07 19:01:22.191,0.79473,0.79492,1.50,1.50
2013.05.07 19:01:22.507,0.79473,0.79494,1.50,2.25
2013.05.07 19:01:23.403,0.79469,0.79491,1.13,1.50
2013.05.07 19:01:23.523,0.79463,0.79491,1.50,1.50
2013.05.07 19:01:23.893,0.79463,0.79491,1.50,2.25
2013.05.07 19:01:23.953,0.79447,0.79489,1.13,2.25
2013.05.07 19:01:24.013,0.79456,0.79489,1.50,3.00
2013.05.07 19:01:30.943,0.79443,0.79492,2.25,1.50
2013.05.07 19:01:31.284,0.79441,0.79489,3.00,1.50
2013.05.07 19:01:32.144,0.79442,0.79488,1.50,1.50
2013.05.07 19:01:32.684,0.79442,0.79482,1.50,1.50
2013.05.07 19:01:38.413,0.79436,0.79483,2.25,1.50
2013.05.07 19:01:38.953,0.79438,0.79484,1.50,2.25
2013.05.07 19:01:39.493,0.79454,0.79485,1.13,2.25
2013.05.07 19:01:42.614,0.79454,0.79485,1.13,1.50
2013.05.07 19:01:44.434,0.79454,0.79485,1.13,1.50
2013.05.07 19:01:44.722,0.79454,0.79488,2.63,1.50
2013.05.07 19:01:53.292,0.79454,0.79489,1.13,2.63
2013.05.07 19:01:54.233,0.79459,0.79489,1.13,2.63
2013.05.07 19:02:03.704,0.79457,0.79489,1.50,1.50
2013.05.07 19:02:04.174,0.79457,0.79487,1.50,1.50
2013.05.07 19:02:10.530,0.79455,0.79487,1.88,1.50
2013.05.07 19:02:12.923,0.79457,0.79488,1.13,1.50
2013.05.07 19:02:13.103,0.79461,0.79488,1.50,1.50
2013.05.07 19:02:23.944,0.79461,0.79488,1.50,1.50
2013.05.07 19:02:25.713,0.79461,0.79488,1.88,1.50
2013.05.07 19:02:51.364,0.79461,0.79489,2.63,1.13
2013.05.07 19:02:51.605,0.79464,0.79498,1.13,1.50
2013.05.07 19:02:51.665,0.79467,0.79498,1.50,1.50
2013.05.07 19:02:51.784,0.79468,0.79501,1.50,1.50
2013.05.07 19:02:53.344,0.79472,0.79503,1.13,1.50
2013.05.07 19:02:53.623,0.79472,0.79503,1.50,1.50
2013.05.07 19:02:54.025,0.79477,0.79506,1.50,1.50
2013.05.07 19:02:54.243,0.79472,0.7951,3.00,1.50
2013.05.07 19:02:55.069,0.79477,0.7951,1.50,1.50
2013.05.07 19:02:55.835,0.79477,0.7951,1.50,1.50
2013.05.07 19:02:56.864,0.79477,0.7951,1.50,1.50
2013.05.07 19:03:01.765,0.79477,0.7951,1.50,1.50
2013.05.07 19:03:02.245,0.79477,0.7951,1.50,1.50
2013.05.07 19:03:02.815,0.79478,0.79509,1.50,1.50
2013.05.07 19:03:02.895,0.79478,0.79509,1.50,1.50
2013.05.07 19:03:07.573,0.79483,0.79511,1.13,1.50
2013.05.07 19:03:08.094,0.79482,0.7951,1.13,2.25
2013.05.07 19:03:17.405,0.79482,0.7951,1.13,2.25
2013.05.07 19:03:17.523,0.79477,0.79509,2.25,2.25
2013.05.07 19:03:18.896,0.79477,0.79509,2.25,2.25
2013.05.07 19:03:25.124,0.79477,0.79511,2.25,3.75
2013.05.07 19:03:29.324,0.79482,0.79513,1.50,1.50
2013.05.07 19:03:29.953,0.79482,0.79513,1.50,1.50
2013.05.07 19:03:33.844,0.79483,0.79515,1.50,1.50
2013.05.07 19:03:36.232,0.79483,0.79515,1.50,1.50
2013.05.07 19:03:39.194,0.79487,0.79515,1.50,1.50
2013.05.07 19:03:39.314,0.79492,0.79515,1.50,1.50
2013.05.07 19:03:39.735,0.79489,0.79518,1.50,1.50
2013.05.07 19:03:41.773,0.79489,0.79518,1.50,1.50
2013.05.07 19:03:43.686,0.79489,0.79518,1.50,1.50
2013.05.07 19:03:48.225,0.79487,0.79518,1.50,1.50
2013.05.07 19:03:50.715,0.79486,0.79519,1.13,3.00
2013.05.07 19:04:09.005,0.79485,0.79518,2.93,1.50
2013.05.07 19:04:11.895,0.79485,0.79518,3.68,1.50
2013.05.07 19:04:26.386,0.79486,0.79519,1.13,3.00
2013.05.07 19:04:29.096,0.79487,0.79519,1.50,3.00
2013.05.07 19:04:30.284,0.79488,0.7952,2.25,2.25
2013.05.07 19:04:34.134,0.79492,0.79518,1.50,2.25
2013.05.07 19:04:38.885,0.79492,0.79518,1.50,3.00
2013.05.07 19:04:40.535,0.79492,0.79518,1.50,3.00
2013.05.07 19:04:44.765,0.79491,0.79523,1.88,1.88
2013.05.07 19:04:45.386,0.79491,0.7952,1.88,1.13
2013.05.07 19:04:45.995,0.79491,0.79523,1.88,1.88
2013.05.07 19:04:46.366,0.79491,0.7952,1.88,1.13
2013.05.07 19:04:55.466,0.79491,0.79519,1.13,1.50
2013.05.07 19:04:58.624,0.79491,0.7952,1.13,1.13
2013.05.07 19:04:58.805,0.79491,0.79518,1.13,1.50
2013.05.07 19:04:59.008,0.79491,0.79518,1.13,1.50
2013.05.07 19:05:00.872,0.79491,0.79518,1.13,1.50
2013.05.07 19:05:01.090,0.79491,0.79518,1.13,1.50
2013.05.07 19:05:01.902,0.79491,0.79518,1.13,1.50
2013.05.07 19:05:02.424,0.79491,0.79518,1.13,1.50
2013.05.07 19:05:02.724,0.7949,0.79515,1.13,1.50
2013.05.07 19:05:03.618,0.7949,0.79518,1.13,2.25
2013.05.07 19:05:03.675,0.79485,0.79517,1.50,2.25
2013.05.07 19:05:04.370,0.79481,0.79517,1.50,2.63
2013.05.07 19:05:04.434,0.79481,0.79515,1.50,1.50
2013.05.07 19:05:05.341,0.79481,0.79515,1.50,1.50
2013.05.07 19:05:06.034,0.79481,0.79514,1.50,1.13
2013.05.07 19:05:06.538,0.79486,0.79509,1.13,1.50
2013.05.07 19:05:06.714,0.79477,0.79514,1.50,1.50
2013.05.07 19:05:06.894,0.79477,0.79514,2.48,1.50
2013.05.07 19:05:16.564,0.79486,0.79509,1.13,1.50
2013.05.07 19:05:17.915,0.79486,0.79517,1.13,1.50
2013.05.07 19:05:18.761,0.79486,0.79509,1.13,1.50
2013.05.07 19:05:21.877,0.79487,0.79508,1.13,1.50
2013.05.07 19:05:22.460,0.79487,0.79508,1.13,1.50
2013.05.07 19:05:28.641,0.79488,0.79508,1.13,1.50
2013.05.07 19:05:31.864,0.79488,0.79516,1.13,1.50
2013.05.07 19:05:40.754,0.79487,0.7951,1.13,1.50
2013.05.07 19:05:46.237,0.79487,0.79508,1.13,1.50
2013.05.07 19:05:50.684,0.79487,0.7951,1.13,1.50
2013.05.07 19:05:51.425,0.79487,0.79514,1.13,1.50
2013.05.07 19:05:51.935,0.79488,0.79514,1.13,1.50
2013.05.07 19:05:52.165,0.79488,0.7951,1.13,1.50
2013.05.07 19:05:52.816,0.79488,0.7951,1.13,1.50
2013.05.07 19:05:56.866,0.79488,0.7951,1.13,1.50
2013.05.07 19:05:57.484,0.79486,0.7951,1.13,1.50
2013.05.07 19:06:04.833,0.79487,0.79508,1.13,1.50
2013.05.07 19:06:06.994,0.79485,0.79508,1.13,1.50
2013.05.07 19:06:07.486,0.79485,0.79508,1.13,1.50
2013.05.07 19:06:11.774,0.79483,0.79508,1.13,1.50
2013.05.07 19:06:12.824,0.79483,0.7951,1.13,1.50
2013.05.07 19:06:15.645,0.7948,0.7951,1.13,3.38
2013.05.07 19:06:15.717,0.7948,0.7951,1.13,3.38
2013.05.07 19:06:26.832,0.79482,0.79508,1.13,1.50
2013.05.07 19:06:27.412,0.79481,0.79508,1.13,1.50
2013.05.07 19:06:28.396,0.79481,0.79508,1.13,1.50
2013.05.07 19:06:30.030,0.7948,0.79508,1.13,1.50
2013.05.07 19:06:34.697,0.7948,0.79508,1.13,1.50
2013.05.07 19:06:34.815,0.79481,0.79508,1.13,1.50
2013.05.07 19:06:35.171,0.79481,0.79505,1.13,1.50
2013.05.07 19:06:49.144,0.79481,0.79505,1.13,1.50
2013.05.07 19:06:52.746,0.79481,0.79503,1.13,1.50
2013.05.07 19:06:53.004,0.79481,0.79503,1.13,1.50
2013.05.07 19:06:54.496,0.79481,0.79503,1.13,1.50
2013.05.07 19:06:56.868,0.79481,0.79507,1.13,1.50
2013.05.07 19:07:01.442,0.79481,0.79507,1.13,1.50
2013.05.07 19:07:07.486,0.7948,0.79507,1.13,1.50
2013.05.07 19:07:11.167,0.7948,0.79503,1.13,1.50
2013.05.07 19:07:15.176,0.79479,0.79503,1.13,1.50
2013.05.07 19:07:15.834,0.79477,0.79508,1.13,2.25
2013.05.07 19:07:16.974,0.79477,0.79509,1.13,1.50
2013.05.07 19:07:18.566,0.79477,0.79509,1.13,1.50
2013.05.07 19:07:19.712,0.79477,0.79509,1.13,1.50
2013.05.07 19:07:19.795,0.79477,0.79509,1.13,1.50
2013.05.07 19:07:21.383,0.79477,0.79509,1.13,1.50
2013.05.07 19:07:27.686,0.79477,0.79506,1.13,1.50
2013.05.07 19:07:30.406,0.79477,0.79506,1.13,1.50
2013.05.07 19:07:30.736,0.79477,0.79504,1.13,1.50
2013.05.07 19:07:31.257,0.79481,0.79504,1.13,1.50
2013.05.07 19:07:35.315,0.79481,0.79504,1.13,1.50
2013.05.07 19:07:40.856,0.79481,0.79507,1.13,1.50
2013.05.07 19:07:45.694,0.79481,0.79504,1.13,1.50
2013.05.07 19:07:46.676,0.79481,0.79504,1.13,1.50
2013.05.07 19:07:50.646,0.79483,0.79504,1.13,1.50
2013.05.07 19:07:52.604,0.79483,0.79503,1.13,1.50
2013.05.07 19:07:52.784,0.79483,0.79503,1.13,1.50
2013.05.07 19:07:53.678,0.79481,0.79499,1.13,1.50
2013.05.07 19:07:53.796,0.79481,0.79498,1.13,1.50
2013.05.07 19:08:02.724,0.79478,0.79498,1.50,1.50
2013.05.07 19:08:03.194,0.79476,0.79498,1.13,1.50
2013.05.07 19:08:03.994,0.79476,0.79498,1.13,1.50
2013.05.07 19:08:07.646,0.79476,0.79498,1.13,1.50
2013.05.07 19:08:07.705,0.79476,0.79498,1.13,1.50
2013.05.07 19:08:13.695,0.79476,0.79498,1.13,1.50
2013.05.07 19:08:13.754,0.79476,0.79498,1.13,1.50
2013.05.07 19:08:14.628,0.79476,0.79498,1.13,1.50
2013.05.07 19:08:15.215,0.79476,0.79498,1.13,1.50
2013.05.07 19:08:19.565,0.79477,0.79498,1.13,1.50
2013.05.07 19:08:19.624,0.79477,0.79498,1.13,1.50
2013.05.07 19:08:23.995,0.79477,0.79507,1.13,1.50
2013.05.07 19:08:25.195,0.79487,0.79509,2.25,1.50
2013.05.07 19:08:25.255,0.79487,0.7951,3.00,1.13
2013.05.07 19:08:25.314,0.79492,0.7951,1.13,1.13
2013.05.07 19:08:25.635,0.79488,0.7951,1.88,1.13
2013.05.07 19:08:25.825,0.79488,0.79508,1.13,1.50
2013.05.07 19:08:27.695,0.79488,0.79509,1.13,1.50
2013.05.07 19:08:27.755,0.79488,0.79509,1.13,1.50
2013.05.07 19:08:39.759,0.79488,0.79514,1.13,1.50
2013.05.07 19:08:40.916,0.79489,0.79514,1.13,1.50
2013.05.07 19:08:42.206,0.79489,0.79514,1.13,1.50
2013.05.07 19:08:42.784,0.79489,0.79514,1.13,1.50
2013.05.07 19:08:45.365,0.79492,0.79514,1.13,1.13
2013.05.07 19:08:47.165,0.79492,0.79514,1.13,1.50
2013.05.07 19:08:47.761,0.79493,0.79514,1.13,1.50
2013.05.07 19:08:49.135,0.79493,0.79514,1.13,1.13
2013.05.07 19:08:49.194,0.79493,0.79514,1.13,1.50
2013.05.07 19:08:57.684,0.79493,0.79514,1.13,1.50
2013.05.07 19:09:02.585,0.79493,0.79514,1.13,1.13
2013.05.07 19:09:07.648,0.79493,0.79514,1.13,1.50
2013.05.07 19:09:16.364,0.7949,0.79514,1.13,1.50
2013.05.07 19:09:18.464,0.7949,0.79514,1.13,1.50
2013.05.07 19:09:20.084,0.7949,0.79514,1.13,1.50
2013.05.07 19:09:20.851,0.7949,0.79514,1.13,1.50
2013.05.07 19:09:21.895,0.7949,0.79514,1.13,1.50
2013.05.07 19:09:38.413,0.79492,0.79516,1.13,2.25
2013.05.07 19:09:40.896,0.79492,0.79516,1.13,2.25
2013.05.07 19:10:04.072,0.79492,0.79516,1.13,1.50
2013.05.07 19:10:05.048,0.79492,0.79516,1.13,2.25
2013.05.07 19:10:07.836,0.79492,0.79514,1.13,2.63
2013.05.07 19:10:11.402,0.7949,0.79514,1.13,2.63
2013.05.07 19:10:11.464,0.7949,0.79514,1.13,2.63
2013.05.07 19:10:14.305,0.79491,0.79514,1.13,1.13
2013.05.07 19:10:28.275,0.79492,0.79516,1.13,2.63
2013.05.07 19:10:28.812,0.79492,0.79516,1.13,2.63
2013.05.07 19:10:34.664,0.79493,0.79516,1.13,1.88
2013.05.07 19:10:43.965,0.79491,0.79514,1.13,1.13
2013.05.07 19:10:47.014,0.7949,0.79514,1.13,1.50
2013.05.07 19:10:48.920,0.79487,0.79514,1.50,1.50
2013.05.07 19:10:48.985,0.79487,0.79511,1.13,2.25
2013.05.07 19:10:52.386,0.79487,0.79512,1.13,2.25
2013.05.07 19:10:57.677,0.79487,0.79512,1.13,2.25
2013.05.07 19:11:00.656,0.79487,0.79513,1.13,1.88
2013.05.07 19:11:01.416,0.79487,0.79513,1.13,1.88
2013.05.07 19:11:01.725,0.79487,0.79513,1.13,1.88
2013.05.07 19:11:02.554,0.79487,0.79513,1.13,1.88
2013.05.07 19:11:02.675,0.79487,0.79513,1.13,1.88
2013.05.07 19:11:02.794,0.79486,0.79513,1.13,1.88
2013.05.07 19:11:04.906,0.79486,0.79512,1.13,1.88
2013.05.07 19:11:08.567,0.79486,0.79512,1.13,2.25
2013.05.07 19:11:08.896,0.79486,0.79512,1.13,2.25
2013.05.07 19:11:12.395,0.79483,0.79509,1.50,1.50
2013.05.07 19:11:15.705,0.79487,0.79511,2.25,1.13
2013.05.07 19:11:15.825,0.79493,0.79514,1.50,1.13
2013.05.07 19:11:15.945,0.79495,0.79515,1.13,1.50
2013.05.07 19:11:16.127,0.79492,0.79515,1.50,1.50
2013.05.07 19:11:16.186,0.79489,0.79515,1.88,3.00
2013.05.07 19:11:16.246,0.79489,0.79512,1.88,1.50
2013.05.07 19:11:16.656,0.79487,0.79512,1.13,1.88
2013.05.07 19:11:18.041,0.79489,0.79514,1.13,1.13
2013.05.07 19:11:18.167,0.79489,0.79514,1.13,1.50
2013.05.07 19:11:18.375,0.79487,0.79514,1.13,1.13
2013.05.07 19:11:18.436,0.79487,0.79514,1.13,1.50
2013.05.07 19:11:18.495,0.79489,0.79514,1.13,1.50
2013.05.07 19:11:27.838,0.79489,0.79518,1.13,1.50
2013.05.07 19:11:28.160,0.79489,0.79514,1.13,1.88
2013.05.07 19:11:30.787,0.79489,0.79514,1.13,1.88
2013.05.07 19:11:31.897,0.79489,0.79514,1.13,1.88
2013.05.07 19:11:32.235,0.79489,0.79514,1.13,1.88
2013.05.07 19:11:33.545,0.79489,0.79514,1.13,1.88
2013.05.07 19:11:34.758,0.79489,0.79514,1.13,1.88
2013.05.07 19:11:39.435,0.79489,0.79512,1.13,1.88
2013.05.07 19:11:40.106,0.79489,0.79515,1.13,2.25
2013.05.07 19:11:44.765,0.79489,0.79514,1.13,1.13
2013.05.07 19:11:46.186,0.79487,0.79513,1.13,1.50
2013.05.07 19:11:46.580,0.79492,0.79513,1.13,1.50
2013.05.07 19:11:46.907,0.79492,0.79513,1.13,1.50
2013.05.07 19:11:58.316,0.79488,0.79509,1.13,1.50
2013.05.07 19:12:00.078,0.79488,0.7951,1.13,1.88
2013.05.07 19:12:00.685,0.79488,0.79509,1.13,1.50
2013.05.07 19:12:01.464,0.79485,0.79509,1.13,2.25
2013.05.07 19:12:09.026,0.79485,0.79509,1.13,1.50
2013.05.07 19:12:09.157,0.79487,0.79509,1.13,1.50
2013.05.07 19:12:09.516,0.79486,0.79509,1.13,1.50
2013.05.07 19:12:10.664,0.79486,0.79509,1.13,1.50
2013.05.07 19:12:10.966,0.7948,0.79509,1.50,1.50
2013.05.07 19:12:21.815,0.79483,0.79508,1.13,1.50
2013.05.07 19:12:22.591,0.79483,0.79509,1.13,1.13
2013.05.07 19:12:24.665,0.79481,0.79507,1.13,1.88
2013.05.07 19:12:25.486,0.79481,0.79507,1.13,1.88
2013.05.07 19:12:26.348,0.79481,0.79507,1.13,1.88
2013.05.07 19:12:32.635,0.79481,0.79507,1.13,1.88
2013.05.07 19:12:35.645,0.79482,0.79509,1.50,1.88
2013.05.07 19:12:35.776,0.79487,0.79509,1.13,2.25
2013.05.07 19:12:42.019,0.79488,0.79508,1.13,2.25
2013.05.07 19:12:42.536,0.79488,0.79508,1.13,2.25
2013.05.07 19:12:44.425,0.7949,0.79509,1.13,1.50
2013.05.07 19:12:50.946,0.7949,0.79509,1.13,1.50
2013.05.07 19:12:51.907,0.79491,0.79508,1.13,1.50
2013.05.07 19:12:56.196,0.79491,0.79507,1.13,1.50
2013.05.07 19:12:58.335,0.79491,0.79509,1.13,1.50
2013.05.07 19:12:59.265,0.7949,0.79509,1.13,1.50
2013.05.07 19:13:03.486,0.79488,0.79504,1.13,1.50
2013.05.07 19:13:04.555,0.79488,0.79504,1.13,1.50
2013.05.07 19:13:06.355,0.79488,0.79504,1.50,1.50
2013.05.07 19:13:06.930,0.79487,0.79504,1.50,1.50
2013.05.07 19:13:06.984,0.79487,0.79504,1.13,1.50
2013.05.07 19:13:09.885,0.79487,0.79508,1.13,3.00
2013.05.07 19:13:10.011,0.79487,0.79508,1.13,3.00
2013.05.07 19:13:10.136,0.79487,0.79508,1.13,1.50
2013.05.07 19:13:10.668,0.79487,0.79508,1.13,1.50
2013.05.07 19:13:11.206,0.79487,0.79508,1.13,1.50
2013.05.07 19:13:18.646,0.79487,0.79508,1.13,1.50
2013.05.07 19:13:21.009,0.79487,0.79508,1.13,1.50
2013.05.07 19:13:24.645,0.79488,0.79508,1.13,1.50
2013.05.07 19:13:25.053,0.79488,0.79508,1.13,1.50
2013.05.07 19:13:25.115,0.79488,0.79508,1.13,1.50
2013.05.07 19:13:25.637,0.79489,0.79508,1.13,1.50
2013.05.07 19:13:26.374,0.79489,0.79508,1.13,1.50
2013.05.07 19:13:32.815,0.79489,0.79508,1.13,1.50
2013.05.07 19:13:34.105,0.79489,0.79508,1.13,1.50
2013.05.07 19:13:35.117,0.79489,0.79505,1.13,1.50
2013.05.07 19:13:35.357,0.79485,0.79504,1.50,1.13
2013.05.07 19:13:35.596,0.79479,0.79504,1.13,1.13
2013.05.07 19:13:35.986,0.79479,0.79506,1.13,1.50
2013.05.07 19:13:36.658,0.79479,0.79507,1.13,2.25
2013.05.07 19:13:37.260,0.79479,0.79507,1.13,1.88
2013.05.07 19:13:41.585,0.79479,0.79507,1.13,2.25
2013.05.07 19:13:42.126,0.79479,0.79507,1.13,2.25
2013.05.07 19:13:46.556,0.79479,0.79504,1.13,1.50
2013.05.07 19:13:46.645,0.79479,0.79504,1.13,1.50
2013.05.07 19:13:47.645,0.79479,0.79504,1.13,1.50
2013.05.07 19:13:48.727,0.79479,0.79507,1.13,2.63
2013.05.07 19:13:51.735,0.79483,0.79507,1.13,2.63
2013.05.07 19:13:54.127,0.79483,0.79507,1.13,1.13
2013.05.07 19:14:02.087,0.79483,0.79504,1.13,1.50
2013.05.07 19:14:03.040,0.79483,0.79508,1.13,3.38
2013.05.07 19:14:03.666,0.79483,0.79508,1.13,3.38
2013.05.07 19:14:03.725,0.79483,0.79508,1.13,3.38
2013.05.07 19:14:05.575,0.79484,0.79506,1.13,1.13
2013.05.07 19:14:06.738,0.79484,0.79506,1.13,1.13
2013.05.07 19:14:07.436,0.79484,0.79511,1.13,2.25
2013.05.07 19:14:07.895,0.79485,0.79509,1.13,1.50
2013.05.07 19:14:12.086,0.79485,0.79509,1.13,1.50
2013.05.07 19:14:13.685,0.79485,0.79509,1.13,1.50
2013.05.07 19:14:13.747,0.79485,0.79509,1.13,1.50
2013.05.07 19:14:15.726,0.79485,0.79513,1.13,2.63
2013.05.07 19:14:15.865,0.79485,0.79513,1.13,2.63
2013.05.07 19:14:20.666,0.79489,0.79509,1.13,1.50
2013.05.07 19:14:21.446,0.79489,0.79509,1.13,1.50
2013.05.07 19:14:22.175,0.79491,0.79509,1.13,1.50
2013.05.07 19:14:22.295,0.79491,0.79509,1.13,1.50
2013.05.07 19:14:25.183,0.79491,0.79509,1.13,1.50
2013.05.07 19:14:25.575,0.79491,0.79509,1.13,1.50
2013.05.07 19:14:26.751,0.79486,0.79509,1.50,1.50
2013.05.07 19:14:35.576,0.79486,0.79509,1.50,1.50
2013.05.07 19:14:35.816,0.79485,0.79509,2.25,1.50
2013.05.07 19:14:42.497,0.79485,0.79514,1.88,3.00
2013.05.07 19:14:49.617,0.79485,0.79514,1.13,3.38
2013.05.07 19:14:57.846,0.79485,0.79512,1.13,1.13
2013.05.07 19:15:03.306,0.79485,0.79514,1.13,3.38
2013.05.07 19:15:09.665,0.79484,0.79513,1.13,1.13
2013.05.07 19:15:11.556,0.79484,0.79513,1.13,1.13
2013.05.07 19:15:13.146,0.79484,0.79513,1.13,1.13
2013.05.07 19:15:19.619,0.79484,0.79512,1.13,1.13
2013.05.07 19:15:24.689,0.79485,0.79513,1.13,2.25
2013.05.07 19:15:25.041,0.79485,0.79513,1.13,2.25
2013.05.07 19:15:25.474,0.79485,0.79513,1.13,2.25
2013.05.07 19:15:25.536,0.79485,0.79513,1.13,2.25
2013.05.07 19:15:46.090,0.79486,0.79512,1.13,1.13
2013.05.07 19:16:01.596,0.79486,0.79513,1.13,2.25
2013.05.07 19:16:08.417,0.79484,0.79513,1.13,1.13
2013.05.07 19:16:13.458,0.79484,0.79513,1.13,1.88
2013.05.07 19:16:13.883,0.79484,0.79508,1.13,1.50
2013.05.07 19:16:14.967,0.79481,0.79513,1.50,2.63
2013.05.07 19:16:15.893,0.79484,0.79508,1.13,1.50
2013.05.07 19:16:19.296,0.79482,0.79501,1.13,1.50
2013.05.07 19:16:24.306,0.79481,0.79508,1.13,1.50
2013.05.07 19:16:31.218,0.79481,0.79508,1.13,1.88
2013.05.07 19:16:36.865,0.79479,0.79508,1.13,1.13
2013.05.07 19:16:42.485,0.79479,0.79507,1.13,1.13
2013.05.07 19:16:46.707,0.79481,0.79507,1.13,1.13
2013.05.07 19:16:47.536,0.79481,0.79509,1.13,1.88
2013.05.07 19:16:52.775,0.79483,0.79509,1.13,1.50
2013.05.07 19:16:53.306,0.79483,0.79509,1.13,1.50
2013.05.07 19:16:59.882,0.79485,0.79507,1.13,1.13
2013.05.07 19:17:03.551,0.79483,0.79512,1.13,1.13
2013.05.07 19:17:07.587,0.79483,0.7951,1.13,1.13
2013.05.07 19:17:08.707,0.79483,0.7951,1.13,1.13
2013.05.07 19:17:23.859,0.79483,0.79511,1.13,1.13
2013.05.07 19:17:27.416,0.79473,0.79503,3.08,1.88
2013.05.07 19:17:27.830,0.79473,0.79503,1.13,1.88
2013.05.07 19:17:29.726,0.79473,0.79503,1.13,1.50
2013.05.07 19:17:41.905,0.79473,0.79503,1.13,1.88
2013.05.07 19:17:42.398,0.79474,0.79503,1.13,1.88
2013.05.07 19:17:48.526,0.79473,0.7949,2.25,1.13
2013.05.07 19:18:05.157,0.79473,0.79499,1.88,1.13
2013.05.07 19:18:10.876,0.79474,0.79499,1.13,1.50
2013.05.07 19:18:11.296,0.79472,0.79493,1.13,2.25
2013.05.07 19:18:11.495,0.79469,0.79492,1.50,2.25
2013.05.07 19:18:12.745,0.79467,0.7949,1.88,2.25
2013.05.07 19:18:12.905,0.79467,0.7949,1.13,2.25
2013.05.07 19:18:17.465,0.79467,0.79491,1.13,2.25
2013.05.07 19:18:25.859,0.79467,0.79491,1.13,1.13
2013.05.07 19:18:37.936,0.79469,0.79493,1.13,2.63
2013.05.07 19:18:46.076,0.79469,0.79493,1.13,2.25
2013.05.07 19:18:59.142,0.79467,0.7949,1.13,1.13
2013.05.07 19:19:05.982,0.79467,0.79492,1.13,2.25
2013.05.07 19:19:06.497,0.79466,0.79487,1.13,2.25
2013.05.07 19:19:07.646,0.79462,0.79481,2.25,1.88
2013.05.07 19:19:08.306,0.7946,0.79481,1.13,1.88
2013.05.07 19:19:08.366,0.79459,0.79482,1.13,2.25
2013.05.07 19:19:17.285,0.79459,0.79483,1.13,2.25
2013.05.07 19:19:17.345,0.7946,0.79483,1.13,2.25
2013.05.07 19:19:18.606,0.7946,0.79482,1.13,2.25
2013.05.07 19:19:18.666,0.7946,0.79482,1.13,2.25
2013.05.07 19:19:25.342,0.79457,0.79482,1.13,2.25
2013.05.07 19:19:25.406,0.79455,0.79482,1.88,2.25
2013.05.07 19:19:25.526,0.79455,0.79477,1.13,1.88
2013.05.07 19:19:28.445,0.79455,0.79477,1.13,1.88
2013.05.07 19:19:28.506,0.79455,0.79481,1.13,2.25
2013.05.07 19:19:30.842,0.79455,0.79482,1.13,2.25
2013.05.07 19:19:39.696,0.79463,0.79482,1.13,2.25
2013.05.07 19:19:39.816,0.79463,0.79485,1.13,1.13
2013.05.07 19:19:39.936,0.79463,0.79492,1.13,1.13
2013.05.07 19:19:50.376,0.79462,0.79488,1.13,1.50
2013.05.07 19:20:10.197,0.79461,0.79483,1.88,1.50
2013.05.07 19:20:10.986,0.79461,0.79483,1.13,1.50
2013.05.07 19:20:11.077,0.79461,0.79483,1.13,1.50
2013.05.07 19:20:12.435,0.79461,0.79483,1.13,1.50
2013.05.07 19:20:35.196,0.79461,0.79483,1.13,1.50
2013.05.07 19:20:42.936,0.79462,0.79483,1.13,1.50
2013.05.07 19:20:43.687,0.79462,0.79483,1.13,1.50
2013.05.07 19:20:44.136,0.79463,0.79486,1.13,1.50
2013.05.07 19:20:52.227,0.79464,0.79492,1.13,2.25
2013.05.07 19:20:55.536,0.79464,0.79492,1.13,2.25
2013.05.07 19:21:04.626,0.79464,0.79488,1.13,1.50
2013.05.07 19:21:05.067,0.79464,0.79488,1.13,1.50
2013.05.07 19:21:05.587,0.79464,0.79488,1.13,1.50
2013.05.07 19:21:12.108,0.79464,0.79488,1.13,1.50
2013.05.07 19:21:15.036,0.7947,0.79488,1.50,1.50
2013.05.07 19:21:31.112,0.79472,0.79493,1.13,1.50
2013.05.07 19:21:31.950,0.79472,0.79493,1.13,1.50
2013.05.07 19:21:32.886,0.79474,0.79494,1.13,1.50
2013.05.07 19:21:34.456,0.79474,0.79489,1.13,1.50
2013.05.07 19:21:35.616,0.79474,0.79489,1.13,1.50
2013.05.07 19:21:35.796,0.79473,0.79489,1.13,1.50
2013.05.07 19:21:36.556,0.79471,0.79494,1.13,1.50
2013.05.07 19:21:41.146,0.79467,0.79497,1.50,1.13
2013.05.07 19:21:41.546,0.79463,0.7949,1.13,2.25
2013.05.07 19:21:50.356,0.79464,0.7949,1.50,2.25
2013.05.07 19:21:50.416,0.79464,0.79488,1.50,1.50
2013.05.07 19:21:50.536,0.7947,0.7949,1.13,2.25
2013.05.07 19:21:51.127,0.79472,0.79494,1.13,1.50
2013.05.07 19:21:55.028,0.79472,0.79494,1.13,1.50
2013.05.07 19:21:55.326,0.79464,0.79488,1.13,1.50
2013.05.07 19:21:55.598,0.79464,0.79488,1.13,1.50
2013.05.07 19:21:55.776,0.79472,0.79493,1.13,1.50
2013.05.07 19:21:57.237,0.79472,0.79493,1.13,1.50
2013.05.07 19:21:58.879,0.79472,0.79492,1.13,1.50
2013.05.07 19:21:58.996,0.79472,0.79492,1.13,2.25
2013.05.07 19:21:59.717,0.79469,0.79492,1.13,2.25
2013.05.07 19:22:10.899,0.79471,0.79493,1.13,2.25
2013.05.07 19:22:12.037,0.7947,0.79493,1.13,1.88
2013.05.07 19:22:30.766,0.79469,0.79494,1.13,1.50
2013.05.07 19:22:31.066,0.79469,0.79494,1.13,1.13
2013.05.07 19:22:34.726,0.79469,0.79497,1.13,2.25
2013.05.07 19:22:35.106,0.79469,0.79499,1.13,3.00
2013.05.07 19:22:47.846,0.79472,0.79493,1.13,1.13
2013.05.07 19:22:48.636,0.79472,0.79493,1.88,1.50
2013.05.07 19:22:49.697,0.79472,0.79494,1.88,1.13
2013.05.07 19:22:50.358,0.79471,0.79501,2.25,1.13
2013.05.07 19:22:52.986,0.79475,0.79499,1.13,1.50
2013.05.07 19:22:53.226,0.79463,0.79489,1.50,1.50
2013.05.07 19:22:53.346,0.79462,0.79489,1.13,1.13
2013.05.07 19:22:56.197,0.79463,0.79491,1.50,1.50
2013.05.07 19:22:56.376,0.79476,0.79493,1.50,1.50
2013.05.07 19:22:56.556,0.79477,0.79496,1.13,2.25
2013.05.07 19:22:56.676,0.79476,0.79496,1.50,2.25
2013.05.07 19:22:56.796,0.7947,0.79496,1.13,2.25
2013.05.07 19:22:59.236,0.7947,0.79497,1.13,2.25
2013.05.07 19:23:02.036,0.79471,0.795,1.50,1.13
2013.05.07 19:23:02.096,0.79471,0.795,1.50,1.13
2013.05.07 19:23:03.807,0.79471,0.79504,1.50,1.13
2013.05.07 19:23:03.866,0.79471,0.795,1.50,1.13
2013.05.07 19:23:07.676,0.7947,0.79502,1.13,1.13
2013.05.07 19:23:08.428,0.7947,0.79502,1.13,1.13
2013.05.07 19:23:09.745,0.7947,0.79502,1.13,1.13
2013.05.07 19:23:11.160,0.79474,0.79503,1.50,1.13
2013.05.07 19:23:14.616,0.79476,0.79505,1.13,2.25
2013.05.07 19:23:16.350,0.79476,0.79506,1.13,1.13
2013.05.07 19:23:17.636,0.79476,0.79506,1.13,1.13
2013.05.07 19:23:18.126,0.79476,0.79509,1.88,1.88
2013.05.07 19:23:24.458,0.7948,0.79509,1.13,1.50
2013.05.07 19:23:27.508,0.79482,0.79512,1.88,2.25
2013.05.07 19:23:28.199,0.79482,0.79513,1.88,1.88
2013.05.07 19:23:32.399,0.79483,0.79511,1.13,2.25
2013.05.07 19:23:32.726,0.79483,0.79511,1.13,2.25
2013.05.07 19:23:43.307,0.79481,0.79505,1.13,1.50
2013.05.07 19:23:43.487,0.79481,0.79504,1.13,1.50
2013.05.07 19:23:43.888,0.7948,0.79504,1.13,1.13
2013.05.07 19:23:46.019,0.79479,0.79507,1.50,2.25
2013.05.07 19:23:46.408,0.79477,0.79503,1.50,2.25
2013.05.07 19:23:46.527,0.79474,0.79504,1.13,3.00
2013.05.07 19:23:47.200,0.79474,0.79506,1.13,2.63
2013.05.07 19:23:48.366,0.79474,0.79505,1.13,1.88
2013.05.07 19:23:48.666,0.79474,0.79504,1.13,1.13
2013.05.07 19:23:49.166,0.79474,0.79505,1.13,2.25
2013.05.07 19:23:49.227,0.79474,0.79506,1.13,2.25
2013.05.07 19:23:50.816,0.79474,0.79503,1.13,1.13
2013.05.07 19:23:50.951,0.79474,0.79503,1.13,1.13
2013.05.07 19:23:51.830,0.79474,0.79503,1.13,1.50
2013.05.07 19:23:51.886,0.79474,0.79503,1.13,1.50
2013.05.07 19:23:53.918,0.79474,0.79504,1.13,1.50
2013.05.07 19:23:55.478,0.79477,0.79508,1.50,2.25
2013.05.07 19:24:01.488,0.79479,0.79508,1.13,2.25
2013.05.07 19:24:02.492,0.79478,0.79508,1.13,1.13
2013.05.07 19:24:05.248,0.79478,0.79508,1.13,1.50
2013.05.07 19:24:15.699,0.79479,0.79508,1.13,1.88
2013.05.07 19:24:20.927,0.79479,0.79507,1.13,1.13
2013.05.07 19:24:47.778,0.79478,0.79508,1.13,1.50
2013.05.07 19:24:49.576,0.79478,0.79508,1.13,1.50
2013.05.07 19:24:53.996,0.79477,0.79503,1.13,1.50
2013.05.07 19:24:54.100,0.79477,0.79503,1.13,1.50
2013.05.07 19:24:56.507,0.79477,0.79503,1.13,1.50
2013.05.07 19:24:59.538,0.79474,0.79503,1.13,1.50
2013.05.07 19:25:07.596,0.79474,0.79502,1.13,1.13
2013.05.07 19:25:07.927,0.79472,0.79502,3.00,1.13
2013.05.07 19:25:09.547,0.79472,0.79502,2.25,1.13
2013.05.07 19:25:09.606,0.79472,0.79503,1.88,1.50
2013.05.07 19:25:10.184,0.79473,0.79503,1.13,1.50
2013.05.07 19:25:14.736,0.79475,0.79503,1.13,1.50
2013.05.07 19:25:15.408,0.79475,0.79503,1.13,1.50
2013.05.07 19:25:18.306,0.79475,0.79503,1.13,1.13
2013.05.07 19:25:25.674,0.79475,0.79503,1.13,1.50
2013.05.07 19:25:25.797,0.79475,0.79503,1.13,1.50
2013.05.07 19:25:28.753,0.79476,0.79503,1.13,1.50
2013.05.07 19:25:29.747,0.79476,0.79504,1.13,1.50
2013.05.07 19:25:32.846,0.79476,0.79502,1.13,1.13
2013.05.07 19:25:32.906,0.79476,0.79502,1.13,1.13
2013.05.07 19:25:43.317,0.79478,0.79503,1.13,1.13
2013.05.07 19:25:43.877,0.79478,0.79506,1.13,1.13
2013.05.07 19:25:49.246,0.79478,0.79508,1.13,1.88
2013.05.07 19:25:49.784,0.79478,0.79508,1.13,1.88
2013.05.07 19:25:50.438,0.79478,0.79508,1.13,1.88
2013.05.07 19:25:51.277,0.79478,0.79508,1.13,1.88
2013.05.07 19:25:54.618,0.79478,0.79508,1.13,1.88
2013.05.07 19:25:55.578,0.79478,0.79506,1.13,1.13
2013.05.07 19:25:56.329,0.79477,0.79506,1.88,1.13
2013.05.07 19:25:59.550,0.79477,0.79506,1.88,1.13
2013.05.07 19:26:02.777,0.79479,0.79506,1.13,1.13
2013.05.07 19:26:03.291,0.79479,0.79508,1.13,2.25
2013.05.07 19:26:06.387,0.79479,0.79506,1.13,1.13
2013.05.07 19:26:07.673,0.79479,0.79506,1.13,1.13
2013.05.07 19:26:13.577,0.79478,0.79505,1.13,1.13
2013.05.07 19:26:20.737,0.79478,0.79504,1.13,1.50
2013.05.07 19:26:21.418,0.79479,0.79504,1.13,1.50
2013.05.07 19:26:27.748,0.79477,0.79504,1.13,1.50
2013.05.07 19:26:27.959,0.79474,0.79504,1.50,1.50
2013.05.07 19:26:28.196,0.79479,0.79504,1.13,1.50
2013.05.07 19:26:31.637,0.79478,0.79504,1.13,1.50
2013.05.07 19:26:34.708,0.79478,0.79504,1.13,1.50
2013.05.07 19:26:38.643,0.79479,0.79504,1.13,1.50
2013.05.07 19:26:38.706,0.79479,0.79504,1.13,1.50
2013.05.07 19:26:39.627,0.79479,0.79504,1.13,1.50
2013.05.07 19:26:43.836,0.79477,0.79504,1.13,1.50
2013.05.07 19:26:49.647,0.79479,0.79504,1.13,1.50
2013.05.07 19:27:07.626,0.79477,0.79504,1.13,1.50
2013.05.07 19:27:10.046,0.79477,0.79504,1.13,1.50
2013.05.07 19:27:18.127,0.79477,0.79511,1.13,2.63
2013.05.07 19:27:21.529,0.79477,0.79511,1.13,2.63
2013.05.07 19:27:25.856,0.79474,0.79501,1.13,1.13
2013.05.07 19:27:31.658,0.79473,0.79504,2.25,1.13
2013.05.07 19:27:32.058,0.79477,0.79506,1.13,1.13
2013.05.07 19:27:35.566,0.79477,0.79506,1.13,1.13
2013.05.07 19:27:43.727,0.79475,0.79502,1.13,1.13
2013.05.07 19:27:52.627,0.79475,0.79502,1.13,1.13
2013.05.07 19:27:53.509,0.79474,0.79502,1.50,1.13
2013.05.07 19:27:53.756,0.79475,0.79505,1.13,1.13
2013.05.07 19:28:14.097,0.79478,0.79498,1.13,1.50
2013.05.07 19:28:21.644,0.79476,0.79498,1.13,1.50
2013.05.07 19:28:35.487,0.79487,0.79505,1.13,1.13
2013.05.07 19:28:35.727,0.7948,0.79509,2.03,1.88
2013.05.07 19:28:35.808,0.79478,0.79509,1.88,1.88
2013.05.07 19:28:36.580,0.79478,0.79509,1.88,1.88
2013.05.07 19:28:37.688,0.79478,0.79509,1.13,1.50
2013.05.07 19:28:38.338,0.79481,0.79511,1.50,1.13
2013.05.07 19:28:38.696,0.79491,0.79513,1.13,1.50
2013.05.07 19:28:39.547,0.79491,0.79508,1.13,1.50
2013.05.07 19:28:39.837,0.79478,0.79508,1.13,1.50
2013.05.07 19:28:42.389,0.79483,0.79508,1.50,1.50
2013.05.07 19:28:42.507,0.79487,0.7951,1.13,1.13
2013.05.07 19:28:54.734,0.79491,0.79514,1.13,1.50
2013.05.07 19:28:54.856,0.79491,0.79518,1.13,1.13
2013.05.07 19:28:57.486,0.79493,0.79513,1.13,1.50
2013.05.07 19:28:58.201,0.79493,0.79513,1.13,1.50
2013.05.07 19:29:28.747,0.79494,0.79514,1.13,1.50
2013.05.07 19:29:30.592,0.79494,0.79514,1.13,1.50
2013.05.07 19:29:30.717,0.79491,0.79514,1.50,1.50
2013.05.07 19:29:30.837,0.79482,0.79511,1.13,1.50
2013.05.07 19:29:31.398,0.79481,0.79509,1.13,1.50
2013.05.07 19:29:34.477,0.79481,0.79506,1.13,1.50
2013.05.07 19:29:39.097,0.79481,0.79503,1.50,1.50
2013.05.07 19:29:39.470,0.79484,0.79508,1.50,1.50
2013.05.07 19:29:39.587,0.79483,0.79509,1.13,2.25
2013.05.07 19:29:39.817,0.79482,0.79504,1.13,1.50
2013.05.07 19:29:41.286,0.79478,0.79504,2.25,1.13
2013.05.07 19:29:43.756,0.79478,0.79504,2.25,1.50
2013.05.07 19:29:47.807,0.7948,0.79505,1.13,1.50
2013.05.07 19:29:51.967,0.7948,0.79508,1.50,1.50
2013.05.07 19:29:52.027,0.7948,0.7951,3.00,1.13
2013.05.07 19:29:52.588,0.79491,0.79511,2.25,2.25
2013.05.07 19:29:57.869,0.79491,0.79511,2.25,3.00
2013.05.07 19:30:01.438,0.79484,0.79511,1.50,3.00
2013.05.07 19:30:01.557,0.79482,0.79509,1.13,1.50
2013.05.07 19:30:01.638,0.7948,0.79509,1.13,1.50
2013.05.07 19:30:01.920,0.7948,0.79509,1.13,1.50
2013.05.07 19:30:02.139,0.7948,0.79508,1.13,2.25
2013.05.07 19:30:02.371,0.7948,0.79507,1.13,1.50
2013.05.07 19:30:03.609,0.79482,0.79507,1.13,1.50
2013.05.07 19:30:13.967,0.7948,0.79506,1.13,2.25
2013.05.07 19:30:14.288,0.7948,0.79504,1.13,1.13
2013.05.07 19:30:17.236,0.79478,0.79504,1.13,1.13
2013.05.07 19:30:19.570,0.79477,0.79504,1.13,1.13
2013.05.07 19:30:20.071,0.79477,0.79499,1.13,1.13
2013.05.07 19:30:25.176,0.79478,0.79499,1.13,1.13
2013.05.07 19:30:25.846,0.79478,0.79504,1.13,1.13
2013.05.07 19:30:31.337,0.79477,0.79504,1.13,1.13
2013.05.07 19:30:32.697,0.79472,0.79495,1.50,1.50
2013.05.07 19:30:32.817,0.7947,0.79495,1.50,1.50
2013.05.07 19:30:32.877,0.7947,0.79495,1.50,1.88
2013.05.07 19:30:33.116,0.79471,0.79499,1.50,1.13
2013.05.07 19:30:33.658,0.79471,0.79503,1.50,1.50
2013.05.07 19:30:36.378,0.79471,0.79504,1.50,1.50
2013.05.07 19:30:36.737,0.79469,0.79501,1.50,1.13
2013.05.07 19:30:36.857,0.79471,0.79504,1.50,1.50
2013.05.07 19:30:38.588,0.79467,0.79499,1.50,1.50
2013.05.07 19:30:38.951,0.79468,0.795,1.50,1.13
2013.05.07 19:30:39.067,0.79471,0.795,1.50,1.13
2013.05.07 19:30:44.498,0.79471,0.795,1.50,1.13
2013.05.07 19:30:46.026,0.79471,0.795,1.50,1.13
2013.05.07 19:30:56.677,0.79471,0.795,1.50,1.13
2013.05.07 19:30:57.008,0.79471,0.795,1.50,1.13
2013.05.07 19:30:57.147,0.79471,0.79504,2.25,1.50
2013.05.07 19:31:09.537,0.79476,0.79509,1.50,1.50
2013.05.07 19:31:20.340,0.79475,0.79507,1.50,1.50
2013.05.07 19:31:20.718,0.79477,0.79508,1.50,1.50
2013.05.07 19:31:20.927,0.7948,0.79515,1.50,1.50
2013.05.07 19:31:21.168,0.79482,0.79515,3.00,1.50
2013.05.07 19:31:21.347,0.79482,0.79515,3.00,1.50
2013.05.07 19:31:21.608,0.79486,0.7952,2.25,1.88
2013.05.07 19:31:21.728,0.79486,0.7952,2.25,1.88
2013.05.07 19:31:22.088,0.79486,0.79519,1.50,1.50
2013.05.07 19:31:23.051,0.79486,0.79519,1.50,1.50
2013.05.07 19:31:24.507,0.79487,0.79519,1.50,1.50
2013.05.07 19:31:25.142,0.79487,0.79519,1.50,1.50
2013.05.07 19:31:25.407,0.79486,0.79519,1.50,1.50
2013.05.07 19:31:26.207,0.79484,0.79514,2.25,1.50
2013.05.07 19:31:28.477,0.79487,0.79518,1.50,1.50
2013.05.07 19:31:31.717,0.79487,0.79518,1.50,1.50
2013.05.07 19:31:39.517,0.79487,0.79518,1.50,1.50
2013.05.07 19:31:39.899,0.79492,0.79522,1.50,2.25
2013.05.07 19:31:43.537,0.79492,0.79522,1.50,2.25
2013.05.07 19:31:52.001,0.79486,0.79519,1.50,1.50
2013.05.07 19:31:56.737,0.79491,0.79524,1.50,3.00
2013.05.07 19:31:57.967,0.79491,0.79521,1.50,2.25
2013.05.07 19:31:58.928,0.79486,0.79519,1.50,1.50
2013.05.07 19:32:13.068,0.7949,0.79522,1.50,2.63
2013.05.07 19:32:15.738,0.7949,0.79522,1.50,2.63
2013.05.07 19:32:25.562,0.79486,0.79519,1.50,1.50
2013.05.07 19:32:27.578,0.79486,0.79519,1.50,1.50
2013.05.07 19:32:37.359,0.79486,0.79519,1.50,1.50
2013.05.07 19:32:37.577,0.79486,0.79519,1.50,1.50
2013.05.07 19:32:39.307,0.79486,0.79519,1.50,1.50
2013.05.07 19:32:49.767,0.79487,0.79518,1.50,1.50
2013.05.07 19:32:52.848,0.79487,0.79518,1.50,1.50
2013.05.07 19:32:58.067,0.79487,0.79518,1.50,1.50
2013.05.07 19:32:58.600,0.7949,0.79521,1.50,1.13
2013.05.07 19:32:58.847,0.7949,0.79524,1.50,1.13
2013.05.07 19:32:59.007,0.79491,0.79524,1.50,1.13
2013.05.07 19:32:59.513,0.79491,0.79524,1.50,1.13
2013.05.07 19:33:01.208,0.79493,0.79524,1.50,1.13
2013.05.07 19:33:01.808,0.79491,0.79524,1.50,1.13
2013.05.07 19:33:11.377,0.79491,0.79524,1.50,1.50
2013.05.07 19:33:13.477,0.79488,0.79522,1.50,1.50
2013.05.07 19:33:13.809,0.79486,0.79519,1.50,1.50
2013.05.07 19:33:14.398,0.79486,0.79519,1.50,1.50
2013.05.07 19:33:27.968,0.79486,0.79519,1.50,1.50
2013.05.07 19:33:33.649,0.79486,0.79519,1.50,1.50
2013.05.07 19:33:33.707,0.79486,0.79519,1.50,1.50
2013.05.07 19:33:43.697,0.79486,0.79519,1.50,1.50
2013.05.07 19:33:44.707,0.79486,0.79519,1.50,1.50
2013.05.07 19:33:55.529,0.79486,0.79519,1.50,1.50
2013.05.07 19:33:55.606,0.79486,0.79519,1.50,1.50
2013.05.07 19:34:05.609,0.79486,0.79519,1.50,1.50
2013.05.07 19:34:06.288,0.79486,0.79519,1.50,1.50
2013.05.07 19:34:18.341,0.79483,0.79517,1.50,3.00
2013.05.07 19:34:21.867,0.79483,0.79517,1.50,1.50
2013.05.07 19:34:22.547,0.79481,0.79514,5.78,1.50
2013.05.07 19:34:27.017,0.79481,0.79514,2.25,1.50
2013.05.07 19:34:30.108,0.79487,0.79518,1.50,1.50
2013.05.07 19:34:30.619,0.79487,0.79518,1.50,1.50
2013.05.07 19:34:30.678,0.79484,0.79516,1.50,1.50
2013.05.07 19:34:30.818,0.79487,0.79518,1.50,1.50
2013.05.07 19:34:34.334,0.79489,0.79522,1.50,1.13
2013.05.07 19:34:37.781,0.79491,0.79524,1.50,1.50
2013.05.07 19:34:38.628,0.79491,0.7952,1.50,1.13
2013.05.07 19:34:39.277,0.79491,0.79524,1.50,1.50
2013.05.07 19:34:39.778,0.79491,0.79524,1.50,1.50
2013.05.07 19:34:46.187,0.79487,0.7952,1.50,1.50
2013.05.07 19:34:50.349,0.79492,0.79523,1.50,1.50
2013.05.07 19:34:58.979,0.79492,0.79523,1.50,1.50
2013.05.07 19:35:09.737,0.79492,0.79523,1.50,1.50
2013.05.07 19:35:19.048,0.79492,0.79523,1.50,1.50
2013.05.07 19:35:21.509,0.79492,0.79523,1.50,1.50
2013.05.07 19:35:21.627,0.79492,0.79523,1.50,1.50
2013.05.07 19:35:31.774,0.79492,0.79523,1.50,1.50
2013.05.07 19:35:32.008,0.79492,0.79523,1.50,1.50
2013.05.07 19:35:38.528,0.79492,0.79523,1.50,1.13
2013.05.07 19:35:38.948,0.79495,0.79527,1.50,1.88
2013.05.07 19:35:39.188,0.79495,0.79528,1.50,1.50
2013.05.07 19:35:39.309,0.79496,0.79529,2.25,1.88
2013.05.07 19:35:40.138,0.79498,0.79529,1.50,1.88
2013.05.07 19:35:40.718,0.79498,0.79529,1.50,1.88
2013.05.07 19:35:41.439,0.79498,0.79529,1.50,1.88
2013.05.07 19:35:43.457,0.79495,0.79527,4.43,1.50
2013.05.07 19:35:43.628,0.79495,0.79527,2.25,1.50
2013.05.07 19:35:46.104,0.79495,0.79527,2.25,1.50
2013.05.07 19:35:50.259,0.79493,0.79524,2.25,1.50
2013.05.07 19:35:53.818,0.79494,0.79527,2.25,1.50
2013.05.07 19:35:54.508,0.79497,0.79528,1.50,1.50
2013.05.07 19:35:55.178,0.79493,0.79519,2.25,1.50
2013.05.07 19:35:55.350,0.79491,0.79519,2.25,1.50
2013.05.07 19:35:55.408,0.79496,0.79526,1.50,1.13
2013.05.07 19:35:55.828,0.79501,0.79529,1.13,1.50
2013.05.07 19:35:57.488,0.795,0.79529,1.50,1.88
2013.05.07 19:35:58.778,0.79499,0.79523,1.50,1.50
2013.05.07 19:35:58.987,0.79499,0.79528,1.50,1.50
2013.05.07 19:36:00.448,0.79496,0.79524,1.13,1.50
2013.05.07 19:36:00.568,0.79495,0.79522,1.13,2.25
2013.05.07 19:36:00.927,0.79499,0.79526,1.50,1.13
2013.05.07 19:36:01.564,0.795,0.79529,1.50,1.50
2013.05.07 19:36:01.688,0.79499,0.79529,1.50,1.50
2013.05.07 19:36:02.607,0.79501,0.79527,1.50,2.25
2013.05.07 19:36:03.158,0.79499,0.79524,1.50,1.50
2013.05.07 19:36:03.218,0.79496,0.79524,1.13,1.50
2013.05.07 19:36:03.337,0.79495,0.79521,1.13,2.25
2013.05.07 19:36:03.959,0.79496,0.79523,1.13,1.50
2013.05.07 19:36:04.478,0.79492,0.79518,1.13,1.50
2013.05.07 19:36:05.198,0.79496,0.79527,1.13,1.13
2013.05.07 19:36:05.899,0.79491,0.79524,3.00,1.50
2013.05.07 19:36:06.428,0.79494,0.79519,1.13,1.50
2013.05.07 19:36:07.027,0.7949,0.79519,1.50,2.63
2013.05.07 19:36:07.390,0.79492,0.79519,1.13,1.50
2013.05.07 19:36:09.518,0.79491,0.79518,1.50,1.13
2013.05.07 19:36:15.549,0.79487,0.79518,1.50,1.88
2013.05.07 19:36:15.728,0.79486,0.79518,1.88,1.88
2013.05.07 19:36:17.547,0.79486,0.79518,1.88,1.88
2013.05.07 19:36:18.087,0.79486,0.79519,1.88,3.00
2013.05.07 19:36:19.148,0.79486,0.7951,1.88,1.13
2013.05.07 19:36:19.837,0.79486,0.7951,1.88,1.13
2013.05.07 19:36:26.509,0.79486,0.7951,1.88,1.13
2013.05.07 19:36:30.577,0.7949,0.79514,1.13,2.25
2013.05.07 19:36:31.625,0.7949,0.79514,1.13,2.25
2013.05.07 19:36:48.120,0.79487,0.79514,1.88,2.25
2013.05.07 19:36:48.427,0.79485,0.79505,1.13,2.25
2013.05.07 19:37:01.149,0.79486,0.79505,1.13,3.00
2013.05.07 19:37:03.196,0.79484,0.79505,1.13,3.00
2013.05.07 19:37:08.518,0.79484,0.79505,1.13,2.25
2013.05.07 19:37:09.577,0.79488,0.79512,1.13,2.25
2013.05.07 19:37:09.697,0.79486,0.79508,1.13,1.50
2013.05.07 19:37:13.037,0.79482,0.7951,2.25,3.00
2013.05.07 19:37:16.267,0.79488,0.7951,1.13,2.63
2013.05.07 19:37:18.968,0.79487,0.7951,1.13,2.63
2013.05.07 19:37:19.708,0.79485,0.79505,1.13,1.50
2013.05.07 19:37:20.219,0.79484,0.7951,1.13,1.13
2013.05.07 19:37:21.517,0.79485,0.79514,1.13,1.88
2013.05.07 19:37:26.798,0.79483,0.79513,1.13,1.50
2013.05.07 19:37:34.463,0.79485,0.79513,1.13,2.25
2013.05.07 19:37:35.009,0.79487,0.79513,1.13,2.25
2013.05.07 19:37:39.567,0.79487,0.79511,1.13,2.25
2013.05.07 19:37:47.277,0.79485,0.79511,1.13,2.25
2013.05.07 19:37:51.537,0.79482,0.79509,2.25,2.25
2013.05.07 19:37:52.993,0.79486,0.79512,1.13,2.25
2013.05.07 19:37:53.858,0.79486,0.79513,1.13,1.88
2013.05.07 19:37:54.108,0.79487,0.79514,1.13,1.88
2013.05.07 19:37:54.973,0.7949,0.79514,1.13,1.88
2013.05.07 19:38:01.697,0.79487,0.79514,1.13,2.25
2013.05.07 19:38:09.929,0.79486,0.79511,1.88,2.25
2013.05.07 19:38:11.188,0.79486,0.79511,1.13,2.25
2013.05.07 19:38:17.609,0.79487,0.79511,1.13,2.25
2013.05.07 19:38:23.240,0.79483,0.79509,1.88,2.25
2013.05.07 19:38:26.145,0.79483,0.79509,1.13,2.25
2013.05.07 19:38:27.308,0.79482,0.79509,1.13,2.25
2013.05.07 19:38:27.497,0.79482,0.79509,1.88,2.25
2013.05.07 19:38:31.208,0.7948,0.79508,1.13,1.50
2013.05.07 19:38:41.238,0.7948,0.79507,1.88,2.25
2013.05.07 19:38:42.136,0.7948,0.79507,1.13,2.25
2013.05.07 19:39:11.268,0.7948,0.79507,1.88,2.25
2013.05.07 19:39:11.448,0.7948,0.79509,1.13,1.50
2013.05.07 19:39:12.508,0.79482,0.7951,1.50,1.88
2013.05.07 19:39:13.232,0.79482,0.7951,1.50,2.25
2013.05.07 19:39:29.939,0.79484,0.79511,1.13,1.13
2013.05.07 19:39:31.432,0.79484,0.79511,1.13,1.13
2013.05.07 19:39:32.939,0.79484,0.79511,1.13,1.13
2013.05.07 19:39:35.420,0.79485,0.79513,1.13,1.50
2013.05.07 19:39:41.569,0.79484,0.79513,1.13,3.00
2013.05.07 19:39:44.445,0.79485,0.79513,1.13,1.88
2013.05.07 19:39:55.359,0.79486,0.79514,1.50,1.13
2013.05.07 19:39:55.436,0.79486,0.79514,1.50,1.13
2013.05.07 19:40:03.558,0.79489,0.79518,1.13,3.00
2013.05.07 19:40:11.868,0.7949,0.79518,1.50,2.63
2013.05.07 19:40:12.838,0.79492,0.79518,1.50,1.13
2013.05.07 19:40:14.681,0.79489,0.79513,1.13,1.50
2013.05.07 19:40:15.258,0.79489,0.79518,1.13,1.13
2013.05.07 19:40:15.738,0.79491,0.79519,1.88,2.25
2013.05.07 19:40:15.938,0.79491,0.79521,1.88,2.25
2013.05.07 19:40:21.108,0.79491,0.79519,1.13,3.00
2013.05.07 19:40:24.487,0.79491,0.79519,1.13,3.00
2013.05.07 19:40:28.919,0.79491,0.79519,1.13,3.38
2013.05.07 19:40:44.514,0.79491,0.79517,1.13,2.25
2013.05.07 19:40:48.110,0.79489,0.79517,1.13,2.25
2013.05.07 19:40:49.400,0.79489,0.79518,1.13,1.88
2013.05.07 19:40:49.517,0.79489,0.79519,1.13,1.50
2013.05.07 19:40:51.139,0.79489,0.79519,1.13,1.50
2013.05.07 19:40:51.838,0.79489,0.79516,1.13,2.63
2013.05.07 19:41:00.748,0.79489,0.79516,1.13,2.25
2013.05.07 19:41:00.918,0.79492,0.79516,1.50,2.25
2013.05.07 19:41:01.110,0.79493,0.79518,1.50,2.25
2013.05.07 19:41:01.348,0.79489,0.79516,1.13,2.25
2013.05.07 19:41:14.850,0.79489,0.79516,1.13,2.25
2013.05.07 19:41:15.088,0.79489,0.79516,1.13,2.25
2013.05.07 19:41:17.994,0.79488,0.79511,1.13,1.50
2013.05.07 19:41:28.310,0.79488,0.79511,1.13,1.88
2013.05.07 19:41:38.088,0.79489,0.79511,1.13,1.88
2013.05.07 19:41:41.039,0.79489,0.79511,1.13,1.88
2013.05.07 19:41:41.158,0.79489,0.79509,1.13,1.50
2013.05.07 19:41:41.798,0.79489,0.7951,1.13,1.88
2013.05.07 19:41:52.968,0.79487,0.7951,1.88,1.88
2013.05.07 19:42:01.409,0.79487,0.79509,1.13,1.50
2013.05.07 19:42:01.648,0.79487,0.79509,1.13,1.50
2013.05.07 19:42:04.758,0.79486,0.79512,1.50,2.25
2013.05.07 19:42:05.544,0.79486,0.79512,1.50,2.25
2013.05.07 19:42:06.669,0.79486,0.79512,1.50,2.25
2013.05.07 19:42:08.588,0.79486,0.79514,1.50,1.13
2013.05.07 19:42:08.709,0.79486,0.79514,1.50,1.13
2013.05.07 19:42:19.457,0.79486,0.79516,1.50,2.25
2013.05.07 19:42:19.578,0.79486,0.79516,1.50,2.25
2013.05.07 19:42:26.569,0.79489,0.79516,1.13,2.25
2013.05.07 19:42:29.697,0.79489,0.79516,1.13,2.25
2013.05.07 19:42:37.561,0.79489,0.79516,1.13,2.25
2013.05.07 19:42:38.649,0.79486,0.79512,1.50,2.25
2013.05.07 19:42:38.708,0.79483,0.79512,1.13,2.25
2013.05.07 19:42:49.418,0.79487,0.79513,1.50,2.25
2013.05.07 19:42:49.820,0.79487,0.79513,1.50,2.25
2013.05.07 19:42:55.499,0.79487,0.79514,1.50,2.25
2013.05.07 19:42:56.678,0.79492,0.79513,2.25,2.25
2013.05.07 19:42:56.738,0.79499,0.79513,1.13,1.50
2013.05.07 19:42:56.918,0.79494,0.79523,2.25,1.50
2013.05.07 19:42:56.978,0.79494,0.79519,2.25,1.50
2013.05.07 19:42:59.608,0.79493,0.79517,1.13,2.25
2013.05.07 19:43:03.100,0.79495,0.79517,1.50,2.25
2013.05.07 19:43:03.338,0.795,0.79525,1.13,2.25
2013.05.07 19:43:04.374,0.79499,0.79525,1.50,2.25
2013.05.07 19:43:05.908,0.79492,0.79518,3.23,1.50
2013.05.07 19:43:06.088,0.79492,0.79518,1.50,2.25
2013.05.07 19:43:06.149,0.79492,0.79518,1.50,2.25
2013.05.07 19:43:07.670,0.79492,0.79518,1.50,2.25
2013.05.07 19:43:11.828,0.79492,0.79516,1.50,2.25
2013.05.07 19:43:27.850,0.79488,0.79517,2.25,2.25
2013.05.07 19:43:28.090,0.79486,0.79517,1.50,2.25
2013.05.07 19:43:48.149,0.79492,0.79517,1.13,2.25
2013.05.07 19:44:09.042,0.79493,0.79517,1.13,2.25
2013.05.07 19:44:11.757,0.79493,0.79517,1.13,2.25
2013.05.07 19:44:17.528,0.79493,0.79516,1.13,2.25
2013.05.07 19:44:18.219,0.79493,0.79514,1.13,1.50
2013.05.07 19:44:19.589,0.79491,0.79514,1.13,1.50
2013.05.07 19:44:19.709,0.7949,0.79513,1.13,1.50
2013.05.07 19:44:21.138,0.7949,0.79509,1.13,1.50
2013.05.07 19:44:22.098,0.7949,0.79514,1.13,3.00
2013.05.07 19:44:28.510,0.79491,0.79517,1.13,2.63
2013.05.07 19:44:40.125,0.79489,0.79515,1.13,1.13
2013.05.07 19:44:49.779,0.79489,0.79517,1.13,2.25
2013.05.07 19:44:51.401,0.7949,0.79517,1.50,2.25
2013.05.07 19:44:52.040,0.79496,0.79522,1.13,2.25
2013.05.07 19:45:01.110,0.79498,0.7952,1.13,2.25
2013.05.07 19:45:11.779,0.79498,0.79521,1.88,2.25
2013.05.07 19:45:11.937,0.79498,0.79525,1.13,2.25
2013.05.07 19:45:12.129,0.79498,0.79523,1.13,2.25
2013.05.07 19:45:13.330,0.79497,0.79522,1.13,2.25
2013.05.07 19:45:13.459,0.79498,0.79522,1.13,2.25
2013.05.07 19:45:20.058,0.79497,0.79522,1.13,2.25
2013.05.07 19:45:23.487,0.79498,0.79522,1.13,2.25
2013.05.07 19:45:43.948,0.79497,0.79522,1.13,2.25
2013.05.07 19:46:07.500,0.79498,0.79523,1.13,1.50
2013.05.07 19:46:19.899,0.79498,0.79522,1.13,2.25
2013.05.07 19:46:25.378,0.79497,0.7952,1.88,2.25
2013.05.07 19:46:31.668,0.79497,0.7952,1.13,2.25
2013.05.07 19:46:52.006,0.79496,0.7952,1.50,2.25
2013.05.07 19:46:54.368,0.79497,0.7952,1.50,2.25
2013.05.07 19:46:59.668,0.79497,0.7952,1.50,2.25
2013.05.07 19:47:10.149,0.79498,0.7952,1.50,2.25
2013.05.07 19:47:10.392,0.79504,0.79533,1.50,1.50
2013.05.07 19:47:10.449,0.79504,0.79533,1.50,1.50
2013.05.07 19:47:10.879,0.79509,0.79533,1.13,1.50
2013.05.07 19:47:11.198,0.79509,0.79533,1.13,1.50
2013.05.07 19:47:11.800,0.79505,0.79533,2.25,1.50
2013.05.07 19:47:11.966,0.79505,0.79528,2.25,1.50
2013.05.07 19:47:12.029,0.795,0.79528,2.10,1.50
2013.05.07 19:47:16.293,0.79498,0.79528,2.70,1.50
2013.05.07 19:47:18.898,0.79498,0.79528,1.13,1.50
2013.05.07 19:47:19.240,0.79497,0.79528,1.50,1.50
2013.05.07 19:47:19.778,0.79497,0.79527,1.50,2.25
2013.05.07 19:47:20.871,0.79497,0.79527,1.50,2.25
2013.05.07 19:47:21.644,0.79497,0.79527,1.50,2.25
2013.05.07 19:47:22.365,0.79497,0.79527,1.50,2.25
2013.05.07 19:47:23.169,0.79497,0.79527,1.50,2.25
2013.05.07 19:47:24.618,0.79501,0.79528,1.13,2.25
2013.05.07 19:47:26.154,0.79501,0.79528,1.13,2.25
2013.05.07 19:47:33.439,0.79516,0.79528,1.50,1.50
2013.05.07 19:47:33.498,0.79516,0.79534,1.50,1.50
2013.05.07 19:47:33.559,0.79519,0.79536,1.13,1.50
2013.05.07 19:47:33.969,0.79509,0.79533,2.78,2.25
2013.05.07 19:47:34.028,0.79507,0.7953,1.13,1.50
2013.05.07 19:47:34.459,0.79507,0.79528,1.13,1.50
2013.05.07 19:47:34.849,0.79507,0.79528,1.13,1.50
2013.05.07 19:47:42.138,0.79507,0.79528,1.13,1.50
2013.05.07 19:47:47.199,0.79507,0.79528,1.13,1.50
2013.05.07 19:47:47.728,0.79507,0.79528,1.13,2.25
2013.05.07 19:47:48.412,0.79506,0.79528,1.13,2.25
2013.05.07 19:47:50.069,0.79502,0.79528,1.88,2.25
2013.05.07 19:47:50.710,0.79502,0.79528,1.13,1.50
2013.05.07 19:47:55.730,0.79502,0.79528,1.13,1.50
2013.05.07 19:47:56.289,0.79502,0.79528,1.13,1.50
2013.05.07 19:48:05.709,0.79506,0.79528,1.13,1.50
2013.05.07 19:48:06.598,0.79508,0.79528,1.13,1.50
2013.05.07 19:48:07.130,0.79508,0.79528,1.13,1.50
2013.05.07 19:48:21.949,0.79506,0.79528,1.13,1.50
2013.05.07 19:48:22.791,0.79505,0.79528,1.13,1.50
2013.05.07 19:48:23.485,0.79505,0.79528,1.13,1.50
2013.05.07 19:48:24.050,0.79505,0.79528,1.13,1.50
2013.05.07 19:48:24.618,0.79505,0.79528,1.13,1.50
2013.05.07 19:48:24.823,0.79505,0.79528,1.13,1.50
2013.05.07 19:48:25.259,0.79505,0.79528,1.13,1.50
2013.05.07 19:48:26.041,0.79505,0.79528,1.13,1.50
2013.05.07 19:48:27.563,0.79505,0.79529,1.13,1.50
2013.05.07 19:48:27.620,0.79505,0.79529,1.13,1.50
2013.05.07 19:48:28.013,0.79505,0.79529,1.13,1.50
2013.05.07 19:48:29.209,0.7951,0.79533,1.50,1.13
2013.05.07 19:48:29.849,0.79519,0.79534,1.13,2.25
2013.05.07 19:48:30.164,0.79519,0.79534,1.13,2.25
2013.05.07 19:48:30.609,0.79508,0.79531,1.13,1.50
2013.05.07 19:48:31.840,0.79508,0.79529,1.13,1.50
2013.05.07 19:48:39.269,0.79508,0.79533,1.13,1.50
2013.05.07 19:48:39.588,0.79508,0.79533,1.13,1.50
2013.05.07 19:48:39.709,0.79508,0.79533,1.13,1.50
2013.05.07 19:48:45.593,0.79508,0.79528,1.13,1.50
2013.05.07 19:48:46.340,0.79508,0.79528,1.13,1.50
2013.05.07 19:48:49.719,0.79508,0.79528,1.13,1.50
2013.05.07 19:49:08.910,0.7951,0.79533,1.13,2.25
2013.05.07 19:49:12.728,0.7951,0.79534,1.13,1.50
2013.05.07 19:49:16.860,0.7951,0.79534,1.13,1.50
2013.05.07 19:49:23.620,0.79507,0.79534,1.13,1.50
2013.05.07 19:49:29.900,0.79507,0.79533,1.13,1.50
2013.05.07 19:49:29.959,0.79497,0.79531,2.93,1.13
2013.05.07 19:49:30.060,0.79491,0.79531,2.18,1.13
2013.05.07 19:49:30.731,0.79492,0.79531,2.85,1.13
2013.05.07 19:49:31.426,0.79492,0.79531,2.85,1.13
2013.05.07 19:49:33.599,0.79493,0.79531,2.10,1.13
2013.05.07 19:49:34.307,0.79493,0.79531,2.10,1.13
2013.05.07 19:49:36.409,0.79493,0.79531,2.10,1.13
2013.05.07 19:49:37.307,0.79493,0.7953,2.10,1.13
2013.05.07 19:49:38.719,0.79503,0.7953,1.50,1.13
2013.05.07 19:49:38.779,0.79509,0.7953,1.50,1.13
2013.05.07 19:49:38.839,0.79509,0.79533,1.50,1.50
2013.05.07 19:49:46.508,0.79509,0.79533,2.25,1.50
2013.05.07 19:49:51.662,0.79509,0.79525,1.50,1.50
2013.05.07 19:49:51.719,0.79502,0.79525,1.50,1.50
2013.05.07 19:49:51.838,0.79499,0.79524,1.13,1.50
2013.05.07 19:49:52.018,0.795,0.79529,1.13,1.50
2013.05.07 19:49:54.053,0.795,0.79529,1.13,1.50
2013.05.07 19:49:54.439,0.79504,0.79529,2.25,1.50
2013.05.07 19:50:09.422,0.79507,0.79523,1.13,1.50
2013.05.07 19:50:12.069,0.79504,0.79525,1.50,2.63
2013.05.07 19:50:12.129,0.79504,0.79525,1.50,1.88
2013.05.07 19:50:13.983,0.79505,0.79524,1.50,2.25
2013.05.07 19:50:17.510,0.79505,0.79527,1.50,1.13
2013.05.07 19:50:21.730,0.79504,0.79529,1.50,1.50
2013.05.07 19:50:25.099,0.79504,0.79524,1.88,1.50
2013.05.07 19:50:26.963,0.79504,0.79524,1.13,1.50
2013.05.07 19:50:27.114,0.79504,0.7952,1.13,1.50
2013.05.07 19:50:27.330,0.79504,0.79524,1.13,1.50
2013.05.07 19:50:29.229,0.79504,0.7952,1.13,1.50
2013.05.07 19:50:29.541,0.79504,0.79518,1.13,1.50
2013.05.07 19:50:38.199,0.795,0.79523,1.13,1.88
2013.05.07 19:50:39.930,0.795,0.79523,1.13,1.88
2013.05.07 19:50:41.203,0.795,0.79523,1.13,1.50
2013.05.07 19:50:43.279,0.79497,0.79516,1.13,2.25
2013.05.07 19:50:44.590,0.79497,0.79513,1.13,1.50
2013.05.07 19:50:44.709,0.79494,0.79507,1.50,1.50
2013.05.07 19:50:45.230,0.7949,0.79508,1.13,1.50
2013.05.07 19:50:45.950,0.7949,0.79509,1.13,2.25
2013.05.07 19:50:47.779,0.7949,0.79508,1.13,1.50
2013.05.07 19:50:48.773,0.7949,0.79507,1.13,1.50
2013.05.07 19:50:49.910,0.7949,0.79511,1.13,2.25
2013.05.07 19:50:50.610,0.7949,0.79511,1.13,1.50
2013.05.07 19:50:50.729,0.7949,0.79517,1.13,1.50
2013.05.07 19:50:50.850,0.79497,0.79517,1.13,1.50
2013.05.07 19:50:52.988,0.79498,0.79523,1.13,1.50
2013.05.07 19:50:53.049,0.79501,0.79523,1.13,1.50
2013.05.07 19:50:53.109,0.79501,0.79522,1.13,1.50
2013.05.07 19:50:53.730,0.79501,0.79523,1.13,1.50
2013.05.07 19:50:54.699,0.79501,0.79521,1.13,1.50
2013.05.07 19:50:54.758,0.79501,0.79521,1.13,1.50
2013.05.07 19:50:55.820,0.795,0.79519,1.13,1.50
2013.05.07 19:51:00.425,0.795,0.79524,1.13,1.50
2013.05.07 19:51:00.609,0.79501,0.79522,1.13,1.50
2013.05.07 19:51:01.319,0.79501,0.79524,1.13,1.50
2013.05.07 19:51:02.979,0.79501,0.79524,1.13,1.50
2013.05.07 19:51:04.271,0.79501,0.79524,1.13,1.50
2013.05.07 19:51:07.378,0.79506,0.79524,1.13,1.50
2013.05.07 19:51:08.803,0.79506,0.79524,1.13,1.50
2013.05.07 19:51:14.734,0.79506,0.79522,1.13,1.88
2013.05.07 19:51:19.845,0.79504,0.79521,1.13,2.63
2013.05.07 19:51:20.440,0.79503,0.79521,2.25,1.88
2013.05.07 19:51:20.660,0.79503,0.79521,2.25,2.63
2013.05.07 19:51:22.294,0.79503,0.79519,1.88,1.50
2013.05.07 19:51:22.860,0.79503,0.79521,1.13,1.13
2013.05.07 19:51:26.200,0.79503,0.7952,1.13,1.88
2013.05.07 19:51:26.580,0.79503,0.7952,1.13,1.50
2013.05.07 19:51:32.839,0.79504,0.7952,1.13,1.50
2013.05.07 19:51:33.205,0.79504,0.7952,1.13,1.50
2013.05.07 19:51:35.640,0.79504,0.7952,1.13,1.50
2013.05.07 19:51:37.249,0.79507,0.7952,1.13,1.50
2013.05.07 19:51:40.414,0.79507,0.79519,1.13,1.50
2013.05.07 19:51:41.418,0.79507,0.79519,1.13,1.50
2013.05.07 19:51:46.190,0.79505,0.79515,1.13,1.13
2013.05.07 19:51:51.641,0.79503,0.79514,1.50,1.13
2013.05.07 19:51:53.650,0.79503,0.79514,1.50,1.13
2013.05.07 19:51:53.963,0.79502,0.79514,1.13,1.13
2013.05.07 19:51:54.593,0.79499,0.79514,1.13,1.13
2013.05.07 19:51:56.156,0.79499,0.79517,1.13,1.50
2013.05.07 19:51:57.770,0.79499,0.79516,1.13,1.50
2013.05.07 19:52:00.959,0.79496,0.79511,1.50,1.13
2013.05.07 19:52:01.019,0.79494,0.79509,1.50,1.13
2013.05.07 19:52:01.079,0.79492,0.79509,1.13,1.13
2013.05.07 19:52:05.709,0.79492,0.79509,1.13,1.13
2013.05.07 19:52:06.400,0.79492,0.79507,1.13,1.13
2013.05.07 19:52:07.704,0.79492,0.79512,1.13,1.50
2013.05.07 19:52:26.251,0.79496,0.79508,1.13,1.13
2013.05.07 19:52:31.391,0.79496,0.79508,1.13,1.13
2013.05.07 19:52:33.161,0.79496,0.79512,1.13,1.50
2013.05.07 19:52:35.871,0.79493,0.79509,1.13,1.13
2013.05.07 19:52:40.280,0.79493,0.79512,1.13,3.00
2013.05.07 19:52:43.000,0.79494,0.7951,1.13,1.50
2013.05.07 19:52:51.611,0.79494,0.79511,1.13,1.50
2013.05.07 19:53:00.989,0.79496,0.7951,1.13,1.88
2013.05.07 19:53:04.658,0.79491,0.79509,2.25,1.50
2013.05.07 19:53:06.769,0.79491,0.79509,1.13,1.50
2013.05.07 19:53:13.579,0.79491,0.79509,1.13,1.88
2013.05.07 19:53:17.939,0.79492,0.7951,1.13,1.13
2013.05.07 19:53:18.510,0.79493,0.79511,1.13,1.88
2013.05.07 19:53:21.406,0.79492,0.79512,1.13,1.13
2013.05.07 19:53:21.910,0.79492,0.79512,1.13,1.13
2013.05.07 19:53:24.810,0.79494,0.79513,1.13,1.50
2013.05.07 19:53:25.859,0.79494,0.79512,1.13,2.25
2013.05.07 19:53:36.668,0.79494,0.79512,1.13,1.13
2013.05.07 19:53:37.272,0.79495,0.79512,1.13,1.13
2013.05.07 19:53:45.999,0.79495,0.79511,1.13,1.50
2013.05.07 19:53:54.348,0.79495,0.79512,1.13,1.50
2013.05.07 19:53:55.739,0.79495,0.79512,1.13,1.50
2013.05.07 19:53:58.930,0.79494,0.79512,1.13,1.50
2013.05.07 19:54:06.644,0.79494,0.7951,1.13,1.88
2013.05.07 19:54:09.360,0.79494,0.7951,1.13,1.88
2013.05.07 19:54:09.510,0.79494,0.79511,1.13,1.13
2013.05.07 19:54:10.642,0.79494,0.79511,1.13,1.13
2013.05.07 19:54:12.272,0.79494,0.79511,1.13,1.88
2013.05.07 19:54:12.330,0.79495,0.79511,1.13,1.88
2013.05.07 19:54:12.679,0.79497,0.79511,1.13,1.13
2013.05.07 19:54:12.799,0.79497,0.79515,1.13,1.13
2013.05.07 19:54:15.179,0.79497,0.79513,1.13,1.13
2013.05.07 19:54:18.198,0.79497,0.79513,1.13,1.13
2013.05.07 19:54:22.290,0.79497,0.79515,1.13,1.13
2013.05.07 19:54:29.612,0.79501,0.79515,1.13,1.88
2013.05.07 19:54:39.689,0.79501,0.79515,1.13,1.50
2013.05.07 19:54:51.510,0.795,0.79512,1.13,1.13
2013.05.07 19:54:52.055,0.79499,0.79512,1.13,1.13
2013.05.07 19:54:56.801,0.79499,0.79515,1.13,1.50
2013.05.07 19:54:58.101,0.79499,0.79513,1.13,1.13
2013.05.07 19:55:00.406,0.79499,0.79515,1.13,3.00
2013.05.07 19:55:01.130,0.79496,0.7951,1.88,1.50
2013.05.07 19:55:03.812,0.79497,0.79511,1.13,1.50
2013.05.07 19:55:10.259,0.79497,0.7951,1.13,1.50
2013.05.07 19:55:13.519,0.79496,0.7951,1.50,1.50
2013.05.07 19:55:14.289,0.79496,0.7951,1.50,1.50
2013.05.07 19:55:17.500,0.79494,0.7951,1.50,1.50
2013.05.07 19:55:17.559,0.79493,0.7951,1.13,1.50
2013.05.07 19:55:19.675,0.79493,0.79507,1.13,1.13
2013.05.07 19:55:21.120,0.79493,0.79507,1.13,1.50
2013.05.07 19:55:21.554,0.79475,0.79507,2.40,1.50
2013.05.07 19:55:21.609,0.79485,0.79507,1.13,1.50
2013.05.07 19:55:21.910,0.79488,0.795,1.13,1.13
2013.05.07 19:55:22.480,0.79488,0.79506,1.13,3.00
2013.05.07 19:55:23.870,0.79489,0.79503,1.13,1.50
2013.05.07 19:55:25.879,0.79489,0.79504,1.13,1.50
2013.05.07 19:55:26.390,0.79489,0.79506,1.13,1.50
2013.05.07 19:55:30.043,0.79489,0.79506,1.13,1.50
2013.05.07 19:55:32.793,0.79489,0.79506,1.13,1.50
2013.05.07 19:55:34.565,0.79489,0.79506,1.13,1.50
2013.05.07 19:55:35.656,0.79489,0.79506,1.13,1.50
2013.05.07 19:55:35.719,0.79489,0.79506,1.13,1.50
2013.05.07 19:55:36.323,0.79488,0.79503,1.13,1.50
2013.05.07 19:55:36.831,0.79488,0.79504,1.13,1.50
2013.05.07 19:55:37.019,0.79485,0.79504,1.50,1.50
2013.05.07 19:55:38.424,0.79481,0.79497,1.13,1.13
2013.05.07 19:55:39.350,0.79481,0.79497,1.13,1.13
2013.05.07 19:55:46.820,0.79481,0.79504,1.13,2.25
2013.05.07 19:55:49.232,0.79481,0.79501,1.13,1.13
2013.05.07 19:55:52.130,0.79481,0.795,1.13,1.13
2013.05.07 19:55:59.861,0.79487,0.79503,1.13,2.25
2013.05.07 19:56:02.794,0.79487,0.79504,1.13,2.25
2013.05.07 19:56:06.180,0.79485,0.79503,1.13,2.25
2013.05.07 19:56:06.299,0.79485,0.79501,1.13,2.25
2013.05.07 19:56:07.491,0.79485,0.79496,1.13,1.13
2013.05.07 19:56:09.270,0.79482,0.79496,1.13,1.13
2013.05.07 19:56:13.611,0.79482,0.79495,1.13,1.13
2013.05.07 19:56:13.789,0.79471,0.79495,2.03,1.13
2013.05.07 19:56:13.909,0.7947,0.79494,1.73,1.50
2013.05.07 19:56:16.148,0.79474,0.79494,2.10,1.50
2013.05.07 19:56:16.473,0.79474,0.79499,2.10,1.50
2013.05.07 19:56:16.759,0.79482,0.79494,1.13,1.13
2013.05.07 19:56:23.911,0.79482,0.79495,1.13,2.25
2013.05.07 19:56:24.931,0.79482,0.79495,1.13,2.25
2013.05.07 19:56:25.515,0.79482,0.79495,1.13,1.13
2013.05.07 19:56:34.569,0.79484,0.79499,1.13,1.13
2013.05.07 19:56:37.165,0.79485,0.79502,1.13,1.50
2013.05.07 19:56:37.561,0.79485,0.795,1.13,2.25
2013.05.07 19:56:38.160,0.79482,0.79495,1.13,1.50
2013.05.07 19:56:38.469,0.79485,0.79496,1.13,1.50
2013.05.07 19:56:38.590,0.79485,0.79493,1.13,1.13
2013.05.07 19:56:41.610,0.79485,0.79491,1.13,1.13
2013.05.07 19:56:52.147,0.79483,0.79494,1.13,2.25
2013.05.07 19:56:59.340,0.7948,0.79494,1.13,2.25
2013.05.07 19:57:02.770,0.79479,0.79489,1.13,1.13
2013.05.07 19:57:03.703,0.79479,0.79487,1.13,1.13
2013.05.07 19:57:18.134,0.79476,0.79486,1.13,1.13
2013.05.07 19:57:19.834,0.79476,0.79486,1.13,1.13
2013.05.07 19:57:19.899,0.79476,0.79492,1.13,3.00
2013.05.07 19:57:24.620,0.79476,0.7949,1.13,2.25
2013.05.07 19:57:24.762,0.79476,0.79489,1.13,1.13
2013.05.07 19:57:26.772,0.79476,0.79491,1.13,1.50
2013.05.07 19:57:31.047,0.79476,0.79492,1.13,1.13
2013.05.07 19:57:31.165,0.79475,0.79492,1.13,1.13
2013.05.07 19:57:32.470,0.79475,0.79492,1.13,1.13
2013.05.07 19:57:33.450,0.79473,0.79492,1.13,1.13
2013.05.07 19:57:34.060,0.79473,0.79492,1.13,1.13
2013.05.07 19:57:40.295,0.79473,0.79493,1.13,1.13
2013.05.07 19:57:45.271,0.79473,0.79493,1.13,1.13
2013.05.07 19:57:46.231,0.79473,0.79493,1.13,1.13
2013.05.07 19:57:47.031,0.79473,0.79493,1.13,1.13
2013.05.07 19:57:47.610,0.79473,0.79493,1.13,1.13
2013.05.07 19:57:49.940,0.79476,0.79493,1.13,1.13
2013.05.07 19:58:01.051,0.79477,0.79493,1.13,1.13
2013.05.07 19:58:01.609,0.79475,0.79493,1.13,1.13
2013.05.07 19:58:05.381,0.79475,0.79493,1.13,1.13
2013.05.07 19:58:08.255,0.79474,0.79493,1.13,1.13
2013.05.07 19:58:08.779,0.79474,0.79494,1.13,1.13
2013.05.07 19:58:09.310,0.79474,0.79494,1.13,1.13
2013.05.07 19:58:16.411,0.79474,0.79492,1.13,1.13
2013.05.07 19:58:17.450,0.79474,0.79495,1.13,1.13
2013.05.07 19:58:25.300,0.79474,0.79495,1.13,1.13
2013.05.07 19:58:41.570,0.79478,0.79494,1.13,1.88
2013.05.07 19:58:43.600,0.79477,0.79494,1.13,1.88
2013.05.07 19:58:46.892,0.79477,0.79496,1.13,1.13
2013.05.07 19:58:57.240,0.79476,0.79495,1.13,1.13
2013.05.07 19:59:00.700,0.79475,0.79495,1.13,1.13
2013.05.07 19:59:00.830,0.79474,0.79495,1.13,1.13
2013.05.07 19:59:01.502,0.79474,0.79489,1.13,1.13
2013.05.07 19:59:02.961,0.79472,0.79488,1.13,1.13
2013.05.07 19:59:05.780,0.79474,0.79489,1.13,1.13
2013.05.07 19:59:08.281,0.79472,0.7949,1.88,1.50
2013.05.07 19:59:13.059,0.79472,0.7949,2.25,1.50
2013.05.07 19:59:13.431,0.79472,0.7949,1.50,1.50
2013.05.07 19:59:13.490,0.79471,0.7949,1.13,2.25
2013.05.07 19:59:15.621,0.79472,0.7949,1.50,2.25
2013.05.07 19:59:15.800,0.7948,0.79496,1.13,1.50
2013.05.07 19:59:15.930,0.79479,0.79496,1.50,1.50
2013.05.07 19:59:15.993,0.79475,0.79494,1.13,1.50
2013.05.07 19:59:16.180,0.79475,0.79494,1.13,1.50
2013.05.07 19:59:16.240,0.79475,0.79503,1.13,1.13
2013.05.07 19:59:16.420,0.79475,0.79503,1.13,1.13
2013.05.07 19:59:17.910,0.79475,0.79503,1.13,1.13
2013.05.07 19:59:18.262,0.79475,0.79507,1.13,1.13
2013.05.07 19:59:21.793,0.79475,0.79508,1.13,1.50
2013.05.07 19:59:24.710,0.79475,0.79506,1.13,1.50
2013.05.07 19:59:24.981,0.79475,0.79506,1.13,1.50
2013.05.07 19:59:29.060,0.79475,0.79503,1.13,1.50
2013.05.07 19:59:29.618,0.79477,0.79503,2.63,1.50
2013.05.07 19:59:29.740,0.79477,0.79509,2.63,1.13
2013.05.07 19:59:29.859,0.79475,0.79509,2.78,1.13
2013.05.07 19:59:31.049,0.79477,0.79515,1.50,1.13
2013.05.07 19:59:31.661,0.79474,0.79512,1.13,1.13
2013.05.07 19:59:32.254,0.79477,0.79512,1.50,1.13
2013.05.07 19:59:32.585,0.79477,0.79512,1.50,1.13
2013.05.07 19:59:36.054,0.79477,0.79511,1.50,1.13
2013.05.07 19:59:37.654,0.79474,0.79511,2.55,1.13
2013.05.07 19:59:38.652,0.79475,0.79511,1.58,1.13
2013.05.07 19:59:40.771,0.79474,0.79511,1.13,1.13
2013.05.07 19:59:41.062,0.79475,0.79513,2.03,1.88
2013.05.07 19:59:43.153,0.79474,0.79513,1.13,1.50
2013.05.07 19:59:43.703,0.79474,0.79513,3.15,1.50
2013.05.07 19:59:44.481,0.79474,0.79513,3.90,1.50
2013.05.07 19:59:45.686,0.79474,0.79507,3.15,1.50
2013.05.07 19:59:45.750,0.79474,0.79507,1.13,1.50
2013.05.07 19:59:49.401,0.79474,0.79513,1.88,1.88
2013.05.07 19:59:49.900,0.79474,0.79513,2.78,1.88
2013.05.07 19:59:50.523,0.79474,0.7951,2.78,1.13
2013.05.07 19:59:51.539,0.79474,0.7951,1.13,1.13
2013.05.07 19:59:51.729,0.79474,0.7951,1.13,1.13
2013.05.07 19:59:51.980,0.79474,0.79505,1.13,1.50
2013.05.07 19:59:55.279,0.79474,0.79513,1.13,1.88
2013.05.07 19:59:56.548,0.79474,0.79513,1.13,1.88
2013.05.07 19:59:57.093,0.79474,0.79513,1.13,1.88
2013.05.07 19:59:57.973,0.79474,0.79513,1.13,1.88
2013.05.07 19:59:58.780,0.79474,0.79513,1.13,1.88
2013.05.07 19:59:59.271,0.79474,0.79513,1.13,1.88
