2016.11.25 04:00:00.327,0.71266,0.71286,1.12,1.00
2016.11.25 04:00:00.478,0.71263,0.71285,1.12,1.00
2016.11.25 04:00:00.629,0.71264,0.71287,1.00,1.50
2016.11.25 04:00:01.146,0.71264,0.71289,1.00,1.37
2016.11.25 04:00:01.613,0.71266,0.71291,1.00,1.87
2016.11.25 04:00:02.823,0.71267,0.7129,1.00,1.37
2016.11.25 04:00:03.919,0.71267,0.7129,1.00,1.00
2016.11.25 04:00:05.314,0.71269,0.71291,1.00,1.00
2016.11.25 04:00:05.466,0.71271,0.71296,1.00,1.50
2016.11.25 04:00:05.934,0.71271,0.71293,1.00,1.00
2016.11.25 04:00:06.035,0.71269,0.71293,1.00,1.00
2016.11.25 04:00:06.495,0.71271,0.71293,1.00,1.00
2016.11.25 04:00:06.798,0.71276,0.713,1.00,1.37
2016.11.25 04:00:06.848,0.71276,0.713,1.00,1.87
2016.11.25 04:00:07.059,0.71276,0.71302,1.12,1.37
2016.11.25 04:00:07.747,0.71277,0.71302,1.00,1.37
2016.11.25 04:00:08.252,0.71275,0.71301,1.37,1.87
2016.11.25 04:00:08.945,0.71277,0.71303,1.00,2.25
2016.11.25 04:00:09.354,0.71285,0.71305,1.00,2.25
2016.11.25 04:00:09.455,0.71289,0.71312,1.50,1.50
2016.11.25 04:00:09.556,0.71289,0.71314,1.50,1.12
2016.11.25 04:00:09.721,0.71287,0.71314,1.50,1.50
2016.11.25 04:00:09.918,0.71286,0.71313,2.62,1.87
2016.11.25 04:00:10.323,0.71291,0.71314,1.00,1.37
2016.11.25 04:00:10.374,0.71291,0.71314,1.00,1.37
2016.11.25 04:00:11.492,0.71289,0.71314,1.00,1.37
2016.11.25 04:00:12.660,0.71288,0.71314,1.12,3.75
2016.11.25 04:00:13.194,0.71287,0.71315,1.37,3.00
2016.11.25 04:00:14.824,0.71289,0.71315,1.00,3.00
2016.11.25 04:00:16.759,0.7129,0.71315,1.00,1.37
2016.11.25 04:00:16.812,0.71292,0.71315,1.00,1.37
2016.11.25 04:00:16.914,0.7129,0.71314,1.00,1.37
2016.11.25 04:00:17.699,0.71287,0.71313,1.37,1.87
2016.11.25 04:00:17.952,0.7129,0.71314,1.00,2.25
2016.11.25 04:00:18.973,0.71287,0.71313,1.37,1.87
2016.11.25 04:00:19.477,0.7129,0.71313,1.00,1.12
2016.11.25 04:00:20.514,0.71292,0.71313,1.00,1.12
2016.11.25 04:00:20.852,0.71291,0.71313,1.00,1.37
2016.11.25 04:00:21.563,0.71289,0.71314,1.00,1.50
2016.11.25 04:00:23.447,0.7129,0.71314,1.00,1.50
2016.11.25 04:00:24.488,0.71291,0.71314,1.00,3.00
2016.11.25 04:00:24.814,0.71289,0.71315,1.00,3.75
2016.11.25 04:00:24.865,0.71289,0.71313,1.00,1.00
2016.11.25 04:00:25.383,0.71289,0.71312,1.00,1.00
2016.11.25 04:00:25.934,0.71289,0.71314,1.00,2.25
2016.11.25 04:00:26.673,0.7129,0.71315,1.00,1.50
2016.11.25 04:00:27.087,0.71291,0.71317,1.00,3.00
2016.11.25 04:00:27.188,0.71291,0.71317,1.00,2.25
2016.11.25 04:00:27.708,0.7129,0.71316,1.00,1.37
2016.11.25 04:00:28.232,0.71291,0.71316,1.00,1.37
2016.11.25 04:00:29.001,0.71292,0.71317,1.00,3.75
2016.11.25 04:00:29.052,0.7129,0.71312,1.00,1.00
2016.11.25 04:00:29.154,0.71286,0.71312,1.37,1.00
2016.11.25 04:00:29.205,0.71287,0.7131,1.37,1.87
2016.11.25 04:00:29.508,0.71287,0.71312,1.37,1.00
2016.11.25 04:00:29.908,0.71292,0.71316,1.00,2.25
2016.11.25 04:00:30.010,0.71292,0.71318,1.00,2.25
2016.11.25 04:00:30.394,0.71294,0.71318,1.00,2.25
2016.11.25 04:00:31.397,0.71293,0.71318,1.00,1.37
2016.11.25 04:00:32.097,0.71291,0.71316,1.12,1.12
2016.11.25 04:00:32.198,0.7129,0.71316,1.00,3.00
2016.11.25 04:00:32.720,0.71289,0.71315,1.00,1.50
2016.11.25 04:00:33.402,0.71291,0.71314,1.00,1.37
2016.11.25 04:00:34.329,0.71292,0.71315,1.00,1.37
2016.11.25 04:00:37.010,0.71291,0.71315,1.00,1.37
2016.11.25 04:00:37.612,0.71293,0.71316,1.00,1.37
2016.11.25 04:00:37.814,0.71296,0.71318,1.00,1.12
2016.11.25 04:00:39.509,0.71297,0.7132,1.00,1.37
2016.11.25 04:00:39.661,0.71299,0.71319,1.00,1.37
2016.11.25 04:00:39.812,0.71299,0.7132,1.00,1.00
2016.11.25 04:00:40.364,0.71299,0.71323,1.00,2.25
2016.11.25 04:00:40.873,0.71298,0.71321,1.00,1.12
2016.11.25 04:00:42.156,0.71294,0.71319,2.25,1.00
2016.11.25 04:00:42.257,0.71294,0.71316,1.87,1.00
2016.11.25 04:00:42.560,0.71304,0.71323,1.00,1.37
2016.11.25 04:00:42.727,0.71304,0.71323,1.00,1.00
2016.11.25 04:00:42.778,0.71304,0.71327,1.00,1.37
2016.11.25 04:00:43.765,0.71303,0.71329,1.00,1.50
2016.11.25 04:00:43.916,0.71303,0.71329,1.50,1.50
2016.11.25 04:00:44.220,0.71303,0.71326,1.00,1.00
2016.11.25 04:00:46.125,0.71302,0.71326,1.87,1.00
2016.11.25 04:00:47.110,0.71302,0.71327,1.12,1.00
2016.11.25 04:00:51.022,0.713,0.71325,1.87,1.12
2016.11.25 04:00:51.324,0.71299,0.71322,1.00,1.37
2016.11.25 04:00:51.998,0.71297,0.71322,1.00,1.37
2016.11.25 04:00:54.226,0.71298,0.71323,1.00,1.50
2016.11.25 04:00:54.377,0.71301,0.71324,1.00,1.37
2016.11.25 04:00:54.528,0.71301,0.71326,1.00,1.50
2016.11.25 04:00:55.143,0.71302,0.71326,1.00,1.37
2016.11.25 04:00:56.529,0.71301,0.71327,1.00,1.50
2016.11.25 04:00:57.036,0.713,0.71324,1.00,1.12
2016.11.25 04:00:57.238,0.713,0.71324,1.00,2.25
2016.11.25 04:00:57.946,0.71299,0.71323,1.00,2.25
2016.11.25 04:00:59.037,0.713,0.71323,1.00,1.37
2016.11.25 04:01:00.079,0.71299,0.71323,1.00,1.37
2016.11.25 04:01:03.976,0.713,0.71325,1.00,2.25
2016.11.25 04:01:04.384,0.713,0.71325,1.00,1.50
2016.11.25 04:01:05.045,0.71301,0.71325,1.00,1.50
2016.11.25 04:01:08.304,0.71301,0.71324,1.00,1.00
2016.11.25 04:01:08.868,0.71301,0.71325,1.00,2.25
2016.11.25 04:01:09.466,0.71301,0.71325,1.00,1.50
2016.11.25 04:01:10.369,0.71301,0.71326,1.00,3.00
2016.11.25 04:01:10.883,0.71301,0.71324,1.00,1.00
2016.11.25 04:01:11.663,0.713,0.71323,1.00,1.87
2016.11.25 04:01:12.176,0.713,0.71323,1.00,2.25
2016.11.25 04:01:12.576,0.71299,0.71322,1.00,1.12
2016.11.25 04:01:13.443,0.71299,0.71323,1.00,1.50
2016.11.25 04:01:13.773,0.71299,0.71321,1.00,1.00
2016.11.25 04:01:13.925,0.71297,0.71323,1.00,3.00
2016.11.25 04:01:14.177,0.71295,0.71321,1.87,1.87
2016.11.25 04:01:14.679,0.71294,0.71319,1.00,2.25
2016.11.25 04:01:15.075,0.71291,0.71316,1.50,1.12
2016.11.25 04:01:15.416,0.7129,0.71314,1.00,1.37
2016.11.25 04:01:16.347,0.71289,0.71313,1.12,1.12
2016.11.25 04:01:16.954,0.71292,0.71314,1.00,1.00
2016.11.25 04:01:17.005,0.71292,0.71316,1.00,1.00
2016.11.25 04:01:17.555,0.71292,0.71315,1.00,1.00
2016.11.25 04:01:18.091,0.71291,0.71317,1.50,1.50
2016.11.25 04:01:18.791,0.71291,0.71315,1.00,1.00
2016.11.25 04:01:18.842,0.71288,0.71315,1.87,1.12
2016.11.25 04:01:18.892,0.71287,0.71311,1.37,1.00
2016.11.25 04:01:18.993,0.71287,0.71311,1.12,1.00
2016.11.25 04:01:19.517,0.71287,0.7131,1.12,1.00
2016.11.25 04:01:20.026,0.71286,0.71311,1.37,1.00
2016.11.25 04:01:21.027,0.71286,0.71311,1.00,1.37
2016.11.25 04:01:21.839,0.71287,0.71312,1.00,2.25
2016.11.25 04:01:22.331,0.71289,0.71311,1.00,1.50
2016.11.25 04:01:23.000,0.71287,0.71311,1.00,1.50
2016.11.25 04:01:29.739,0.71287,0.71312,1.00,1.12
2016.11.25 04:01:30.244,0.71288,0.71313,1.50,1.12
2016.11.25 04:01:30.778,0.71289,0.71314,1.00,1.37
2016.11.25 04:01:31.452,0.71288,0.71314,1.00,1.37
2016.11.25 04:01:31.962,0.71289,0.71312,1.00,1.00
2016.11.25 04:01:32.214,0.71289,0.71312,1.00,1.37
2016.11.25 04:01:34.474,0.71288,0.71314,1.00,1.87
2016.11.25 04:01:35.833,0.71289,0.71314,1.00,1.87
2016.11.25 04:01:37.257,0.71288,0.71314,1.00,2.25
2016.11.25 04:01:43.171,0.71294,0.71311,1.00,1.37
2016.11.25 04:01:43.222,0.71291,0.71314,1.00,1.37
2016.11.25 04:01:43.273,0.71297,0.71314,1.00,1.00
2016.11.25 04:01:43.418,0.71299,0.7132,1.00,1.12
2016.11.25 04:01:44.279,0.713,0.71323,1.00,2.62
2016.11.25 04:01:46.287,0.71298,0.71322,1.00,1.37
2016.11.25 04:01:47.684,0.71299,0.71322,1.00,1.87
2016.11.25 04:01:49.144,0.71297,0.7132,1.00,1.12
2016.11.25 04:01:51.297,0.71298,0.71321,1.00,1.37
2016.11.25 04:01:52.555,0.71298,0.71322,1.00,1.00
2016.11.25 04:01:52.706,0.71298,0.71324,1.00,3.00
2016.11.25 04:01:53.522,0.71298,0.71322,1.00,1.00
2016.11.25 04:01:54.317,0.71298,0.71321,1.00,1.00
2016.11.25 04:01:54.637,0.71298,0.71319,1.00,1.00
2016.11.25 04:01:55.302,0.71296,0.71319,1.00,1.00
2016.11.25 04:01:56.982,0.71296,0.7132,1.00,1.12
2016.11.25 04:01:57.514,0.71297,0.71319,1.00,1.00
2016.11.25 04:01:57.615,0.71295,0.71318,1.12,1.00
2016.11.25 04:01:58.151,0.71294,0.71317,1.00,1.87
2016.11.25 04:01:58.602,0.71292,0.71317,1.00,1.12
2016.11.25 04:01:59.165,0.71292,0.71315,1.00,1.00
2016.11.25 04:01:59.714,0.71292,0.71316,1.00,1.50
2016.11.25 04:02:00.460,0.71292,0.71317,1.00,2.62
2016.11.25 04:02:00.813,0.7129,0.71315,1.50,1.00
2016.11.25 04:02:01.332,0.7129,0.71314,1.87,1.12
2016.11.25 04:02:01.635,0.71292,0.71316,1.00,1.87
2016.11.25 04:02:02.361,0.71291,0.71316,1.00,1.87
2016.11.25 04:02:03.350,0.71292,0.71315,1.00,1.37
2016.11.25 04:02:06.736,0.71291,0.71315,1.00,1.37
2016.11.25 04:02:07.269,0.7129,0.71315,1.00,1.37
2016.11.25 04:02:08.039,0.71289,0.71314,1.00,1.12
2016.11.25 04:02:08.543,0.7129,0.71315,1.00,3.00
2016.11.25 04:02:10.046,0.71289,0.71314,1.50,1.87
2016.11.25 04:02:10.561,0.7129,0.71313,1.00,1.12
2016.11.25 04:02:11.109,0.71291,0.71314,1.00,1.12
2016.11.25 04:02:15.543,0.7129,0.71316,1.12,2.25
2016.11.25 04:02:15.845,0.71292,0.71315,1.00,1.37
2016.11.25 04:02:16.485,0.71292,0.71315,1.00,1.37
2016.11.25 04:02:16.986,0.71291,0.71317,1.50,3.00
2016.11.25 04:02:17.686,0.71291,0.71317,1.87,2.62
2016.11.25 04:02:18.837,0.7129,0.71316,1.00,2.62
2016.11.25 04:02:18.998,0.7129,0.71316,1.00,2.62
2016.11.25 04:02:19.539,0.71291,0.71314,1.00,1.37
2016.11.25 04:02:20.113,0.71292,0.71315,1.00,1.37
2016.11.25 04:02:22.812,0.71292,0.71316,1.37,1.37
2016.11.25 04:02:23.345,0.71292,0.71316,1.00,1.37
2016.11.25 04:02:25.564,0.71291,0.71316,1.00,1.37
2016.11.25 04:02:25.967,0.71289,0.71313,1.00,1.37
2016.11.25 04:02:26.692,0.71288,0.71313,1.50,1.37
2016.11.25 04:02:27.715,0.71288,0.71313,1.50,1.75
2016.11.25 04:02:29.283,0.71289,0.71313,1.00,1.37
2016.11.25 04:02:30.008,0.71288,0.71313,1.00,1.37
2016.11.25 04:02:30.468,0.71285,0.71311,1.50,1.75
2016.11.25 04:02:30.936,0.71284,0.71309,1.00,2.25
2016.11.25 04:02:31.467,0.71283,0.71307,1.00,1.37
2016.11.25 04:02:32.236,0.71284,0.71309,1.00,1.50
2016.11.25 04:02:32.745,0.71285,0.71311,1.00,2.62
2016.11.25 04:02:33.600,0.71286,0.7131,1.00,1.37
2016.11.25 04:02:35.822,0.71292,0.71311,1.00,2.25
2016.11.25 04:02:35.915,0.71291,0.71316,1.00,3.00
2016.11.25 04:02:36.016,0.71291,0.71318,1.00,2.25
2016.11.25 04:02:36.461,0.71291,0.71313,1.00,1.37
2016.11.25 04:02:36.816,0.71289,0.71313,1.00,1.37
2016.11.25 04:02:37.651,0.71289,0.71313,1.00,1.00
2016.11.25 04:02:37.802,0.71292,0.71313,1.00,1.00
2016.11.25 04:02:39.825,0.71292,0.71316,1.00,1.37
2016.11.25 04:02:42.210,0.71293,0.71316,1.00,2.25
2016.11.25 04:02:42.568,0.71291,0.71316,1.00,2.25
2016.11.25 04:02:42.669,0.71293,0.71316,1.00,1.50
2016.11.25 04:02:44.869,0.71291,0.71316,1.00,1.87
2016.11.25 04:02:45.431,0.71292,0.71315,1.00,1.12
2016.11.25 04:02:47.084,0.71291,0.71315,1.00,1.50
2016.11.25 04:02:47.185,0.71293,0.71315,1.00,1.50
2016.11.25 04:02:47.671,0.71291,0.71315,1.00,1.12
2016.11.25 04:02:48.209,0.71292,0.71315,1.00,1.87
2016.11.25 04:02:48.743,0.71293,0.71315,1.00,1.12
2016.11.25 04:02:50.768,0.71292,0.71316,1.00,2.25
2016.11.25 04:02:51.835,0.71292,0.71316,1.00,3.00
2016.11.25 04:02:52.547,0.71294,0.71319,1.00,3.00
2016.11.25 04:02:52.833,0.71291,0.71317,1.00,3.00
2016.11.25 04:02:53.615,0.7129,0.71315,1.00,1.00
2016.11.25 04:02:54.337,0.71291,0.71314,1.00,1.00
2016.11.25 04:02:55.087,0.71291,0.71315,1.50,1.00
2016.11.25 04:02:55.595,0.71292,0.71315,1.00,1.50
2016.11.25 04:02:56.348,0.71293,0.71315,1.00,1.00
2016.11.25 04:02:56.739,0.7129,0.71315,1.00,1.50
2016.11.25 04:02:56.790,0.7129,0.71313,1.00,1.00
2016.11.25 04:02:57.301,0.7129,0.71313,1.00,1.37
2016.11.25 04:02:58.383,0.71291,0.71315,1.00,1.87
2016.11.25 04:02:59.402,0.71289,0.71313,1.00,1.37
2016.11.25 04:03:00.309,0.71289,0.71314,1.00,1.87
2016.11.25 04:03:00.872,0.7129,0.71314,1.00,1.37
2016.11.25 04:03:01.068,0.71291,0.71314,1.00,1.37
2016.11.25 04:03:01.617,0.71292,0.71315,1.00,1.87
2016.11.25 04:03:03.136,0.7129,0.71313,1.12,1.37
2016.11.25 04:03:03.844,0.71289,0.7131,1.00,1.00
2016.11.25 04:03:04.063,0.71289,0.71312,1.00,1.12
2016.11.25 04:03:04.768,0.71289,0.71312,1.00,1.37
2016.11.25 04:03:05.677,0.7129,0.71313,1.00,1.37
2016.11.25 04:03:05.979,0.71292,0.71312,1.00,1.12
2016.11.25 04:03:06.030,0.71289,0.71312,1.00,1.12
2016.11.25 04:03:07.294,0.71291,0.71314,1.00,2.62
2016.11.25 04:03:09.303,0.71289,0.71312,1.00,1.12
2016.11.25 04:03:09.542,0.71289,0.71309,1.00,1.00
2016.11.25 04:03:09.661,0.71289,0.71312,1.00,1.12
2016.11.25 04:03:13.723,0.71288,0.71313,1.00,1.87
2016.11.25 04:03:17.322,0.71288,0.71311,1.00,1.00
2016.11.25 04:03:17.494,0.71287,0.7131,1.00,1.37
2016.11.25 04:03:20.803,0.71286,0.7131,1.00,1.50
2016.11.25 04:03:22.767,0.71288,0.7131,1.00,1.37
2016.11.25 04:03:23.770,0.71287,0.71311,1.00,1.87
2016.11.25 04:03:25.849,0.71286,0.71311,1.00,1.87
2016.11.25 04:03:31.840,0.71287,0.71311,1.00,1.87
2016.11.25 04:03:32.942,0.71288,0.71311,1.00,2.62
2016.11.25 04:03:33.718,0.71288,0.71311,1.00,2.62
2016.11.25 04:03:34.775,0.71289,0.71311,1.00,1.50
2016.11.25 04:03:39.528,0.71291,0.71311,1.00,1.37
2016.11.25 04:03:39.684,0.71291,0.71312,1.00,1.00
2016.11.25 04:03:39.785,0.71289,0.71311,1.00,1.00
2016.11.25 04:03:40.338,0.71289,0.7131,1.00,1.00
2016.11.25 04:03:40.489,0.71289,0.71312,1.00,1.12
2016.11.25 04:03:40.842,0.71287,0.71313,1.87,1.50
2016.11.25 04:03:41.382,0.71288,0.71313,1.00,1.50
2016.11.25 04:03:41.590,0.71288,0.71309,1.00,1.00
2016.11.25 04:03:41.842,0.71286,0.7131,1.00,1.12
2016.11.25 04:03:42.603,0.71285,0.71311,1.12,1.87
2016.11.25 04:03:42.754,0.71284,0.71308,1.37,1.00
2016.11.25 04:03:44.180,0.71285,0.71311,1.12,3.75
2016.11.25 04:03:44.482,0.71287,0.71311,1.00,1.50
2016.11.25 04:03:44.643,0.71284,0.71308,1.12,1.37
2016.11.25 04:03:44.949,0.71286,0.71307,1.00,1.12
2016.11.25 04:03:45.250,0.71288,0.71311,1.00,1.50
2016.11.25 04:03:46.140,0.71287,0.71311,1.00,1.50
2016.11.25 04:03:49.329,0.71286,0.71311,1.50,1.12
2016.11.25 04:03:49.530,0.71286,0.71309,1.00,1.00
2016.11.25 04:03:50.431,0.71287,0.71309,1.00,1.00
2016.11.25 04:03:51.183,0.71287,0.7131,1.00,1.50
2016.11.25 04:04:00.321,0.71286,0.7131,1.00,1.87
2016.11.25 04:04:00.422,0.71283,0.71308,1.00,2.62
2016.11.25 04:04:00.473,0.71283,0.71306,1.00,1.00
2016.11.25 04:04:02.404,0.71284,0.71308,1.00,1.37
2016.11.25 04:04:02.606,0.71288,0.71312,1.00,3.00
2016.11.25 04:04:03.227,0.71288,0.71311,1.00,1.12
2016.11.25 04:04:03.731,0.71287,0.7131,1.00,1.12
2016.11.25 04:04:05.887,0.71287,0.7131,1.00,1.37
2016.11.25 04:04:06.412,0.71287,0.7131,1.00,1.50
2016.11.25 04:04:07.193,0.71287,0.7131,1.00,1.87
2016.11.25 04:04:09.006,0.71287,0.7131,1.00,1.87
2016.11.25 04:04:09.520,0.71288,0.7131,1.00,1.00
2016.11.25 04:04:10.233,0.71288,0.71309,1.00,1.00
2016.11.25 04:04:10.932,0.71286,0.71309,1.00,1.00
2016.11.25 04:04:11.135,0.71283,0.71306,1.00,1.00
2016.11.25 04:04:11.452,0.71281,0.71304,1.00,1.37
2016.11.25 04:04:11.760,0.71285,0.71309,1.00,2.85
2016.11.25 04:04:12.306,0.71286,0.7131,1.00,2.62
2016.11.25 04:04:13.050,0.71283,0.71309,1.00,2.25
2016.11.25 04:04:13.587,0.71284,0.71309,1.00,1.50
2016.11.25 04:04:14.197,0.71285,0.7131,1.00,1.50
2016.11.25 04:04:15.266,0.71286,0.71311,1.00,3.00
2016.11.25 04:04:15.318,0.71284,0.71311,1.50,2.25
2016.11.25 04:04:15.469,0.71281,0.71304,1.50,1.00
2016.11.25 04:04:15.520,0.71281,0.71306,1.12,2.62
2016.11.25 04:04:15.823,0.71285,0.71307,1.00,1.00
2016.11.25 04:04:15.974,0.71287,0.71311,1.00,1.12
2016.11.25 04:04:20.370,0.71287,0.71311,1.00,1.50
2016.11.25 04:04:20.907,0.71287,0.71311,1.00,1.12
2016.11.25 04:04:21.008,0.7129,0.71313,1.00,2.25
2016.11.25 04:04:21.404,0.71287,0.71312,1.00,1.50
2016.11.25 04:04:29.373,0.71288,0.71311,1.00,1.12
2016.11.25 04:04:30.512,0.7129,0.71313,1.00,3.22
2016.11.25 04:04:31.616,0.71288,0.71312,1.00,1.37
2016.11.25 04:04:34.894,0.7129,0.71311,1.00,1.12
2016.11.25 04:04:36.127,0.7129,0.71309,1.00,1.00
2016.11.25 04:04:36.178,0.71287,0.71309,1.00,1.00
2016.11.25 04:04:37.104,0.71289,0.71309,1.00,1.00
2016.11.25 04:04:37.309,0.71289,0.71312,1.00,2.62
2016.11.25 04:04:40.710,0.71291,0.71313,1.00,1.37
2016.11.25 04:04:40.862,0.71291,0.71313,1.00,1.00
2016.11.25 04:04:41.384,0.71291,0.71314,1.00,1.12
2016.11.25 04:04:41.555,0.7129,0.71312,1.00,1.00
2016.11.25 04:04:41.606,0.71286,0.7131,1.37,1.50
2016.11.25 04:04:41.707,0.71285,0.71308,1.37,1.50
2016.11.25 04:04:41.758,0.71285,0.71307,1.00,1.00
2016.11.25 04:04:41.809,0.71283,0.71305,1.00,1.00
2016.11.25 04:04:42.111,0.71288,0.71306,1.00,1.00
2016.11.25 04:04:42.162,0.71288,0.71311,1.00,2.62
2016.11.25 04:04:42.213,0.7129,0.71311,1.00,1.12
2016.11.25 04:04:42.536,0.71293,0.71313,1.00,1.00
2016.11.25 04:04:46.647,0.71292,0.71313,1.00,1.00
2016.11.25 04:04:49.889,0.71293,0.71313,1.00,1.00
2016.11.25 04:04:49.990,0.71293,0.71315,1.00,1.87
2016.11.25 04:04:50.091,0.7129,0.71312,1.00,1.00
2016.11.25 04:04:50.143,0.71288,0.71312,1.50,1.00
2016.11.25 04:04:50.648,0.71288,0.71311,1.00,1.00
2016.11.25 04:04:51.896,0.71289,0.71313,1.00,1.37
2016.11.25 04:04:52.385,0.71291,0.71314,1.00,1.87
2016.11.25 04:04:52.999,0.71288,0.71313,1.00,1.37
2016.11.25 04:04:53.151,0.7129,0.71311,1.00,1.00
2016.11.25 04:04:53.738,0.7129,0.71314,1.00,2.62
2016.11.25 04:04:54.279,0.7129,0.71311,1.00,1.00
2016.11.25 04:04:55.008,0.7129,0.71314,1.00,1.87
2016.11.25 04:04:57.337,0.71292,0.71314,1.00,1.37
2016.11.25 04:04:57.388,0.7129,0.71314,1.00,1.37
2016.11.25 04:04:57.527,0.7129,0.71314,1.00,1.00
2016.11.25 04:04:58.059,0.7129,0.71315,1.00,1.50
2016.11.25 04:04:58.110,0.71293,0.71316,1.00,1.87
2016.11.25 04:04:58.472,0.71295,0.7132,1.00,3.00
2016.11.25 04:04:58.820,0.71293,0.71319,1.12,2.62
2016.11.25 04:04:59.941,0.71294,0.71317,1.00,1.00
2016.11.25 04:05:00.514,0.71291,0.71317,1.87,1.50
2016.11.25 04:05:00.615,0.7129,0.71315,1.37,1.50
2016.11.25 04:05:00.717,0.7129,0.71314,1.00,1.12
2016.11.25 04:05:01.516,0.71292,0.71315,1.00,3.75
2016.11.25 04:05:02.889,0.7129,0.71314,1.00,1.12
2016.11.25 04:05:04.576,0.7129,0.71313,1.00,1.00
2016.11.25 04:05:05.234,0.71289,0.71312,1.00,1.12
2016.11.25 04:05:05.709,0.71291,0.71314,1.00,1.87
2016.11.25 04:05:06.105,0.71293,0.71316,1.00,1.87
2016.11.25 04:05:06.305,0.71291,0.71315,1.00,1.37
2016.11.25 04:05:06.723,0.71289,0.71314,1.12,1.12
2016.11.25 04:05:06.774,0.71289,0.71312,1.12,1.00
2016.11.25 04:05:07.324,0.71289,0.71313,1.12,1.00
2016.11.25 04:05:10.384,0.71287,0.71312,1.37,1.00
2016.11.25 04:05:10.711,0.71282,0.71301,1.37,1.00
2016.11.25 04:05:10.762,0.71282,0.71301,1.00,1.00
2016.11.25 04:05:11.432,0.71282,0.71302,1.00,1.00
2016.11.25 04:05:11.784,0.71281,0.71304,1.00,1.00
2016.11.25 04:05:12.317,0.71282,0.71304,1.00,1.00
2016.11.25 04:05:15.762,0.71279,0.71303,1.00,1.12
2016.11.25 04:05:15.813,0.71277,0.713,1.37,1.00
2016.11.25 04:05:15.864,0.71274,0.71299,1.37,2.25
2016.11.25 04:05:16.028,0.71274,0.71296,1.00,1.00
2016.11.25 04:05:16.747,0.71274,0.71298,1.00,1.87
2016.11.25 04:05:25.717,0.71276,0.71298,1.00,1.12
2016.11.25 04:05:27.555,0.71274,0.71297,1.00,1.00
2016.11.25 04:05:27.763,0.71276,0.71298,1.00,1.12
2016.11.25 04:05:28.072,0.71275,0.71295,1.00,1.00
2016.11.25 04:05:28.173,0.71273,0.71297,1.00,1.00
2016.11.25 04:05:28.324,0.71276,0.71301,1.00,3.00
2016.11.25 04:05:28.654,0.71276,0.71301,1.00,1.50
2016.11.25 04:05:29.007,0.71278,0.713,1.00,1.00
2016.11.25 04:05:29.706,0.71278,0.71301,1.00,1.87
2016.11.25 04:05:30.227,0.71277,0.713,1.00,1.00
2016.11.25 04:05:30.731,0.71278,0.713,1.00,1.00
2016.11.25 04:05:31.374,0.71278,0.71301,1.00,1.87
2016.11.25 04:05:31.972,0.71279,0.71302,1.00,1.37
2016.11.25 04:05:33.641,0.71277,0.713,1.00,1.50
2016.11.25 04:05:33.821,0.71277,0.71297,1.00,1.00
2016.11.25 04:05:33.922,0.71276,0.71299,1.00,1.50
2016.11.25 04:05:34.424,0.71276,0.71298,1.00,1.00
2016.11.25 04:05:34.970,0.71276,0.71299,1.00,1.50
2016.11.25 04:05:35.617,0.71277,0.713,1.00,1.50
2016.11.25 04:05:37.051,0.71276,0.71299,1.00,1.50
2016.11.25 04:05:41.225,0.71276,0.71301,1.00,1.87
2016.11.25 04:05:44.420,0.71276,0.713,1.00,1.50
2016.11.25 04:05:45.484,0.71276,0.71299,1.00,1.00
2016.11.25 04:05:46.277,0.71276,0.71298,1.00,1.87
2016.11.25 04:05:49.889,0.71276,0.713,1.00,2.25
2016.11.25 04:05:50.382,0.71278,0.71297,1.00,1.00
2016.11.25 04:05:52.319,0.71278,0.71301,1.00,2.62
2016.11.25 04:05:54.301,0.71278,0.713,1.00,1.00
2016.11.25 04:05:56.112,0.71277,0.713,1.00,1.00
2016.11.25 04:05:56.849,0.71277,0.71299,1.00,1.00
2016.11.25 04:05:59.723,0.71277,0.713,1.00,1.00
2016.11.25 04:06:01.233,0.71276,0.71299,1.00,1.00
2016.11.25 04:06:01.377,0.71275,0.71296,1.00,1.00
2016.11.25 04:06:01.489,0.71275,0.71298,1.00,1.00
2016.11.25 04:06:01.951,0.71276,0.71301,1.00,1.87
2016.11.25 04:06:02.052,0.71278,0.71302,1.00,1.87
2016.11.25 04:06:02.355,0.71284,0.71308,1.00,1.37
2016.11.25 04:06:02.405,0.71284,0.71308,1.00,1.37
2016.11.25 04:06:02.609,0.71286,0.7131,1.00,2.62
2016.11.25 04:06:02.711,0.71286,0.71307,1.00,1.00
2016.11.25 04:06:03.264,0.71286,0.71308,1.00,1.00
2016.11.25 04:06:03.665,0.71288,0.7131,1.00,1.37
2016.11.25 04:06:03.817,0.71288,0.71312,1.00,1.00
2016.11.25 04:06:04.320,0.71287,0.71312,1.00,2.25
2016.11.25 04:06:04.484,0.71286,0.71309,1.12,1.00
2016.11.25 04:06:04.636,0.71287,0.71311,1.00,1.00
2016.11.25 04:06:04.737,0.71288,0.71313,1.00,1.12
2016.11.25 04:06:05.039,0.7129,0.71313,1.00,1.12
2016.11.25 04:06:06.218,0.7129,0.71312,1.00,1.00
2016.11.25 04:06:06.794,0.71289,0.7131,1.00,1.00
2016.11.25 04:06:06.895,0.71287,0.71309,1.00,1.00
2016.11.25 04:06:07.148,0.71283,0.71308,1.00,1.87
2016.11.25 04:06:07.306,0.71283,0.71304,1.00,1.00
2016.11.25 04:06:07.899,0.71285,0.71304,1.00,1.00
2016.11.25 04:06:09.053,0.71283,0.71304,1.00,1.00
2016.11.25 04:06:09.605,0.71282,0.71305,1.00,1.00
2016.11.25 04:06:10.145,0.71282,0.71304,1.00,1.00
2016.11.25 04:06:10.636,0.71281,0.71301,1.12,1.00
2016.11.25 04:06:11.205,0.71279,0.71301,1.00,1.00
2016.11.25 04:06:12.143,0.7128,0.71301,1.00,1.00
2016.11.25 04:06:13.266,0.7128,0.71302,1.00,1.00
2016.11.25 04:06:13.440,0.71282,0.71304,1.00,1.00
2016.11.25 04:06:14.177,0.71282,0.71303,1.00,1.00
2016.11.25 04:06:14.823,0.71283,0.71303,1.00,1.00
2016.11.25 04:06:16.870,0.71282,0.71303,1.00,1.00
2016.11.25 04:06:18.235,0.71281,0.71303,1.00,1.00
2016.11.25 04:06:20.153,0.71281,0.71305,1.00,1.12
2016.11.25 04:06:21.896,0.71282,0.71305,1.00,1.12
2016.11.25 04:06:22.441,0.71283,0.71307,1.00,1.50
2016.11.25 04:06:24.206,0.71284,0.71305,1.00,1.12
2016.11.25 04:06:24.357,0.71281,0.71304,1.00,1.00
2016.11.25 04:06:24.408,0.71279,0.71303,1.00,1.00
2016.11.25 04:06:24.560,0.71278,0.71301,1.12,2.25
2016.11.25 04:06:24.863,0.71276,0.71296,1.00,1.00
2016.11.25 04:06:25.123,0.71276,0.71298,1.00,1.00
2016.11.25 04:06:25.626,0.71276,0.71297,1.00,1.00
2016.11.25 04:06:25.929,0.71276,0.71301,1.00,1.87
2016.11.25 04:06:26.181,0.71277,0.71304,1.50,2.62
2016.11.25 04:06:26.321,0.71283,0.71304,1.00,1.37
2016.11.25 04:06:26.473,0.71283,0.71307,1.50,1.00
2016.11.25 04:06:26.624,0.71285,0.71309,1.00,1.87
2016.11.25 04:06:26.943,0.71284,0.71306,1.00,1.00
2016.11.25 04:06:27.447,0.71283,0.71306,1.00,1.87
2016.11.25 04:06:28.219,0.71284,0.71307,1.00,1.87
2016.11.25 04:06:28.371,0.71284,0.71308,1.00,1.50
2016.11.25 04:06:28.938,0.71284,0.71306,1.00,1.00
2016.11.25 04:06:28.989,0.71284,0.71308,1.00,1.50
2016.11.25 04:06:29.528,0.71284,0.71309,1.00,2.62
2016.11.25 04:06:29.855,0.71285,0.71307,1.00,1.00
2016.11.25 04:06:30.084,0.71283,0.71307,1.00,1.00
2016.11.25 04:06:30.655,0.71283,0.71306,1.00,1.12
2016.11.25 04:06:31.272,0.71282,0.71306,1.00,1.12
2016.11.25 04:06:31.802,0.71282,0.71305,1.00,1.00
2016.11.25 04:06:31.853,0.71282,0.71303,1.00,1.00
2016.11.25 04:06:33.122,0.71282,0.71304,1.00,1.00
2016.11.25 04:06:33.640,0.71281,0.71305,1.00,1.50
2016.11.25 04:06:34.143,0.71282,0.71305,1.00,1.00
2016.11.25 04:06:34.648,0.71283,0.71308,1.00,1.87
2016.11.25 04:06:35.235,0.71283,0.71305,1.00,1.00
2016.11.25 04:06:35.558,0.71282,0.71302,1.00,1.00
2016.11.25 04:06:35.760,0.71282,0.71304,1.00,1.00
2016.11.25 04:06:36.425,0.71284,0.71305,1.00,1.00
2016.11.25 04:06:37.190,0.71283,0.71305,1.00,1.00
2016.11.25 04:06:37.699,0.71282,0.71306,1.00,1.12
2016.11.25 04:06:38.545,0.71282,0.71305,1.00,1.00
2016.11.25 04:06:40.220,0.71282,0.71307,1.00,2.25
2016.11.25 04:06:40.723,0.7128,0.71304,1.37,1.00
2016.11.25 04:06:41.095,0.71281,0.71301,1.12,1.00
2016.11.25 04:06:41.196,0.71278,0.713,1.12,1.00
2016.11.25 04:06:41.398,0.71278,0.71298,1.00,1.00
2016.11.25 04:06:41.652,0.71278,0.71301,1.00,1.12
2016.11.25 04:06:42.113,0.71282,0.71304,1.00,1.12
2016.11.25 04:06:42.315,0.71285,0.71308,1.00,1.00
2016.11.25 04:06:42.506,0.71285,0.71311,1.87,1.50
2016.11.25 04:06:43.237,0.71285,0.7131,1.12,1.00
2016.11.25 04:06:43.288,0.71287,0.7131,1.00,1.00
2016.11.25 04:06:43.812,0.71287,0.71309,1.00,1.00
2016.11.25 04:06:44.114,0.71285,0.71308,1.12,1.00
2016.11.25 04:06:45.002,0.71285,0.71307,1.00,1.00
2016.11.25 04:06:45.103,0.71285,0.71305,1.00,1.00
2016.11.25 04:06:45.204,0.71284,0.71307,1.00,1.50
2016.11.25 04:06:45.355,0.71284,0.71305,1.00,1.00
2016.11.25 04:06:46.932,0.71282,0.71305,1.00,1.00
2016.11.25 04:06:47.033,0.71282,0.71303,1.00,1.00
2016.11.25 04:06:47.336,0.7128,0.71301,1.00,1.00
2016.11.25 04:06:47.499,0.7128,0.71304,1.00,1.87
2016.11.25 04:06:48.043,0.71281,0.71304,1.00,1.12
2016.11.25 04:06:50.306,0.71281,0.71305,1.00,1.00
2016.11.25 04:06:51.304,0.71281,0.71306,1.00,1.00
2016.11.25 04:06:51.355,0.71284,0.71306,1.00,1.50
2016.11.25 04:06:51.705,0.71282,0.71304,1.00,1.00
2016.11.25 04:06:53.995,0.71281,0.71304,1.00,1.50
2016.11.25 04:06:54.419,0.71281,0.71303,1.00,1.37
2016.11.25 04:06:55.034,0.71279,0.71304,1.00,1.87
2016.11.25 04:06:55.135,0.71279,0.713,1.00,1.00
2016.11.25 04:06:55.637,0.71279,0.71302,1.00,1.12
2016.11.25 04:06:56.232,0.7128,0.71302,1.00,1.12
2016.11.25 04:06:56.283,0.7128,0.71297,1.00,1.00
2016.11.25 04:06:56.610,0.71278,0.71295,1.00,1.00
2016.11.25 04:06:57.144,0.71278,0.71296,1.00,1.50
2016.11.25 04:06:57.667,0.71279,0.71295,1.00,1.00
2016.11.25 04:06:57.914,0.71277,0.71295,1.12,1.00
2016.11.25 04:06:58.116,0.71277,0.71293,1.00,1.00
2016.11.25 04:06:58.368,0.71277,0.71295,1.00,1.50
2016.11.25 04:06:58.419,0.71274,0.71292,1.00,1.00
2016.11.25 04:06:58.721,0.71272,0.71292,1.00,1.50
2016.11.25 04:06:58.923,0.71276,0.71293,1.00,1.00
2016.11.25 04:06:58.974,0.71273,0.71292,1.00,1.50
2016.11.25 04:06:59.501,0.71273,0.71291,1.00,1.00
2016.11.25 04:07:00.014,0.71272,0.71292,1.00,1.50
2016.11.25 04:07:00.116,0.71272,0.71288,1.00,1.00
2016.11.25 04:07:00.219,0.7127,0.71288,1.00,1.00
2016.11.25 04:07:00.270,0.71267,0.71288,1.37,1.00
2016.11.25 04:07:00.421,0.71265,0.71286,1.37,1.00
2016.11.25 04:07:00.472,0.71263,0.71284,1.50,1.00
2016.11.25 04:07:00.523,0.71262,0.7128,1.37,1.00
2016.11.25 04:07:00.573,0.71259,0.7128,1.00,1.00
2016.11.25 04:07:00.914,0.71261,0.71282,1.00,1.00
2016.11.25 04:07:01.216,0.71265,0.71285,1.00,1.87
2016.11.25 04:07:01.518,0.71265,0.71283,1.00,1.00
2016.11.25 04:07:01.823,0.71271,0.71289,1.00,1.37
2016.11.25 04:07:01.874,0.71271,0.71291,1.00,1.50
2016.11.25 04:07:02.025,0.71274,0.71292,1.00,1.00
2016.11.25 04:07:02.621,0.71273,0.71293,1.00,1.50
2016.11.25 04:07:03.053,0.71271,0.71293,1.12,1.50
2016.11.25 04:07:03.403,0.71273,0.71293,1.00,1.00
2016.11.25 04:07:03.977,0.71274,0.71293,1.00,1.00
2016.11.25 04:07:04.286,0.71272,0.71291,1.00,1.00
2016.11.25 04:07:04.539,0.7127,0.7129,1.00,1.00
2016.11.25 04:07:04.707,0.7127,0.71292,1.00,1.00
2016.11.25 04:07:04.758,0.7127,0.71286,1.00,1.00
2016.11.25 04:07:05.061,0.71265,0.71281,1.00,1.00
2016.11.25 04:07:05.401,0.71261,0.71275,1.00,1.00
2016.11.25 04:07:05.917,0.7126,0.71275,1.00,1.00
2016.11.25 04:07:06.236,0.71263,0.71276,1.00,1.00
2016.11.25 04:07:06.286,0.71261,0.71277,1.00,1.00
2016.11.25 04:07:06.387,0.71265,0.71278,1.00,1.00
2016.11.25 04:07:06.504,0.71261,0.71276,1.00,1.00
2016.11.25 04:07:06.664,0.71261,0.71276,1.37,1.00
2016.11.25 04:07:06.765,0.71261,0.71275,1.00,1.00
2016.11.25 04:07:07.297,0.7126,0.71275,1.12,1.00
2016.11.25 04:07:07.754,0.7126,0.71277,1.12,1.00
2016.11.25 04:07:07.906,0.71262,0.71279,1.00,1.00
2016.11.25 04:07:08.430,0.71262,0.71278,1.00,1.00
2016.11.25 04:07:08.754,0.71259,0.71275,1.00,1.00
2016.11.25 04:07:09.258,0.71258,0.71276,1.00,1.50
2016.11.25 04:07:10.045,0.71259,0.71276,1.00,2.25
2016.11.25 04:07:10.363,0.71259,0.71274,1.00,1.00
2016.11.25 04:07:10.615,0.71257,0.71274,1.50,1.00
2016.11.25 04:07:11.044,0.71259,0.71276,1.00,1.00
2016.11.25 04:07:11.567,0.71259,0.71275,1.00,1.00
2016.11.25 04:07:11.617,0.71258,0.71277,1.00,1.00
2016.11.25 04:07:12.025,0.71258,0.71275,1.00,1.00
2016.11.25 04:07:12.327,0.71251,0.71266,1.37,1.00
2016.11.25 04:07:12.378,0.71251,0.71266,1.00,1.00
2016.11.25 04:07:13.064,0.71251,0.71267,1.00,1.00
2016.11.25 04:07:13.152,0.71249,0.71267,1.00,1.00
2016.11.25 04:07:13.304,0.71248,0.71264,1.12,1.00
2016.11.25 04:07:14.972,0.71249,0.71264,1.00,1.00
2016.11.25 04:07:16.175,0.71251,0.71267,1.00,1.00
2016.11.25 04:07:16.225,0.71254,0.7127,1.00,1.00
2016.11.25 04:07:16.326,0.71255,0.71272,1.00,1.00
2016.11.25 04:07:16.856,0.71255,0.71272,1.37,1.00
2016.11.25 04:07:17.275,0.71258,0.71272,1.00,1.00
2016.11.25 04:07:19.025,0.71258,0.71273,1.00,1.00
2016.11.25 04:07:19.444,0.71255,0.71272,1.37,1.00
2016.11.25 04:07:21.343,0.71251,0.71268,1.37,1.00
2016.11.25 04:07:21.394,0.71249,0.71266,1.37,1.00
2016.11.25 04:07:21.489,0.71248,0.71263,1.00,1.00
2016.11.25 04:07:21.540,0.71246,0.71261,1.00,1.00
2016.11.25 04:07:22.164,0.71245,0.71262,1.00,1.00
2016.11.25 04:07:22.533,0.71246,0.71264,1.00,1.50
2016.11.25 04:07:22.841,0.71248,0.71264,1.00,1.00
2016.11.25 04:07:23.678,0.71248,0.71263,1.00,1.00
2016.11.25 04:07:24.236,0.71248,0.71262,1.00,1.00
2016.11.25 04:07:26.293,0.71246,0.71262,1.00,1.00
2016.11.25 04:07:26.827,0.71246,0.71263,1.00,1.00
2016.11.25 04:07:27.368,0.71245,0.71263,1.00,1.00
2016.11.25 04:07:27.421,0.71245,0.71261,1.00,1.00
2016.11.25 04:07:27.724,0.71243,0.7126,1.00,1.00
2016.11.25 04:07:28.511,0.71241,0.71258,1.00,1.00
2016.11.25 04:07:28.814,0.71236,0.71253,1.00,1.50
2016.11.25 04:07:30.586,0.71237,0.71253,1.00,1.00
2016.11.25 04:07:31.117,0.71238,0.71253,1.00,1.00
2016.11.25 04:07:31.168,0.71236,0.71253,1.00,1.00
2016.11.25 04:07:31.713,0.71235,0.71252,1.00,1.00
2016.11.25 04:07:37.497,0.71235,0.71253,1.00,1.50
2016.11.25 04:07:38.530,0.71235,0.71253,1.37,1.50
2016.11.25 04:07:38.581,0.71241,0.71255,1.00,1.00
2016.11.25 04:07:38.833,0.71253,0.71271,1.00,1.50
2016.11.25 04:07:39.085,0.71253,0.71269,1.00,1.50
2016.11.25 04:07:39.136,0.71251,0.71269,1.00,1.50
2016.11.25 04:07:39.540,0.71254,0.71271,1.00,1.00
2016.11.25 04:07:39.639,0.71251,0.71271,1.00,1.00
2016.11.25 04:07:39.803,0.71253,0.71268,1.00,1.00
2016.11.25 04:07:39.904,0.71254,0.71272,1.00,1.00
2016.11.25 04:07:40.106,0.71254,0.71274,1.00,1.00
2016.11.25 04:07:40.208,0.71254,0.71271,1.00,1.00
2016.11.25 04:07:40.308,0.71254,0.71273,1.00,1.00
2016.11.25 04:07:40.711,0.71253,0.71271,1.00,1.00
2016.11.25 04:07:41.262,0.71254,0.71271,1.00,1.00
2016.11.25 04:07:41.463,0.71251,0.71271,1.00,1.00
2016.11.25 04:07:41.976,0.71252,0.71272,1.00,1.00
2016.11.25 04:07:42.345,0.71248,0.71269,1.50,1.00
2016.11.25 04:07:42.667,0.71242,0.71263,1.37,1.00
2016.11.25 04:07:42.768,0.71238,0.71262,1.50,1.00
2016.11.25 04:07:42.869,0.71238,0.7126,1.12,1.50
2016.11.25 04:07:43.172,0.7124,0.7126,1.00,1.00
2016.11.25 04:07:43.713,0.7124,0.71261,1.00,1.00
2016.11.25 04:07:44.018,0.71239,0.71259,1.00,1.00
2016.11.25 04:07:44.370,0.71241,0.71257,1.00,1.00
2016.11.25 04:07:44.572,0.71241,0.71261,1.00,1.50
2016.11.25 04:07:45.583,0.71239,0.71261,1.00,1.00
2016.11.25 04:07:47.395,0.7124,0.71261,1.00,1.00
2016.11.25 04:07:48.223,0.7124,0.7126,1.00,1.00
2016.11.25 04:07:48.386,0.71241,0.71262,1.00,1.00
2016.11.25 04:07:48.588,0.71242,0.7126,1.00,1.00
2016.11.25 04:07:49.090,0.71242,0.71261,1.00,1.50
2016.11.25 04:07:49.784,0.71241,0.71261,1.00,1.00
2016.11.25 04:07:50.303,0.71242,0.71261,1.00,1.00
2016.11.25 04:07:50.844,0.71242,0.71262,1.00,1.00
2016.11.25 04:07:51.364,0.71241,0.71261,1.00,1.00
2016.11.25 04:07:52.148,0.71241,0.71262,1.00,1.00
2016.11.25 04:07:53.591,0.71241,0.7126,1.00,1.00
2016.11.25 04:07:54.113,0.7124,0.71262,1.37,1.50
2016.11.25 04:07:54.616,0.7124,0.71262,1.00,1.50
2016.11.25 04:07:54.767,0.71241,0.71259,1.00,1.00
2016.11.25 04:07:56.146,0.7124,0.71259,1.00,1.00
2016.11.25 04:07:56.763,0.71241,0.7126,1.00,1.00
2016.11.25 04:07:57.364,0.71241,0.71261,1.00,1.00
2016.11.25 04:07:57.722,0.71244,0.71262,1.00,1.00
2016.11.25 04:07:57.873,0.71246,0.71265,1.00,1.50
2016.11.25 04:07:58.014,0.71246,0.71268,1.00,1.00
2016.11.25 04:07:58.116,0.71246,0.71266,1.00,1.00
2016.11.25 04:07:58.217,0.71246,0.71268,1.00,1.00
2016.11.25 04:07:58.268,0.71246,0.71266,1.00,1.00
2016.11.25 04:07:58.772,0.71245,0.71266,1.00,1.00
2016.11.25 04:07:59.437,0.71245,0.71265,1.00,1.00
2016.11.25 04:07:59.940,0.71245,0.71264,1.00,1.00
2016.11.25 04:08:01.954,0.71244,0.71264,1.00,1.00
2016.11.25 04:08:02.944,0.71243,0.71264,1.00,1.00
2016.11.25 04:08:03.622,0.71244,0.71264,1.00,1.00
2016.11.25 04:08:03.925,0.71244,0.71262,1.00,1.00
2016.11.25 04:08:04.605,0.71242,0.71262,1.00,1.00
2016.11.25 04:08:04.938,0.71243,0.7126,1.00,1.00
2016.11.25 04:08:05.170,0.71232,0.71251,1.00,1.37
2016.11.25 04:08:05.322,0.71232,0.71246,1.00,1.00
2016.11.25 04:08:05.474,0.71232,0.71251,1.00,1.87
2016.11.25 04:08:05.987,0.71232,0.71251,1.00,1.00
2016.11.25 04:08:06.189,0.71234,0.71251,1.00,1.00
2016.11.25 04:08:08.812,0.71234,0.71254,1.00,1.37
2016.11.25 04:08:09.146,0.71238,0.71257,1.00,1.37
2016.11.25 04:08:09.197,0.71241,0.71257,1.00,1.00
2016.11.25 04:08:09.737,0.71241,0.71258,1.00,1.00
2016.11.25 04:08:12.278,0.7124,0.71257,1.00,1.00
2016.11.25 04:08:13.622,0.7124,0.71256,1.00,1.00
2016.11.25 04:08:14.265,0.7124,0.71257,1.00,1.00
2016.11.25 04:08:15.084,0.71241,0.71257,1.00,1.00
2016.11.25 04:08:17.943,0.71246,0.71256,1.00,1.00
2016.11.25 04:08:18.094,0.71249,0.71268,1.00,1.37
2016.11.25 04:08:18.877,0.71249,0.71268,1.00,1.00
2016.11.25 04:08:19.596,0.71249,0.71269,1.00,1.00
2016.11.25 04:08:22.582,0.71249,0.71268,1.00,1.00
2016.11.25 04:08:23.104,0.71248,0.71268,1.00,1.00
2016.11.25 04:08:25.187,0.71248,0.71269,1.00,1.00
2016.11.25 04:08:28.091,0.71248,0.71266,1.00,1.00
2016.11.25 04:08:28.841,0.71247,0.71266,1.00,1.00
2016.11.25 04:08:29.004,0.71245,0.71266,1.00,1.00
2016.11.25 04:08:29.105,0.71244,0.71264,1.00,1.00
2016.11.25 04:08:29.432,0.71244,0.7126,1.00,1.00
2016.11.25 04:08:29.841,0.71244,0.71262,1.00,1.00
2016.11.25 04:08:30.044,0.71247,0.71263,1.00,1.00
2016.11.25 04:08:30.538,0.71247,0.71265,1.00,1.00
2016.11.25 04:08:30.764,0.71243,0.71263,1.00,1.00
2016.11.25 04:08:30.916,0.71241,0.71259,1.00,1.00
2016.11.25 04:08:31.259,0.7124,0.71257,1.00,1.00
2016.11.25 04:08:32.097,0.71241,0.71257,1.00,1.00
2016.11.25 04:08:35.202,0.71241,0.71258,1.00,1.00
2016.11.25 04:08:35.738,0.7124,0.71259,1.00,1.00
2016.11.25 04:08:36.074,0.71242,0.71261,1.00,1.50
2016.11.25 04:08:36.498,0.71242,0.71256,1.00,1.00
2016.11.25 04:08:36.961,0.7124,0.71256,1.00,1.00
2016.11.25 04:08:38.033,0.7124,0.71255,1.00,1.00
2016.11.25 04:08:41.952,0.7124,0.71259,1.00,1.00
2016.11.25 04:08:43.409,0.71242,0.7126,1.00,1.50
2016.11.25 04:08:44.062,0.71242,0.71262,1.00,1.00
2016.11.25 04:08:44.253,0.71248,0.71267,1.00,1.87
2016.11.25 04:08:44.776,0.71246,0.71265,1.00,1.00
2016.11.25 04:08:45.779,0.71245,0.71265,1.00,1.00
2016.11.25 04:08:47.162,0.71246,0.71265,1.00,1.00
2016.11.25 04:08:49.055,0.71246,0.71266,1.00,1.00
2016.11.25 04:08:49.358,0.71249,0.71268,1.00,1.00
2016.11.25 04:08:49.509,0.7125,0.71271,1.00,1.50
2016.11.25 04:08:49.617,0.7125,0.71269,1.00,1.00
2016.11.25 04:08:50.041,0.7125,0.71266,1.00,1.00
2016.11.25 04:08:50.248,0.71248,0.71266,1.00,1.00
2016.11.25 04:08:50.949,0.71248,0.71269,1.00,1.00
2016.11.25 04:08:51.101,0.71248,0.71267,1.00,1.00
2016.11.25 04:08:51.648,0.71249,0.71267,1.00,1.00
2016.11.25 04:08:55.407,0.71248,0.71267,1.00,1.00
2016.11.25 04:08:56.473,0.7125,0.71267,1.00,1.00
2016.11.25 04:08:57.114,0.71248,0.71267,1.12,1.00
2016.11.25 04:08:57.315,0.71246,0.71263,1.00,1.00
2016.11.25 04:08:57.865,0.71245,0.71263,1.00,1.00
2016.11.25 04:08:58.391,0.71246,0.71263,1.00,1.00
2016.11.25 04:08:59.432,0.71245,0.71263,1.00,1.00
2016.11.25 04:08:59.585,0.71246,0.71265,1.00,1.00
2016.11.25 04:09:00.827,0.71247,0.71265,1.00,1.00
2016.11.25 04:09:00.928,0.71245,0.71263,1.00,1.00
2016.11.25 04:09:01.231,0.71246,0.71261,1.00,1.00
2016.11.25 04:09:02.009,0.71245,0.71261,1.00,1.00
2016.11.25 04:09:02.876,0.71246,0.71261,1.00,1.00
2016.11.25 04:09:03.178,0.71243,0.71261,1.00,1.00
2016.11.25 04:09:03.330,0.71239,0.71259,1.37,1.00
2016.11.25 04:09:03.381,0.71239,0.71259,1.00,1.00
2016.11.25 04:09:04.251,0.71237,0.71254,1.00,1.00
2016.11.25 04:09:04.562,0.71236,0.71257,1.00,1.50
2016.11.25 04:09:04.701,0.71238,0.71256,1.00,1.00
2016.11.25 04:09:04.853,0.71238,0.71258,1.00,1.00
2016.11.25 04:09:05.005,0.71237,0.71256,1.00,1.00
2016.11.25 04:09:05.642,0.71237,0.71253,1.00,1.00
2016.11.25 04:09:05.921,0.71237,0.71255,1.00,1.50
2016.11.25 04:09:08.133,0.71238,0.71255,1.00,1.00
2016.11.25 04:09:09.139,0.71237,0.71255,1.00,1.00
2016.11.25 04:09:09.777,0.71237,0.71256,1.00,1.50
2016.11.25 04:09:10.291,0.71236,0.71256,1.00,1.50
2016.11.25 04:09:10.392,0.71237,0.71254,1.00,1.00
2016.11.25 04:09:10.443,0.71237,0.71258,1.00,1.00
2016.11.25 04:09:10.993,0.71237,0.71257,1.00,1.00
2016.11.25 04:09:11.507,0.71236,0.71257,1.00,1.50
2016.11.25 04:09:11.608,0.71235,0.71253,1.00,1.00
2016.11.25 04:09:12.583,0.71235,0.71254,1.00,1.00
2016.11.25 04:09:13.533,0.71236,0.71254,1.00,1.00
2016.11.25 04:09:16.839,0.71235,0.71254,1.00,1.00
2016.11.25 04:09:17.143,0.71234,0.71251,1.00,1.00
2016.11.25 04:09:17.657,0.71233,0.71251,1.00,1.00
2016.11.25 04:09:18.425,0.71233,0.71252,1.00,1.00
2016.11.25 04:09:18.727,0.71236,0.7125,1.00,1.00
2016.11.25 04:09:19.428,0.71235,0.7125,1.00,1.00
2016.11.25 04:09:19.478,0.71235,0.71252,1.00,1.00
2016.11.25 04:09:19.730,0.71234,0.71254,1.00,1.00
2016.11.25 04:09:20.412,0.71234,0.71253,1.00,1.00
2016.11.25 04:09:38.748,0.71234,0.71254,1.00,1.00
2016.11.25 04:09:39.100,0.71236,0.71255,1.00,1.00
2016.11.25 04:09:39.151,0.71236,0.71257,1.00,1.00
2016.11.25 04:09:39.302,0.7124,0.71259,1.00,1.50
2016.11.25 04:09:39.747,0.71243,0.7126,1.00,1.12
2016.11.25 04:09:39.898,0.71243,0.71264,1.00,1.50
2016.11.25 04:09:44.655,0.71243,0.71261,1.00,1.00
2016.11.25 04:09:44.883,0.71243,0.71264,1.00,1.50
2016.11.25 04:09:45.056,0.71243,0.7126,1.00,1.00
2016.11.25 04:09:46.593,0.71243,0.71263,1.00,1.00
2016.11.25 04:09:46.694,0.71244,0.71261,1.00,1.00
2016.11.25 04:09:46.773,0.71244,0.71264,1.00,1.00
2016.11.25 04:09:47.311,0.71243,0.71264,1.00,1.50
2016.11.25 04:09:47.362,0.71243,0.71262,1.00,1.00
2016.11.25 04:09:47.665,0.71241,0.71258,1.00,1.00
2016.11.25 04:09:48.012,0.71241,0.71256,1.00,1.00
2016.11.25 04:09:48.163,0.71241,0.7126,1.00,1.00
2016.11.25 04:09:48.594,0.71241,0.71262,1.00,1.00
2016.11.25 04:09:49.164,0.71241,0.71261,1.00,1.00
2016.11.25 04:09:49.896,0.71241,0.7126,1.00,1.00
2016.11.25 04:09:53.551,0.71241,0.71258,1.00,1.00
2016.11.25 04:09:54.061,0.71242,0.71258,1.00,1.00
2016.11.25 04:09:54.320,0.71242,0.7126,1.00,1.00
2016.11.25 04:09:54.921,0.71241,0.7126,1.00,1.50
2016.11.25 04:09:55.354,0.7124,0.71257,1.00,1.00
2016.11.25 04:09:55.872,0.7124,0.71256,1.00,1.00
2016.11.25 04:09:56.053,0.71237,0.71256,1.00,1.00
2016.11.25 04:09:56.198,0.71237,0.71253,1.00,1.00
2016.11.25 04:09:56.486,0.71235,0.71253,1.00,1.00
2016.11.25 04:09:58.625,0.71235,0.71254,1.00,1.00
2016.11.25 04:10:01.784,0.71234,0.71254,1.00,1.00
2016.11.25 04:10:01.983,0.71239,0.71255,1.00,1.00
2016.11.25 04:10:02.084,0.71239,0.7126,1.00,1.37
2016.11.25 04:10:02.134,0.71241,0.7126,1.00,1.37
2016.11.25 04:10:02.285,0.71241,0.71261,1.00,1.87
2016.11.25 04:10:02.937,0.71243,0.71261,1.00,1.87
2016.11.25 04:10:03.511,0.71244,0.71261,1.00,1.12
2016.11.25 04:10:04.068,0.71243,0.7126,1.00,1.00
2016.11.25 04:10:04.783,0.71243,0.71264,1.00,1.37
2016.11.25 04:10:05.882,0.71243,0.71264,1.00,1.00
2016.11.25 04:10:07.838,0.71244,0.71264,1.00,1.00
2016.11.25 04:10:09.660,0.71243,0.71264,1.00,1.00
2016.11.25 04:10:11.666,0.71244,0.71264,1.00,1.00
2016.11.25 04:10:11.969,0.71246,0.71264,1.00,1.00
2016.11.25 04:10:13.935,0.71246,0.71265,1.00,1.87
2016.11.25 04:10:14.489,0.71246,0.71264,1.00,1.00
2016.11.25 04:10:15.300,0.71245,0.71264,1.00,1.00
2016.11.25 04:10:17.015,0.71245,0.71265,1.00,1.87
2016.11.25 04:10:18.308,0.71245,0.71264,1.00,1.00
2016.11.25 04:10:19.629,0.71246,0.71264,1.00,1.00
2016.11.25 04:10:20.148,0.71247,0.71265,1.00,1.00
2016.11.25 04:10:20.300,0.71243,0.71262,1.00,1.00
2016.11.25 04:10:20.451,0.71239,0.71261,1.00,1.00
2016.11.25 04:10:20.502,0.71239,0.71258,1.00,1.00
2016.11.25 04:10:21.201,0.7124,0.71258,1.00,1.00
2016.11.25 04:10:21.653,0.7124,0.7126,1.00,1.12
2016.11.25 04:10:22.620,0.7124,0.71259,1.00,1.00
2016.11.25 04:10:23.297,0.7124,0.71257,1.00,1.00
2016.11.25 04:10:23.449,0.71239,0.71259,1.00,1.50
2016.11.25 04:10:23.500,0.71241,0.71259,1.00,1.00
2016.11.25 04:10:23.803,0.71243,0.7126,1.00,1.50
2016.11.25 04:10:24.309,0.71242,0.7126,1.00,1.00
2016.11.25 04:10:24.860,0.71241,0.7126,1.00,1.00
2016.11.25 04:10:25.473,0.71243,0.71261,1.00,1.00
2016.11.25 04:10:25.574,0.71243,0.71264,1.00,1.50
2016.11.25 04:10:25.675,0.71243,0.7126,1.00,1.00
2016.11.25 04:10:26.191,0.71242,0.71261,1.00,1.00
2016.11.25 04:10:26.564,0.71242,0.71263,1.00,1.12
2016.11.25 04:10:26.838,0.71242,0.71261,1.00,1.00
2016.11.25 04:10:27.567,0.71242,0.7126,1.00,1.00
2016.11.25 04:10:28.131,0.71242,0.71261,1.00,1.00
2016.11.25 04:10:29.772,0.71242,0.7126,1.00,1.00
2016.11.25 04:10:29.976,0.71242,0.71263,1.00,1.12
2016.11.25 04:10:30.145,0.71242,0.71261,1.00,1.00
2016.11.25 04:10:30.380,0.71242,0.71264,1.00,1.87
2016.11.25 04:10:30.836,0.71242,0.71261,1.00,1.00
2016.11.25 04:10:30.937,0.71242,0.71264,1.00,1.87
2016.11.25 04:10:31.458,0.71242,0.71261,1.00,1.00
2016.11.25 04:10:31.851,0.71242,0.71264,1.00,1.87
2016.11.25 04:10:33.159,0.71242,0.7126,1.00,1.00
2016.11.25 04:10:34.343,0.71242,0.71261,1.00,1.00
2016.11.25 04:10:35.281,0.71242,0.71263,1.12,1.12
2016.11.25 04:10:35.661,0.71242,0.71261,1.00,1.00
2016.11.25 04:10:36.215,0.71242,0.71263,1.12,1.12
2016.11.25 04:10:36.365,0.71242,0.7126,1.00,1.00
2016.11.25 04:10:36.766,0.71242,0.71263,1.12,1.12
2016.11.25 04:10:37.167,0.71242,0.71261,1.12,1.00
2016.11.25 04:10:37.676,0.71243,0.71262,1.00,1.00
2016.11.25 04:10:38.564,0.71243,0.7126,1.00,1.00
2016.11.25 04:10:39.973,0.71243,0.71262,1.00,1.00
2016.11.25 04:10:40.475,0.71243,0.71261,1.00,1.00
2016.11.25 04:10:41.131,0.71242,0.71261,1.00,1.00
2016.11.25 04:10:41.182,0.71242,0.71263,1.00,1.12
2016.11.25 04:10:41.249,0.71242,0.71261,1.00,1.00
2016.11.25 04:10:41.800,0.71242,0.7126,1.00,1.00
2016.11.25 04:10:42.476,0.71242,0.71261,1.00,1.00
2016.11.25 04:10:43.082,0.71242,0.7126,1.00,1.00
2016.11.25 04:10:44.052,0.71242,0.71261,1.00,1.00
2016.11.25 04:10:45.053,0.71242,0.71263,1.00,1.12
2016.11.25 04:10:45.849,0.71242,0.71264,1.00,1.87
2016.11.25 04:10:45.900,0.71242,0.71261,1.00,1.00
2016.11.25 04:10:47.092,0.71242,0.71264,1.00,1.87
2016.11.25 04:10:47.611,0.71243,0.71264,1.00,1.87
2016.11.25 04:10:47.768,0.71243,0.71261,1.00,1.00
2016.11.25 04:10:48.483,0.71243,0.71263,1.00,1.00
2016.11.25 04:10:48.534,0.71243,0.71261,1.00,1.00
2016.11.25 04:10:49.077,0.71243,0.71262,1.00,1.00
2016.11.25 04:10:49.329,0.71243,0.71264,1.00,1.87
2016.11.25 04:10:49.379,0.71243,0.71262,1.00,1.00
2016.11.25 04:10:49.531,0.71244,0.71265,1.00,1.87
2016.11.25 04:10:53.124,0.71246,0.71264,1.00,1.12
2016.11.25 04:10:53.376,0.71243,0.71263,1.00,1.00
2016.11.25 04:10:53.477,0.71243,0.71261,1.00,1.00
2016.11.25 04:10:54.029,0.71243,0.7126,1.00,1.00
2016.11.25 04:10:54.628,0.71242,0.71261,1.00,1.00
2016.11.25 04:10:55.349,0.71243,0.71261,1.00,1.00
2016.11.25 04:10:56.721,0.71242,0.71261,1.00,1.50
2016.11.25 04:10:57.000,0.71244,0.71265,1.00,2.25
2016.11.25 04:10:57.209,0.71243,0.71263,1.00,1.00
2016.11.25 04:10:57.489,0.71244,0.71265,1.00,2.25
2016.11.25 04:10:59.671,0.71246,0.71266,1.00,1.50
2016.11.25 04:10:59.996,0.71248,0.71266,1.00,1.00
2016.11.25 04:11:02.433,0.71247,0.71266,1.00,1.00
2016.11.25 04:11:02.735,0.71247,0.71264,1.00,1.00
2016.11.25 04:11:02.786,0.71245,0.71264,1.00,1.00
2016.11.25 04:11:03.150,0.71247,0.71265,1.00,1.00
2016.11.25 04:11:03.200,0.71245,0.71265,1.00,1.00
2016.11.25 04:11:03.251,0.71245,0.71262,1.00,1.00
2016.11.25 04:11:03.554,0.71243,0.7126,1.00,1.00
2016.11.25 04:11:04.067,0.71244,0.71261,1.00,1.00
2016.11.25 04:11:05.262,0.71243,0.71261,1.00,1.00
2016.11.25 04:11:06.241,0.71243,0.7126,1.00,1.00
2016.11.25 04:11:08.210,0.71242,0.7126,1.00,1.00
2016.11.25 04:11:11.594,0.71242,0.71261,1.00,1.50
2016.11.25 04:11:12.123,0.71244,0.71261,1.00,1.50
2016.11.25 04:11:13.998,0.71244,0.7126,1.00,1.00
2016.11.25 04:11:15.454,0.71246,0.7126,1.00,1.00
2016.11.25 04:11:15.605,0.71246,0.71265,1.00,1.87
2016.11.25 04:11:15.919,0.71246,0.71261,1.00,1.00
2016.11.25 04:11:16.446,0.71246,0.71262,1.00,1.00
2016.11.25 04:11:17.340,0.71246,0.71265,1.00,1.87
2016.11.25 04:11:18.981,0.71246,0.71262,1.00,1.00
2016.11.25 04:11:19.320,0.71246,0.71264,1.00,1.00
2016.11.25 04:11:19.824,0.71247,0.71264,1.00,1.00
2016.11.25 04:11:19.975,0.71247,0.71266,1.00,1.50
2016.11.25 04:11:20.353,0.71249,0.71266,1.00,1.00
2016.11.25 04:11:20.555,0.71251,0.7127,1.00,1.00
2016.11.25 04:11:21.333,0.7125,0.7127,1.00,1.00
2016.11.25 04:11:21.808,0.7125,0.71266,1.00,1.00
2016.11.25 04:11:22.219,0.7125,0.7127,1.00,1.50
2016.11.25 04:11:22.513,0.7125,0.71266,1.00,1.00
2016.11.25 04:11:23.077,0.71249,0.71266,1.00,1.00
2016.11.25 04:11:25.835,0.71249,0.71265,1.00,1.00
2016.11.25 04:11:26.784,0.71248,0.71265,1.00,1.50
2016.11.25 04:11:27.360,0.71246,0.71265,1.12,1.00
2016.11.25 04:11:27.888,0.71245,0.71265,1.00,1.00
2016.11.25 04:11:28.292,0.7125,0.71265,1.00,1.00
2016.11.25 04:11:28.443,0.71251,0.71271,1.00,1.87
2016.11.25 04:11:28.579,0.71251,0.71271,1.00,1.50
2016.11.25 04:11:28.631,0.71251,0.71266,1.00,1.00
2016.11.25 04:11:28.847,0.71249,0.71266,1.00,1.00
2016.11.25 04:11:28.948,0.71249,0.71264,1.00,1.00
2016.11.25 04:11:29.150,0.71246,0.71264,1.00,1.00
2016.11.25 04:11:29.755,0.71246,0.71265,1.00,1.00
2016.11.25 04:11:30.521,0.71244,0.71263,1.12,1.00
2016.11.25 04:11:30.896,0.71243,0.7126,1.00,1.00
2016.11.25 04:11:31.787,0.71242,0.71261,1.00,1.50
2016.11.25 04:11:32.090,0.71237,0.71257,1.37,1.00
2016.11.25 04:11:32.342,0.71234,0.71254,1.00,1.00
2016.11.25 04:11:32.882,0.71234,0.71255,1.00,1.00
2016.11.25 04:11:33.255,0.71236,0.71255,1.00,1.00
2016.11.25 04:11:33.356,0.71236,0.71257,1.00,1.50
2016.11.25 04:11:33.456,0.71238,0.71256,1.00,1.50
2016.11.25 04:11:33.558,0.71238,0.71259,1.00,1.87
2016.11.25 04:11:33.860,0.7124,0.71255,1.00,1.50
2016.11.25 04:11:33.911,0.71238,0.71255,1.12,1.50
2016.11.25 04:11:34.446,0.71237,0.71256,1.00,1.00
2016.11.25 04:11:34.958,0.71237,0.71255,1.00,1.00
2016.11.25 04:11:35.059,0.71237,0.71257,1.00,1.00
2016.11.25 04:11:35.233,0.71237,0.71255,1.00,1.00
2016.11.25 04:11:35.546,0.71237,0.71257,1.00,1.00
2016.11.25 04:11:36.359,0.71237,0.71256,1.00,1.00
2016.11.25 04:11:36.877,0.71237,0.71257,1.00,1.00
2016.11.25 04:11:36.960,0.71237,0.71255,1.00,1.00
2016.11.25 04:11:37.253,0.71238,0.71258,1.00,1.00
2016.11.25 04:11:38.079,0.71238,0.71256,1.12,1.00
2016.11.25 04:11:38.367,0.71238,0.71258,1.00,1.00
2016.11.25 04:11:38.860,0.71238,0.71256,1.00,1.00
2016.11.25 04:11:39.241,0.71238,0.71258,1.00,1.00
2016.11.25 04:11:39.796,0.71237,0.71258,1.12,1.00
2016.11.25 04:11:40.292,0.71238,0.71256,1.00,1.00
2016.11.25 04:11:40.474,0.71238,0.7126,1.00,1.50
2016.11.25 04:11:40.526,0.71238,0.71258,1.00,1.00
2016.11.25 04:11:41.276,0.71239,0.71258,1.00,1.50
2016.11.25 04:11:42.280,0.71238,0.71258,1.00,1.00
2016.11.25 04:11:42.911,0.7124,0.71258,1.00,1.00
2016.11.25 04:11:43.649,0.7124,0.71256,1.00,1.00
2016.11.25 04:11:43.778,0.71237,0.71255,1.00,1.00
2016.11.25 04:11:43.930,0.71232,0.71252,1.50,1.00
2016.11.25 04:11:44.081,0.71231,0.71248,1.00,1.00
2016.11.25 04:11:44.397,0.71231,0.7125,1.00,1.00
2016.11.25 04:11:44.649,0.71229,0.71249,1.00,1.00
2016.11.25 04:11:45.641,0.7123,0.71249,1.00,1.00
2016.11.25 04:11:46.168,0.71229,0.71249,1.00,1.00
2016.11.25 04:11:46.764,0.7123,0.7125,1.00,1.50
2016.11.25 04:11:47.032,0.7123,0.71247,1.00,1.00
2016.11.25 04:11:47.370,0.71228,0.71245,1.00,1.00
2016.11.25 04:11:47.584,0.71228,0.71247,1.00,1.00
2016.11.25 04:11:48.311,0.71228,0.71246,1.00,1.00
2016.11.25 04:11:48.939,0.71228,0.71247,1.00,1.00
2016.11.25 04:11:49.537,0.71228,0.71246,1.00,1.00
2016.11.25 04:11:50.063,0.71228,0.71245,1.00,1.00
2016.11.25 04:11:50.164,0.7123,0.71245,1.00,1.00
2016.11.25 04:11:50.265,0.7123,0.71249,1.00,1.00
2016.11.25 04:11:50.839,0.7123,0.7125,1.00,1.00
2016.11.25 04:11:51.362,0.7123,0.71251,1.00,1.00
2016.11.25 04:11:52.085,0.7123,0.7125,1.00,1.00
2016.11.25 04:11:54.733,0.7123,0.71249,1.00,1.00
2016.11.25 04:11:54.784,0.71229,0.71246,1.00,1.00
2016.11.25 04:12:00.121,0.71229,0.71247,1.00,1.00
2016.11.25 04:12:01.473,0.71229,0.71246,1.00,1.00
2016.11.25 04:12:02.514,0.71228,0.71246,1.00,1.00
2016.11.25 04:12:03.275,0.71228,0.71245,1.00,1.00
2016.11.25 04:12:04.275,0.71228,0.71247,1.00,1.00
2016.11.25 04:12:04.676,0.71228,0.71245,1.00,1.00
2016.11.25 04:12:05.076,0.71228,0.71247,1.00,1.00
2016.11.25 04:12:05.377,0.71228,0.71245,1.00,1.00
2016.11.25 04:12:06.308,0.71228,0.71246,1.00,1.50
2016.11.25 04:12:06.871,0.71227,0.71245,1.00,1.00
2016.11.25 04:12:11.751,0.71228,0.71245,1.00,1.00
2016.11.25 04:12:11.802,0.71228,0.71247,1.00,1.00
2016.11.25 04:12:12.340,0.71228,0.71246,1.00,1.00
2016.11.25 04:12:12.953,0.71229,0.71246,1.00,1.00
2016.11.25 04:12:13.659,0.71228,0.71246,1.00,1.00
2016.11.25 04:12:15.244,0.71227,0.71246,1.00,1.00
2016.11.25 04:12:15.788,0.71228,0.71246,1.00,1.50
2016.11.25 04:12:20.311,0.71228,0.71245,1.00,1.00
2016.11.25 04:12:20.821,0.71228,0.71246,1.00,1.50
2016.11.25 04:12:22.427,0.7123,0.71246,1.00,1.00
2016.11.25 04:12:22.730,0.71232,0.71247,1.00,1.00
2016.11.25 04:12:22.894,0.71232,0.71249,1.00,1.00
2016.11.25 04:12:23.501,0.7123,0.71249,1.00,1.00
2016.11.25 04:12:23.701,0.7123,0.71246,1.00,1.00
2016.11.25 04:12:23.941,0.7123,0.71249,1.00,1.00
2016.11.25 04:12:24.703,0.7123,0.71246,1.00,1.00
2016.11.25 04:12:25.029,0.7123,0.71251,1.00,2.25
2016.11.25 04:12:25.231,0.71233,0.71251,1.00,1.00
2016.11.25 04:12:26.632,0.71233,0.7125,1.00,1.00
2016.11.25 04:12:27.035,0.71231,0.7125,1.00,1.00
2016.11.25 04:12:27.607,0.71231,0.71251,1.00,1.00
2016.11.25 04:12:29.709,0.71231,0.7125,1.00,1.00
2016.11.25 04:12:30.211,0.71231,0.71251,1.00,1.00
2016.11.25 04:12:30.811,0.71232,0.71251,1.00,1.00
2016.11.25 04:12:32.003,0.7123,0.71249,1.00,1.00
2016.11.25 04:12:32.756,0.71229,0.71248,1.00,1.00
2016.11.25 04:12:36.442,0.7123,0.71247,1.00,1.00
2016.11.25 04:12:40.164,0.7123,0.71249,1.00,1.00
2016.11.25 04:12:40.668,0.71231,0.7125,1.00,1.00
2016.11.25 04:12:41.140,0.71229,0.7125,1.00,2.25
2016.11.25 04:12:41.242,0.7123,0.71248,1.00,1.00
2016.11.25 04:12:41.344,0.7123,0.71251,1.00,1.50
2016.11.25 04:12:41.879,0.71235,0.71251,1.00,1.00
2016.11.25 04:12:42.181,0.71238,0.7125,1.00,1.00
2016.11.25 04:12:42.332,0.71238,0.71257,1.00,1.50
2016.11.25 04:12:42.864,0.71238,0.71255,1.00,1.00
2016.11.25 04:12:43.166,0.71235,0.71256,1.00,1.00
2016.11.25 04:12:43.698,0.71236,0.71256,1.00,1.00
2016.11.25 04:12:44.360,0.71236,0.71254,1.00,1.00
2016.11.25 04:12:47.115,0.71236,0.71255,1.00,1.00
2016.11.25 04:12:47.367,0.71233,0.71254,1.12,1.00
2016.11.25 04:12:47.697,0.71235,0.71254,1.00,1.00
2016.11.25 04:12:49.389,0.71236,0.71255,1.00,1.12
2016.11.25 04:12:50.148,0.71236,0.71256,1.00,1.50
2016.11.25 04:12:50.410,0.71234,0.71255,1.00,2.25
2016.11.25 04:12:51.352,0.71233,0.71254,1.00,1.00
2016.11.25 04:12:53.185,0.71236,0.71253,1.00,1.00
2016.11.25 04:12:53.236,0.71233,0.71253,1.00,1.00
2016.11.25 04:12:53.287,0.71236,0.71254,1.00,1.00
2016.11.25 04:12:53.424,0.71236,0.71256,1.00,1.87
2016.11.25 04:12:53.475,0.71238,0.71256,1.00,1.12
2016.11.25 04:12:53.677,0.71241,0.7126,1.00,1.00
2016.11.25 04:12:54.214,0.71241,0.71262,1.00,1.00
2016.11.25 04:12:54.791,0.71242,0.71262,1.00,1.00
2016.11.25 04:12:56.606,0.71241,0.71262,1.12,1.00
2016.11.25 04:12:56.786,0.71243,0.71262,1.00,1.00
2016.11.25 04:12:56.973,0.71246,0.71266,1.00,1.00
2016.11.25 04:12:57.074,0.71248,0.71268,1.00,1.87
2016.11.25 04:12:57.246,0.7125,0.71271,1.00,2.62
2016.11.25 04:12:57.640,0.71246,0.71269,1.12,1.00
2016.11.25 04:12:57.691,0.71244,0.71265,1.12,1.50
2016.11.25 04:12:57.993,0.71242,0.71262,1.00,1.50
2016.11.25 04:12:58.300,0.71241,0.71259,1.00,1.00
2016.11.25 04:12:58.531,0.71241,0.71261,1.00,1.00
2016.11.25 04:12:58.582,0.71243,0.71261,1.00,1.00
2016.11.25 04:12:59.164,0.71243,0.7126,1.00,1.00
2016.11.25 04:12:59.765,0.71242,0.71261,1.00,1.00
2016.11.25 04:13:00.279,0.71242,0.7126,1.00,1.00
2016.11.25 04:13:00.811,0.71241,0.7126,1.00,1.00
2016.11.25 04:13:01.369,0.71241,0.71261,1.00,1.00
2016.11.25 04:13:01.916,0.71241,0.7126,1.00,1.00
2016.11.25 04:13:04.174,0.71241,0.71256,1.00,1.00
2016.11.25 04:13:04.274,0.71241,0.7126,1.00,1.50
2016.11.25 04:13:04.844,0.7124,0.7126,1.00,2.25
2016.11.25 04:13:04.987,0.71245,0.7126,1.00,1.00
2016.11.25 04:13:05.089,0.71244,0.71263,1.00,1.00
2016.11.25 04:13:05.140,0.71244,0.71265,1.00,1.50
2016.11.25 04:13:05.242,0.71246,0.71265,1.00,1.00
2016.11.25 04:13:05.582,0.71246,0.7126,1.00,1.00
2016.11.25 04:13:05.677,0.71246,0.71265,1.00,1.50
2016.11.25 04:13:06.279,0.71248,0.71265,1.00,1.00
2016.11.25 04:13:06.680,0.71249,0.71267,1.00,1.00
2016.11.25 04:13:06.781,0.71249,0.71265,1.00,1.00
2016.11.25 04:13:06.832,0.71247,0.71265,1.00,1.00
2016.11.25 04:13:07.284,0.71246,0.7126,1.00,1.00
2016.11.25 04:13:07.354,0.71244,0.7126,1.00,1.00
2016.11.25 04:13:07.405,0.71246,0.71264,1.00,1.00
2016.11.25 04:13:07.456,0.71242,0.71261,1.37,1.00
2016.11.25 04:13:07.998,0.71242,0.71261,1.00,2.25
2016.11.25 04:13:08.100,0.7124,0.71261,1.00,2.25
2016.11.25 04:13:08.234,0.7124,0.71259,1.00,1.00
2016.11.25 04:13:08.452,0.7124,0.71261,1.00,1.50
2016.11.25 04:13:08.861,0.71239,0.71258,1.00,1.50
2016.11.25 04:13:09.200,0.71239,0.71255,1.00,1.00
2016.11.25 04:13:09.400,0.71239,0.7126,1.00,1.50
2016.11.25 04:13:09.557,0.71241,0.71261,1.00,2.25
2016.11.25 04:13:09.891,0.71245,0.71261,1.00,1.50
2016.11.25 04:13:09.992,0.71245,0.71264,1.00,1.50
2016.11.25 04:13:10.194,0.71246,0.71266,1.00,1.00
2016.11.25 04:13:10.396,0.71243,0.71264,1.00,1.00
2016.11.25 04:13:10.825,0.71241,0.71262,1.12,1.00
2016.11.25 04:13:10.969,0.71238,0.71261,1.12,2.25
2016.11.25 04:13:11.020,0.71238,0.71259,1.50,1.00
2016.11.25 04:13:11.344,0.71235,0.71255,1.00,1.50
2016.11.25 04:13:11.646,0.7123,0.71249,1.00,1.00
2016.11.25 04:13:11.697,0.71228,0.71249,1.00,1.00
2016.11.25 04:13:13.141,0.71231,0.71251,1.12,2.25
2016.11.25 04:13:13.450,0.71233,0.7125,1.00,1.50
2016.11.25 04:13:13.589,0.71231,0.7125,1.12,1.00
2016.11.25 04:13:14.095,0.71228,0.71249,1.00,1.00
2016.11.25 04:13:14.236,0.71227,0.71247,1.12,1.00
2016.11.25 04:13:14.775,0.71228,0.71248,1.00,1.00
2016.11.25 04:13:17.012,0.71229,0.71248,1.00,1.00
2016.11.25 04:13:18.258,0.7123,0.71249,1.00,1.00
2016.11.25 04:13:19.017,0.7123,0.7125,1.00,1.50
2016.11.25 04:13:21.887,0.7123,0.71248,1.00,1.00
2016.11.25 04:13:26.625,0.71231,0.71249,1.00,1.00
2016.11.25 04:13:29.054,0.71235,0.71249,1.00,1.00
2016.11.25 04:13:29.105,0.71235,0.71252,1.00,1.00
2016.11.25 04:13:29.206,0.71237,0.71254,1.00,1.50
2016.11.25 04:13:29.862,0.71235,0.71254,1.00,1.50
2016.11.25 04:13:30.615,0.71235,0.71253,1.00,1.00
2016.11.25 04:13:31.301,0.71233,0.71252,1.12,1.00
2016.11.25 04:13:31.721,0.71235,0.71251,1.00,1.00
2016.11.25 04:13:31.923,0.71235,0.71253,1.00,1.00
2016.11.25 04:13:33.476,0.71234,0.71253,1.00,1.00
2016.11.25 04:13:33.753,0.71232,0.71252,1.00,1.50
2016.11.25 04:13:34.104,0.71231,0.71248,1.00,1.50
2016.11.25 04:13:34.256,0.71228,0.71247,1.00,1.50
2016.11.25 04:13:42.011,0.71229,0.71247,1.00,1.00
2016.11.25 04:13:42.062,0.7123,0.7125,1.00,1.00
2016.11.25 04:13:42.304,0.71232,0.71249,1.00,1.00
2016.11.25 04:13:42.816,0.71232,0.71248,1.00,1.50
2016.11.25 04:13:46.436,0.7123,0.71248,1.00,1.00
2016.11.25 04:13:46.636,0.71231,0.7125,1.00,1.00
2016.11.25 04:13:46.891,0.71231,0.71248,1.00,1.00
2016.11.25 04:13:47.415,0.71231,0.71247,1.00,1.00
2016.11.25 04:13:49.660,0.71231,0.7125,1.00,1.50
2016.11.25 04:13:49.761,0.71232,0.71252,1.00,1.00
2016.11.25 04:13:49.913,0.71234,0.71253,1.00,2.25
2016.11.25 04:13:50.423,0.71235,0.71254,1.00,2.25
2016.11.25 04:13:51.177,0.71239,0.71256,1.00,1.00
2016.11.25 04:13:51.328,0.71243,0.71261,1.00,1.00
2016.11.25 04:13:51.888,0.71243,0.7126,1.00,1.00
2016.11.25 04:13:54.644,0.71243,0.71261,1.00,1.50
2016.11.25 04:13:55.352,0.71243,0.7126,1.00,1.00
2016.11.25 04:13:55.423,0.71241,0.7126,1.00,1.00
2016.11.25 04:13:55.725,0.71242,0.71258,1.00,1.00
2016.11.25 04:13:55.926,0.71242,0.71261,1.00,1.00
2016.11.25 04:13:56.098,0.71241,0.71259,1.00,1.00
2016.11.25 04:13:56.401,0.71235,0.71256,1.37,1.00
2016.11.25 04:13:56.502,0.71234,0.71256,1.00,1.50
2016.11.25 04:13:57.148,0.71236,0.71255,1.00,1.00
2016.11.25 04:13:58.049,0.71235,0.71256,1.00,1.50
2016.11.25 04:13:58.551,0.71236,0.71255,1.00,1.00
2016.11.25 04:13:59.052,0.71236,0.71254,1.00,1.00
2016.11.25 04:13:59.755,0.71236,0.71255,1.00,1.00
2016.11.25 04:14:00.392,0.71236,0.71256,1.00,1.50
2016.11.25 04:14:02.766,0.71237,0.71256,1.00,1.50
2016.11.25 04:14:02.917,0.71239,0.71259,1.00,1.00
2016.11.25 04:14:04.070,0.71242,0.71259,1.00,1.00
2016.11.25 04:14:07.235,0.71242,0.7126,1.00,1.00
2016.11.25 04:14:07.347,0.71239,0.7126,1.00,1.00
2016.11.25 04:14:07.863,0.7124,0.7126,1.00,1.50
2016.11.25 04:14:10.895,0.7124,0.71261,1.00,1.50
2016.11.25 04:14:11.693,0.7124,0.71262,1.00,2.25
2016.11.25 04:14:11.794,0.7124,0.71259,1.37,1.00
2016.11.25 04:14:11.996,0.71241,0.71261,1.00,1.50
2016.11.25 04:14:12.517,0.71241,0.7126,1.00,1.00
2016.11.25 04:14:13.170,0.71241,0.71261,1.00,1.50
2016.11.25 04:14:13.900,0.71242,0.71261,1.12,1.50
2016.11.25 04:14:14.101,0.71247,0.71263,1.00,1.00
2016.11.25 04:14:14.253,0.71247,0.71265,1.00,1.50
2016.11.25 04:14:14.774,0.71247,0.71266,1.00,1.00
2016.11.25 04:14:15.358,0.71247,0.71265,1.00,1.00
2016.11.25 04:14:15.685,0.71247,0.71268,1.00,1.50
2016.11.25 04:14:15.876,0.71247,0.71266,1.00,1.00
2016.11.25 04:14:16.597,0.71247,0.71267,1.00,1.00
2016.11.25 04:14:17.115,0.71247,0.71266,1.00,1.00
2016.11.25 04:14:17.668,0.71247,0.71265,1.00,1.00
2016.11.25 04:14:18.169,0.71247,0.71266,1.00,1.00
2016.11.25 04:14:19.123,0.71247,0.71265,1.00,1.00
2016.11.25 04:14:20.128,0.71247,0.71266,1.00,1.00
2016.11.25 04:14:22.732,0.71247,0.71261,1.12,1.00
2016.11.25 04:14:22.833,0.71244,0.71261,1.37,1.50
2016.11.25 04:14:22.984,0.71241,0.71258,1.00,1.00
2016.11.25 04:14:23.136,0.71241,0.71261,1.00,2.25
2016.11.25 04:14:23.402,0.71241,0.71256,1.00,1.00
2016.11.25 04:14:23.685,0.71241,0.71261,1.00,2.25
2016.11.25 04:14:23.736,0.71239,0.71261,1.00,3.00
2016.11.25 04:14:24.286,0.71239,0.7126,1.00,1.00
2016.11.25 04:14:24.595,0.71239,0.71256,1.00,1.00
2016.11.25 04:14:25.102,0.71239,0.71261,1.00,3.00
2016.11.25 04:14:25.338,0.71239,0.71259,1.00,1.00
2016.11.25 04:14:25.915,0.71239,0.7126,1.00,1.00
2016.11.25 04:14:26.423,0.71239,0.71259,1.00,1.00
2016.11.25 04:14:27.131,0.7124,0.71259,1.00,1.00
2016.11.25 04:14:28.415,0.7124,0.7126,1.00,1.00
2016.11.25 04:14:29.790,0.7124,0.71259,1.00,1.00
2016.11.25 04:14:29.993,0.71236,0.71256,1.00,1.50
2016.11.25 04:14:30.195,0.71238,0.71259,1.00,1.00
2016.11.25 04:14:30.909,0.71239,0.7126,1.00,1.00
2016.11.25 04:14:31.061,0.71242,0.71261,1.00,1.00
2016.11.25 04:14:31.614,0.71242,0.71262,1.00,1.50
2016.11.25 04:14:32.572,0.71242,0.71263,1.00,1.00
2016.11.25 04:14:32.883,0.71248,0.71266,1.00,1.00
2016.11.25 04:14:33.084,0.7125,0.71271,1.00,1.00
2016.11.25 04:14:33.191,0.71253,0.71272,1.00,1.00
2016.11.25 04:14:33.493,0.71252,0.7127,1.00,1.00
2016.11.25 04:14:33.649,0.71249,0.71268,1.12,1.00
2016.11.25 04:14:33.724,0.71249,0.71265,1.12,1.00
2016.11.25 04:14:34.093,0.71247,0.71265,1.00,1.00
2016.11.25 04:14:34.502,0.71246,0.71263,1.00,1.00
2016.11.25 04:14:34.703,0.71243,0.71263,1.00,1.00
2016.11.25 04:14:34.944,0.71244,0.71261,1.00,1.00
2016.11.25 04:14:35.453,0.71245,0.71261,1.00,1.00
2016.11.25 04:14:36.233,0.71245,0.7126,1.00,1.00
2016.11.25 04:14:36.435,0.71245,0.71264,1.00,1.00
2016.11.25 04:14:36.603,0.71245,0.7126,1.00,1.00
2016.11.25 04:14:36.809,0.71245,0.71264,1.00,1.00
2016.11.25 04:14:37.031,0.71245,0.7126,1.00,1.00
2016.11.25 04:14:37.711,0.71245,0.71264,1.00,1.00
2016.11.25 04:14:38.215,0.71245,0.71265,1.00,1.50
2016.11.25 04:14:39.708,0.71245,0.71266,1.00,1.00
2016.11.25 04:14:41.254,0.71245,0.71265,1.00,1.00
2016.11.25 04:14:42.161,0.71246,0.71265,1.00,1.00
2016.11.25 04:14:42.752,0.71246,0.71266,1.00,2.25
2016.11.25 04:14:45.864,0.71245,0.71266,1.00,1.00
2016.11.25 04:14:46.454,0.71245,0.71265,1.00,1.00
2016.11.25 04:14:47.115,0.71245,0.71266,1.00,1.00
2016.11.25 04:14:49.538,0.71246,0.71261,1.00,1.00
2016.11.25 04:14:49.776,0.71243,0.71261,1.00,1.50
2016.11.25 04:14:51.236,0.71243,0.7126,1.00,1.00
2016.11.25 04:14:57.191,0.71242,0.7126,1.12,1.00
2016.11.25 04:15:03.937,0.71242,0.71261,1.12,1.50
2016.11.25 04:15:04.633,0.71242,0.7126,1.12,1.00
2016.11.25 04:15:05.245,0.71242,0.71261,1.12,1.00
2016.11.25 04:15:06.247,0.71244,0.71261,1.00,1.00
2016.11.25 04:15:06.349,0.71246,0.71265,1.00,1.87
2016.11.25 04:15:06.400,0.71244,0.71265,1.00,1.87
2016.11.25 04:15:06.942,0.71244,0.71266,1.12,2.25
2016.11.25 04:15:08.346,0.71246,0.71266,1.00,2.25
2016.11.25 04:15:12.219,0.71247,0.71266,1.00,1.50
2016.11.25 04:15:13.409,0.71247,0.71265,1.00,1.00
2016.11.25 04:15:13.644,0.71245,0.71265,1.00,1.00
2016.11.25 04:15:13.745,0.71245,0.71261,1.00,1.00
2016.11.25 04:15:14.746,0.71245,0.71265,1.00,1.00
2016.11.25 04:15:14.797,0.71245,0.71263,1.00,1.00
2016.11.25 04:15:15.312,0.71244,0.71265,1.12,1.00
2016.11.25 04:15:15.799,0.71247,0.71266,1.00,1.50
2016.11.25 04:15:16.051,0.71248,0.71268,1.12,1.00
2016.11.25 04:15:16.205,0.71248,0.7127,1.12,1.50
2016.11.25 04:15:16.745,0.71248,0.71269,1.12,1.00
2016.11.25 04:15:17.290,0.71248,0.71268,1.12,1.50
2016.11.25 04:15:17.391,0.71248,0.71265,1.12,1.00
2016.11.25 04:15:17.940,0.71248,0.71266,1.12,1.00
2016.11.25 04:15:18.594,0.71248,0.71265,1.12,1.00
2016.11.25 04:15:19.278,0.71248,0.71266,1.12,1.00
2016.11.25 04:15:19.795,0.71248,0.71265,1.12,1.00
2016.11.25 04:15:20.332,0.71248,0.71266,1.12,1.00
2016.11.25 04:15:20.855,0.71248,0.71267,1.12,1.00
2016.11.25 04:15:21.456,0.71248,0.71266,1.12,1.00
2016.11.25 04:15:21.970,0.71248,0.71265,1.12,1.00
2016.11.25 04:15:22.553,0.71246,0.71265,1.00,1.00
2016.11.25 04:15:23.059,0.71246,0.71261,1.00,1.00
2016.11.25 04:15:23.160,0.71246,0.71264,1.00,1.00
2016.11.25 04:15:23.362,0.71246,0.71261,1.00,1.00
2016.11.25 04:15:23.671,0.71246,0.71264,1.00,1.00
2016.11.25 04:15:25.272,0.71247,0.71264,1.00,1.00
2016.11.25 04:15:26.036,0.71248,0.71266,1.00,1.00
2016.11.25 04:15:26.903,0.71248,0.71265,1.00,1.00
2016.11.25 04:15:27.535,0.71248,0.71266,1.00,1.00
2016.11.25 04:15:28.765,0.71248,0.71265,1.00,1.00
2016.11.25 04:15:30.009,0.71248,0.71266,1.00,1.00
2016.11.25 04:15:30.511,0.71249,0.71265,1.00,1.00
2016.11.25 04:15:31.371,0.71247,0.71265,1.12,1.00
2016.11.25 04:15:31.540,0.71249,0.71266,1.00,1.00
2016.11.25 04:15:31.893,0.7125,0.71268,1.00,1.00
2016.11.25 04:15:31.994,0.71249,0.71266,1.00,1.00
2016.11.25 04:15:32.272,0.71249,0.7127,1.00,1.00
2016.11.25 04:15:32.935,0.71249,0.71271,1.00,3.00
2016.11.25 04:15:33.475,0.71249,0.7127,1.00,1.00
2016.11.25 04:15:34.186,0.71249,0.71266,1.00,1.00
2016.11.25 04:15:34.287,0.71249,0.7127,1.00,1.50
2016.11.25 04:15:34.388,0.71248,0.71266,1.00,1.00
2016.11.25 04:15:35.126,0.71248,0.71267,1.00,1.00
2016.11.25 04:15:35.877,0.71248,0.71266,1.00,1.00
2016.11.25 04:15:36.578,0.71248,0.71267,1.00,1.00
2016.11.25 04:15:37.881,0.71248,0.71265,1.00,1.00
2016.11.25 04:15:38.191,0.71249,0.7127,1.00,1.50
2016.11.25 04:15:38.242,0.71252,0.7127,1.00,1.00
2016.11.25 04:15:38.756,0.71253,0.7127,1.00,1.00
2016.11.25 04:15:39.141,0.71256,0.71271,1.00,1.00
2016.11.25 04:15:39.191,0.71256,0.71274,1.00,1.00
2016.11.25 04:15:39.393,0.71256,0.71271,1.00,1.00
2016.11.25 04:15:39.595,0.71256,0.71274,1.00,1.00
2016.11.25 04:15:39.798,0.71256,0.7127,1.00,1.00
2016.11.25 04:15:40.320,0.71256,0.71274,1.00,1.00
2016.11.25 04:15:40.499,0.71256,0.71271,1.00,1.00
2016.11.25 04:15:40.746,0.71256,0.71274,1.00,1.00
2016.11.25 04:15:41.252,0.71256,0.71275,1.00,2.25
2016.11.25 04:15:43.689,0.71256,0.71271,1.00,1.00
2016.11.25 04:15:44.134,0.71256,0.71275,1.00,2.25
2016.11.25 04:15:44.790,0.71256,0.71271,1.00,1.00
2016.11.25 04:15:45.091,0.71256,0.71275,1.00,2.25
2016.11.25 04:15:45.292,0.71256,0.71271,1.00,1.00
2016.11.25 04:15:45.494,0.71256,0.71275,1.00,2.25
2016.11.25 04:15:45.719,0.71256,0.7127,1.00,1.00
2016.11.25 04:15:45.820,0.71256,0.71275,1.00,2.25
2016.11.25 04:15:45.992,0.71256,0.71271,1.00,1.00
2016.11.25 04:15:46.341,0.71256,0.71275,1.00,2.25
2016.11.25 04:15:46.892,0.71256,0.71271,1.00,1.00
2016.11.25 04:15:49.131,0.71256,0.71275,1.00,1.50
2016.11.25 04:15:49.526,0.71256,0.71271,1.00,1.00
2016.11.25 04:15:50.534,0.71256,0.71275,1.00,3.00
2016.11.25 04:15:51.016,0.71256,0.71271,1.00,1.00
2016.11.25 04:15:51.830,0.71257,0.71271,1.00,1.00
2016.11.25 04:15:51.931,0.71257,0.71276,1.00,1.50
2016.11.25 04:15:52.133,0.71257,0.71271,1.00,1.00
2016.11.25 04:15:52.235,0.71257,0.71276,1.37,1.00
2016.11.25 04:15:52.794,0.71259,0.71276,1.00,1.00
2016.11.25 04:15:53.382,0.71258,0.71275,1.12,1.00
2016.11.25 04:15:53.910,0.71258,0.71276,1.12,1.00
2016.11.25 04:15:54.608,0.71258,0.71275,1.12,1.00
2016.11.25 04:15:55.298,0.7126,0.71275,1.00,1.00
2016.11.25 04:15:55.802,0.71257,0.71276,1.00,1.00
2016.11.25 04:15:55.853,0.71257,0.71278,1.00,1.00
2016.11.25 04:15:56.007,0.71257,0.71275,1.00,1.00
2016.11.25 04:15:56.245,0.71259,0.71278,1.00,1.00
2016.11.25 04:15:56.448,0.71259,0.71276,1.00,1.00
2016.11.25 04:15:56.619,0.71259,0.7128,1.00,1.50
2016.11.25 04:15:56.770,0.71257,0.71278,1.00,1.00
2016.11.25 04:15:57.108,0.7126,0.71276,1.00,1.50
2016.11.25 04:15:58.148,0.71259,0.71276,1.00,1.50
2016.11.25 04:15:58.675,0.71259,0.71277,1.00,1.00
2016.11.25 04:15:58.977,0.71261,0.71276,1.00,1.00
2016.11.25 04:15:59.166,0.71261,0.7128,1.00,1.00
2016.11.25 04:15:59.318,0.71261,0.71276,1.00,1.00
2016.11.25 04:15:59.419,0.71261,0.7128,1.00,1.50
2016.11.25 04:15:59.943,0.71262,0.71281,1.00,1.00
2016.11.25 04:16:00.477,0.7126,0.71281,1.00,3.00
2016.11.25 04:16:00.528,0.71259,0.71276,1.00,1.00
2016.11.25 04:16:01.046,0.71259,0.71275,1.00,1.00
2016.11.25 04:16:01.349,0.71251,0.7127,1.37,1.00
2016.11.25 04:16:01.450,0.71245,0.71265,2.25,1.00
2016.11.25 04:16:01.703,0.71241,0.71261,1.12,1.50
2016.11.25 04:16:01.753,0.71241,0.71259,1.12,1.00
2016.11.25 04:16:02.271,0.71241,0.71258,1.00,1.00
2016.11.25 04:16:02.772,0.7124,0.71258,1.00,1.00
2016.11.25 04:16:03.356,0.71239,0.71258,1.00,1.00
2016.11.25 04:16:03.540,0.71239,0.7126,1.00,2.25
2016.11.25 04:16:03.590,0.71239,0.71256,1.00,1.00
2016.11.25 04:16:04.093,0.71238,0.71256,1.00,1.00
2016.11.25 04:16:04.687,0.71238,0.71255,1.00,1.00
2016.11.25 04:16:05.197,0.71238,0.71256,1.00,1.00
2016.11.25 04:16:05.728,0.71238,0.71255,1.00,1.00
2016.11.25 04:16:06.718,0.71238,0.71256,1.00,1.00
2016.11.25 04:16:06.870,0.7124,0.71259,1.00,1.00
2016.11.25 04:16:07.071,0.7124,0.71255,1.00,1.00
2016.11.25 04:16:07.273,0.71242,0.7126,1.00,1.00
2016.11.25 04:16:07.785,0.71243,0.71261,1.00,1.50
2016.11.25 04:16:07.950,0.71243,0.71259,1.00,1.00
2016.11.25 04:16:08.174,0.71243,0.71261,1.00,2.25
2016.11.25 04:16:08.783,0.71242,0.71261,1.00,2.25
2016.11.25 04:16:09.464,0.71242,0.7126,1.00,1.00
2016.11.25 04:16:09.995,0.71242,0.71261,1.00,2.25
2016.11.25 04:16:10.417,0.71242,0.71259,1.00,1.00
2016.11.25 04:16:10.719,0.7124,0.71256,1.37,1.00
2016.11.25 04:16:10.870,0.7124,0.71259,1.00,1.50
2016.11.25 04:16:11.442,0.7124,0.71255,1.00,1.00
2016.11.25 04:16:11.976,0.71239,0.71255,1.00,1.00
2016.11.25 04:16:12.113,0.71239,0.71259,1.00,1.00
2016.11.25 04:16:12.643,0.7124,0.71259,1.00,1.00
2016.11.25 04:16:13.208,0.71241,0.71259,1.00,1.00
2016.11.25 04:16:13.732,0.71241,0.7126,1.00,1.00
2016.11.25 04:16:14.496,0.71244,0.7126,1.00,1.00
2016.11.25 04:16:14.546,0.71244,0.71263,1.00,1.50
2016.11.25 04:16:14.597,0.71244,0.71265,1.00,2.25
2016.11.25 04:16:14.719,0.71246,0.71267,1.00,1.87
2016.11.25 04:16:15.247,0.71247,0.71266,1.00,1.00
2016.11.25 04:16:16.391,0.71247,0.71265,1.00,1.00
2016.11.25 04:16:17.349,0.71247,0.71266,1.00,1.00
2016.11.25 04:16:19.556,0.71247,0.71265,1.00,1.00
2016.11.25 04:16:21.098,0.71247,0.71266,1.00,1.00
2016.11.25 04:16:21.855,0.71247,0.71265,1.00,1.00
2016.11.25 04:16:22.406,0.71247,0.71266,1.00,1.00
2016.11.25 04:16:23.657,0.71247,0.71265,1.00,1.00
2016.11.25 04:16:24.205,0.71248,0.71268,1.00,1.00
2016.11.25 04:16:24.709,0.71248,0.71269,1.00,1.00
2016.11.25 04:16:25.073,0.71254,0.7127,1.00,1.00
2016.11.25 04:16:25.175,0.71254,0.71272,1.00,1.00
2016.11.25 04:16:25.226,0.71257,0.71275,1.00,1.87
2016.11.25 04:16:25.327,0.71257,0.71277,1.00,1.50
2016.11.25 04:16:25.479,0.71257,0.71275,1.00,1.00
2016.11.25 04:16:25.997,0.71255,0.71274,1.37,1.00
2016.11.25 04:16:26.199,0.71251,0.71271,1.00,1.50
2016.11.25 04:16:26.714,0.71251,0.7127,1.00,1.50
2016.11.25 04:16:27.314,0.7125,0.71271,1.12,2.25
2016.11.25 04:16:27.819,0.71251,0.71271,1.00,1.50
2016.11.25 04:16:27.920,0.7125,0.71269,1.12,1.00
2016.11.25 04:16:28.265,0.71248,0.71265,1.00,1.00
2016.11.25 04:16:29.382,0.71248,0.71269,1.00,1.00
2016.11.25 04:16:29.437,0.71249,0.71266,1.00,1.00
2016.11.25 04:16:29.488,0.71251,0.7127,1.00,1.00
2016.11.25 04:16:29.588,0.71249,0.71268,1.00,1.00
2016.11.25 04:16:29.917,0.71252,0.7127,1.00,1.00
2016.11.25 04:16:30.423,0.71252,0.71271,1.00,1.00
2016.11.25 04:16:30.474,0.71252,0.71273,1.00,1.00
2016.11.25 04:16:30.525,0.71252,0.7127,1.00,1.00
2016.11.25 04:16:30.828,0.71249,0.71265,1.00,1.00
2016.11.25 04:16:30.879,0.71249,0.71267,1.00,1.00
2016.11.25 04:16:31.015,0.71247,0.71265,1.00,1.00
2016.11.25 04:16:31.318,0.71245,0.71265,1.12,1.00
2016.11.25 04:16:31.419,0.71243,0.71264,1.37,1.00
2016.11.25 04:16:31.520,0.71243,0.71264,1.50,1.00
2016.11.25 04:16:32.048,0.71243,0.71265,1.12,1.50
2016.11.25 04:16:32.200,0.71243,0.71262,1.12,1.00
2016.11.25 04:16:32.401,0.71241,0.71261,1.00,1.00
2016.11.25 04:16:32.939,0.7124,0.7126,1.12,1.00
2016.11.25 04:16:33.040,0.71239,0.71257,1.37,1.00
2016.11.25 04:16:33.091,0.71237,0.71257,1.50,1.00
2016.11.25 04:16:33.192,0.71235,0.71254,1.00,1.00
2016.11.25 04:16:33.344,0.71231,0.71251,1.12,2.25
2016.11.25 04:16:33.395,0.71231,0.71249,1.12,1.00
2016.11.25 04:16:33.496,0.71229,0.71249,1.00,1.50
2016.11.25 04:16:34.080,0.71229,0.71246,1.00,1.00
2016.11.25 04:16:34.581,0.71229,0.71249,1.00,1.50
2016.11.25 04:16:36.467,0.7123,0.71249,1.00,1.00
2016.11.25 04:16:42.895,0.71231,0.7125,1.00,1.00
2016.11.25 04:16:43.447,0.71232,0.7125,1.00,1.00
2016.11.25 04:16:43.951,0.71233,0.7125,1.00,1.00
2016.11.25 04:16:44.257,0.71234,0.71253,1.00,1.00
2016.11.25 04:16:49.532,0.71234,0.71252,1.00,1.00
2016.11.25 04:16:57.323,0.71234,0.71253,1.00,1.00
2016.11.25 04:16:57.917,0.71233,0.71253,1.00,1.00
2016.11.25 04:17:06.047,0.71234,0.71254,1.00,1.00
2016.11.25 04:17:06.626,0.71235,0.71254,1.00,1.00
2016.11.25 04:17:08.681,0.71236,0.71255,1.00,1.50
2016.11.25 04:17:12.152,0.71235,0.71255,1.00,2.25
2016.11.25 04:17:17.131,0.71237,0.71256,1.00,2.25
2016.11.25 04:17:17.747,0.71237,0.71255,1.00,1.00
2016.11.25 04:17:18.264,0.71237,0.71256,1.00,2.25
2016.11.25 04:17:18.720,0.71235,0.71256,1.00,2.25
2016.11.25 04:17:18.771,0.71235,0.71254,1.00,1.00
2016.11.25 04:17:19.312,0.71235,0.71255,1.00,1.00
2016.11.25 04:17:19.750,0.71234,0.71252,1.00,1.00
2016.11.25 04:17:33.185,0.71233,0.71252,1.00,1.00
2016.11.25 04:17:33.987,0.71233,0.7125,1.00,1.00
2016.11.25 04:17:34.152,0.71233,0.71252,1.00,1.00
2016.11.25 04:17:34.253,0.71234,0.71254,1.00,1.00
2016.11.25 04:17:35.114,0.71234,0.71253,1.00,1.00
2016.11.25 04:17:35.995,0.71234,0.71254,1.00,1.50
2016.11.25 04:17:37.557,0.71236,0.71255,1.00,2.25
2016.11.25 04:17:42.523,0.71235,0.71255,1.00,1.00
2016.11.25 04:17:50.142,0.71235,0.71256,1.00,1.50
2016.11.25 04:17:50.479,0.71237,0.71255,1.00,1.50
2016.11.25 04:17:51.028,0.71236,0.71255,1.00,1.50
2016.11.25 04:17:51.552,0.71233,0.71255,1.00,2.25
2016.11.25 04:17:51.939,0.71234,0.71253,1.00,1.00
2016.11.25 04:17:52.933,0.71233,0.71252,1.00,1.00
2016.11.25 04:17:53.034,0.71231,0.71251,1.00,1.50
2016.11.25 04:17:53.136,0.7123,0.71249,1.12,1.00
2016.11.25 04:17:53.693,0.7123,0.7125,1.00,1.00
2016.11.25 04:17:54.077,0.71229,0.71248,1.00,1.00
2016.11.25 04:17:56.961,0.71229,0.71246,1.00,1.00
2016.11.25 04:17:57.012,0.71227,0.71246,1.00,1.00
2016.11.25 04:17:57.164,0.71226,0.71244,1.00,1.00
2016.11.25 04:17:57.214,0.71224,0.71244,1.00,1.00
2016.11.25 04:17:57.265,0.71224,0.71242,1.00,1.00
2016.11.25 04:17:57.808,0.71224,0.71241,1.00,1.00
2016.11.25 04:17:57.997,0.71224,0.71243,1.00,1.00
2016.11.25 04:18:01.965,0.71225,0.71243,1.00,1.00
2016.11.25 04:18:02.071,0.71226,0.71245,1.00,2.25
2016.11.25 04:18:02.122,0.71226,0.71243,1.00,1.00
2016.11.25 04:18:02.651,0.71226,0.71244,1.00,1.00
2016.11.25 04:18:08.503,0.71224,0.71244,1.00,1.00
2016.11.25 04:18:09.102,0.71224,0.71241,1.00,1.00
2016.11.25 04:18:09.302,0.71224,0.71244,1.00,1.00
2016.11.25 04:18:16.674,0.71224,0.71242,1.00,1.00
2016.11.25 04:18:17.113,0.71224,0.7124,1.00,1.00
2016.11.25 04:18:17.314,0.71224,0.71242,1.00,1.00
2016.11.25 04:18:18.341,0.71224,0.71241,1.00,1.50
2016.11.25 04:18:25.033,0.71218,0.7124,1.37,1.00
2016.11.25 04:18:25.185,0.71223,0.71242,1.00,1.00
2016.11.25 04:18:25.286,0.71223,0.71244,1.00,1.50
2016.11.25 04:18:25.810,0.71224,0.71244,1.00,1.00
2016.11.25 04:18:25.861,0.71224,0.71242,1.00,1.00
2016.11.25 04:18:28.528,0.71224,0.7124,1.00,1.00
2016.11.25 04:18:28.928,0.71224,0.71242,1.00,1.00
2016.11.25 04:18:29.029,0.71224,0.71244,1.00,1.50
2016.11.25 04:18:29.231,0.71226,0.71245,1.00,1.00
2016.11.25 04:18:29.738,0.71225,0.71244,1.00,1.00
2016.11.25 04:18:30.082,0.71225,0.71241,1.00,1.50
2016.11.25 04:18:30.656,0.71224,0.71241,1.00,1.50
2016.11.25 04:18:32.233,0.71224,0.71244,1.00,1.50
2016.11.25 04:18:32.334,0.71224,0.71242,1.00,1.00
2016.11.25 04:18:33.336,0.71223,0.71242,1.00,1.00
2016.11.25 04:18:33.859,0.71223,0.71243,1.00,1.00
2016.11.25 04:18:34.367,0.71222,0.71243,1.00,1.50
2016.11.25 04:18:34.900,0.71221,0.71243,1.12,2.25
2016.11.25 04:18:35.608,0.71222,0.71243,1.00,2.25
2016.11.25 04:18:37.116,0.71223,0.71243,1.00,1.50
2016.11.25 04:18:37.166,0.71221,0.71243,1.50,2.25
2016.11.25 04:18:37.311,0.71221,0.71241,1.12,1.50
2016.11.25 04:18:37.714,0.71223,0.7124,1.00,1.00
2016.11.25 04:18:37.815,0.71224,0.71245,1.00,2.62
2016.11.25 04:18:37.917,0.71226,0.71245,1.00,1.37
2016.11.25 04:18:37.967,0.71226,0.71245,1.00,1.00
2016.11.25 04:18:38.018,0.71226,0.71247,1.00,1.00
2016.11.25 04:18:38.245,0.71225,0.71245,1.12,1.00
2016.11.25 04:18:39.105,0.71225,0.71246,1.00,2.25
2016.11.25 04:18:41.978,0.71225,0.71244,1.00,1.00
2016.11.25 04:18:43.834,0.71228,0.71246,1.00,1.00
2016.11.25 04:18:44.294,0.71226,0.71246,1.00,1.00
2016.11.25 04:18:44.854,0.71226,0.71245,1.00,1.00
2016.11.25 04:18:45.396,0.71226,0.71246,1.00,1.50
2016.11.25 04:18:48.345,0.71225,0.71244,1.00,1.00
2016.11.25 04:18:48.396,0.71223,0.71244,1.12,2.25
2016.11.25 04:18:48.529,0.71223,0.7124,1.12,1.00
2016.11.25 04:18:50.605,0.71222,0.71243,1.37,1.50
2016.11.25 04:18:51.121,0.71223,0.71244,1.50,1.00
2016.11.25 04:18:57.669,0.71223,0.71244,3.00,1.00
2016.11.25 04:18:57.882,0.71225,0.71246,1.12,1.50
2016.11.25 04:18:59.672,0.71225,0.71245,1.12,1.00
2016.11.25 04:19:00.518,0.71225,0.71246,1.12,1.00
2016.11.25 04:19:01.686,0.71225,0.71245,1.00,1.00
2016.11.25 04:19:01.916,0.71228,0.71245,1.00,1.00
2016.11.25 04:19:02.118,0.7123,0.71249,1.00,1.00
2016.11.25 04:19:02.677,0.7123,0.7125,1.00,1.00
2016.11.25 04:19:04.449,0.7123,0.71251,1.00,1.50
2016.11.25 04:19:06.183,0.7123,0.7125,1.00,1.00
2016.11.25 04:19:06.735,0.7123,0.71251,1.00,1.50
2016.11.25 04:19:07.249,0.7123,0.7125,1.00,1.00
2016.11.25 04:19:07.840,0.71232,0.7125,1.00,1.00
2016.11.25 04:19:07.891,0.71232,0.71253,1.00,1.00
2016.11.25 04:19:09.397,0.71234,0.71253,1.00,1.00
2016.11.25 04:19:09.721,0.71234,0.71255,1.00,1.12
2016.11.25 04:19:10.203,0.71236,0.71256,1.00,1.00
2016.11.25 04:19:10.517,0.71239,0.71255,1.00,1.00
2016.11.25 04:19:11.040,0.71239,0.71256,1.00,1.00
2016.11.25 04:19:15.511,0.7124,0.71256,1.00,1.00
2016.11.25 04:19:15.614,0.7124,0.71261,1.00,2.25
2016.11.25 04:19:16.132,0.71241,0.71261,1.00,1.00
2016.11.25 04:19:16.638,0.71241,0.7126,1.00,1.00
2016.11.25 04:19:17.199,0.71242,0.71261,1.00,1.00
2016.11.25 04:19:18.200,0.71242,0.7126,1.00,1.00
2016.11.25 04:19:18.801,0.71242,0.71261,1.00,1.00
2016.11.25 04:19:19.399,0.71242,0.7126,1.00,1.00
2016.11.25 04:19:21.004,0.71242,0.71261,1.00,1.00
2016.11.25 04:19:22.197,0.71243,0.71261,1.00,1.00
2016.11.25 04:19:22.248,0.71245,0.71261,1.00,1.00
2016.11.25 04:19:22.349,0.71245,0.71266,1.00,1.50
2016.11.25 04:19:22.399,0.71247,0.71266,1.00,1.00
2016.11.25 04:19:22.550,0.71248,0.71268,1.00,1.87
2016.11.25 04:19:22.797,0.71249,0.7127,1.37,1.50
2016.11.25 04:19:23.150,0.71249,0.71266,1.37,1.00
2016.11.25 04:19:28.658,0.71244,0.71265,1.50,1.00
2016.11.25 04:19:28.860,0.71244,0.71265,1.12,1.50
2016.11.25 04:19:28.961,0.71244,0.71261,1.12,1.00
2016.11.25 04:19:29.313,0.71241,0.71261,1.00,1.50
2016.11.25 04:19:30.042,0.71241,0.7126,1.00,1.00
2016.11.25 04:19:30.919,0.71241,0.71261,1.00,1.00
2016.11.25 04:19:31.676,0.71243,0.71261,1.00,1.00
2016.11.25 04:19:31.726,0.71243,0.71265,1.00,1.50
2016.11.25 04:19:31.828,0.71245,0.71265,1.00,1.50
2016.11.25 04:19:32.231,0.71243,0.71264,1.12,1.00
2016.11.25 04:19:32.432,0.7124,0.7126,1.12,1.00
2016.11.25 04:19:32.831,0.71241,0.71262,1.00,1.00
2016.11.25 04:19:33.179,0.71239,0.7126,1.37,1.50
2016.11.25 04:19:33.707,0.71239,0.7126,1.00,1.50
2016.11.25 04:19:34.226,0.71238,0.71259,1.00,1.50
2016.11.25 04:19:34.528,0.71238,0.71256,1.00,1.00
2016.11.25 04:19:35.078,0.71236,0.71255,1.00,1.50
2016.11.25 04:19:35.653,0.71235,0.71255,1.00,1.50
2016.11.25 04:19:36.346,0.71236,0.71255,1.00,1.50
2016.11.25 04:19:37.131,0.71236,0.71256,1.00,1.50
2016.11.25 04:19:37.625,0.71238,0.71255,1.00,1.00
2016.11.25 04:19:37.676,0.71238,0.71259,1.00,1.00
2016.11.25 04:19:37.877,0.71238,0.71255,1.00,1.00
2016.11.25 04:19:39.134,0.71238,0.71259,1.00,1.00
2016.11.25 04:19:39.534,0.71238,0.71256,1.00,1.00
2016.11.25 04:19:39.735,0.71238,0.71259,1.00,1.00
2016.11.25 04:19:40.135,0.71238,0.71256,1.00,1.00
2016.11.25 04:19:40.776,0.71237,0.71256,1.12,1.00
2016.11.25 04:19:42.475,0.71238,0.71256,1.00,1.00
2016.11.25 04:19:42.803,0.71242,0.71255,1.00,1.00
2016.11.25 04:19:42.853,0.71242,0.71261,1.00,2.25
2016.11.25 04:19:43.384,0.71243,0.71261,1.00,1.00
2016.11.25 04:19:47.181,0.71243,0.71264,1.00,1.00
2016.11.25 04:19:47.289,0.71245,0.71265,1.00,1.00
2016.11.25 04:19:47.610,0.71247,0.71266,1.00,1.00
2016.11.25 04:19:48.265,0.71248,0.71266,1.00,1.00
2016.11.25 04:19:59.395,0.71248,0.71265,1.00,1.00
2016.11.25 04:19:59.445,0.71246,0.71265,1.00,1.00
2016.11.25 04:19:59.980,0.71246,0.71268,1.00,1.00
2016.11.25 04:20:00.081,0.71248,0.71269,1.00,1.00
2016.11.25 04:20:00.459,0.71248,0.71266,1.00,1.00
2016.11.25 04:20:00.960,0.71248,0.71265,1.00,1.00
2016.11.25 04:20:01.484,0.71248,0.71266,1.00,1.00
2016.11.25 04:20:01.661,0.71248,0.71269,1.00,1.00
2016.11.25 04:20:02.345,0.71249,0.7127,1.00,1.87
2016.11.25 04:20:11.352,0.71248,0.7127,1.00,2.25
2016.11.25 04:20:11.453,0.71248,0.71267,1.00,1.00
2016.11.25 04:20:11.756,0.71247,0.71265,1.00,1.00
2016.11.25 04:20:15.464,0.71248,0.71266,1.00,1.00
2016.11.25 04:20:16.009,0.71246,0.71266,1.12,1.00
2016.11.25 04:20:16.559,0.71249,0.71266,1.00,1.00
2016.11.25 04:20:17.103,0.71247,0.71266,1.00,1.00
2016.11.25 04:20:17.153,0.71249,0.71266,1.00,1.00
2016.11.25 04:20:17.666,0.71249,0.71265,1.00,1.00
2016.11.25 04:20:20.034,0.71249,0.71266,1.00,1.00
2016.11.25 04:20:22.592,0.71249,0.7127,1.12,1.50
2016.11.25 04:20:22.790,0.71249,0.71265,1.12,1.00
2016.11.25 04:20:23.293,0.71249,0.71266,1.00,1.00
2016.11.25 04:20:24.048,0.71251,0.71266,1.00,1.00
2016.11.25 04:20:24.623,0.71251,0.7127,1.00,1.00
2016.11.25 04:20:24.842,0.71251,0.71265,1.00,1.00
2016.11.25 04:20:25.196,0.71251,0.7127,1.00,1.50
2016.11.25 04:20:25.496,0.71251,0.71266,1.00,1.00
2016.11.25 04:20:25.997,0.7125,0.71271,1.00,1.50
2016.11.25 04:20:26.422,0.7125,0.71266,1.00,1.00
2016.11.25 04:20:26.523,0.7125,0.71271,1.00,1.00
2016.11.25 04:20:26.574,0.71253,0.71271,1.00,1.00
2016.11.25 04:20:26.775,0.71251,0.71271,1.12,1.00
2016.11.25 04:20:27.027,0.71251,0.71265,1.00,1.00
2016.11.25 04:20:27.128,0.71248,0.71265,1.12,1.00
2016.11.25 04:20:27.323,0.71248,0.7127,1.12,1.00
2016.11.25 04:20:27.424,0.7125,0.71271,1.00,1.00
2016.11.25 04:20:29.078,0.71252,0.71271,1.00,1.50
2016.11.25 04:20:29.613,0.71252,0.7127,1.00,1.00
2016.11.25 04:20:30.220,0.71252,0.71271,1.00,1.50
2016.11.25 04:20:30.592,0.71254,0.71271,1.00,1.00
2016.11.25 04:20:30.894,0.71258,0.71271,1.00,1.00
2016.11.25 04:20:30.945,0.71259,0.71276,1.00,1.50
2016.11.25 04:20:31.046,0.71257,0.71276,1.00,1.50
2016.11.25 04:20:31.147,0.71257,0.71271,1.00,1.00
2016.11.25 04:20:31.287,0.71254,0.71271,1.00,1.00
2016.11.25 04:20:31.809,0.71254,0.7127,1.00,1.00
2016.11.25 04:20:32.335,0.71255,0.7127,1.00,1.00
2016.11.25 04:20:32.937,0.71255,0.71271,1.00,1.00
2016.11.25 04:20:34.667,0.71256,0.71271,1.00,1.00
2016.11.25 04:20:35.247,0.71256,0.7127,1.00,1.00
2016.11.25 04:20:35.908,0.71256,0.71271,1.00,1.00
2016.11.25 04:20:37.817,0.71256,0.7127,1.00,1.00
2016.11.25 04:20:39.519,0.71256,0.71271,1.00,1.00
2016.11.25 04:20:40.807,0.71254,0.71271,1.00,1.00
2016.11.25 04:20:41.373,0.71256,0.71271,1.00,1.00
2016.11.25 04:20:41.424,0.71256,0.71275,1.00,1.00
2016.11.25 04:20:41.577,0.71256,0.71278,1.00,1.00
2016.11.25 04:20:41.678,0.71256,0.71276,1.00,1.00
2016.11.25 04:20:42.183,0.71256,0.71277,1.00,1.00
2016.11.25 04:20:42.816,0.71256,0.71276,1.00,1.00
2016.11.25 04:20:43.368,0.71255,0.71277,1.00,1.50
2016.11.25 04:20:43.728,0.71255,0.71275,1.00,1.00
2016.11.25 04:20:44.121,0.71255,0.71277,1.00,1.50
2016.11.25 04:20:44.772,0.71255,0.71275,1.00,1.00
2016.11.25 04:20:47.381,0.71254,0.71275,1.00,1.00
2016.11.25 04:20:47.933,0.71255,0.71275,1.00,1.00
2016.11.25 04:20:48.066,0.71255,0.71277,1.00,1.50
2016.11.25 04:20:48.537,0.71256,0.71275,1.00,1.00
2016.11.25 04:20:49.136,0.71256,0.71277,1.00,1.00
2016.11.25 04:20:49.187,0.71254,0.71277,1.00,1.00
2016.11.25 04:20:49.540,0.71254,0.71275,1.37,1.00
2016.11.25 04:20:50.120,0.71254,0.71271,1.00,1.00
2016.11.25 04:20:50.795,0.71253,0.71271,1.12,1.00
2016.11.25 04:20:51.299,0.71252,0.71271,1.00,1.00
2016.11.25 04:20:51.874,0.71251,0.71265,1.00,1.00
2016.11.25 04:20:51.975,0.71251,0.71269,1.00,1.00
2016.11.25 04:20:52.076,0.71251,0.71265,1.00,1.00
2016.11.25 04:20:52.578,0.7125,0.71266,1.00,1.00
2016.11.25 04:20:55.197,0.71249,0.71266,1.12,1.00
2016.11.25 04:20:55.865,0.71249,0.71265,1.12,1.00
2016.11.25 04:20:56.399,0.7125,0.71265,1.00,1.00
2016.11.25 04:20:56.999,0.7125,0.71266,1.00,1.00
2016.11.25 04:20:57.566,0.7125,0.71265,1.00,1.00
2016.11.25 04:20:58.152,0.7125,0.71266,1.00,1.00
2016.11.25 04:20:58.674,0.7125,0.71265,1.00,1.00
2016.11.25 04:20:59.390,0.7125,0.71266,1.00,1.00
2016.11.25 04:20:59.928,0.71252,0.71266,1.00,1.00
2016.11.25 04:20:59.979,0.71252,0.71272,1.00,1.00
2016.11.25 04:21:00.530,0.71252,0.71273,1.00,1.00
2016.11.25 04:21:01.141,0.71253,0.71273,1.00,1.00
2016.11.25 04:21:01.828,0.71251,0.71273,1.00,1.50
2016.11.25 04:21:01.879,0.71251,0.71271,1.00,1.00
2016.11.25 04:21:02.730,0.71251,0.71273,1.00,1.50
2016.11.25 04:21:03.618,0.7125,0.71273,1.00,1.00
2016.11.25 04:21:05.102,0.7125,0.71271,1.00,1.00
2016.11.25 04:21:05.303,0.7125,0.71273,1.00,1.00
2016.11.25 04:21:05.404,0.7125,0.71271,1.00,1.00
2016.11.25 04:21:05.597,0.7125,0.71273,1.00,1.00
2016.11.25 04:21:05.862,0.7125,0.71271,1.00,1.00
2016.11.25 04:21:06.374,0.7125,0.71273,1.00,1.00
2016.11.25 04:21:07.466,0.7125,0.71265,1.00,1.00
2016.11.25 04:21:07.991,0.7125,0.71266,1.00,1.00
2016.11.25 04:21:09.905,0.71251,0.71266,1.00,1.00
2016.11.25 04:21:10.312,0.71251,0.71271,1.00,1.00
2016.11.25 04:21:10.469,0.71251,0.71266,1.00,1.00
2016.11.25 04:21:10.610,0.71251,0.71271,1.00,1.00
2016.11.25 04:21:10.971,0.71251,0.71265,1.00,1.00
2016.11.25 04:21:11.501,0.71251,0.71266,1.00,1.00
2016.11.25 04:21:11.973,0.71251,0.7127,1.00,1.00
2016.11.25 04:21:12.376,0.7125,0.71266,1.00,1.00
2016.11.25 04:21:12.774,0.7125,0.71271,1.00,1.00
2016.11.25 04:21:13.316,0.71251,0.71271,1.00,1.00
2016.11.25 04:21:13.782,0.71251,0.71266,1.00,1.00
2016.11.25 04:21:14.075,0.71251,0.71271,1.00,1.00
2016.11.25 04:21:14.423,0.71252,0.71273,1.00,1.00
2016.11.25 04:21:16.624,0.71254,0.71273,1.00,1.50
2016.11.25 04:21:17.330,0.71254,0.71269,1.00,1.00
2016.11.25 04:21:17.461,0.71251,0.71269,1.00,1.00
2016.11.25 04:21:17.518,0.71251,0.71266,1.00,1.00
2016.11.25 04:21:17.931,0.71251,0.71269,1.00,1.00
2016.11.25 04:21:18.419,0.71251,0.71265,1.00,1.00
2016.11.25 04:21:18.919,0.71251,0.71269,1.00,1.00
2016.11.25 04:21:19.420,0.71251,0.71266,1.00,1.00
2016.11.25 04:21:19.970,0.71251,0.71269,1.00,1.00
2016.11.25 04:21:20.421,0.71251,0.71266,1.00,1.00
2016.11.25 04:21:20.560,0.71251,0.71268,1.00,1.00
2016.11.25 04:21:20.712,0.71251,0.71272,1.00,1.00
2016.11.25 04:21:20.814,0.71253,0.71274,1.00,1.00
2016.11.25 04:21:21.318,0.71253,0.71275,1.00,1.00
2016.11.25 04:21:21.839,0.71254,0.71275,1.00,1.00
2016.11.25 04:21:22.835,0.71254,0.71274,1.00,1.00
2016.11.25 04:21:23.141,0.71254,0.71272,1.00,1.00
2016.11.25 04:21:23.272,0.71254,0.71274,1.00,1.00
2016.11.25 04:21:23.888,0.71254,0.71273,1.00,1.00
2016.11.25 04:21:27.972,0.71253,0.71273,1.00,1.00
2016.11.25 04:21:28.502,0.71253,0.71274,1.00,1.00
2016.11.25 04:21:29.622,0.71253,0.71275,1.00,2.25
2016.11.25 04:21:30.152,0.71253,0.71274,1.00,1.00
2016.11.25 04:21:30.737,0.71253,0.71273,1.00,1.00
2016.11.25 04:21:32.214,0.71253,0.71274,1.00,1.00
2016.11.25 04:21:32.996,0.71253,0.71275,1.00,2.25
2016.11.25 04:21:41.213,0.71253,0.71274,1.00,1.00
2016.11.25 04:21:46.083,0.71253,0.71275,1.00,3.00
2016.11.25 04:21:46.622,0.71253,0.71272,1.00,1.00
2016.11.25 04:21:47.808,0.71253,0.71273,1.00,1.00
2016.11.25 04:21:48.440,0.71253,0.71272,1.00,1.00
2016.11.25 04:21:48.968,0.71253,0.71271,1.00,1.00
2016.11.25 04:21:49.506,0.71254,0.71271,1.00,1.00
2016.11.25 04:21:49.957,0.71254,0.71269,1.00,1.00
2016.11.25 04:21:52.995,0.71252,0.71269,1.00,1.00
2016.11.25 04:21:53.096,0.71252,0.71271,1.00,1.00
2016.11.25 04:21:53.332,0.71252,0.71269,1.00,1.00
2016.11.25 04:21:55.577,0.71252,0.7127,1.00,1.00
2016.11.25 04:21:56.221,0.71252,0.71271,1.00,1.00
2016.11.25 04:21:57.173,0.71252,0.71265,1.00,1.00
2016.11.25 04:22:01.713,0.71253,0.71265,1.00,1.00
2016.11.25 04:22:03.582,0.71253,0.71273,1.00,1.00
2016.11.25 04:22:03.681,0.71253,0.71266,1.00,1.00
2016.11.25 04:22:03.888,0.71254,0.71271,1.00,1.00
2016.11.25 04:22:04.722,0.71254,0.7127,1.00,1.00
2016.11.25 04:22:05.489,0.71254,0.71271,1.00,1.00
2016.11.25 04:22:06.045,0.71253,0.71271,1.00,1.00
2016.11.25 04:22:08.271,0.71254,0.71271,1.00,1.00
2016.11.25 04:22:10.752,0.71255,0.7127,1.00,1.00
2016.11.25 04:22:11.292,0.71255,0.71271,1.00,1.00
2016.11.25 04:22:11.994,0.71255,0.7127,1.00,1.00
2016.11.25 04:22:12.523,0.71254,0.71271,1.00,1.00
2016.11.25 04:22:13.063,0.71256,0.71271,1.00,1.00
2016.11.25 04:22:13.113,0.71256,0.71273,1.00,1.00
2016.11.25 04:22:13.262,0.71256,0.71271,1.00,1.00
2016.11.25 04:22:15.332,0.71256,0.7127,1.00,1.00
2016.11.25 04:22:15.833,0.71256,0.71271,1.00,1.00
2016.11.25 04:22:15.934,0.71256,0.71273,1.00,1.00
2016.11.25 04:22:16.030,0.71256,0.71271,1.00,1.00
2016.11.25 04:22:16.636,0.71256,0.71273,1.00,1.00
2016.11.25 04:22:16.701,0.71256,0.71271,1.00,1.00
2016.11.25 04:22:17.638,0.71256,0.7127,1.00,1.00
2016.11.25 04:22:18.641,0.71256,0.71271,1.00,1.00
2016.11.25 04:22:19.624,0.71256,0.71274,1.00,1.00
2016.11.25 04:22:19.735,0.71256,0.7127,1.00,1.00
2016.11.25 04:22:20.006,0.71256,0.71274,1.00,1.00
2016.11.25 04:22:20.206,0.71256,0.71271,1.00,1.00
2016.11.25 04:22:20.825,0.71256,0.71273,1.00,1.00
2016.11.25 04:22:21.364,0.71255,0.71274,1.00,1.00
2016.11.25 04:22:21.507,0.71255,0.71271,1.00,1.00
2016.11.25 04:22:22.051,0.71255,0.7127,1.00,1.00
2016.11.25 04:22:22.109,0.71255,0.71274,1.00,1.00
2016.11.25 04:22:22.251,0.71255,0.7127,1.00,1.00
2016.11.25 04:22:22.803,0.71255,0.71271,1.00,1.00
2016.11.25 04:22:23.337,0.71255,0.7127,1.00,1.00
2016.11.25 04:22:23.911,0.71256,0.71271,1.00,1.00
2016.11.25 04:22:25.514,0.71256,0.7127,1.00,1.00
2016.11.25 04:22:26.015,0.71256,0.71271,1.00,1.00
2016.11.25 04:22:26.466,0.71256,0.71275,1.00,1.00
2016.11.25 04:22:26.516,0.71256,0.7127,1.00,1.00
2016.11.25 04:22:27.118,0.71256,0.71271,1.00,1.00
2016.11.25 04:22:27.517,0.71256,0.71275,1.00,1.00
2016.11.25 04:22:27.617,0.71256,0.71271,1.00,1.00
2016.11.25 04:22:28.272,0.71256,0.71275,1.00,1.50
2016.11.25 04:22:28.420,0.71256,0.71271,1.00,1.00
2016.11.25 04:22:28.619,0.71256,0.71275,1.00,1.00
2016.11.25 04:22:28.962,0.71256,0.71271,1.00,1.00
2016.11.25 04:22:29.521,0.71256,0.7127,1.00,1.00
2016.11.25 04:22:30.022,0.71256,0.71275,1.00,1.50
2016.11.25 04:22:30.451,0.71256,0.7127,1.00,1.00
2016.11.25 04:22:30.749,0.71256,0.71274,1.00,1.00
2016.11.25 04:22:30.823,0.71256,0.71271,1.00,1.00
2016.11.25 04:22:31.324,0.71256,0.71274,1.00,1.00
2016.11.25 04:22:31.524,0.71255,0.71271,1.00,1.00
2016.11.25 04:22:31.825,0.71255,0.71274,1.00,1.00
2016.11.25 04:22:32.225,0.71255,0.71271,1.00,1.00
2016.11.25 04:22:33.342,0.71255,0.71274,1.00,1.00
2016.11.25 04:22:33.427,0.71255,0.7127,1.00,1.00
2016.11.25 04:22:33.932,0.71255,0.71271,1.00,1.00
2016.11.25 04:22:34.033,0.71255,0.71275,1.00,1.50
2016.11.25 04:22:34.228,0.71255,0.71271,1.00,1.00
2016.11.25 04:22:34.945,0.71255,0.71276,1.00,1.50
2016.11.25 04:22:35.075,0.71255,0.71271,1.00,1.00
2016.11.25 04:22:35.731,0.71255,0.7127,1.00,1.00
2016.11.25 04:22:36.236,0.71255,0.71271,1.00,1.00
2016.11.25 04:22:36.941,0.71255,0.7127,1.00,1.00
2016.11.25 04:22:37.833,0.71255,0.71271,1.00,1.00
2016.11.25 04:22:39.636,0.71255,0.7127,1.00,1.00
2016.11.25 04:22:40.199,0.71255,0.71271,1.00,1.00
2016.11.25 04:22:40.958,0.71256,0.71271,1.00,1.00
2016.11.25 04:22:41.204,0.71256,0.71277,1.00,1.00
2016.11.25 04:22:43.123,0.71256,0.71278,1.00,1.00
2016.11.25 04:22:43.341,0.71256,0.71275,1.00,1.00
2016.11.25 04:22:43.742,0.71256,0.71278,1.00,1.00
2016.11.25 04:22:44.216,0.71256,0.71274,1.00,1.00
2016.11.25 04:22:45.697,0.71255,0.71274,1.00,1.00
2016.11.25 04:22:46.723,0.71256,0.71274,1.00,1.00
2016.11.25 04:22:47.447,0.71256,0.7127,1.00,1.00
2016.11.25 04:22:47.649,0.71256,0.71275,1.00,1.50
2016.11.25 04:22:47.749,0.71256,0.71271,1.00,1.00
2016.11.25 04:22:48.269,0.71256,0.7127,1.00,1.00
2016.11.25 04:22:48.807,0.71256,0.71271,1.00,1.00
2016.11.25 04:22:48.950,0.71255,0.71275,1.00,1.00
2016.11.25 04:22:49.066,0.71255,0.71271,1.00,1.00
2016.11.25 04:22:49.366,0.71255,0.71275,1.00,1.50
2016.11.25 04:22:49.651,0.71255,0.71271,1.00,1.00
2016.11.25 04:22:49.952,0.71256,0.71275,1.00,1.00
2016.11.25 04:22:50.053,0.71256,0.71271,1.00,1.00
2016.11.25 04:22:50.553,0.71256,0.71275,1.00,1.50
2016.11.25 04:22:50.954,0.71256,0.71271,1.00,1.00
2016.11.25 04:22:51.655,0.71256,0.71275,1.00,1.00
2016.11.25 04:22:51.956,0.71256,0.71271,1.00,1.00
2016.11.25 04:22:52.557,0.71256,0.7127,1.12,1.00
2016.11.25 04:22:53.357,0.71256,0.71275,1.12,1.00
2016.11.25 04:22:53.758,0.71256,0.7127,1.12,1.00
2016.11.25 04:22:54.158,0.71256,0.71276,1.12,1.00
2016.11.25 04:22:54.467,0.71256,0.71271,1.12,1.00
2016.11.25 04:22:54.776,0.71256,0.71276,1.12,1.50
2016.11.25 04:22:55.155,0.71258,0.71276,1.00,1.50
2016.11.25 04:22:55.612,0.71258,0.71271,1.00,1.00
2016.11.25 04:22:55.764,0.71259,0.71276,1.00,1.00
2016.11.25 04:22:55.890,0.71257,0.71276,1.00,1.00
2016.11.25 04:22:55.991,0.71256,0.71274,1.12,1.00
2016.11.25 04:22:57.016,0.71255,0.71274,1.00,1.50
2016.11.25 04:22:58.115,0.71256,0.71274,1.00,1.00
2016.11.25 04:22:58.216,0.71254,0.71273,1.00,1.50
2016.11.25 04:22:58.267,0.71252,0.7127,1.37,1.50
2016.11.25 04:22:58.401,0.71251,0.7127,1.00,1.00
2016.11.25 04:22:58.950,0.71249,0.71269,1.37,1.00
2016.11.25 04:22:59.477,0.71251,0.71269,1.00,1.00
2016.11.25 04:23:02.730,0.71251,0.7127,1.00,1.00
2016.11.25 04:23:03.876,0.7125,0.7127,1.12,1.00
2016.11.25 04:23:04.380,0.71251,0.7127,1.00,1.00
2016.11.25 04:23:07.281,0.71251,0.71269,1.00,1.00
2016.11.25 04:23:08.381,0.71251,0.71266,1.00,1.00
2016.11.25 04:23:08.503,0.71251,0.71269,1.00,1.00
2016.11.25 04:23:08.604,0.71249,0.71266,1.37,1.00
2016.11.25 04:23:09.016,0.71249,0.71269,1.37,1.00
2016.11.25 04:23:09.217,0.71249,0.71266,1.37,1.00
2016.11.25 04:23:09.483,0.71249,0.71269,1.37,1.00
2016.11.25 04:23:09.586,0.7125,0.71266,1.12,1.00
2016.11.25 04:23:10.229,0.7125,0.71269,1.12,1.00
2016.11.25 04:23:10.330,0.7125,0.71266,1.12,1.00
2016.11.25 04:23:10.585,0.7125,0.71269,1.12,1.00
2016.11.25 04:23:11.086,0.7125,0.71266,1.12,1.00
2016.11.25 04:23:11.186,0.7125,0.71269,1.12,1.00
2016.11.25 04:23:11.287,0.7125,0.71266,1.12,1.00
2016.11.25 04:23:11.587,0.71249,0.71269,1.37,1.00
2016.11.25 04:23:12.738,0.71249,0.71265,1.37,1.00
2016.11.25 04:23:12.889,0.71249,0.71269,1.37,1.00
2016.11.25 04:23:12.990,0.71249,0.71266,1.37,1.00
2016.11.25 04:23:13.305,0.71249,0.71269,1.37,1.00
2016.11.25 04:23:13.432,0.71249,0.71265,1.37,1.00
2016.11.25 04:23:13.690,0.71249,0.71269,1.37,1.00
2016.11.25 04:23:13.790,0.71249,0.71265,1.37,1.00
2016.11.25 04:23:13.990,0.71249,0.71269,1.37,1.00
2016.11.25 04:23:14.240,0.71249,0.71266,1.37,1.00
2016.11.25 04:23:14.392,0.71249,0.71268,1.37,1.00
2016.11.25 04:23:16.895,0.71249,0.71265,1.37,1.00
2016.11.25 04:23:16.996,0.71249,0.71268,1.37,1.00
2016.11.25 04:23:17.540,0.7125,0.7127,1.37,1.00
2016.11.25 04:23:19.918,0.71251,0.71269,1.12,1.00
2016.11.25 04:23:20.452,0.71251,0.7127,1.12,1.00
2016.11.25 04:23:21.664,0.71251,0.71271,1.12,1.50
2016.11.25 04:23:21.815,0.71247,0.71265,1.37,1.00
2016.11.25 04:23:21.866,0.71247,0.71265,1.12,1.00
2016.11.25 04:23:21.967,0.71245,0.71264,1.00,1.00
2016.11.25 04:23:22.119,0.71245,0.7126,1.00,1.00
2016.11.25 04:23:22.220,0.71245,0.71264,1.00,1.00
2016.11.25 04:23:22.522,0.71247,0.71266,1.00,1.50
2016.11.25 04:23:23.027,0.71248,0.71266,1.00,1.00
2016.11.25 04:23:23.745,0.71247,0.71266,1.00,1.00
2016.11.25 04:23:24.089,0.71249,0.71266,1.00,1.00
2016.11.25 04:23:24.626,0.71249,0.71267,1.00,1.50
2016.11.25 04:23:25.623,0.7125,0.71267,1.00,1.00
2016.11.25 04:23:25.825,0.71252,0.71271,1.00,1.50
2016.11.25 04:23:25.976,0.71254,0.71271,1.00,1.00
2016.11.25 04:23:26.527,0.71254,0.7127,1.12,1.00
2016.11.25 04:23:27.031,0.71253,0.7127,1.00,1.50
2016.11.25 04:23:27.546,0.71252,0.7127,1.00,1.00
2016.11.25 04:23:32.549,0.7125,0.71267,1.00,1.00
2016.11.25 04:23:32.801,0.71249,0.71269,1.12,1.00
2016.11.25 04:23:32.953,0.71251,0.71269,1.00,1.00
2016.11.25 04:23:33.255,0.71254,0.71271,1.00,1.00
2016.11.25 04:23:33.451,0.71256,0.71274,1.00,1.00
2016.11.25 04:23:33.517,0.71256,0.71276,1.00,1.00
2016.11.25 04:23:33.669,0.71256,0.71271,1.37,1.00
2016.11.25 04:23:34.432,0.71257,0.71275,1.12,1.00
2016.11.25 04:23:34.933,0.71257,0.71276,1.12,1.50
2016.11.25 04:23:35.247,0.71257,0.71271,1.12,1.00
2016.11.25 04:23:35.333,0.71257,0.71276,1.12,1.50
2016.11.25 04:23:36.536,0.71257,0.71275,1.12,1.00
2016.11.25 04:23:37.050,0.71257,0.71276,1.12,1.50
2016.11.25 04:23:38.400,0.71256,0.71275,1.37,1.00
2016.11.25 04:23:38.502,0.71254,0.71274,1.12,1.00
2016.11.25 04:23:39.090,0.71255,0.71275,1.00,1.00
2016.11.25 04:23:40.078,0.71257,0.71275,1.00,1.00
2016.11.25 04:23:42.601,0.71256,0.71275,1.00,1.50
2016.11.25 04:23:43.116,0.71255,0.71275,1.00,1.00
2016.11.25 04:23:43.418,0.71251,0.71271,1.00,1.00
2016.11.25 04:23:43.920,0.71251,0.7127,1.00,1.00
2016.11.25 04:23:44.436,0.71254,0.7127,1.00,1.00
2016.11.25 04:23:44.950,0.71254,0.71273,1.00,1.50
2016.11.25 04:23:45.050,0.71254,0.71271,1.00,1.00
2016.11.25 04:23:45.271,0.71254,0.71273,1.00,1.50
2016.11.25 04:23:45.851,0.71254,0.7127,1.00,1.00
2016.11.25 04:23:46.296,0.71254,0.71273,1.00,1.00
2016.11.25 04:23:46.587,0.71254,0.71271,1.00,1.00
2016.11.25 04:23:46.688,0.71252,0.71271,1.12,1.00
2016.11.25 04:23:47.268,0.71253,0.71271,1.00,1.00
2016.11.25 04:23:47.970,0.71253,0.71273,1.00,1.00
2016.11.25 04:23:48.927,0.71254,0.71273,1.00,1.00
2016.11.25 04:23:50.755,0.71254,0.71274,1.00,1.00
2016.11.25 04:23:51.635,0.71255,0.71274,1.00,1.00
2016.11.25 04:23:51.938,0.71256,0.71276,1.00,2.25
2016.11.25 04:23:52.475,0.71257,0.71276,1.00,1.50
2016.11.25 04:23:52.672,0.71254,0.71276,1.37,1.50
2016.11.25 04:23:53.126,0.71255,0.71273,1.12,1.00
2016.11.25 04:23:53.428,0.71255,0.71271,1.00,1.00
2016.11.25 04:23:54.053,0.71254,0.71271,1.00,1.00
2016.11.25 04:23:55.938,0.71253,0.71271,1.00,1.00
2016.11.25 04:23:56.089,0.71254,0.71274,1.00,1.00
2016.11.25 04:23:56.400,0.71254,0.71271,1.37,1.00
2016.11.25 04:23:56.938,0.71253,0.7127,1.00,1.00
2016.11.25 04:23:57.685,0.71253,0.71271,1.00,1.00
2016.11.25 04:23:58.274,0.71256,0.71271,1.00,1.00
2016.11.25 04:23:58.710,0.71257,0.71274,1.00,1.00
2016.11.25 04:23:58.811,0.71257,0.71276,1.00,1.50
2016.11.25 04:24:00.475,0.71257,0.71275,1.00,1.00
2016.11.25 04:24:01.043,0.71256,0.71276,1.00,1.50
2016.11.25 04:24:01.550,0.71257,0.71275,1.00,1.00
2016.11.25 04:24:02.478,0.71257,0.71276,1.00,1.50
2016.11.25 04:24:06.084,0.71258,0.71276,1.00,1.00
2016.11.25 04:24:06.928,0.71256,0.71276,1.00,1.50
2016.11.25 04:24:07.636,0.71256,0.71275,1.00,1.00
2016.11.25 04:24:10.211,0.71257,0.71275,1.00,1.50
2016.11.25 04:24:10.837,0.71259,0.71276,1.00,1.00
2016.11.25 04:24:11.341,0.71256,0.71276,1.00,1.50
2016.11.25 04:24:11.934,0.71256,0.71275,1.00,1.50
2016.11.25 04:24:13.303,0.71255,0.71275,1.12,1.00
2016.11.25 04:24:13.844,0.71254,0.71274,1.37,1.00
2016.11.25 04:24:14.094,0.71254,0.71271,1.37,1.00
2016.11.25 04:24:14.729,0.71254,0.71271,1.00,1.00
2016.11.25 04:24:15.196,0.71254,0.71274,1.00,1.00
2016.11.25 04:24:15.440,0.71254,0.71271,1.00,1.00
2016.11.25 04:24:15.642,0.71251,0.71271,1.12,1.50
2016.11.25 04:24:15.692,0.71249,0.71269,1.37,1.00
2016.11.25 04:24:16.390,0.71254,0.71269,1.00,1.00
2016.11.25 04:24:16.441,0.71254,0.71271,1.00,1.00
2016.11.25 04:24:16.542,0.71255,0.71274,1.00,1.00
2016.11.25 04:24:16.744,0.71256,0.71276,1.00,1.50
2016.11.25 04:24:18.386,0.71258,0.71276,1.00,1.50
2016.11.25 04:24:18.979,0.71259,0.71275,1.00,1.00
2016.11.25 04:24:19.503,0.71259,0.71276,1.00,1.00
2016.11.25 04:24:20.104,0.71259,0.71277,1.00,1.00
2016.11.25 04:24:21.060,0.71259,0.71276,1.00,1.00
2016.11.25 04:24:21.606,0.71259,0.71277,1.00,1.00
2016.11.25 04:24:21.907,0.71259,0.71275,1.00,1.00
2016.11.25 04:24:22.708,0.71259,0.71276,1.00,1.00
2016.11.25 04:24:23.556,0.71259,0.71275,1.00,1.00
2016.11.25 04:24:24.530,0.71259,0.71276,1.00,1.00
2016.11.25 04:24:25.139,0.71259,0.71275,1.00,1.00
2016.11.25 04:24:25.329,0.71259,0.71277,1.00,1.00
2016.11.25 04:24:25.846,0.71259,0.71276,1.00,1.00
2016.11.25 04:24:26.944,0.71259,0.71277,1.00,1.00
2016.11.25 04:24:27.464,0.7126,0.71276,1.00,1.00
2016.11.25 04:24:27.616,0.7126,0.71279,1.00,1.00
2016.11.25 04:24:27.666,0.71262,0.7128,1.00,1.00
2016.11.25 04:24:29.535,0.71261,0.71279,1.00,1.00
2016.11.25 04:24:29.837,0.7126,0.71276,1.00,1.00
2016.11.25 04:24:30.018,0.7126,0.71278,1.00,1.00
2016.11.25 04:24:30.219,0.7126,0.71275,1.00,1.00
2016.11.25 04:24:31.249,0.7126,0.71276,1.00,1.00
2016.11.25 04:24:31.821,0.7126,0.71278,1.00,1.00
2016.11.25 04:24:39.162,0.7126,0.71275,1.00,1.00
2016.11.25 04:24:39.396,0.71257,0.71275,1.00,1.00
2016.11.25 04:24:47.049,0.71258,0.71275,1.00,1.00
2016.11.25 04:24:47.575,0.71258,0.71276,1.00,1.50
2016.11.25 04:24:48.121,0.71257,0.71276,1.00,1.50
2016.11.25 04:24:51.968,0.71257,0.71275,1.00,1.00
2016.11.25 04:24:55.134,0.71259,0.71275,1.00,1.00
2016.11.25 04:25:00.488,0.71257,0.71275,1.00,1.00
2016.11.25 04:25:02.554,0.71257,0.71276,1.00,1.50
2016.11.25 04:25:06.559,0.71257,0.71275,1.00,1.00
2016.11.25 04:25:08.761,0.71257,0.71276,1.00,1.00
2016.11.25 04:25:10.174,0.71256,0.71276,1.00,1.50
2016.11.25 04:25:10.371,0.71259,0.71276,1.00,1.50
2016.11.25 04:25:10.623,0.7126,0.71279,1.00,1.00
2016.11.25 04:25:11.284,0.7126,0.7128,1.00,1.00
2016.11.25 04:25:14.306,0.71262,0.7128,1.00,1.00
2016.11.25 04:25:15.683,0.7126,0.71279,1.50,1.00
2016.11.25 04:25:15.734,0.7126,0.71277,1.50,1.00
2016.11.25 04:25:16.591,0.7126,0.71279,1.00,1.00
2016.11.25 04:25:20.626,0.71261,0.71279,1.00,1.00
2016.11.25 04:25:21.375,0.7126,0.71277,1.12,1.00
2016.11.25 04:25:28.514,0.7126,0.71276,1.00,1.00
2016.11.25 04:25:29.786,0.7126,0.71277,1.00,1.00
2016.11.25 04:25:32.650,0.71261,0.71277,1.00,1.00
2016.11.25 04:25:33.068,0.7126,0.71275,1.00,1.00
2016.11.25 04:25:33.928,0.71259,0.71275,1.00,1.00
2016.11.25 04:25:39.579,0.71258,0.71275,1.00,1.00
2016.11.25 04:25:39.651,0.71259,0.71278,1.00,1.00
2016.11.25 04:25:39.702,0.71258,0.71276,1.00,1.00
2016.11.25 04:25:40.160,0.7126,0.71275,1.00,1.00
2016.11.25 04:25:40.211,0.7126,0.71277,1.00,1.00
2016.11.25 04:25:40.565,0.7126,0.71279,1.00,1.00
2016.11.25 04:25:40.918,0.71263,0.7128,1.00,1.00
2016.11.25 04:25:41.069,0.71264,0.71282,1.00,1.00
2016.11.25 04:25:42.484,0.71266,0.71282,1.00,1.00
2016.11.25 04:25:42.873,0.71266,0.7128,1.00,1.00
2016.11.25 04:25:42.924,0.71264,0.7128,1.00,1.00
2016.11.25 04:25:42.975,0.71264,0.71282,1.00,1.00
2016.11.25 04:25:43.496,0.71263,0.71281,1.50,1.00
2016.11.25 04:25:43.950,0.71265,0.71281,1.00,1.00
2016.11.25 04:25:44.464,0.71265,0.7128,1.00,1.00
2016.11.25 04:25:45.122,0.71265,0.71281,1.00,1.00
2016.11.25 04:25:45.635,0.71265,0.7128,1.00,1.00
2016.11.25 04:25:46.284,0.71264,0.7128,1.50,1.00
2016.11.25 04:25:49.739,0.71264,0.71282,1.50,1.00
2016.11.25 04:25:50.250,0.71265,0.71282,1.00,1.00
2016.11.25 04:25:50.576,0.71263,0.71281,1.00,1.50
2016.11.25 04:25:51.078,0.71264,0.7128,1.00,1.00
2016.11.25 04:25:56.224,0.71264,0.71281,1.00,1.50
2016.11.25 04:25:59.308,0.71263,0.71281,1.00,1.50
2016.11.25 04:25:59.903,0.71262,0.71281,1.00,1.50
2016.11.25 04:26:00.653,0.71263,0.7128,1.00,1.50
2016.11.25 04:26:01.199,0.71262,0.71279,1.50,1.00
2016.11.25 04:26:01.707,0.71263,0.71279,1.00,1.00
2016.11.25 04:26:02.208,0.71262,0.71279,1.00,1.00
2016.11.25 04:26:03.051,0.71262,0.7128,1.00,1.50
2016.11.25 04:26:04.512,0.71263,0.7128,1.00,1.00
2016.11.25 04:26:04.563,0.71264,0.71282,1.00,1.00
2016.11.25 04:26:05.092,0.71264,0.71281,1.00,1.00
2016.11.25 04:26:05.627,0.71263,0.71281,1.00,1.00
2016.11.25 04:26:06.528,0.71263,0.71282,1.00,1.00
2016.11.25 04:26:06.867,0.71263,0.7128,1.50,1.00
2016.11.25 04:26:07.487,0.71265,0.71281,1.00,1.50
2016.11.25 04:26:08.393,0.71265,0.71283,1.00,1.00
2016.11.25 04:26:08.570,0.71265,0.7128,1.00,1.00
2016.11.25 04:26:09.063,0.71263,0.7128,1.50,1.00
2016.11.25 04:26:09.466,0.71261,0.7128,1.12,1.00
2016.11.25 04:26:09.973,0.71261,0.71281,1.12,1.50
2016.11.25 04:26:10.707,0.71262,0.71281,1.00,2.25
2016.11.25 04:26:11.293,0.71261,0.7128,1.12,2.25
2016.11.25 04:26:12.663,0.71261,0.71279,1.12,1.00
2016.11.25 04:26:13.190,0.71262,0.7128,1.00,1.50
2016.11.25 04:26:13.896,0.71262,0.71281,1.00,1.00
2016.11.25 04:26:14.228,0.71265,0.71282,1.00,1.00
2016.11.25 04:26:14.329,0.71265,0.71284,1.00,1.00
2016.11.25 04:26:14.974,0.71266,0.71284,1.50,1.00
2016.11.25 04:26:15.576,0.71267,0.71284,1.00,1.00
2016.11.25 04:26:15.677,0.71269,0.71285,1.50,1.00
2016.11.25 04:26:15.829,0.71271,0.7129,1.50,1.00
2016.11.25 04:26:16.345,0.71271,0.71291,1.00,1.00
2016.11.25 04:26:16.395,0.71271,0.71289,1.00,1.00
2016.11.25 04:26:16.716,0.71269,0.71289,1.12,1.00
2016.11.25 04:26:16.931,0.71269,0.71286,1.12,1.00
2016.11.25 04:26:17.536,0.7127,0.71285,1.00,1.00
2016.11.25 04:26:19.800,0.7127,0.71286,1.00,1.00
2016.11.25 04:26:20.387,0.71269,0.71286,1.12,1.00
2016.11.25 04:26:23.022,0.71268,0.71285,1.37,1.00
2016.11.25 04:26:23.287,0.71266,0.71285,1.00,1.00
2016.11.25 04:26:23.792,0.71268,0.71288,1.00,1.00
2016.11.25 04:26:23.893,0.71268,0.71286,1.50,1.00
2016.11.25 04:26:24.202,0.7127,0.71286,1.00,1.00
2016.11.25 04:26:24.493,0.7127,0.71289,1.00,1.00
2016.11.25 04:26:25.346,0.71271,0.71289,1.00,1.00
2016.11.25 04:26:25.396,0.7127,0.71285,1.00,1.00
2016.11.25 04:26:25.447,0.71268,0.71285,1.00,1.00
2016.11.25 04:26:25.964,0.71267,0.71285,1.00,1.00
2016.11.25 04:26:26.494,0.71267,0.71286,1.00,1.50
2016.11.25 04:26:26.754,0.71269,0.71286,1.00,1.00
2016.11.25 04:26:27.198,0.7127,0.71289,1.00,1.00
2016.11.25 04:26:27.499,0.7127,0.71286,1.00,1.00
2016.11.25 04:26:28.573,0.71271,0.71286,1.00,1.00
2016.11.25 04:26:31.503,0.71271,0.7129,1.00,1.00
2016.11.25 04:26:33.206,0.71271,0.71286,1.00,1.00
2016.11.25 04:26:33.509,0.71271,0.7129,1.00,1.00
2016.11.25 04:26:34.258,0.7127,0.7129,1.00,1.00
2016.11.25 04:26:34.907,0.7127,0.71291,1.00,1.50
2016.11.25 04:26:35.634,0.71271,0.71291,1.00,1.50
2016.11.25 04:26:36.409,0.71271,0.7129,1.00,1.00
2016.11.25 04:26:36.959,0.71271,0.71291,1.00,1.50
2016.11.25 04:26:43.131,0.71271,0.71286,1.00,1.00
2016.11.25 04:26:43.232,0.7127,0.71289,1.00,1.00
2016.11.25 04:26:43.435,0.7127,0.71286,1.00,1.00
2016.11.25 04:26:43.536,0.7127,0.71289,1.00,1.00
2016.11.25 04:26:43.738,0.7127,0.71286,1.00,1.00
2016.11.25 04:26:44.520,0.7127,0.71289,1.00,1.00
2016.11.25 04:26:44.821,0.7127,0.71286,1.00,1.00
2016.11.25 04:26:45.335,0.7127,0.71285,1.00,1.00
2016.11.25 04:26:45.923,0.7127,0.71286,1.00,1.00
2016.11.25 04:26:46.727,0.71269,0.71286,1.00,1.00
2016.11.25 04:26:46.946,0.71269,0.71288,1.00,1.00
2016.11.25 04:26:47.045,0.7127,0.71285,1.00,1.00
2016.11.25 04:26:47.146,0.7127,0.71288,1.00,1.00
2016.11.25 04:26:47.726,0.71269,0.71286,1.50,1.00
2016.11.25 04:26:49.729,0.71269,0.71288,1.50,1.00
2016.11.25 04:26:50.029,0.71269,0.71285,1.50,1.00
2016.11.25 04:26:51.372,0.7127,0.71285,1.00,1.00
2016.11.25 04:26:51.473,0.7127,0.71289,1.00,1.00
2016.11.25 04:26:51.574,0.71269,0.71286,1.00,1.00
2016.11.25 04:26:52.078,0.71268,0.71286,1.87,1.00
2016.11.25 04:26:52.389,0.71267,0.71284,1.00,1.00
2016.11.25 04:26:52.949,0.71267,0.71285,1.00,1.00
2016.11.25 04:26:53.456,0.71267,0.71286,1.50,2.25
2016.11.25 04:26:53.957,0.7127,0.71288,1.50,1.00
2016.11.25 04:26:54.447,0.71269,0.71286,1.00,1.00
2016.11.25 04:26:55.041,0.71269,0.71285,1.00,1.00
2016.11.25 04:26:55.560,0.71269,0.71286,1.00,1.00
2016.11.25 04:26:56.168,0.71269,0.71285,1.00,1.00
2016.11.25 04:26:56.695,0.71268,0.71286,1.12,1.00
2016.11.25 04:26:57.065,0.7127,0.71287,1.00,1.00
2016.11.25 04:26:57.571,0.71269,0.71287,1.00,1.00
2016.11.25 04:26:57.874,0.71267,0.71286,1.50,1.00
2016.11.25 04:26:58.865,0.71268,0.71286,1.00,1.00
2016.11.25 04:27:00.272,0.71267,0.71286,1.00,1.00
2016.11.25 04:27:00.323,0.71265,0.71284,1.87,1.00
2016.11.25 04:27:00.677,0.71268,0.71286,1.50,1.00
2016.11.25 04:27:01.248,0.71267,0.71287,1.50,1.00
2016.11.25 04:27:01.774,0.71268,0.71287,1.00,1.00
2016.11.25 04:27:01.928,0.71266,0.71287,1.00,1.00
2016.11.25 04:27:02.889,0.71267,0.71287,1.00,1.00
2016.11.25 04:27:03.329,0.71269,0.71288,1.00,1.00
2016.11.25 04:27:04.261,0.71269,0.71287,1.50,1.00
2016.11.25 04:27:04.672,0.71268,0.71285,1.12,1.00
2016.11.25 04:27:04.773,0.71266,0.71285,1.50,1.00
2016.11.25 04:27:05.292,0.71267,0.71285,1.00,1.00
2016.11.25 04:27:06.302,0.71268,0.71285,1.00,1.00
2016.11.25 04:27:06.353,0.71268,0.71287,1.00,1.00
2016.11.25 04:27:06.909,0.71267,0.71286,1.50,1.00
2016.11.25 04:27:07.093,0.71267,0.71284,1.00,1.00
2016.11.25 04:27:07.194,0.71265,0.71284,1.87,1.00
2016.11.25 04:27:07.245,0.71267,0.71286,1.00,1.00
2016.11.25 04:27:07.396,0.71267,0.71288,1.00,1.00
2016.11.25 04:27:07.899,0.71268,0.71288,1.00,1.00
2016.11.25 04:27:08.662,0.71268,0.71287,1.00,1.00
2016.11.25 04:27:08.763,0.71271,0.71287,1.00,1.00
2016.11.25 04:27:08.850,0.71269,0.71286,1.50,1.00
2016.11.25 04:27:09.002,0.7127,0.71288,1.00,1.00
2016.11.25 04:27:09.153,0.71272,0.71289,1.00,1.00
2016.11.25 04:27:09.517,0.71269,0.71285,1.00,1.00
2016.11.25 04:27:10.475,0.71269,0.71286,1.00,1.00
2016.11.25 04:27:11.742,0.7127,0.71286,1.00,1.00
2016.11.25 04:27:12.299,0.7127,0.71285,1.00,1.00
2016.11.25 04:27:13.321,0.7127,0.71286,1.00,1.00
2016.11.25 04:27:13.847,0.71269,0.71286,1.00,1.00
2016.11.25 04:27:14.688,0.7127,0.71286,1.00,1.00
2016.11.25 04:27:16.385,0.7127,0.71288,1.50,1.00
2016.11.25 04:27:16.436,0.7127,0.7129,1.50,1.00
2016.11.25 04:27:17.623,0.71268,0.71286,1.12,1.00
2016.11.25 04:27:18.133,0.71267,0.71285,1.87,1.00
2016.11.25 04:27:18.584,0.71266,0.71285,1.00,1.00
2016.11.25 04:27:19.087,0.71265,0.71285,1.12,1.00
2016.11.25 04:27:19.622,0.71266,0.71285,1.00,1.00
2016.11.25 04:27:20.190,0.71266,0.71284,1.00,1.00
2016.11.25 04:27:20.691,0.71264,0.71284,1.87,1.00
2016.11.25 04:27:22.333,0.71263,0.71283,1.87,1.00
2016.11.25 04:27:22.701,0.71262,0.7128,1.87,1.00
2016.11.25 04:27:22.903,0.71259,0.71281,1.37,1.00
2016.11.25 04:27:22.954,0.71259,0.71281,1.00,1.00
2016.11.25 04:27:23.696,0.71259,0.71276,1.00,1.00
2016.11.25 04:27:24.405,0.71259,0.71281,1.50,1.00
2016.11.25 04:27:24.820,0.7126,0.71276,1.00,1.00
2016.11.25 04:27:25.023,0.71261,0.7128,1.50,1.00
2016.11.25 04:27:26.601,0.71261,0.71281,1.00,1.00
2016.11.25 04:27:28.734,0.71264,0.71281,1.00,1.00
2016.11.25 04:27:28.943,0.71265,0.71286,1.00,1.50
2016.11.25 04:27:29.147,0.71269,0.71286,1.00,1.00
2016.11.25 04:27:29.806,0.71269,0.71285,1.00,1.00
2016.11.25 04:27:30.247,0.71265,0.71285,1.00,1.00
2016.11.25 04:27:30.907,0.71265,0.71286,1.00,1.00
2016.11.25 04:27:31.108,0.71265,0.71288,1.00,1.00
2016.11.25 04:27:31.542,0.71268,0.71288,1.00,1.00
2016.11.25 04:27:31.769,0.71268,0.7129,1.00,1.00
2016.11.25 04:27:32.273,0.71269,0.71291,1.00,1.00
2016.11.25 04:27:32.324,0.71271,0.71291,1.00,1.00
2016.11.25 04:27:32.659,0.71274,0.71291,1.00,1.00
2016.11.25 04:27:33.212,0.71274,0.7129,1.00,1.00
2016.11.25 04:27:33.313,0.71274,0.71293,1.00,1.00
2016.11.25 04:27:33.414,0.71274,0.71291,1.00,1.00
2016.11.25 04:27:33.836,0.71274,0.71293,1.00,1.00
2016.11.25 04:27:34.196,0.71271,0.71293,1.50,1.00
2016.11.25 04:27:34.247,0.71271,0.71291,1.50,1.00
2016.11.25 04:27:34.836,0.71271,0.71292,1.00,1.00
2016.11.25 04:27:35.351,0.71271,0.71291,1.00,1.00
2016.11.25 04:27:35.853,0.71271,0.7129,1.50,1.00
2016.11.25 04:27:36.213,0.71273,0.7129,1.00,1.00
2016.11.25 04:27:36.492,0.71271,0.7129,1.50,1.00
2016.11.25 04:27:37.064,0.71271,0.71292,1.50,1.00
2016.11.25 04:27:39.192,0.71273,0.71292,1.00,1.00
2016.11.25 04:27:39.344,0.71274,0.71295,1.00,1.87
2016.11.25 04:27:39.647,0.71273,0.71291,1.50,1.00
2016.11.25 04:27:42.327,0.71273,0.7129,1.00,1.00
2016.11.25 04:27:42.928,0.71273,0.71295,1.00,1.00
2016.11.25 04:27:43.429,0.71273,0.71291,1.00,1.00
2016.11.25 04:27:43.530,0.71272,0.71295,1.12,1.50
2016.11.25 04:27:43.631,0.71272,0.7129,1.00,1.00
2016.11.25 04:27:45.397,0.71271,0.7129,1.00,1.00
2016.11.25 04:27:45.932,0.71271,0.71291,1.50,1.00
2016.11.25 04:27:46.347,0.71269,0.7129,1.87,1.00
2016.11.25 04:27:46.398,0.71271,0.7129,1.00,1.00
2016.11.25 04:27:46.624,0.71269,0.7129,1.87,1.00
2016.11.25 04:27:46.725,0.7127,0.71292,1.00,1.00
2016.11.25 04:27:46.776,0.71272,0.7129,1.00,1.00
2016.11.25 04:27:47.311,0.71272,0.71291,1.00,1.00
2016.11.25 04:27:48.866,0.71272,0.71292,1.00,1.00
2016.11.25 04:27:49.492,0.7127,0.71292,1.50,1.00
2016.11.25 04:27:50.040,0.71271,0.71292,1.00,1.00
2016.11.25 04:27:50.141,0.71271,0.7129,1.50,1.00
2016.11.25 04:27:50.442,0.71271,0.71292,1.50,1.00
2016.11.25 04:27:50.951,0.71272,0.71291,1.00,1.00
2016.11.25 04:27:51.453,0.71271,0.71292,1.50,1.00
2016.11.25 04:27:52.043,0.71271,0.71291,1.00,1.00
2016.11.25 04:27:52.537,0.71273,0.7129,1.00,1.00
2016.11.25 04:27:53.144,0.71273,0.71291,1.00,1.00
2016.11.25 04:27:53.805,0.71272,0.71291,1.00,1.00
2016.11.25 04:27:56.291,0.71273,0.71291,1.00,1.00
2016.11.25 04:27:56.341,0.71271,0.71291,1.00,1.00
2016.11.25 04:27:56.593,0.71269,0.7129,1.87,1.00
2016.11.25 04:27:57.292,0.71271,0.7129,1.00,1.00
2016.11.25 04:27:57.877,0.71271,0.71291,1.00,1.50
2016.11.25 04:28:04.473,0.7127,0.71291,1.00,1.50
2016.11.25 04:28:05.463,0.71272,0.71291,1.00,1.50
2016.11.25 04:28:05.999,0.71271,0.71291,1.00,1.50
2016.11.25 04:28:06.201,0.71269,0.7129,1.00,1.00
2016.11.25 04:28:06.495,0.71269,0.71286,1.00,1.00
2016.11.25 04:28:06.597,0.71268,0.71288,1.00,1.00
2016.11.25 04:28:06.865,0.71268,0.71286,1.00,1.00
2016.11.25 04:28:07.373,0.71268,0.71285,1.00,1.00
2016.11.25 04:28:08.814,0.71268,0.71289,1.00,1.00
2016.11.25 04:28:09.016,0.71269,0.71286,1.00,1.00
2016.11.25 04:28:09.570,0.71269,0.71285,1.00,1.00
2016.11.25 04:28:10.363,0.71268,0.71286,1.50,1.00
2016.11.25 04:28:11.817,0.71269,0.71285,1.00,1.00
2016.11.25 04:28:12.398,0.71269,0.71286,1.00,1.00
2016.11.25 04:28:13.008,0.71268,0.71286,1.00,1.00
2016.11.25 04:28:17.051,0.71269,0.71286,1.00,1.00
2016.11.25 04:28:19.183,0.71269,0.71285,1.00,1.00
2016.11.25 04:28:19.930,0.71269,0.71286,1.00,1.00
2016.11.25 04:28:20.526,0.71269,0.71285,1.00,1.00
2016.11.25 04:28:21.041,0.71269,0.71286,1.50,1.00
2016.11.25 04:28:24.613,0.71269,0.71285,1.50,1.00
2016.11.25 04:28:25.147,0.7127,0.71285,1.00,1.00
2016.11.25 04:28:25.693,0.7127,0.71286,1.00,1.00
2016.11.25 04:28:26.194,0.7127,0.71285,1.00,1.00
2016.11.25 04:28:27.078,0.71269,0.71285,1.50,1.00
2016.11.25 04:28:28.315,0.71269,0.71286,1.50,1.00
2016.11.25 04:28:33.237,0.71267,0.71285,1.00,1.00
2016.11.25 04:28:33.362,0.71267,0.71289,1.00,1.00
2016.11.25 04:28:33.413,0.71266,0.71287,1.87,1.00
2016.11.25 04:28:33.750,0.71264,0.71281,1.37,1.00
2016.11.25 04:28:33.902,0.71264,0.71281,1.12,1.00
2016.11.25 04:28:34.723,0.71264,0.71284,1.87,1.00
2016.11.25 04:28:35.166,0.71261,0.71281,1.37,1.50
2016.11.25 04:28:35.368,0.71259,0.7128,1.50,1.00
2016.11.25 04:28:35.899,0.7126,0.71281,1.00,1.00
2016.11.25 04:28:36.417,0.7126,0.71282,1.00,1.00
2016.11.25 04:28:38.048,0.71261,0.71282,1.00,1.00
2016.11.25 04:28:40.084,0.7126,0.71282,1.50,1.00
2016.11.25 04:28:40.553,0.71262,0.71283,1.00,1.00
2016.11.25 04:28:40.855,0.71263,0.71281,1.00,1.00
2016.11.25 04:28:41.158,0.7126,0.71279,1.37,1.00
2016.11.25 04:28:41.309,0.71259,0.71279,1.00,1.00
2016.11.25 04:28:41.785,0.71261,0.71281,1.00,1.00
2016.11.25 04:28:42.314,0.71259,0.71281,1.87,1.00
2016.11.25 04:28:42.415,0.7126,0.71283,1.12,1.00
2016.11.25 04:28:42.516,0.71262,0.71284,1.00,1.00
2016.11.25 04:28:42.830,0.71262,0.71281,1.50,1.00
2016.11.25 04:28:44.146,0.71261,0.71281,1.50,1.00
2016.11.25 04:28:47.704,0.71262,0.71281,1.00,1.00
2016.11.25 04:28:48.047,0.71261,0.71283,1.50,1.00
2016.11.25 04:28:48.097,0.71263,0.71283,1.00,1.00
2016.11.25 04:28:48.349,0.71257,0.7128,1.87,1.50
2016.11.25 04:28:48.864,0.71259,0.71281,1.00,1.00
2016.11.25 04:28:50.195,0.71259,0.71282,1.00,1.00
2016.11.25 04:28:50.245,0.71258,0.71279,1.12,1.00
2016.11.25 04:28:50.796,0.71259,0.7128,1.50,1.00
2016.11.25 04:28:50.847,0.71259,0.71282,1.50,1.00
2016.11.25 04:28:51.678,0.7126,0.71282,1.00,1.00
2016.11.25 04:28:56.408,0.7126,0.71281,1.12,1.00
2016.11.25 04:28:57.434,0.7126,0.71282,1.12,1.00
2016.11.25 04:28:58.874,0.71261,0.71283,1.00,1.00
2016.11.25 04:29:02.865,0.71261,0.71282,1.00,1.00
2016.11.25 04:29:03.517,0.71261,0.71283,1.00,1.00
2016.11.25 04:29:04.519,0.71262,0.71283,1.00,1.00
2016.11.25 04:29:06.563,0.71263,0.71283,1.00,1.00
2016.11.25 04:29:07.213,0.71263,0.71284,1.00,1.00
2016.11.25 04:29:08.212,0.71263,0.71285,1.50,1.00
2016.11.25 04:29:08.897,0.71262,0.71284,1.00,1.00
2016.11.25 04:29:09.462,0.71261,0.71284,1.00,1.12
2016.11.25 04:29:09.872,0.71262,0.71282,1.00,1.00
2016.11.25 04:29:11.830,0.71261,0.71284,1.00,1.12
2016.11.25 04:29:12.235,0.71261,0.71282,1.00,1.00
2016.11.25 04:29:13.229,0.71261,0.71283,1.00,1.00
2016.11.25 04:29:13.837,0.71263,0.71283,1.00,1.00
2016.11.25 04:29:14.372,0.71263,0.71285,1.00,1.00
2016.11.25 04:29:14.422,0.71265,0.71286,1.00,1.00
2016.11.25 04:29:14.947,0.71264,0.71287,1.50,1.00
2016.11.25 04:29:15.253,0.71264,0.7128,1.50,1.00
2016.11.25 04:29:17.353,0.71263,0.7128,1.00,1.00
2016.11.25 04:29:17.895,0.71263,0.71281,1.00,1.00
2016.11.25 04:29:18.554,0.71263,0.7128,1.00,1.00
2016.11.25 04:29:20.419,0.71261,0.7128,1.87,1.00
2016.11.25 04:29:20.963,0.71261,0.71281,1.87,1.00
2016.11.25 04:29:22.235,0.71261,0.7128,1.87,1.00
2016.11.25 04:29:23.093,0.71261,0.71281,1.87,1.00
2016.11.25 04:29:23.937,0.71262,0.71281,1.00,1.00
2016.11.25 04:29:26.748,0.71261,0.71281,1.12,1.00
2016.11.25 04:29:27.819,0.7126,0.71281,1.00,1.00
2016.11.25 04:29:29.434,0.7126,0.7128,1.00,1.00
2016.11.25 04:29:30.703,0.71261,0.7128,1.00,1.00
2016.11.25 04:29:36.911,0.71261,0.71281,1.00,1.00
2016.11.25 04:29:38.012,0.71261,0.7128,1.00,1.00
2016.11.25 04:29:41.959,0.7126,0.7128,1.00,1.00
2016.11.25 04:29:44.430,0.7126,0.71281,1.00,1.00
2016.11.25 04:29:46.222,0.7126,0.7128,1.12,1.00
2016.11.25 04:29:46.824,0.7126,0.71281,1.12,1.00
2016.11.25 04:29:48.148,0.7126,0.7128,1.87,1.00
2016.11.25 04:29:48.725,0.7126,0.71281,1.87,1.00
2016.11.25 04:29:49.504,0.71261,0.71281,1.50,1.00
2016.11.25 04:29:49.757,0.71263,0.71283,1.00,1.00
2016.11.25 04:29:50.271,0.71263,0.71284,1.50,1.00
2016.11.25 04:29:51.780,0.71262,0.71284,1.50,1.00
2016.11.25 04:29:54.569,0.71262,0.71281,1.00,1.00
2016.11.25 04:29:54.670,0.7126,0.7128,1.12,1.00
2016.11.25 04:29:55.187,0.7126,0.71281,1.12,1.00
2016.11.25 04:29:55.739,0.71261,0.71281,1.00,1.00
2016.11.25 04:29:56.158,0.71261,0.71276,1.00,1.00
2016.11.25 04:29:56.238,0.71261,0.7128,1.00,1.00
2016.11.25 04:29:56.772,0.71262,0.71281,1.00,1.00
2016.11.25 04:29:57.376,0.71261,0.7128,1.50,1.00
2016.11.25 04:29:58.619,0.71261,0.71281,1.50,1.00
2016.11.25 04:29:58.849,0.71258,0.71276,1.37,1.00
2016.11.25 04:29:58.971,0.71255,0.71276,1.37,1.00
2016.11.25 04:29:59.073,0.71255,0.71277,1.00,1.00
2016.11.25 04:29:59.592,0.71255,0.71276,1.00,1.00
2016.11.25 04:30:00.397,0.71255,0.71275,1.00,1.00
2016.11.25 04:30:02.098,0.71256,0.71277,1.00,1.00
2016.11.25 04:30:03.091,0.71256,0.71278,1.00,1.00
2016.11.25 04:30:04.676,0.71256,0.71279,1.00,1.00
2016.11.25 04:30:05.147,0.71256,0.71275,1.00,1.00
2016.11.25 04:30:05.832,0.71256,0.71275,1.37,1.00
2016.11.25 04:30:06.448,0.71256,0.71279,1.37,1.00
2016.11.25 04:30:06.748,0.71256,0.71276,1.37,1.00
2016.11.25 04:30:07.050,0.71256,0.71279,1.37,1.00
2016.11.25 04:30:07.249,0.71256,0.71276,1.37,1.00
2016.11.25 04:30:07.450,0.71256,0.71279,1.37,1.00
2016.11.25 04:30:07.650,0.71256,0.71276,1.37,1.00
2016.11.25 04:30:07.751,0.71256,0.71279,1.37,1.00
2016.11.25 04:30:08.853,0.71256,0.71276,1.37,1.00
2016.11.25 04:30:08.953,0.71256,0.71279,1.37,1.00
2016.11.25 04:30:09.254,0.71256,0.71276,1.37,1.00
2016.11.25 04:30:10.079,0.71256,0.71279,1.87,1.00
2016.11.25 04:30:10.156,0.71256,0.71276,1.87,1.00
2016.11.25 04:30:10.257,0.71257,0.71279,1.12,1.00
2016.11.25 04:30:10.773,0.71257,0.71276,1.12,1.00
2016.11.25 04:30:11.257,0.71257,0.71279,1.12,1.00
2016.11.25 04:30:11.458,0.71257,0.71276,1.12,1.00
2016.11.25 04:30:11.758,0.71257,0.71279,1.12,1.00
2016.11.25 04:30:11.958,0.71257,0.71276,1.12,1.00
2016.11.25 04:30:12.659,0.71257,0.71279,1.12,1.00
2016.11.25 04:30:12.960,0.71257,0.71275,1.12,1.00
2016.11.25 04:30:13.561,0.71257,0.71276,1.12,1.00
2016.11.25 04:30:14.462,0.71257,0.71278,1.12,1.00
2016.11.25 04:30:15.663,0.71257,0.71276,1.12,1.00
2016.11.25 04:30:15.898,0.71257,0.71278,1.12,1.00
2016.11.25 04:30:16.015,0.71257,0.7128,1.12,2.25
2016.11.25 04:30:16.068,0.71257,0.7127,1.12,1.00
2016.11.25 04:30:16.169,0.71255,0.7127,1.00,1.00
2016.11.25 04:30:16.673,0.71255,0.71271,1.00,1.00
2016.11.25 04:30:17.188,0.71256,0.71276,1.00,1.50
2016.11.25 04:30:17.567,0.71256,0.71271,1.00,1.00
2016.11.25 04:30:18.043,0.71254,0.71271,1.00,1.00
2016.11.25 04:30:18.281,0.71254,0.71276,1.00,1.00
2016.11.25 04:30:18.384,0.71254,0.71271,1.00,1.00
2016.11.25 04:30:18.569,0.71254,0.71275,1.00,1.00
2016.11.25 04:30:18.769,0.71254,0.71271,1.00,1.00
2016.11.25 04:30:19.695,0.71254,0.71275,1.00,1.00
2016.11.25 04:30:19.970,0.71255,0.7127,1.00,1.00
2016.11.25 04:30:20.170,0.71255,0.71276,1.00,1.00
2016.11.25 04:30:20.759,0.71255,0.71271,1.00,1.00
2016.11.25 04:30:21.305,0.71255,0.7127,1.00,1.00
2016.11.25 04:30:22.307,0.71255,0.71275,1.00,1.00
2016.11.25 04:30:22.474,0.71255,0.71271,1.00,1.00
2016.11.25 04:30:23.788,0.71255,0.71277,1.00,1.00
2016.11.25 04:30:24.496,0.71256,0.71279,1.00,1.00
2016.11.25 04:30:25.339,0.71257,0.7128,1.00,1.87
2016.11.25 04:30:25.390,0.7126,0.7128,1.00,1.12
2016.11.25 04:30:25.596,0.71257,0.7128,1.12,1.50
2016.11.25 04:30:25.806,0.71257,0.71275,1.12,1.00
2016.11.25 04:30:27.047,0.71258,0.71275,1.00,1.00
2016.11.25 04:30:29.052,0.71257,0.71275,1.12,1.00
2016.11.25 04:30:29.927,0.71257,0.71276,1.12,1.00
2016.11.25 04:30:30.538,0.71257,0.71275,1.12,1.00
2016.11.25 04:30:31.184,0.71257,0.71276,1.12,1.00
2016.11.25 04:30:31.859,0.71257,0.71275,1.12,1.00
2016.11.25 04:30:32.011,0.71257,0.71279,1.12,1.00
2016.11.25 04:30:34.412,0.71259,0.71281,1.00,1.50
2016.11.25 04:30:34.786,0.71261,0.71281,1.00,1.00
2016.11.25 04:30:34.837,0.71259,0.71281,1.00,1.00
2016.11.25 04:30:35.101,0.71257,0.71278,1.12,1.00
2016.11.25 04:30:37.887,0.71257,0.71279,1.00,1.00
2016.11.25 04:30:38.393,0.71256,0.71279,1.00,1.00
2016.11.25 04:30:40.495,0.71256,0.7128,1.00,1.50
2016.11.25 04:30:41.935,0.71258,0.7128,1.00,1.50
2016.11.25 04:30:42.387,0.71261,0.71281,1.00,1.12
2016.11.25 04:30:42.710,0.71266,0.71287,1.00,1.00
2016.11.25 04:30:43.226,0.71267,0.71289,1.00,1.00
2016.11.25 04:30:44.211,0.71267,0.7129,1.00,1.00
2016.11.25 04:30:44.734,0.71266,0.7129,1.50,1.00
2016.11.25 04:30:46.925,0.71268,0.7129,1.00,1.00
2016.11.25 04:30:47.228,0.7127,0.7129,1.00,1.00
2016.11.25 04:30:48.725,0.7127,0.71291,1.00,1.50
2016.11.25 04:30:49.027,0.71269,0.71286,1.00,1.00
2016.11.25 04:30:49.592,0.71268,0.71285,1.50,1.00
2016.11.25 04:30:50.068,0.7127,0.71285,1.00,1.00
2016.11.25 04:30:50.912,0.7127,0.71286,1.00,1.00
2016.11.25 04:30:52.047,0.7127,0.71285,1.00,1.00
2016.11.25 04:30:52.657,0.7127,0.71286,1.00,1.00
2016.11.25 04:30:53.815,0.7127,0.71285,1.00,1.00
2016.11.25 04:30:54.357,0.7127,0.71286,1.00,1.00
2016.11.25 04:30:55.018,0.7127,0.71285,1.00,1.00
2016.11.25 04:30:55.768,0.71267,0.71285,1.87,1.00
2016.11.25 04:30:56.287,0.71267,0.71286,1.12,1.00
2016.11.25 04:30:59.111,0.71268,0.71286,1.00,1.00
2016.11.25 04:31:00.724,0.71268,0.71285,1.00,1.00
2016.11.25 04:31:01.261,0.71269,0.71286,1.00,1.00
2016.11.25 04:31:04.277,0.71269,0.7129,1.00,1.50
2016.11.25 04:31:04.378,0.71269,0.71286,1.50,1.00
2016.11.25 04:31:04.715,0.71264,0.7128,1.37,1.00
2016.11.25 04:31:04.769,0.71264,0.7128,1.00,1.00
2016.11.25 04:31:04.871,0.71265,0.71285,1.00,1.00
2016.11.25 04:31:05.031,0.71265,0.7128,1.00,1.00
2016.11.25 04:31:05.532,0.71264,0.71281,1.00,1.00
2016.11.25 04:31:07.578,0.71263,0.71284,1.12,1.00
2016.11.25 04:31:07.629,0.71264,0.71286,1.00,1.50
2016.11.25 04:31:07.730,0.71268,0.71285,1.00,1.00
2016.11.25 04:31:07.882,0.71268,0.71291,1.00,1.50
2016.11.25 04:31:07.932,0.71271,0.71291,1.00,1.50
2016.11.25 04:31:08.980,0.71272,0.71291,1.00,1.00
2016.11.25 04:31:09.081,0.71272,0.71294,1.50,1.00
2016.11.25 04:31:09.287,0.71272,0.71291,1.50,1.00
2016.11.25 04:31:09.439,0.71273,0.71295,1.00,1.00
2016.11.25 04:31:09.639,0.71273,0.71291,1.00,1.00
2016.11.25 04:31:09.840,0.71273,0.71295,1.00,1.00
2016.11.25 04:31:09.941,0.71273,0.71291,1.00,1.00
2016.11.25 04:31:10.985,0.71272,0.71291,1.50,1.00
2016.11.25 04:31:11.362,0.71274,0.71291,1.00,1.00
2016.11.25 04:31:11.866,0.71275,0.71291,1.00,1.00
2016.11.25 04:31:12.298,0.71272,0.7129,1.00,1.00
2016.11.25 04:31:12.813,0.71273,0.71291,1.00,1.00
2016.11.25 04:31:12.877,0.71271,0.71291,1.87,1.00
2016.11.25 04:31:14.355,0.71272,0.7129,1.00,1.00
2016.11.25 04:31:14.892,0.71271,0.7129,1.50,1.00
2016.11.25 04:31:15.552,0.71271,0.71291,1.00,1.00
2016.11.25 04:31:17.050,0.71271,0.7129,1.00,1.00
2016.11.25 04:31:17.551,0.71271,0.71291,1.00,1.00
2016.11.25 04:31:19.826,0.71273,0.71291,1.00,1.00
2016.11.25 04:31:20.455,0.71273,0.7129,1.00,1.00
2016.11.25 04:31:21.156,0.71273,0.71291,1.00,1.00
2016.11.25 04:31:21.757,0.71273,0.7129,1.00,1.00
2016.11.25 04:31:22.858,0.71273,0.71291,1.00,1.00
2016.11.25 04:31:23.383,0.71274,0.71291,1.00,1.00
2016.11.25 04:31:23.783,0.71275,0.71296,1.00,1.50
2016.11.25 04:31:30.167,0.71275,0.71295,1.00,1.00
2016.11.25 04:31:30.842,0.71275,0.71296,1.00,1.50
2016.11.25 04:31:32.469,0.71275,0.71295,1.00,1.00
2016.11.25 04:31:33.270,0.71275,0.71296,1.50,1.50
2016.11.25 04:31:33.696,0.71275,0.71294,1.00,1.00
2016.11.25 04:31:33.746,0.71275,0.71296,1.00,1.50
2016.11.25 04:31:33.797,0.71277,0.71295,1.00,1.00
2016.11.25 04:31:34.100,0.71277,0.71291,1.00,1.00
2016.11.25 04:31:34.310,0.71277,0.71296,1.00,1.00
2016.11.25 04:31:34.373,0.71277,0.7129,1.00,1.00
2016.11.25 04:31:34.574,0.71277,0.71296,1.00,1.00
2016.11.25 04:31:35.152,0.71277,0.71295,1.00,1.00
2016.11.25 04:31:35.203,0.71277,0.71291,1.00,1.00
2016.11.25 04:31:35.304,0.71277,0.71295,1.00,1.00
2016.11.25 04:31:35.515,0.71277,0.7129,1.00,1.00
2016.11.25 04:31:35.776,0.71277,0.71295,1.00,1.00
2016.11.25 04:31:36.294,0.71276,0.7129,1.00,1.00
2016.11.25 04:31:36.819,0.71276,0.71295,1.00,1.00
2016.11.25 04:31:37.229,0.71276,0.71291,1.50,1.00
2016.11.25 04:31:37.279,0.71276,0.71295,1.50,1.00
2016.11.25 04:31:37.686,0.71276,0.7129,1.00,1.00
2016.11.25 04:31:38.128,0.71276,0.71296,1.50,1.00
2016.11.25 04:31:38.681,0.71276,0.71295,1.50,1.00
2016.11.25 04:31:39.272,0.71276,0.71296,1.50,1.00
2016.11.25 04:31:39.774,0.71276,0.71295,1.50,1.00
2016.11.25 04:31:40.288,0.71277,0.71295,1.00,1.00
2016.11.25 04:31:42.488,0.71277,0.71296,1.00,1.00
2016.11.25 04:31:44.220,0.71276,0.71296,1.00,1.00
2016.11.25 04:31:44.752,0.71276,0.71295,1.50,1.00
2016.11.25 04:31:44.803,0.71276,0.71298,1.50,1.00
2016.11.25 04:31:45.193,0.71276,0.71295,1.50,1.00
2016.11.25 04:31:45.505,0.71277,0.71299,1.00,1.00
2016.11.25 04:31:45.555,0.71279,0.71299,1.00,1.00
2016.11.25 04:31:45.656,0.71277,0.71299,1.00,1.00
2016.11.25 04:31:46.297,0.71277,0.71296,1.50,1.00
2016.11.25 04:31:46.544,0.71278,0.71299,1.00,1.00
2016.11.25 04:31:46.696,0.71278,0.71296,1.00,1.00
2016.11.25 04:31:49.279,0.71277,0.71296,1.00,1.00
2016.11.25 04:31:49.796,0.71275,0.71296,1.87,1.00
2016.11.25 04:31:50.258,0.71277,0.71294,1.00,1.00
2016.11.25 04:31:50.460,0.7127,0.71291,1.87,1.00
2016.11.25 04:31:50.511,0.7127,0.71293,1.87,1.50
2016.11.25 04:31:50.562,0.7127,0.71293,1.50,1.50
2016.11.25 04:31:50.713,0.7127,0.7129,1.00,1.00
2016.11.25 04:31:50.815,0.7127,0.71293,1.00,1.50
2016.11.25 04:31:50.903,0.7127,0.7129,1.00,1.00
2016.11.25 04:31:51.523,0.71269,0.7129,1.50,1.00
2016.11.25 04:31:51.826,0.71271,0.71292,1.50,1.00
2016.11.25 04:31:52.328,0.71272,0.71292,1.00,1.00
2016.11.25 04:31:52.859,0.71272,0.71291,1.50,1.00
2016.11.25 04:31:53.373,0.71271,0.71291,1.00,1.00
2016.11.25 04:31:54.062,0.71272,0.71292,1.00,1.00
2016.11.25 04:31:54.594,0.71272,0.71291,1.00,1.00
2016.11.25 04:31:55.136,0.71272,0.71292,1.00,1.00
2016.11.25 04:31:55.445,0.71272,0.7129,1.00,1.00
2016.11.25 04:31:56.214,0.71272,0.71292,1.00,1.00
2016.11.25 04:31:57.215,0.71272,0.71291,1.00,1.00
2016.11.25 04:31:58.216,0.71272,0.71292,1.00,1.00
2016.11.25 04:31:58.735,0.71272,0.71291,1.00,1.00
2016.11.25 04:32:01.269,0.71272,0.71292,1.00,1.00
2016.11.25 04:32:01.853,0.71272,0.71291,1.00,1.00
2016.11.25 04:32:02.934,0.71272,0.7129,1.00,1.00
2016.11.25 04:32:03.152,0.71272,0.71292,1.00,1.00
2016.11.25 04:32:03.625,0.71272,0.7129,1.50,1.00
2016.11.25 04:32:03.842,0.71272,0.71292,1.50,1.00
2016.11.25 04:32:04.026,0.71272,0.7129,1.50,1.00
2016.11.25 04:32:04.264,0.71272,0.71292,1.50,1.00
2016.11.25 04:32:04.777,0.71272,0.71291,1.00,1.00
2016.11.25 04:32:04.928,0.71272,0.71293,1.00,1.00
2016.11.25 04:32:06.230,0.71272,0.71291,1.00,1.00
2016.11.25 04:32:06.910,0.7127,0.71291,1.00,1.00
2016.11.25 04:32:07.441,0.71269,0.71285,1.00,1.00
2016.11.25 04:32:07.751,0.71271,0.7129,1.00,1.50
2016.11.25 04:32:08.105,0.71272,0.71295,1.00,1.87
2016.11.25 04:32:08.155,0.71273,0.71291,1.50,1.00
2016.11.25 04:32:08.256,0.71274,0.71297,1.00,1.37
2016.11.25 04:32:08.307,0.71274,0.71297,1.00,1.00
2016.11.25 04:32:08.390,0.71276,0.71295,1.00,1.00
2016.11.25 04:32:08.535,0.71276,0.71297,1.00,1.00
2016.11.25 04:32:09.182,0.71276,0.71298,1.00,1.12
2016.11.25 04:32:10.175,0.71274,0.71298,1.50,1.12
2016.11.25 04:32:10.326,0.71276,0.71298,1.00,1.12
2016.11.25 04:32:13.080,0.71277,0.71298,1.00,1.12
2016.11.25 04:32:13.582,0.71276,0.71299,1.50,1.00
2016.11.25 04:32:15.293,0.71277,0.71299,1.00,1.00
2016.11.25 04:32:26.363,0.71276,0.71299,1.50,1.00
2016.11.25 04:32:27.091,0.71277,0.71299,1.00,1.00
2016.11.25 04:32:29.296,0.71277,0.71298,1.00,1.00
2016.11.25 04:32:30.381,0.71277,0.71296,1.00,1.00
2016.11.25 04:32:30.682,0.71277,0.71298,1.00,1.00
2016.11.25 04:32:33.521,0.71278,0.71298,1.00,1.00
2016.11.25 04:32:34.412,0.71277,0.71298,1.00,1.00
2016.11.25 04:32:34.695,0.71277,0.71296,1.00,1.00
2016.11.25 04:32:35.073,0.71279,0.71296,1.00,1.00
2016.11.25 04:32:35.315,0.71276,0.71294,1.00,1.00
2016.11.25 04:32:35.416,0.71274,0.7129,1.12,1.00
2016.11.25 04:32:35.517,0.71274,0.71295,1.12,1.00
2016.11.25 04:32:35.921,0.71274,0.71291,1.00,1.00
2016.11.25 04:32:36.177,0.71275,0.71296,1.50,1.00
2016.11.25 04:32:36.477,0.71275,0.71291,1.50,1.00
2016.11.25 04:32:36.727,0.71275,0.71296,1.50,1.00
2016.11.25 04:32:36.977,0.71275,0.71291,1.50,1.00
2016.11.25 04:32:37.479,0.71277,0.71291,1.00,1.00
2016.11.25 04:32:37.957,0.71275,0.71291,1.00,1.00
2016.11.25 04:32:38.479,0.71275,0.71296,1.00,1.00
2016.11.25 04:32:38.780,0.71275,0.71291,1.00,1.00
2016.11.25 04:32:41.091,0.71275,0.7129,1.00,1.00
2016.11.25 04:32:41.701,0.71275,0.71291,1.00,1.00
2016.11.25 04:32:44.392,0.71275,0.7129,1.00,1.00
2016.11.25 04:32:45.004,0.71276,0.71291,1.00,1.00
2016.11.25 04:32:45.403,0.71277,0.71295,1.50,1.00
2016.11.25 04:32:45.989,0.71277,0.71296,1.50,1.00
2016.11.25 04:32:46.313,0.71277,0.71294,1.00,1.00
2016.11.25 04:32:46.414,0.71271,0.71291,1.37,1.50
2016.11.25 04:32:46.515,0.71271,0.71286,1.87,1.00
2016.11.25 04:32:46.566,0.71271,0.71286,1.50,1.00
2016.11.25 04:32:46.617,0.71269,0.71285,1.12,1.00
2016.11.25 04:32:46.718,0.71269,0.7129,1.12,1.00
2016.11.25 04:32:46.949,0.71269,0.71286,1.12,1.00
2016.11.25 04:32:47.643,0.7127,0.71286,1.00,1.00
2016.11.25 04:32:48.594,0.7127,0.71291,1.00,1.00
2016.11.25 04:32:50.111,0.7127,0.71286,1.00,1.00
2016.11.25 04:32:50.613,0.7127,0.71285,1.00,1.00
2016.11.25 04:32:51.397,0.7127,0.71286,1.00,1.00
2016.11.25 04:32:54.501,0.7127,0.71285,1.00,1.00
2016.11.25 04:32:55.207,0.7127,0.71286,1.00,1.00
2016.11.25 04:32:56.674,0.71271,0.71286,1.00,1.00
2016.11.25 04:32:58.380,0.71269,0.71286,1.87,1.00
2016.11.25 04:32:59.352,0.7127,0.71286,1.00,1.00
2016.11.25 04:32:59.908,0.7127,0.71285,1.00,1.00
2016.11.25 04:33:00.568,0.7127,0.71286,1.00,1.00
2016.11.25 04:33:01.309,0.7127,0.71285,1.00,1.00
2016.11.25 04:33:01.848,0.71271,0.71286,1.00,1.00
2016.11.25 04:33:02.710,0.71272,0.71286,1.00,1.00
2016.11.25 04:33:03.280,0.71272,0.71285,1.00,1.00
2016.11.25 04:33:03.804,0.71272,0.71286,1.00,1.00
2016.11.25 04:33:04.647,0.71272,0.71291,1.00,1.00
2016.11.25 04:33:05.036,0.7127,0.71291,1.00,1.00
2016.11.25 04:33:05.113,0.7127,0.71286,1.00,1.00
2016.11.25 04:33:05.513,0.7127,0.7129,1.00,1.00
2016.11.25 04:33:05.565,0.71272,0.7129,1.00,1.00
2016.11.25 04:33:05.717,0.71275,0.71294,1.00,1.00
2016.11.25 04:33:06.000,0.71271,0.71294,1.37,1.00
2016.11.25 04:33:06.101,0.71271,0.71294,1.00,1.00
2016.11.25 04:33:06.748,0.71272,0.71294,1.00,1.00
2016.11.25 04:33:06.994,0.71272,0.71292,1.50,1.00
2016.11.25 04:33:08.127,0.71272,0.7129,1.00,1.00
2016.11.25 04:33:10.021,0.71272,0.71291,1.00,1.00
2016.11.25 04:33:13.251,0.71272,0.71293,1.00,1.00
2016.11.25 04:33:13.534,0.7127,0.71291,1.12,1.00
2016.11.25 04:33:14.140,0.7127,0.7129,1.12,1.00
2016.11.25 04:33:15.221,0.71271,0.7129,1.00,1.00
2016.11.25 04:33:15.787,0.71269,0.7129,1.37,1.00
2016.11.25 04:33:15.927,0.71269,0.71293,1.37,1.00
2016.11.25 04:33:16.744,0.71269,0.7129,1.37,1.00
2016.11.25 04:33:17.976,0.71269,0.71293,1.87,1.00
2016.11.25 04:33:18.077,0.71271,0.71291,1.00,1.00
2016.11.25 04:33:18.630,0.7127,0.71291,1.00,1.00
2016.11.25 04:33:19.160,0.7127,0.71292,1.00,1.00
2016.11.25 04:33:20.102,0.7127,0.71293,1.00,1.00
2016.11.25 04:33:20.404,0.71268,0.71291,1.00,1.00
2016.11.25 04:33:20.910,0.71268,0.71292,1.00,1.00
2016.11.25 04:33:22.782,0.71268,0.7129,1.00,1.00
2016.11.25 04:33:23.084,0.7127,0.7129,1.00,1.00
2016.11.25 04:33:23.388,0.71267,0.71291,1.12,1.50
2016.11.25 04:33:24.164,0.71269,0.71291,1.00,1.50
2016.11.25 04:33:29.440,0.71269,0.7129,1.00,1.00
2016.11.25 04:33:40.161,0.71267,0.71291,1.87,1.50
2016.11.25 04:33:40.709,0.71267,0.7129,1.87,1.00
2016.11.25 04:33:45.014,0.71268,0.71291,1.00,1.50
2016.11.25 04:33:45.569,0.71269,0.71291,1.00,1.00
2016.11.25 04:33:46.616,0.71268,0.71291,1.00,1.50
2016.11.25 04:33:47.968,0.71268,0.7129,1.00,1.00
2016.11.25 04:33:48.632,0.71268,0.71291,1.00,1.00
2016.11.25 04:33:51.182,0.71268,0.7129,1.00,1.00
2016.11.25 04:33:51.593,0.7127,0.71291,1.00,1.00
2016.11.25 04:33:52.104,0.7127,0.7129,1.00,1.00
2016.11.25 04:33:55.607,0.7127,0.71291,1.00,1.50
2016.11.25 04:33:56.778,0.7127,0.7129,1.00,1.00
2016.11.25 04:33:57.280,0.7127,0.71291,1.00,1.50
2016.11.25 04:33:57.924,0.71269,0.71291,1.00,1.50
2016.11.25 04:33:59.081,0.71269,0.7129,1.00,1.00
2016.11.25 04:34:00.612,0.71269,0.71291,1.00,1.00
2016.11.25 04:34:01.132,0.71269,0.7129,1.00,1.00
2016.11.25 04:34:01.753,0.71269,0.71291,1.00,1.00
2016.11.25 04:34:02.352,0.71269,0.7129,1.00,1.00
2016.11.25 04:34:02.874,0.71269,0.71291,1.00,1.00
2016.11.25 04:34:03.586,0.71269,0.7129,1.00,1.00
2016.11.25 04:34:04.096,0.7127,0.71291,1.00,1.00
2016.11.25 04:34:04.319,0.71271,0.71293,1.00,1.00
2016.11.25 04:34:05.286,0.7127,0.71293,1.12,1.00
2016.11.25 04:34:10.226,0.71271,0.71294,1.00,1.00
2016.11.25 04:34:10.541,0.7127,0.71291,1.12,1.50
2016.11.25 04:34:11.096,0.71271,0.71291,1.00,1.00
2016.11.25 04:34:12.011,0.71271,0.7129,1.12,1.00
2016.11.25 04:34:12.578,0.7127,0.71291,1.37,1.00
2016.11.25 04:34:13.307,0.7127,0.7129,1.37,1.00
2016.11.25 04:34:16.547,0.71271,0.71291,1.12,1.00
2016.11.25 04:34:16.964,0.71273,0.71291,1.00,1.00
2016.11.25 04:34:18.050,0.71274,0.71291,1.00,1.00
2016.11.25 04:34:18.151,0.71273,0.71295,1.00,1.00
2016.11.25 04:34:18.961,0.71273,0.71296,1.00,1.50
2016.11.25 04:34:19.514,0.71273,0.71295,1.00,1.00
2016.11.25 04:34:20.186,0.71273,0.71296,1.00,1.50
2016.11.25 04:34:24.114,0.71273,0.71295,1.00,1.00
2016.11.25 04:34:24.749,0.71273,0.71296,1.00,1.50
2016.11.25 04:34:26.786,0.71272,0.71295,1.00,1.00
2016.11.25 04:34:27.750,0.71272,0.71294,1.00,1.00
2016.11.25 04:34:28.324,0.71271,0.71294,1.00,1.00
2016.11.25 04:34:29.532,0.71272,0.71293,1.00,1.00
2016.11.25 04:34:39.685,0.71272,0.71294,1.00,1.00
2016.11.25 04:34:40.638,0.71272,0.71295,1.00,1.00
2016.11.25 04:34:43.837,0.71271,0.71294,1.00,1.00
2016.11.25 04:34:44.089,0.71271,0.71292,1.00,1.00
2016.11.25 04:34:44.406,0.7127,0.7129,1.12,1.00
2016.11.25 04:34:44.507,0.71268,0.71289,1.00,1.00
2016.11.25 04:34:44.860,0.71266,0.71285,1.00,1.00
2016.11.25 04:34:44.961,0.71266,0.71288,1.00,1.00
2016.11.25 04:34:45.062,0.71264,0.71286,1.00,1.00
2016.11.25 04:34:45.753,0.71265,0.71285,1.00,1.00
2016.11.25 04:34:48.273,0.71264,0.71285,1.00,1.00
2016.11.25 04:34:49.738,0.71262,0.71286,1.87,1.50
2016.11.25 04:34:50.327,0.71264,0.71285,1.00,1.00
2016.11.25 04:34:53.522,0.71264,0.71286,1.50,1.00
2016.11.25 04:34:54.032,0.71265,0.71286,1.00,1.00
2016.11.25 04:34:54.573,0.71264,0.71286,1.50,1.00
2016.11.25 04:34:55.156,0.71264,0.71287,1.50,1.00
2016.11.25 04:34:56.008,0.71265,0.71287,1.00,1.00
2016.11.25 04:34:57.043,0.71264,0.71287,1.50,1.00
2016.11.25 04:34:57.345,0.71266,0.71281,1.00,1.00
2016.11.25 04:34:57.880,0.71265,0.71281,1.00,1.00
2016.11.25 04:34:58.584,0.71264,0.71281,1.00,1.00
2016.11.25 04:34:59.613,0.71265,0.71281,1.00,1.00
2016.11.25 04:35:01.065,0.71265,0.71285,1.00,1.00
2016.11.25 04:35:03.271,0.71266,0.71285,1.00,1.00
2016.11.25 04:35:05.304,0.71266,0.71286,1.50,1.00
2016.11.25 04:35:05.487,0.71269,0.71286,1.00,1.00
2016.11.25 04:35:06.072,0.7127,0.71286,1.00,1.00
2016.11.25 04:35:06.672,0.7127,0.71285,1.00,1.00
2016.11.25 04:35:06.878,0.71268,0.71285,1.00,1.00
2016.11.25 04:35:08.173,0.71268,0.71286,1.00,1.00
2016.11.25 04:35:09.877,0.71268,0.71285,1.00,1.00
2016.11.25 04:35:11.077,0.71268,0.71286,1.00,1.00
2016.11.25 04:35:13.055,0.71267,0.71286,1.50,1.00
2016.11.25 04:35:13.281,0.71267,0.7128,1.50,1.00
2016.11.25 04:35:14.506,0.71267,0.71291,1.50,1.50
2016.11.25 04:35:15.167,0.71268,0.7129,1.00,1.00
2016.11.25 04:35:15.486,0.71268,0.71281,1.00,1.00
2016.11.25 04:35:15.587,0.71268,0.71285,1.00,1.00
2016.11.25 04:35:16.100,0.7127,0.71286,1.00,1.00
2016.11.25 04:35:18.045,0.71269,0.71286,1.00,1.00
2016.11.25 04:35:19.734,0.7127,0.71285,1.00,1.00
2016.11.25 04:35:20.304,0.71268,0.71286,1.00,1.00
2016.11.25 04:35:20.838,0.71269,0.71286,1.00,1.00
2016.11.25 04:35:21.112,0.71269,0.71291,1.00,1.50
2016.11.25 04:35:21.966,0.7127,0.71291,1.00,1.00
2016.11.25 04:35:22.067,0.71274,0.71291,1.00,1.00
2016.11.25 04:35:22.118,0.71274,0.71295,1.00,1.00
2016.11.25 04:35:22.394,0.71274,0.71291,1.00,1.00
2016.11.25 04:35:23.072,0.71274,0.7129,1.00,1.00
2016.11.25 04:35:23.122,0.71274,0.71295,1.00,1.00
2016.11.25 04:35:23.349,0.71274,0.71291,1.00,1.00
2016.11.25 04:35:23.500,0.71274,0.71295,1.00,1.00
2016.11.25 04:35:23.551,0.71272,0.71295,1.00,1.00
2016.11.25 04:35:23.898,0.71272,0.71291,1.00,1.00
2016.11.25 04:35:24.543,0.71274,0.71291,1.00,1.00
2016.11.25 04:35:24.708,0.71274,0.71296,1.00,1.00
2016.11.25 04:35:24.809,0.71274,0.7129,1.00,1.00
2016.11.25 04:35:24.910,0.71272,0.7129,1.00,1.00
2016.11.25 04:35:25.433,0.7127,0.71291,1.37,1.00
2016.11.25 04:35:26.258,0.71271,0.7129,1.12,1.00
2016.11.25 04:35:26.807,0.71271,0.71291,1.12,1.00
2016.11.25 04:35:28.239,0.71269,0.7129,1.00,1.00
2016.11.25 04:35:28.290,0.71266,0.7129,1.37,1.00
2016.11.25 04:35:28.837,0.71265,0.71291,1.87,1.50
2016.11.25 04:35:28.888,0.71269,0.7129,1.00,1.00
2016.11.25 04:35:29.909,0.71267,0.7129,1.12,1.00
2016.11.25 04:35:31.202,0.71268,0.71291,1.00,1.50
2016.11.25 04:35:31.253,0.71271,0.71292,1.00,1.00
2016.11.25 04:35:31.404,0.71273,0.71296,1.12,1.50
2016.11.25 04:35:31.455,0.71275,0.71296,1.00,1.50
2016.11.25 04:35:33.967,0.71275,0.71298,1.00,1.87
2016.11.25 04:35:34.624,0.71276,0.71299,1.00,1.50
2016.11.25 04:35:35.614,0.71275,0.71298,1.00,1.12
2016.11.25 04:35:36.736,0.71275,0.71296,1.00,1.00
2016.11.25 04:35:36.837,0.71273,0.71296,1.12,1.00
2016.11.25 04:35:37.788,0.71271,0.71295,1.87,1.00
2016.11.25 04:35:37.839,0.71271,0.71295,1.50,1.00
2016.11.25 04:35:38.572,0.71272,0.71295,1.00,1.00
2016.11.25 04:35:39.143,0.71273,0.71296,1.00,1.12
2016.11.25 04:35:40.185,0.71272,0.71295,1.50,1.00
2016.11.25 04:35:40.387,0.71274,0.71297,1.00,1.37
2016.11.25 04:35:40.901,0.71274,0.71297,1.00,1.00
2016.11.25 04:35:41.455,0.71275,0.71298,1.00,1.00
2016.11.25 04:35:43.149,0.71276,0.71291,1.00,1.00
2016.11.25 04:35:43.200,0.71274,0.71291,1.00,1.00
2016.11.25 04:35:43.251,0.71272,0.71291,1.12,1.00
2016.11.25 04:35:43.402,0.7127,0.71291,1.00,1.00
2016.11.25 04:35:43.764,0.71272,0.71291,1.00,1.00
2016.11.25 04:35:44.146,0.71272,0.71294,1.00,1.00
2016.11.25 04:35:44.417,0.7127,0.71294,1.00,1.00
2016.11.25 04:35:44.643,0.7127,0.7129,1.00,1.00
2016.11.25 04:35:45.043,0.71271,0.71294,1.00,1.00
2016.11.25 04:35:45.177,0.71271,0.7129,1.00,1.00
2016.11.25 04:35:45.690,0.71272,0.71291,1.00,1.00
2016.11.25 04:35:45.945,0.71272,0.71295,1.00,1.50
2016.11.25 04:35:46.176,0.71272,0.71291,1.00,1.00
2016.11.25 04:35:47.046,0.71272,0.7129,1.00,1.00
2016.11.25 04:35:47.357,0.71266,0.71285,1.12,1.50
2016.11.25 04:35:47.458,0.71264,0.71285,1.00,1.50
2016.11.25 04:35:47.509,0.71262,0.71285,1.00,1.50
2016.11.25 04:35:48.263,0.71261,0.71285,1.00,1.00
2016.11.25 04:35:48.831,0.71264,0.71285,1.00,1.00
2016.11.25 04:35:48.983,0.71264,0.71287,1.00,1.12
2016.11.25 04:35:49.050,0.71264,0.71285,1.00,1.00
2016.11.25 04:35:49.651,0.71264,0.71286,1.00,1.00
2016.11.25 04:35:50.364,0.71265,0.71286,1.00,1.00
2016.11.25 04:35:54.891,0.71265,0.71287,1.00,1.12
2016.11.25 04:35:57.903,0.71267,0.71287,1.00,1.12
2016.11.25 04:35:58.593,0.71267,0.71286,1.00,1.00
2016.11.25 04:35:59.161,0.71265,0.71286,1.00,1.00
2016.11.25 04:35:59.751,0.71266,0.71286,1.00,1.00
2016.11.25 04:36:00.181,0.71266,0.71288,1.00,1.00
2016.11.25 04:36:00.282,0.71267,0.71286,1.00,1.00
2016.11.25 04:36:00.511,0.71267,0.71288,1.00,1.00
2016.11.25 04:36:00.614,0.71268,0.7129,1.00,1.87
2016.11.25 04:36:00.715,0.71271,0.71293,1.00,1.37
2016.11.25 04:36:00.766,0.71271,0.71295,1.00,1.37
2016.11.25 04:36:00.867,0.71273,0.71295,1.00,1.37
2016.11.25 04:36:01.208,0.71273,0.71291,1.00,1.00
2016.11.25 04:36:01.681,0.71273,0.71295,1.00,1.37
2016.11.25 04:36:02.147,0.71271,0.71296,1.00,1.87
2016.11.25 04:36:02.198,0.71271,0.71291,1.00,1.00
2016.11.25 04:36:03.101,0.71272,0.71291,1.00,1.00
2016.11.25 04:36:03.749,0.71271,0.71291,1.50,1.00
2016.11.25 04:36:04.156,0.71269,0.7129,1.50,1.00
2016.11.25 04:36:04.704,0.71269,0.71291,1.50,1.00
2016.11.25 04:36:05.241,0.7127,0.71291,1.50,1.00
2016.11.25 04:36:05.592,0.71272,0.71291,1.00,1.00
2016.11.25 04:36:05.794,0.71272,0.71295,1.00,1.37
2016.11.25 04:36:05.995,0.71272,0.7129,1.50,1.00
2016.11.25 04:36:06.623,0.71274,0.7129,1.00,1.00
2016.11.25 04:36:06.724,0.71274,0.71294,1.00,1.12
2016.11.25 04:36:07.624,0.71272,0.71295,1.50,1.37
2016.11.25 04:36:08.626,0.71273,0.71295,1.00,1.37
2016.11.25 04:36:09.302,0.71273,0.71291,1.00,1.00
2016.11.25 04:36:09.726,0.7127,0.71285,1.37,1.00
2016.11.25 04:36:09.919,0.71262,0.71285,1.12,1.00
2016.11.25 04:36:10.083,0.71262,0.71282,1.00,1.00
2016.11.25 04:36:10.682,0.71261,0.71282,1.00,1.00
2016.11.25 04:36:11.012,0.71263,0.71282,1.00,1.00
2016.11.25 04:36:11.735,0.71263,0.71284,1.00,1.00
2016.11.25 04:36:11.949,0.71261,0.71282,1.00,1.00
2016.11.25 04:36:12.546,0.7126,0.71281,1.00,1.00
2016.11.25 04:36:14.740,0.7126,0.7128,1.00,1.00
2016.11.25 04:36:16.837,0.71261,0.71279,1.00,1.00
2016.11.25 04:36:16.990,0.71261,0.71282,1.00,1.12
2016.11.25 04:36:17.613,0.7126,0.71282,1.00,1.00
2016.11.25 04:36:17.664,0.71265,0.71282,1.00,1.00
2016.11.25 04:36:18.182,0.71264,0.71283,1.00,1.00
2016.11.25 04:36:18.768,0.71262,0.71283,1.12,1.00
2016.11.25 04:36:19.876,0.71261,0.71283,1.50,1.00
2016.11.25 04:36:20.425,0.71263,0.71283,1.00,1.00
2016.11.25 04:36:20.945,0.71263,0.71284,1.00,1.00
2016.11.25 04:36:24.702,0.71264,0.71285,1.00,1.12
2016.11.25 04:36:25.194,0.71266,0.71286,1.00,1.00
2016.11.25 04:36:25.754,0.71266,0.71285,1.00,1.00
2016.11.25 04:36:26.306,0.71265,0.71286,1.00,1.00
2016.11.25 04:36:26.860,0.71264,0.71286,1.00,1.00
2016.11.25 04:36:27.169,0.71264,0.71281,1.00,1.00
2016.11.25 04:36:27.220,0.71264,0.71286,1.00,1.00
2016.11.25 04:36:27.509,0.71264,0.71281,1.00,1.00
2016.11.25 04:36:28.235,0.71263,0.71281,1.00,1.00
2016.11.25 04:36:29.612,0.71263,0.71285,1.00,1.00
2016.11.25 04:36:30.090,0.71265,0.71285,1.00,1.00
2016.11.25 04:36:30.877,0.71265,0.71286,1.00,1.00
2016.11.25 04:36:33.818,0.71265,0.71285,1.00,1.00
2016.11.25 04:36:34.280,0.71267,0.71285,1.00,1.00
2016.11.25 04:36:34.537,0.71268,0.7129,1.00,1.00
2016.11.25 04:36:34.639,0.71266,0.71289,1.00,1.50
2016.11.25 04:36:34.740,0.71266,0.71286,1.00,1.00
2016.11.25 04:36:35.269,0.71266,0.71285,1.00,1.00
2016.11.25 04:36:35.828,0.71266,0.71286,1.00,1.00
2016.11.25 04:36:36.367,0.71265,0.71286,1.00,1.50
2016.11.25 04:36:38.725,0.71265,0.71285,1.00,1.00
2016.11.25 04:36:39.255,0.71265,0.71286,1.00,1.50
2016.11.25 04:36:40.028,0.71265,0.71285,1.00,1.00
2016.11.25 04:36:40.937,0.71265,0.71286,1.00,1.00
2016.11.25 04:36:41.226,0.71266,0.71288,1.00,1.12
2016.11.25 04:36:41.330,0.71266,0.71285,1.00,1.00
2016.11.25 04:36:41.830,0.71266,0.71288,1.00,1.12
2016.11.25 04:36:42.031,0.71266,0.71286,1.00,1.00
2016.11.25 04:36:42.582,0.71266,0.71285,1.00,1.00
2016.11.25 04:36:43.032,0.71266,0.71289,1.00,1.87
2016.11.25 04:36:43.233,0.71266,0.71286,1.00,1.00
2016.11.25 04:36:43.833,0.71266,0.71289,1.00,1.87
2016.11.25 04:36:44.182,0.71263,0.71284,1.12,1.00
2016.11.25 04:36:44.484,0.7126,0.71281,1.00,1.00
2016.11.25 04:36:44.988,0.7126,0.71282,1.00,1.87
2016.11.25 04:36:45.567,0.71259,0.71281,1.00,1.00
2016.11.25 04:36:46.318,0.7126,0.71281,1.00,1.00
2016.11.25 04:36:46.822,0.71259,0.71281,1.00,1.00
2016.11.25 04:36:51.845,0.71259,0.7128,1.00,1.00
2016.11.25 04:36:52.396,0.71258,0.71279,1.00,1.00
2016.11.25 04:36:54.000,0.71258,0.7128,1.00,1.12
2016.11.25 04:36:54.955,0.7126,0.71279,1.00,1.00
2016.11.25 04:36:57.852,0.71259,0.71281,1.00,1.37
2016.11.25 04:36:58.440,0.7126,0.71279,1.00,1.00
2016.11.25 04:37:15.411,0.71258,0.7128,1.00,1.00
2016.11.25 04:37:20.633,0.71259,0.7128,1.00,1.00
2016.11.25 04:37:31.243,0.7126,0.71281,1.00,1.00
2016.11.25 04:37:31.294,0.71263,0.71282,1.00,1.12
2016.11.25 04:37:31.446,0.71263,0.71285,1.00,1.87
2016.11.25 04:37:32.233,0.71263,0.71283,1.00,1.00
2016.11.25 04:37:33.571,0.71263,0.71284,1.00,1.00
2016.11.25 04:37:34.449,0.71262,0.71282,1.00,1.00
2016.11.25 04:37:34.550,0.71258,0.71281,1.50,1.00
2016.11.25 04:37:34.953,0.71257,0.71279,1.00,1.00
2016.11.25 04:37:40.105,0.71259,0.71278,1.00,1.00
2016.11.25 04:37:40.168,0.71258,0.7128,1.00,1.00
2016.11.25 04:37:41.600,0.7126,0.71279,1.00,1.00
2016.11.25 04:37:43.062,0.71259,0.7128,1.00,1.12
2016.11.25 04:37:46.041,0.71258,0.7128,1.00,1.12
2016.11.25 04:37:47.601,0.71259,0.7128,1.00,1.12
2016.11.25 04:37:54.425,0.71259,0.71279,1.00,1.00
2016.11.25 04:37:55.418,0.7126,0.71279,1.00,1.00
2016.11.25 04:37:56.835,0.71259,0.71279,1.00,1.00
2016.11.25 04:37:57.388,0.71259,0.7128,1.00,1.00
2016.11.25 04:38:00.056,0.71259,0.71281,1.00,1.87
2016.11.25 04:38:01.351,0.71259,0.7128,1.00,1.00
2016.11.25 04:38:02.152,0.71259,0.71281,1.00,1.87
2016.11.25 04:38:02.653,0.71259,0.7128,1.00,1.00
2016.11.25 04:38:03.154,0.71259,0.71281,1.00,1.87
2016.11.25 04:38:03.958,0.71261,0.71281,1.00,1.12
2016.11.25 04:38:04.260,0.71265,0.71286,1.00,1.37
2016.11.25 04:38:04.412,0.71267,0.71287,1.00,1.12
2016.11.25 04:38:05.266,0.71267,0.71286,1.00,1.00
2016.11.25 04:38:05.317,0.71267,0.71288,1.00,1.00
2016.11.25 04:38:05.418,0.71269,0.71289,1.00,1.00
2016.11.25 04:38:05.866,0.71267,0.71288,1.00,1.00
2016.11.25 04:38:11.976,0.71266,0.7129,1.00,1.12
2016.11.25 04:38:12.693,0.71267,0.7129,1.00,1.12
2016.11.25 04:38:14.993,0.71268,0.7129,1.00,1.12
2016.11.25 04:38:15.539,0.71268,0.71288,1.00,1.00
2016.11.25 04:38:19.271,0.7127,0.71288,1.00,1.00
2016.11.25 04:38:24.264,0.71271,0.71289,1.00,1.00
2016.11.25 04:38:24.771,0.7127,0.71288,1.00,1.00
2016.11.25 04:38:24.821,0.71268,0.71288,1.00,1.00
2016.11.25 04:38:26.140,0.71269,0.71288,1.00,1.00
2016.11.25 04:38:30.119,0.71269,0.71289,1.00,1.00
2016.11.25 04:38:30.482,0.71269,0.71287,1.00,1.00
2016.11.25 04:38:31.111,0.71269,0.71289,1.00,1.00
2016.11.25 04:38:31.742,0.7127,0.71289,1.00,1.00
2016.11.25 04:38:31.793,0.71271,0.71291,1.00,1.12
2016.11.25 04:38:31.944,0.71272,0.71293,1.00,1.00
2016.11.25 04:38:32.841,0.71271,0.71293,1.00,1.50
2016.11.25 04:38:33.299,0.71271,0.71291,1.00,1.00
2016.11.25 04:38:33.986,0.7127,0.7129,1.12,1.50
2016.11.25 04:38:34.187,0.71267,0.71288,1.50,1.00
2016.11.25 04:38:34.389,0.71265,0.71287,1.50,1.00
2016.11.25 04:38:34.980,0.71268,0.71287,1.00,1.00
2016.11.25 04:38:40.676,0.71269,0.71287,1.00,1.00
2016.11.25 04:38:43.442,0.7127,0.71287,1.00,1.00
2016.11.25 04:38:44.331,0.71269,0.71287,1.00,1.00
2016.11.25 04:38:44.882,0.71269,0.71289,1.00,1.00
2016.11.25 04:38:45.041,0.71271,0.71289,1.00,1.00
2016.11.25 04:38:46.677,0.71269,0.71288,1.00,1.00
2016.11.25 04:38:46.968,0.71267,0.71288,1.50,1.00
2016.11.25 04:38:47.019,0.71269,0.71289,1.00,1.00
2016.11.25 04:38:47.322,0.71271,0.7129,1.00,1.00
2016.11.25 04:38:47.523,0.71269,0.7129,1.00,2.25
2016.11.25 04:38:47.725,0.71269,0.71288,1.00,1.00
2016.11.25 04:38:48.178,0.71267,0.71287,1.00,1.00
2016.11.25 04:38:48.991,0.71268,0.71287,1.00,1.00
2016.11.25 04:38:49.092,0.71269,0.71289,1.00,1.00
2016.11.25 04:38:49.243,0.71271,0.7129,1.00,1.00
2016.11.25 04:38:49.697,0.71269,0.7129,1.12,1.00
2016.11.25 04:38:49.878,0.71269,0.71288,1.00,1.00
2016.11.25 04:38:50.393,0.71269,0.71289,1.00,1.00
2016.11.25 04:38:50.957,0.7127,0.71289,1.00,1.00
2016.11.25 04:38:56.275,0.71269,0.71289,1.00,1.00
2016.11.25 04:38:59.482,0.71268,0.71289,1.00,1.00
2016.11.25 04:39:00.970,0.71268,0.71288,1.00,1.00
2016.11.25 04:39:01.590,0.71267,0.71289,1.00,1.00
2016.11.25 04:39:02.122,0.71268,0.7129,1.00,1.00
2016.11.25 04:39:02.638,0.71267,0.71289,1.00,1.00
2016.11.25 04:39:03.402,0.71268,0.71289,1.00,1.00
2016.11.25 04:39:03.962,0.71267,0.71289,1.00,1.00
2016.11.25 04:39:04.608,0.71268,0.71289,1.00,1.00
2016.11.25 04:39:06.103,0.71267,0.71288,1.00,1.00
2016.11.25 04:39:07.317,0.71267,0.71285,1.00,1.00
2016.11.25 04:39:07.422,0.71267,0.71288,1.00,1.50
2016.11.25 04:39:07.999,0.71268,0.71288,1.00,1.50
2016.11.25 04:39:08.100,0.71268,0.71286,1.00,1.00
2016.11.25 04:39:08.327,0.71267,0.71288,1.00,1.00
2016.11.25 04:39:09.011,0.71267,0.71286,1.00,1.00
2016.11.25 04:39:09.111,0.71267,0.71288,1.00,1.50
2016.11.25 04:39:09.313,0.71267,0.71285,1.00,1.00
2016.11.25 04:39:09.903,0.71267,0.71288,1.00,1.00
2016.11.25 04:39:10.484,0.71267,0.71289,1.00,1.00
2016.11.25 04:39:10.590,0.71269,0.71289,1.00,1.50
2016.11.25 04:39:12.000,0.71267,0.71289,1.12,1.00
2016.11.25 04:39:12.715,0.71268,0.71289,1.00,1.00
2016.11.25 04:39:13.492,0.71267,0.71289,1.12,1.00
2016.11.25 04:39:14.045,0.71268,0.7129,1.50,1.00
2016.11.25 04:39:14.554,0.71268,0.71289,1.00,1.00
2016.11.25 04:39:15.097,0.71269,0.71289,1.00,1.00
2016.11.25 04:39:15.599,0.71268,0.71289,1.00,1.00
2016.11.25 04:39:15.805,0.7127,0.71289,1.00,1.00
2016.11.25 04:39:16.509,0.71268,0.71289,1.00,1.00
2016.11.25 04:39:17.047,0.71269,0.71289,1.00,1.00
2016.11.25 04:39:17.763,0.71268,0.71289,1.00,1.00
2016.11.25 04:39:17.864,0.7127,0.7129,1.00,1.00
2016.11.25 04:39:19.412,0.71267,0.7129,1.12,1.50
2016.11.25 04:39:20.786,0.71268,0.7129,1.00,1.00
2016.11.25 04:39:22.017,0.71269,0.71291,1.00,2.25
2016.11.25 04:39:22.519,0.7127,0.71291,1.00,1.50
2016.11.25 04:39:22.723,0.71268,0.71289,1.00,1.00
2016.11.25 04:39:23.065,0.71268,0.71286,1.00,1.00
2016.11.25 04:39:23.686,0.71267,0.71286,1.00,1.00
2016.11.25 04:39:23.838,0.71267,0.71289,1.00,1.00
2016.11.25 04:39:24.321,0.71267,0.71286,1.00,1.00
2016.11.25 04:39:25.031,0.71267,0.71285,1.00,1.00
2016.11.25 04:39:25.823,0.71267,0.71286,1.00,1.00
2016.11.25 04:39:26.388,0.71268,0.71286,1.00,1.00
2016.11.25 04:39:26.983,0.71268,0.71285,1.00,1.00
2016.11.25 04:39:27.671,0.71267,0.71285,1.00,1.00
2016.11.25 04:39:28.188,0.71267,0.71286,1.00,1.00
2016.11.25 04:39:29.042,0.71268,0.71286,1.00,1.00
2016.11.25 04:39:30.131,0.71269,0.71286,1.00,1.00
2016.11.25 04:39:31.529,0.71269,0.71285,1.00,1.00
2016.11.25 04:39:32.442,0.71268,0.71285,1.00,1.00
2016.11.25 04:39:32.983,0.71267,0.71285,1.00,1.00
2016.11.25 04:39:33.632,0.71266,0.71285,1.00,1.00
2016.11.25 04:39:34.272,0.71266,0.71286,1.00,1.00
2016.11.25 04:39:35.816,0.71267,0.71286,1.00,1.00
2016.11.25 04:39:36.735,0.71267,0.71285,1.00,1.00
2016.11.25 04:39:38.537,0.71267,0.71286,1.00,1.00
2016.11.25 04:39:39.178,0.71268,0.71286,1.00,1.00
2016.11.25 04:39:40.648,0.71268,0.71285,1.00,1.00
2016.11.25 04:39:41.153,0.71267,0.71285,1.00,1.00
2016.11.25 04:39:44.846,0.71267,0.71286,1.00,1.00
2016.11.25 04:39:45.598,0.71268,0.71286,1.00,1.00
2016.11.25 04:39:46.260,0.71268,0.71285,1.00,1.00
2016.11.25 04:39:46.919,0.71268,0.71286,1.00,1.00
2016.11.25 04:39:47.648,0.71268,0.71285,1.00,1.00
2016.11.25 04:39:58.961,0.71268,0.71288,1.00,1.50
2016.11.25 04:39:59.462,0.71268,0.71285,1.00,1.00
2016.11.25 04:40:00.193,0.71267,0.71285,1.00,1.00
2016.11.25 04:40:00.763,0.71267,0.71286,1.00,1.00
2016.11.25 04:40:01.955,0.71266,0.71286,1.00,1.00
2016.11.25 04:40:03.874,0.71268,0.71286,1.00,1.00
2016.11.25 04:40:04.466,0.71268,0.71285,1.00,1.00
2016.11.25 04:40:05.143,0.71268,0.71286,1.00,1.00
2016.11.25 04:40:06.571,0.71268,0.71288,1.00,2.25
2016.11.25 04:40:06.770,0.71268,0.71285,1.00,1.00
2016.11.25 04:40:07.171,0.71268,0.71288,1.00,2.25
2016.11.25 04:40:09.576,0.71268,0.71286,1.00,1.00
2016.11.25 04:40:10.115,0.71268,0.71288,1.00,2.25
2016.11.25 04:40:10.476,0.71267,0.71285,1.00,1.00
2016.11.25 04:40:10.838,0.71269,0.71285,1.00,1.00
2016.11.25 04:40:10.889,0.71269,0.71289,1.00,1.00
2016.11.25 04:40:11.090,0.71269,0.71291,1.00,2.25
2016.11.25 04:40:11.277,0.71269,0.71285,1.00,1.00
2016.11.25 04:40:17.869,0.7127,0.71285,1.00,1.00
2016.11.25 04:40:17.920,0.71264,0.71288,1.50,1.00
2016.11.25 04:40:17.971,0.71264,0.71288,1.50,1.00
2016.11.25 04:40:18.023,0.71264,0.71286,1.37,1.50
2016.11.25 04:40:18.074,0.71264,0.71286,1.00,1.50
2016.11.25 04:40:18.589,0.71264,0.71285,1.00,1.50
2016.11.25 04:40:19.117,0.71265,0.71285,1.00,2.25
2016.11.25 04:40:22.491,0.71265,0.7128,1.00,1.00
2016.11.25 04:40:22.797,0.71265,0.71285,1.00,1.50
2016.11.25 04:40:24.846,0.71265,0.7128,1.00,1.00
2016.11.25 04:40:25.756,0.71257,0.71279,1.37,1.00
2016.11.25 04:40:25.857,0.71257,0.71278,1.37,1.00
2016.11.25 04:40:25.958,0.71255,0.71278,1.37,1.50
2016.11.25 04:40:26.008,0.71255,0.71276,1.37,1.00
2016.11.25 04:40:26.516,0.71256,0.71278,1.00,2.62
2016.11.25 04:40:27.249,0.71257,0.71277,1.00,1.00
2016.11.25 04:40:27.765,0.71256,0.71276,1.00,1.00
2016.11.25 04:40:28.360,0.71257,0.71276,1.00,1.00
2016.11.25 04:40:29.420,0.71258,0.71276,1.00,1.00
2016.11.25 04:40:29.471,0.71258,0.71278,1.00,1.00
2016.11.25 04:40:30.776,0.71259,0.71279,1.00,1.50
2016.11.25 04:40:35.934,0.71258,0.71279,1.00,1.00
2016.11.25 04:40:36.763,0.7126,0.71279,1.00,1.00
2016.11.25 04:40:37.015,0.71259,0.71281,1.00,2.25
2016.11.25 04:40:37.934,0.7126,0.71281,1.00,1.50
2016.11.25 04:40:38.391,0.71258,0.7128,1.00,1.00
2016.11.25 04:40:38.492,0.7126,0.7128,1.00,1.50
2016.11.25 04:40:38.598,0.71257,0.71279,1.12,1.50
2016.11.25 04:40:38.803,0.71259,0.71278,1.00,1.00
2016.11.25 04:40:38.955,0.71256,0.71277,1.37,1.00
2016.11.25 04:40:39.498,0.71256,0.71276,1.37,1.00
2016.11.25 04:40:39.550,0.71256,0.71278,1.37,1.50
2016.11.25 04:40:39.753,0.71256,0.71276,1.00,1.00
2016.11.25 04:40:40.292,0.71256,0.71277,1.00,1.00
2016.11.25 04:40:40.811,0.71255,0.71276,1.00,1.50
2016.11.25 04:40:43.223,0.71255,0.71275,1.00,1.00
2016.11.25 04:40:43.724,0.71255,0.71276,1.00,1.00
2016.11.25 04:40:44.893,0.71257,0.71276,1.00,1.50
2016.11.25 04:40:44.944,0.71255,0.71276,1.00,1.50
2016.11.25 04:40:46.939,0.71255,0.71275,1.00,1.00
2016.11.25 04:40:47.542,0.71255,0.71276,1.00,1.50
2016.11.25 04:40:48.734,0.71256,0.71276,1.00,1.50
2016.11.25 04:40:49.346,0.71256,0.71275,1.00,1.00
2016.11.25 04:40:53.835,0.71256,0.71276,1.00,1.50
2016.11.25 04:40:54.381,0.71256,0.71275,1.00,1.00
2016.11.25 04:40:56.162,0.71256,0.71276,1.00,1.50
2016.11.25 04:40:59.742,0.71256,0.71275,1.00,1.00
2016.11.25 04:40:59.983,0.71254,0.71275,1.00,1.00
2016.11.25 04:41:00.344,0.71255,0.71277,1.00,1.50
2016.11.25 04:41:00.913,0.71256,0.71277,1.00,1.50
2016.11.25 04:41:01.760,0.71255,0.71276,1.00,1.50
2016.11.25 04:41:02.262,0.71255,0.71275,1.00,1.50
2016.11.25 04:41:02.806,0.71256,0.71277,1.00,1.50
2016.11.25 04:41:03.241,0.71253,0.71276,1.12,1.00
2016.11.25 04:41:03.345,0.71253,0.71272,1.12,1.00
2016.11.25 04:41:03.496,0.71253,0.71275,1.12,1.00
2016.11.25 04:41:04.041,0.71253,0.71276,1.12,1.00
2016.11.25 04:41:04.276,0.71256,0.71277,1.00,2.25
2016.11.25 04:41:04.578,0.71258,0.71278,1.00,1.00
2016.11.25 04:41:05.263,0.71256,0.71278,1.00,2.25
2016.11.25 04:41:05.485,0.71256,0.71276,1.00,1.00
2016.11.25 04:41:05.764,0.71254,0.71275,1.00,2.25
2016.11.25 04:41:06.561,0.71256,0.71276,1.00,1.50
2016.11.25 04:41:07.542,0.71256,0.71275,1.00,1.00
2016.11.25 04:41:14.794,0.71257,0.71275,1.00,1.50
2016.11.25 04:41:15.830,0.71255,0.71276,1.00,1.00
2016.11.25 04:41:17.627,0.71257,0.71276,1.00,1.00
2016.11.25 04:41:18.168,0.71258,0.71277,1.00,1.00
2016.11.25 04:41:18.279,0.71258,0.71279,1.00,1.87
2016.11.25 04:41:21.024,0.71257,0.71279,1.00,1.87
2016.11.25 04:41:21.125,0.71257,0.71277,1.00,1.00
2016.11.25 04:41:25.754,0.71259,0.71277,1.00,1.00
2016.11.25 04:41:26.266,0.71259,0.71278,1.00,1.00
2016.11.25 04:41:26.773,0.71258,0.71278,1.00,1.00
2016.11.25 04:41:27.288,0.71258,0.71277,1.00,1.00
2016.11.25 04:41:27.632,0.7126,0.71277,1.00,1.00
2016.11.25 04:41:27.733,0.7126,0.7128,1.00,1.00
2016.11.25 04:41:28.580,0.71259,0.7128,1.00,1.50
2016.11.25 04:41:28.825,0.71259,0.71277,1.00,1.00
2016.11.25 04:41:29.581,0.71258,0.71277,1.00,1.00
2016.11.25 04:41:32.844,0.71259,0.71277,1.00,1.00
2016.11.25 04:41:32.895,0.71257,0.71277,1.12,1.00
2016.11.25 04:41:33.046,0.71256,0.71275,1.37,1.00
2016.11.25 04:41:33.622,0.71256,0.71274,1.00,1.00
2016.11.25 04:41:34.168,0.71255,0.71274,1.12,1.00
2016.11.25 04:41:34.994,0.71255,0.71272,1.00,1.00
2016.11.25 04:41:35.095,0.71255,0.71277,1.00,2.62
2016.11.25 04:41:35.247,0.71256,0.71278,1.00,1.50
2016.11.25 04:41:35.425,0.71253,0.71276,1.12,1.00
2016.11.25 04:41:35.953,0.71254,0.71277,1.00,1.50
2016.11.25 04:41:36.071,0.71257,0.71276,1.00,1.00
2016.11.25 04:41:37.354,0.71257,0.71278,1.00,1.50
2016.11.25 04:41:37.405,0.71259,0.71278,1.00,1.50
2016.11.25 04:41:37.848,0.71259,0.7128,1.00,1.50
2016.11.25 04:41:39.728,0.71258,0.71277,1.00,1.00
2016.11.25 04:41:40.275,0.71255,0.71276,1.37,2.25
2016.11.25 04:41:43.578,0.71255,0.71275,1.37,1.00
2016.11.25 04:41:43.780,0.71254,0.71275,1.00,1.00
2016.11.25 04:41:44.288,0.71254,0.71274,1.00,1.00
2016.11.25 04:41:45.400,0.71255,0.71274,1.00,1.00
2016.11.25 04:41:48.446,0.71255,0.71276,1.00,1.50
2016.11.25 04:41:48.773,0.71254,0.71274,1.00,1.00
2016.11.25 04:41:57.808,0.71254,0.71275,1.00,1.50
2016.11.25 04:41:58.564,0.71254,0.71274,1.00,1.00
2016.11.25 04:41:59.091,0.71254,0.71275,1.00,2.25
2016.11.25 04:41:59.431,0.71253,0.71273,1.00,1.00
2016.11.25 04:41:59.733,0.7125,0.71271,1.00,1.00
2016.11.25 04:41:59.784,0.71252,0.7127,1.00,1.00
2016.11.25 04:41:59.885,0.71252,0.71273,1.00,2.25
2016.11.25 04:42:00.226,0.71253,0.71277,1.00,1.12
2016.11.25 04:42:00.870,0.71254,0.71276,1.00,1.00
2016.11.25 04:42:04.110,0.71256,0.71275,1.00,1.00
2016.11.25 04:42:06.114,0.71255,0.71277,1.00,1.12
2016.11.25 04:42:07.226,0.71258,0.71277,1.00,1.00
2016.11.25 04:42:07.579,0.7126,0.71278,1.00,1.00
2016.11.25 04:42:18.880,0.71262,0.71278,1.00,1.00
2016.11.25 04:42:19.204,0.71262,0.71281,1.00,1.00
2016.11.25 04:42:19.305,0.7126,0.71282,1.00,2.25
2016.11.25 04:42:19.355,0.7126,0.7128,1.00,1.00
2016.11.25 04:42:21.163,0.71261,0.7128,1.00,1.00
2016.11.25 04:42:21.743,0.71261,0.71281,1.00,1.00
2016.11.25 04:42:22.326,0.71262,0.71281,1.00,1.00
2016.11.25 04:42:22.942,0.7126,0.7128,1.00,1.50
2016.11.25 04:42:23.301,0.71258,0.71279,1.00,1.50
2016.11.25 04:42:23.845,0.71258,0.71278,1.00,1.00
2016.11.25 04:42:24.391,0.71257,0.71278,1.00,1.50
2016.11.25 04:42:27.642,0.71257,0.71276,1.00,1.00
2016.11.25 04:42:28.500,0.71256,0.71276,1.00,1.00
2016.11.25 04:42:29.443,0.71256,0.71277,1.00,1.00
2016.11.25 04:42:30.404,0.71256,0.71276,1.00,1.00
2016.11.25 04:42:30.724,0.71259,0.71278,1.00,1.50
2016.11.25 04:42:31.320,0.7126,0.71279,1.00,1.00
2016.11.25 04:42:32.342,0.71259,0.71278,1.12,1.00
2016.11.25 04:42:33.233,0.71259,0.7128,1.12,1.00
2016.11.25 04:42:36.175,0.7126,0.7128,1.00,1.00
2016.11.25 04:42:37.610,0.7126,0.71281,1.00,2.25
2016.11.25 04:42:46.344,0.71257,0.7128,1.37,1.00
2016.11.25 04:42:46.609,0.71257,0.71279,1.00,1.00
2016.11.25 04:42:47.363,0.71257,0.71278,1.00,1.00
2016.11.25 04:42:47.875,0.71257,0.71277,1.00,1.00
2016.11.25 04:42:49.294,0.71257,0.71279,1.00,1.00
2016.11.25 04:42:51.205,0.71258,0.71279,1.00,1.00
2016.11.25 04:42:52.809,0.71258,0.7128,1.00,2.25
2016.11.25 04:42:53.533,0.71257,0.71279,1.00,1.00
2016.11.25 04:42:56.056,0.71257,0.71275,1.00,1.00
2016.11.25 04:42:57.961,0.71257,0.71274,1.00,1.00
2016.11.25 04:42:58.193,0.71258,0.71277,1.00,1.00
2016.11.25 04:42:58.722,0.71259,0.71277,1.00,1.00
2016.11.25 04:42:59.880,0.7126,0.71277,1.00,1.00
2016.11.25 04:43:00.414,0.7126,0.71276,1.00,1.00
2016.11.25 04:43:00.933,0.71259,0.71276,1.00,1.00
2016.11.25 04:43:01.872,0.71258,0.71276,1.00,1.00
2016.11.25 04:43:02.855,0.71259,0.71276,1.00,1.00
2016.11.25 04:43:06.246,0.71257,0.71276,1.00,1.00
2016.11.25 04:43:06.347,0.7126,0.71276,1.00,1.00
2016.11.25 04:43:06.398,0.71263,0.7128,1.00,1.00
2016.11.25 04:43:06.945,0.71264,0.71281,1.00,1.00
2016.11.25 04:43:08.647,0.71264,0.71282,1.00,1.00
2016.11.25 04:43:09.425,0.71262,0.71279,1.12,1.00
2016.11.25 04:43:09.626,0.71259,0.71277,1.12,1.50
2016.11.25 04:43:09.837,0.71255,0.71272,1.50,1.00
2016.11.25 04:43:10.089,0.71253,0.71271,1.00,1.50
2016.11.25 04:43:10.653,0.71253,0.7127,1.00,1.00
2016.11.25 04:43:10.754,0.71251,0.71269,1.00,1.00
2016.11.25 04:43:10.855,0.71253,0.71271,1.00,1.00
2016.11.25 04:43:11.157,0.71251,0.7127,1.00,1.00
2016.11.25 04:43:11.309,0.71249,0.71268,1.12,1.00
2016.11.25 04:43:11.621,0.71247,0.71266,1.00,1.00
2016.11.25 04:43:11.926,0.71245,0.71265,1.00,1.00
2016.11.25 04:43:12.911,0.71246,0.71265,1.00,1.00
2016.11.25 04:43:13.421,0.71246,0.71264,1.00,1.00
2016.11.25 04:43:15.589,0.71244,0.71264,1.00,1.00
2016.11.25 04:43:15.690,0.71246,0.71264,1.00,1.00
2016.11.25 04:43:16.687,0.71245,0.71264,1.00,1.00
2016.11.25 04:43:17.028,0.71246,0.71262,1.00,1.00
2016.11.25 04:43:17.710,0.71244,0.71262,1.00,1.00
2016.11.25 04:43:18.718,0.71245,0.71262,1.00,1.00
2016.11.25 04:43:19.309,0.71244,0.71262,1.00,1.00
2016.11.25 04:43:19.858,0.71244,0.71263,1.00,1.00
2016.11.25 04:43:20.211,0.71243,0.7126,1.12,1.00
2016.11.25 04:43:20.717,0.71243,0.71261,1.00,1.50
2016.11.25 04:43:21.131,0.71243,0.71264,1.00,1.50
2016.11.25 04:43:21.703,0.71243,0.71262,1.00,1.00
2016.11.25 04:43:23.941,0.71243,0.71263,1.00,1.00
2016.11.25 04:43:24.471,0.71242,0.71264,1.12,1.00
2016.11.25 04:43:24.980,0.71241,0.71263,1.37,1.00
2016.11.25 04:43:25.485,0.71243,0.71264,1.00,1.00
2016.11.25 04:43:30.611,0.71243,0.71265,1.00,1.00
2016.11.25 04:43:32.772,0.71243,0.71264,1.00,1.00
2016.11.25 04:43:35.623,0.71245,0.71264,1.00,1.00
2016.11.25 04:43:35.983,0.71246,0.71266,1.00,1.50
2016.11.25 04:43:36.623,0.71247,0.71266,1.00,1.00
2016.11.25 04:43:38.581,0.71247,0.71268,1.00,1.00
2016.11.25 04:43:38.813,0.71246,0.71266,1.00,1.00
2016.11.25 04:43:39.319,0.71247,0.71266,1.00,1.00
2016.11.25 04:43:39.420,0.71247,0.71268,1.00,1.00
2016.11.25 04:43:42.521,0.71248,0.71269,1.00,1.00
2016.11.25 04:43:42.622,0.71248,0.71265,1.00,1.00
2016.11.25 04:43:42.722,0.71248,0.71269,1.00,1.00
2016.11.25 04:43:42.928,0.71248,0.71266,1.00,1.00
2016.11.25 04:43:43.637,0.7125,0.71265,1.00,1.00
2016.11.25 04:43:43.914,0.7125,0.71269,1.00,1.00
2016.11.25 04:43:50.427,0.71251,0.71266,1.00,1.00
2016.11.25 04:43:51.035,0.71251,0.71269,1.00,1.00
2016.11.25 04:43:51.108,0.71251,0.71265,1.00,1.00
2016.11.25 04:43:51.643,0.7125,0.71265,1.00,1.00
2016.11.25 04:43:51.809,0.7125,0.71269,1.00,1.00
2016.11.25 04:43:52.355,0.7125,0.71266,1.00,1.00
2016.11.25 04:43:52.812,0.7125,0.71269,1.00,1.00
2016.11.25 04:43:58.700,0.71251,0.71269,1.00,1.00
2016.11.25 04:43:59.949,0.71248,0.71269,1.00,1.00
2016.11.25 04:44:00.620,0.71248,0.71266,1.00,1.00
2016.11.25 04:44:00.980,0.7125,0.71266,1.00,1.00
2016.11.25 04:44:01.272,0.71248,0.71266,1.00,1.00
2016.11.25 04:44:01.424,0.71246,0.71265,1.00,1.00
2016.11.25 04:44:01.827,0.71246,0.71261,1.12,1.00
2016.11.25 04:44:05.127,0.71246,0.71265,1.12,1.00
2016.11.25 04:44:12.835,0.71245,0.71266,1.37,1.00
2016.11.25 04:44:15.659,0.71248,0.71266,1.00,1.00
2016.11.25 04:44:15.810,0.71248,0.71268,1.00,1.00
2016.11.25 04:44:16.034,0.71246,0.71267,1.12,1.00
2016.11.25 04:44:18.747,0.71246,0.71265,1.00,1.00
2016.11.25 04:44:20.142,0.71246,0.71267,1.00,1.00
2016.11.25 04:44:30.620,0.71246,0.71266,1.00,1.00
2016.11.25 04:44:31.124,0.71245,0.71266,1.00,1.00
2016.11.25 04:44:33.973,0.71247,0.71268,1.00,1.87
2016.11.25 04:44:34.908,0.71247,0.71267,1.00,1.00
2016.11.25 04:44:35.443,0.71246,0.71267,1.00,1.00
2016.11.25 04:44:36.612,0.71248,0.71267,1.00,1.50
2016.11.25 04:44:37.245,0.71248,0.71266,1.00,1.00
2016.11.25 04:44:37.447,0.71247,0.71268,1.00,1.87
2016.11.25 04:44:37.970,0.71248,0.71269,1.00,1.50
2016.11.25 04:44:38.320,0.71248,0.71267,1.00,1.00
2016.11.25 04:44:42.121,0.71246,0.71267,1.00,1.00
2016.11.25 04:44:42.272,0.71244,0.71264,1.37,1.00
2016.11.25 04:44:42.574,0.71247,0.71266,1.00,1.50
2016.11.25 04:44:42.904,0.71247,0.71264,1.00,1.00
2016.11.25 04:44:43.426,0.71246,0.71265,1.00,1.50
2016.11.25 04:44:45.936,0.71244,0.71266,1.37,1.00
2016.11.25 04:44:47.783,0.71245,0.71264,1.00,1.00
2016.11.25 04:44:48.175,0.71243,0.71265,1.00,1.00
2016.11.25 04:44:48.415,0.71245,0.71265,1.00,1.00
2016.11.25 04:44:49.003,0.71245,0.71266,1.00,1.00
2016.11.25 04:44:50.193,0.71247,0.71266,1.00,1.00
2016.11.25 04:44:50.294,0.71249,0.71271,1.00,2.25
2016.11.25 04:44:50.345,0.71252,0.71271,1.00,2.25
2016.11.25 04:44:51.391,0.71252,0.71272,1.00,1.00
2016.11.25 04:44:51.492,0.7125,0.71271,1.00,1.00
2016.11.25 04:44:52.687,0.71252,0.71271,1.00,1.00
2016.11.25 04:44:52.990,0.71251,0.71269,1.00,1.00
2016.11.25 04:44:53.500,0.71251,0.71268,1.00,1.00
2016.11.25 04:44:55.145,0.71253,0.71271,1.00,1.00
2016.11.25 04:44:55.775,0.71253,0.71272,1.00,1.00
2016.11.25 04:44:56.796,0.71251,0.71272,1.00,1.00
2016.11.25 04:44:56.955,0.71253,0.71272,1.00,1.00
2016.11.25 04:44:58.218,0.71253,0.71271,1.00,1.00
2016.11.25 04:44:59.562,0.71253,0.71272,1.00,1.00
2016.11.25 04:45:00.791,0.71251,0.71272,1.00,1.00
2016.11.25 04:45:02.243,0.71251,0.71271,1.00,1.00
2016.11.25 04:45:02.760,0.71251,0.71272,1.00,1.00
2016.11.25 04:45:10.355,0.71252,0.71273,1.00,1.00
2016.11.25 04:45:11.316,0.71251,0.71272,1.00,1.00
2016.11.25 04:45:11.854,0.71251,0.7127,1.00,1.00
2016.11.25 04:45:12.441,0.71251,0.71271,1.00,1.50
2016.11.25 04:45:13.926,0.71251,0.7127,1.00,1.00
2016.11.25 04:45:14.141,0.71251,0.71272,1.00,1.00
2016.11.25 04:45:14.684,0.71251,0.71271,1.00,1.00
2016.11.25 04:45:17.230,0.71251,0.71272,1.00,1.00
2016.11.25 04:45:17.930,0.71251,0.71271,1.00,1.00
2016.11.25 04:45:24.144,0.7125,0.71271,1.00,1.00
2016.11.25 04:45:24.829,0.71251,0.71272,1.00,1.00
2016.11.25 04:45:25.540,0.71251,0.71271,1.00,1.00
2016.11.25 04:45:26.091,0.7125,0.71271,1.00,1.00
2016.11.25 04:45:26.614,0.7125,0.7127,1.00,1.00
2016.11.25 04:45:27.214,0.7125,0.71271,1.00,1.00
2016.11.25 04:45:27.744,0.7125,0.7127,1.00,1.00
2016.11.25 04:45:29.662,0.7125,0.71271,1.00,1.00
2016.11.25 04:45:34.532,0.71251,0.71272,1.00,1.00
2016.11.25 04:45:39.360,0.71251,0.7127,1.00,1.00
2016.11.25 04:45:40.186,0.71251,0.71272,1.00,1.50
2016.11.25 04:45:54.981,0.71251,0.71271,1.00,1.00
2016.11.25 04:45:58.722,0.71251,0.71272,1.00,1.00
2016.11.25 04:45:59.360,0.7125,0.71271,1.00,1.00
2016.11.25 04:46:00.588,0.7125,0.7127,1.00,1.00
2016.11.25 04:46:04.032,0.7125,0.71271,1.00,1.00
2016.11.25 04:46:18.865,0.71252,0.7127,1.00,1.00
2016.11.25 04:46:19.835,0.7125,0.71271,1.00,1.00
2016.11.25 04:46:22.362,0.71252,0.71271,1.00,1.00
2016.11.25 04:46:27.660,0.71251,0.71271,1.00,1.00
2016.11.25 04:46:27.962,0.71254,0.71275,1.00,1.50
2016.11.25 04:46:28.644,0.71255,0.71276,1.00,1.50
2016.11.25 04:46:30.899,0.71254,0.71275,1.00,1.50
2016.11.25 04:46:31.458,0.71254,0.71274,1.00,1.00
2016.11.25 04:46:36.657,0.71253,0.71274,1.00,1.00
2016.11.25 04:46:38.322,0.71253,0.71273,1.00,1.00
2016.11.25 04:46:39.224,0.71252,0.71273,1.00,1.00
2016.11.25 04:46:40.128,0.71251,0.71272,1.00,1.00
2016.11.25 04:46:42.834,0.71252,0.7127,1.00,1.00
2016.11.25 04:46:45.582,0.7125,0.71271,1.00,1.00
2016.11.25 04:46:51.165,0.71252,0.71272,1.00,1.00
2016.11.25 04:46:51.467,0.71255,0.71274,1.00,1.00
2016.11.25 04:46:52.230,0.71255,0.71275,1.00,1.50
2016.11.25 04:46:53.618,0.71256,0.71275,1.00,1.00
2016.11.25 04:46:53.769,0.71256,0.71277,1.00,1.00
2016.11.25 04:46:54.021,0.71253,0.71274,1.00,1.00
2016.11.25 04:46:54.349,0.71251,0.71272,1.00,1.00
2016.11.25 04:46:54.659,0.71253,0.71274,1.00,1.00
2016.11.25 04:46:55.321,0.71252,0.71273,1.00,1.50
2016.11.25 04:46:55.831,0.71253,0.71274,1.00,1.50
2016.11.25 04:46:56.445,0.71253,0.71273,1.00,1.50
2016.11.25 04:46:56.969,0.71253,0.71274,1.00,1.50
2016.11.25 04:46:58.189,0.71252,0.71273,1.00,1.00
2016.11.25 04:46:58.694,0.71252,0.71272,1.00,1.00
2016.11.25 04:46:59.230,0.71251,0.71271,1.00,1.00
2016.11.25 04:47:01.032,0.71251,0.71272,1.00,1.00
2016.11.25 04:47:02.891,0.71252,0.71272,1.00,1.00
2016.11.25 04:47:03.515,0.71251,0.71271,1.00,1.50
2016.11.25 04:47:04.533,0.71253,0.71272,1.00,1.00
2016.11.25 04:47:04.753,0.71253,0.71274,1.00,1.00
2016.11.25 04:47:05.532,0.71255,0.71273,1.00,1.00
2016.11.25 04:47:05.724,0.71253,0.71274,1.00,1.00
2016.11.25 04:47:05.982,0.71252,0.71271,1.00,1.00
2016.11.25 04:47:06.677,0.71252,0.71272,1.00,1.50
2016.11.25 04:47:07.463,0.71251,0.71271,1.00,1.00
2016.11.25 04:47:09.431,0.7125,0.71271,1.00,1.50
2016.11.25 04:47:09.802,0.71249,0.71269,1.00,1.00
2016.11.25 04:47:10.105,0.71248,0.71267,1.00,1.00
2016.11.25 04:47:10.521,0.7125,0.7127,1.00,1.50
2016.11.25 04:47:10.572,0.71252,0.7127,1.00,1.00
2016.11.25 04:47:10.874,0.71254,0.7127,1.37,1.00
2016.11.25 04:47:12.313,0.71255,0.71275,1.12,1.00
2016.11.25 04:47:12.373,0.71255,0.71277,1.12,1.50
2016.11.25 04:47:12.524,0.71256,0.71275,1.00,1.50
2016.11.25 04:47:14.410,0.71257,0.71275,1.00,1.50
2016.11.25 04:47:16.061,0.71256,0.71275,1.00,1.00
2016.11.25 04:47:18.981,0.71254,0.71275,1.37,2.25
2016.11.25 04:47:19.325,0.71253,0.71271,1.00,1.00
2016.11.25 04:47:19.829,0.71252,0.71271,1.00,1.00
2016.11.25 04:47:20.716,0.71254,0.71271,1.00,1.00
2016.11.25 04:47:22.737,0.71254,0.71273,1.00,1.00
2016.11.25 04:47:27.778,0.71254,0.71272,1.00,1.00
2016.11.25 04:47:28.332,0.71254,0.71273,1.00,1.00
2016.11.25 04:47:32.776,0.71254,0.71275,1.00,2.25
2016.11.25 04:47:32.947,0.71253,0.71273,1.00,1.00
2016.11.25 04:47:33.505,0.71252,0.71274,1.00,1.50
2016.11.25 04:47:35.228,0.71252,0.71273,1.00,1.00
2016.11.25 04:47:37.530,0.71255,0.71275,1.00,1.00
2016.11.25 04:47:37.586,0.71253,0.71275,1.00,1.50
2016.11.25 04:47:38.142,0.71253,0.71272,1.00,1.00
2016.11.25 04:47:38.364,0.7125,0.7127,1.00,1.00
2016.11.25 04:47:38.928,0.71249,0.7127,1.00,1.50
2016.11.25 04:47:46.122,0.71248,0.71269,1.00,1.00
2016.11.25 04:47:47.070,0.7125,0.71269,1.00,1.00
2016.11.25 04:47:48.173,0.71249,0.71267,1.00,1.00
2016.11.25 04:47:48.302,0.71247,0.71268,1.00,1.00
2016.11.25 04:47:48.453,0.71249,0.71268,1.00,1.00
2016.11.25 04:47:51.580,0.71249,0.71267,1.00,1.00
2016.11.25 04:47:51.631,0.71247,0.71267,1.00,1.00
2016.11.25 04:47:52.181,0.71247,0.71268,1.00,1.00
2016.11.25 04:47:57.126,0.71248,0.71269,1.00,1.00
2016.11.25 04:47:57.227,0.71247,0.71267,1.00,1.00
2016.11.25 04:47:57.778,0.71247,0.71268,1.00,1.12
2016.11.25 04:47:58.197,0.71249,0.7127,1.00,1.50
2016.11.25 04:48:01.101,0.71249,0.71268,1.00,1.00
2016.11.25 04:48:01.403,0.71248,0.71266,1.00,1.00
2016.11.25 04:48:02.373,0.71249,0.71266,1.00,1.00
2016.11.25 04:48:02.754,0.71249,0.71268,1.00,1.87
2016.11.25 04:48:03.170,0.71249,0.71266,1.00,1.00
2016.11.25 04:48:03.778,0.7125,0.71266,1.00,1.00
2016.11.25 04:48:04.396,0.71248,0.71266,1.00,1.00
2016.11.25 04:48:05.480,0.71248,0.71265,1.00,1.00
2016.11.25 04:48:05.952,0.71248,0.71267,1.00,1.00
2016.11.25 04:48:09.441,0.71248,0.71266,1.00,1.00
2016.11.25 04:48:09.993,0.71248,0.71267,1.00,1.00
2016.11.25 04:48:12.795,0.71248,0.71268,1.00,1.00
2016.11.25 04:48:14.453,0.71248,0.71269,1.00,1.50
2016.11.25 04:48:14.605,0.71248,0.71266,1.00,1.00
2016.11.25 04:48:14.958,0.71248,0.71269,1.00,1.50
2016.11.25 04:48:15.858,0.71248,0.71265,1.00,1.00
2016.11.25 04:48:15.960,0.71248,0.71269,1.00,1.50
2016.11.25 04:48:16.283,0.71247,0.71266,1.00,1.00
2016.11.25 04:48:17.065,0.71247,0.71268,1.00,1.00
2016.11.25 04:48:17.260,0.71247,0.71265,1.00,1.00
2016.11.25 04:48:17.733,0.71248,0.71269,1.00,1.50
2016.11.25 04:48:18.461,0.71248,0.71266,1.00,1.00
2016.11.25 04:48:18.767,0.71247,0.71268,1.00,1.00
2016.11.25 04:48:18.970,0.71247,0.71265,1.00,1.00
2016.11.25 04:48:19.479,0.71247,0.71268,1.00,1.00
2016.11.25 04:48:19.672,0.71247,0.71266,1.12,1.00
2016.11.25 04:48:19.862,0.71247,0.71268,1.12,1.00
2016.11.25 04:48:20.575,0.71247,0.71266,1.12,1.00
2016.11.25 04:48:20.963,0.71247,0.71268,1.00,1.00
2016.11.25 04:48:21.685,0.71247,0.71266,1.00,1.00
2016.11.25 04:48:22.069,0.71248,0.71269,1.00,1.50
2016.11.25 04:48:22.314,0.71248,0.71266,1.00,1.00
2016.11.25 04:48:22.614,0.71248,0.71269,1.00,1.50
2016.11.25 04:48:23.484,0.71248,0.71265,1.00,1.00
2016.11.25 04:48:23.903,0.71248,0.71269,1.00,1.50
2016.11.25 04:48:24.205,0.71249,0.71266,1.00,1.00
2016.11.25 04:48:24.468,0.71249,0.71269,1.00,1.50
2016.11.25 04:48:25.108,0.71249,0.71266,1.00,1.00
2016.11.25 04:48:25.373,0.71249,0.71269,1.00,1.50
2016.11.25 04:48:25.769,0.71249,0.71266,1.00,1.00
2016.11.25 04:48:26.291,0.71249,0.7127,1.00,1.00
2016.11.25 04:48:26.386,0.71251,0.71271,1.00,1.00
2016.11.25 04:48:26.689,0.71252,0.71273,1.00,1.12
2016.11.25 04:48:27.097,0.71252,0.7127,1.00,1.00
2016.11.25 04:48:30.294,0.71254,0.71273,1.00,1.00
2016.11.25 04:48:30.496,0.71251,0.71274,1.00,1.00
2016.11.25 04:48:30.597,0.71251,0.7127,1.00,1.00
2016.11.25 04:48:31.315,0.71252,0.7127,1.00,1.00
2016.11.25 04:48:33.282,0.71253,0.71271,1.00,1.00
2016.11.25 04:48:33.484,0.71253,0.71275,1.00,1.87
2016.11.25 04:48:33.988,0.71253,0.71274,1.00,1.00
2016.11.25 04:48:34.088,0.71252,0.7127,1.00,1.00
2016.11.25 04:48:34.618,0.71251,0.71271,1.00,1.00
2016.11.25 04:48:35.636,0.7125,0.71271,1.12,1.50
2016.11.25 04:48:37.640,0.7125,0.71269,1.12,1.00
2016.11.25 04:48:38.550,0.71248,0.71268,1.37,1.00
2016.11.25 04:48:38.739,0.71248,0.71267,1.00,1.00
2016.11.25 04:48:38.840,0.71246,0.71266,1.12,1.50
2016.11.25 04:48:39.240,0.71248,0.71268,1.00,1.00
2016.11.25 04:48:39.392,0.71248,0.7127,1.00,1.12
2016.11.25 04:48:40.231,0.71247,0.71267,1.00,1.00
2016.11.25 04:48:40.796,0.71247,0.71268,1.00,1.50
2016.11.25 04:48:46.629,0.71247,0.71269,1.00,1.50
2016.11.25 04:48:47.202,0.71247,0.71268,1.00,1.00
2016.11.25 04:48:49.741,0.71248,0.71266,1.00,1.00
2016.11.25 04:48:50.171,0.7125,0.71269,1.00,1.00
2016.11.25 04:48:50.733,0.71249,0.71269,1.00,1.00
2016.11.25 04:48:51.361,0.71248,0.71268,1.00,1.00
2016.11.25 04:48:51.911,0.71247,0.71268,1.00,1.50
2016.11.25 04:49:01.273,0.71248,0.71268,1.00,1.50
2016.11.25 04:49:07.655,0.71249,0.71268,1.00,1.00
2016.11.25 04:49:07.756,0.71249,0.7127,1.00,1.12
2016.11.25 04:49:08.008,0.71249,0.71266,1.00,1.00
2016.11.25 04:49:08.520,0.71248,0.71267,1.00,1.00
2016.11.25 04:49:20.492,0.7125,0.71267,1.00,1.00
2016.11.25 04:49:20.593,0.7125,0.71271,1.12,1.87
2016.11.25 04:49:20.644,0.71253,0.71271,1.00,1.37
2016.11.25 04:49:20.745,0.71253,0.71272,1.00,1.00
2016.11.25 04:49:20.975,0.71253,0.7127,1.00,1.00
2016.11.25 04:49:21.504,0.71252,0.71271,1.00,1.00
2016.11.25 04:49:22.006,0.71252,0.71272,1.00,1.50
2016.11.25 04:49:32.890,0.71254,0.71273,1.00,1.00
2016.11.25 04:49:37.152,0.71254,0.71274,1.00,1.00
2016.11.25 04:49:41.635,0.71254,0.71273,1.00,1.00
2016.11.25 04:49:44.359,0.71253,0.71273,1.00,1.50
2016.11.25 04:49:45.604,0.71253,0.71272,1.00,1.00
2016.11.25 04:49:46.197,0.71253,0.71271,1.00,1.00
2016.11.25 04:49:46.856,0.71252,0.71271,1.00,1.00
2016.11.25 04:49:48.019,0.71252,0.7127,1.00,1.00
2016.11.25 04:49:55.964,0.71252,0.71273,1.00,1.50
2016.11.25 04:49:56.508,0.71256,0.71273,1.00,1.00
2016.11.25 04:49:56.605,0.71256,0.71276,1.00,1.87
2016.11.25 04:49:56.656,0.71258,0.71276,1.00,1.50
2016.11.25 04:49:57.282,0.71258,0.71275,1.00,1.00
2016.11.25 04:49:59.285,0.71258,0.71276,1.00,1.00
2016.11.25 04:49:59.787,0.71259,0.71277,1.00,1.00
2016.11.25 04:49:59.939,0.71258,0.71279,1.00,1.50
2016.11.25 04:49:59.989,0.71257,0.71277,1.00,1.00
2016.11.25 04:50:01.947,0.71257,0.71278,1.00,1.00
2016.11.25 04:50:02.048,0.71254,0.71276,1.00,1.50
2016.11.25 04:50:02.099,0.71254,0.71274,1.00,1.00
2016.11.25 04:50:02.250,0.71251,0.71272,1.12,1.00
2016.11.25 04:50:02.301,0.71251,0.7127,1.12,1.00
2016.11.25 04:50:02.621,0.71252,0.71273,1.00,1.00
2016.11.25 04:50:02.672,0.71253,0.71275,1.00,1.12
2016.11.25 04:50:02.924,0.71253,0.71271,1.00,1.00
2016.11.25 04:50:03.025,0.71256,0.71276,1.00,1.50
2016.11.25 04:50:03.714,0.71256,0.71275,1.00,1.00
2016.11.25 04:50:07.244,0.71258,0.71275,1.00,1.00
2016.11.25 04:50:07.345,0.71256,0.71276,1.00,1.00
2016.11.25 04:50:08.043,0.71256,0.71275,1.00,1.00
2016.11.25 04:50:11.598,0.71256,0.71276,1.00,1.50
2016.11.25 04:50:11.899,0.71254,0.71275,1.00,1.50
2016.11.25 04:50:11.949,0.71254,0.71273,1.00,1.00
2016.11.25 04:50:12.609,0.71253,0.71272,1.00,1.00
2016.11.25 04:50:13.149,0.71254,0.71273,1.00,1.00
2016.11.25 04:50:13.377,0.71255,0.71275,1.00,1.00
2016.11.25 04:50:13.815,0.71257,0.71275,1.00,1.00
2016.11.25 04:50:14.318,0.71258,0.71275,1.00,1.00
2016.11.25 04:50:16.430,0.71256,0.71275,1.00,1.00
2016.11.25 04:50:18.229,0.71256,0.71274,1.00,1.00
2016.11.25 04:50:19.716,0.71256,0.71276,1.00,1.00
2016.11.25 04:50:20.057,0.71256,0.71274,1.00,1.00
2016.11.25 04:50:20.209,0.71255,0.71276,1.00,1.50
2016.11.25 04:50:20.260,0.71253,0.71275,1.00,1.00
2016.11.25 04:50:20.310,0.71253,0.71273,1.00,1.00
2016.11.25 04:50:20.517,0.71253,0.71275,1.00,1.50
2016.11.25 04:50:21.062,0.71253,0.71274,1.00,1.00
2016.11.25 04:50:21.867,0.71254,0.71274,1.00,1.00
2016.11.25 04:50:22.072,0.71253,0.71272,1.00,1.00
2016.11.25 04:50:22.224,0.71253,0.71274,1.00,1.50
2016.11.25 04:50:23.394,0.71256,0.71275,1.00,1.50
2016.11.25 04:50:23.910,0.71256,0.71276,1.00,1.50
2016.11.25 04:50:25.420,0.71256,0.71275,1.00,1.00
2016.11.25 04:50:26.119,0.71255,0.71275,1.00,1.00
2016.11.25 04:50:27.111,0.71255,0.71274,1.00,1.00
2016.11.25 04:50:27.223,0.71252,0.71274,1.12,1.50
2016.11.25 04:50:27.446,0.71252,0.71271,1.00,1.00
2016.11.25 04:50:27.994,0.71252,0.71272,1.00,1.00
2016.11.25 04:50:28.296,0.71254,0.71272,1.00,1.00
2016.11.25 04:50:28.384,0.71255,0.71274,1.00,1.12
2016.11.25 04:50:29.265,0.71255,0.71273,1.00,1.00
2016.11.25 04:50:29.371,0.71252,0.71273,1.00,1.00
2016.11.25 04:50:29.472,0.71252,0.71269,1.00,1.00
2016.11.25 04:50:29.623,0.71253,0.71272,1.00,1.00
2016.11.25 04:50:29.674,0.71256,0.71272,1.00,1.00
2016.11.25 04:50:30.370,0.71256,0.71273,1.00,1.00
2016.11.25 04:50:30.687,0.71255,0.7127,1.00,1.00
2016.11.25 04:50:30.839,0.71253,0.7127,1.00,1.00
2016.11.25 04:50:32.732,0.71253,0.71271,1.00,1.00
2016.11.25 04:50:33.234,0.71254,0.71271,1.00,1.00
2016.11.25 04:50:33.826,0.71254,0.71275,1.00,2.25
2016.11.25 04:50:34.330,0.71255,0.71275,1.00,1.50
2016.11.25 04:50:39.769,0.71257,0.71275,1.00,1.00
2016.11.25 04:50:40.272,0.71257,0.71276,1.00,1.00
2016.11.25 04:50:41.067,0.71259,0.71276,1.00,1.00
2016.11.25 04:50:41.269,0.71259,0.71279,1.00,1.50
2016.11.25 04:50:41.444,0.71259,0.71276,1.00,1.00
2016.11.25 04:50:41.644,0.71259,0.71279,1.00,1.50
2016.11.25 04:50:41.845,0.71259,0.71275,1.00,1.00
2016.11.25 04:50:42.145,0.71259,0.71279,1.00,1.50
2016.11.25 04:50:42.386,0.71259,0.71276,1.00,1.00
2016.11.25 04:50:42.745,0.71259,0.71279,1.00,1.50
2016.11.25 04:50:43.346,0.71259,0.71276,1.00,1.00
2016.11.25 04:50:44.347,0.71259,0.71279,1.00,1.50
2016.11.25 04:50:44.895,0.7126,0.71279,1.00,1.50
2016.11.25 04:50:45.386,0.7126,0.71276,1.00,1.00
2016.11.25 04:50:45.748,0.7126,0.71279,1.00,1.50
2016.11.25 04:50:46.159,0.7126,0.71276,1.00,1.00
2016.11.25 04:50:46.210,0.71258,0.71276,1.00,1.00
2016.11.25 04:50:47.220,0.71257,0.71276,1.00,1.00
2016.11.25 04:50:47.950,0.71256,0.71276,1.00,1.50
2016.11.25 04:50:48.452,0.71254,0.71275,1.00,1.00
2016.11.25 04:50:48.553,0.71254,0.71273,1.00,1.00
2016.11.25 04:50:49.270,0.71254,0.71274,1.00,1.00
2016.11.25 04:50:50.693,0.71254,0.71275,1.00,1.50
2016.11.25 04:50:51.013,0.71253,0.7127,1.00,1.00
2016.11.25 04:50:51.554,0.71253,0.71271,1.00,1.00
2016.11.25 04:50:52.358,0.71253,0.7127,1.00,1.00
2016.11.25 04:51:07.880,0.71253,0.71273,1.00,1.00
2016.11.25 04:51:18.434,0.71253,0.71272,1.00,1.00
2016.11.25 04:51:18.535,0.71248,0.7127,1.12,1.00
2016.11.25 04:51:18.635,0.71248,0.71268,1.00,1.00
2016.11.25 04:51:22.224,0.71249,0.71268,1.00,1.50
2016.11.25 04:51:26.812,0.71249,0.71266,1.00,1.00
2016.11.25 04:51:27.434,0.71249,0.71268,1.00,1.50
2016.11.25 04:51:28.225,0.7125,0.71269,1.00,1.00
2016.11.25 04:51:29.689,0.7125,0.7127,1.00,1.50
2016.11.25 04:51:31.127,0.71248,0.71269,1.00,1.00
2016.11.25 04:51:31.178,0.71248,0.71267,1.00,1.00
2016.11.25 04:51:31.279,0.71246,0.71266,1.00,1.00
2016.11.25 04:51:31.895,0.71246,0.71267,1.00,1.50
2016.11.25 04:51:33.717,0.71246,0.71265,1.00,1.00
2016.11.25 04:51:37.254,0.71247,0.71265,1.00,1.00
2016.11.25 04:51:42.545,0.71247,0.71266,1.00,1.50
2016.11.25 04:51:42.921,0.71248,0.71269,1.00,1.50
2016.11.25 04:51:43.423,0.71248,0.71268,1.00,1.00
2016.11.25 04:51:43.813,0.71251,0.71269,1.00,1.00
2016.11.25 04:51:44.763,0.71251,0.7127,1.00,1.00
2016.11.25 04:51:46.642,0.7125,0.7127,1.00,1.00
2016.11.25 04:51:51.055,0.71248,0.71268,1.37,1.00
2016.11.25 04:51:51.307,0.71249,0.71271,1.00,1.00
2016.11.25 04:51:52.253,0.71251,0.7127,1.00,1.00
2016.11.25 04:52:01.231,0.7125,0.71269,1.00,1.00
2016.11.25 04:52:02.047,0.71248,0.71269,1.00,1.00
2016.11.25 04:52:03.983,0.71249,0.7127,1.00,1.50
2016.11.25 04:52:04.248,0.7125,0.71268,1.00,1.00
2016.11.25 04:52:04.601,0.71248,0.71267,1.00,1.50
2016.11.25 04:52:08.841,0.71248,0.71268,1.00,1.00
2016.11.25 04:52:09.351,0.71249,0.71268,1.00,1.00
2016.11.25 04:52:10.060,0.71249,0.71269,1.00,1.00
2016.11.25 04:52:10.701,0.71249,0.71268,1.00,1.00
2016.11.25 04:52:15.412,0.71249,0.71269,1.00,1.00
2016.11.25 04:52:16.052,0.71249,0.71268,1.00,1.00
2016.11.25 04:52:16.640,0.71249,0.71269,1.00,1.00
2016.11.25 04:52:22.345,0.7125,0.71268,1.00,1.00
2016.11.25 04:52:23.348,0.7125,0.71269,1.00,1.50
2016.11.25 04:52:42.097,0.71248,0.71269,1.00,1.50
2016.11.25 04:52:42.198,0.71247,0.71266,1.12,1.00
2016.11.25 04:52:42.716,0.71246,0.71266,1.00,1.00
2016.11.25 04:52:46.720,0.71247,0.71266,1.00,1.00
2016.11.25 04:52:47.286,0.71248,0.71266,1.00,1.00
2016.11.25 04:52:47.864,0.71249,0.71267,1.00,1.00
2016.11.25 04:52:50.773,0.71249,0.71268,1.00,1.50
2016.11.25 04:52:54.505,0.7125,0.71268,1.00,1.00
2016.11.25 04:52:54.757,0.71252,0.71271,1.00,1.00
2016.11.25 04:53:02.035,0.71252,0.7127,1.00,1.00
2016.11.25 04:53:08.722,0.7125,0.7127,1.00,1.00
2016.11.25 04:53:12.975,0.71251,0.7127,1.00,1.00
2016.11.25 04:53:13.762,0.71251,0.71267,1.00,1.00
2016.11.25 04:53:13.863,0.71251,0.71269,1.00,1.00
2016.11.25 04:53:15.602,0.71252,0.71271,1.00,1.50
2016.11.25 04:53:16.192,0.71253,0.71272,1.00,1.00
2016.11.25 04:53:27.788,0.71254,0.71273,1.00,1.00
2016.11.25 04:53:27.889,0.71254,0.71275,1.00,1.50
2016.11.25 04:53:28.040,0.71254,0.71272,1.00,1.00
2016.11.25 04:53:28.771,0.71254,0.71273,1.00,1.00
2016.11.25 04:53:29.946,0.71253,0.71273,1.00,1.00
2016.11.25 04:53:30.410,0.71255,0.71273,1.00,1.00
2016.11.25 04:53:31.095,0.71255,0.71272,1.00,1.00
2016.11.25 04:53:31.145,0.71253,0.71272,1.00,1.00
2016.11.25 04:53:31.632,0.71254,0.7127,1.00,1.00
2016.11.25 04:53:31.841,0.71252,0.71271,1.00,1.00
2016.11.25 04:53:33.481,0.71252,0.71272,1.00,1.00
2016.11.25 04:53:36.596,0.71253,0.71272,1.00,1.00
2016.11.25 04:53:38.477,0.71253,0.71273,1.00,1.00
2016.11.25 04:53:45.291,0.71251,0.71272,1.00,1.00
2016.11.25 04:53:45.818,0.71252,0.71271,1.00,1.00
2016.11.25 04:53:46.341,0.71252,0.7127,1.00,1.00
2016.11.25 04:53:46.392,0.7125,0.71269,1.00,1.00
2016.11.25 04:53:46.768,0.7125,0.71271,1.00,1.00
2016.11.25 04:53:47.277,0.7125,0.7127,1.00,1.00
2016.11.25 04:53:47.446,0.7125,0.71272,1.00,1.50
2016.11.25 04:53:47.548,0.7125,0.71269,1.00,1.00
2016.11.25 04:53:48.074,0.71249,0.71268,1.00,1.00
2016.11.25 04:53:50.198,0.71247,0.71269,1.00,1.00
2016.11.25 04:53:50.299,0.71247,0.71267,1.00,1.00
2016.11.25 04:53:51.282,0.71246,0.71267,1.00,1.00
2016.11.25 04:53:54.534,0.71246,0.71265,1.00,1.00
2016.11.25 04:53:54.843,0.71245,0.71263,1.00,1.00
2016.11.25 04:53:55.383,0.71244,0.71263,1.00,1.50
2016.11.25 04:53:56.080,0.71245,0.71263,1.00,1.00
2016.11.25 04:53:57.198,0.71245,0.71265,1.00,1.50
2016.11.25 04:53:59.866,0.71245,0.71266,1.00,1.50
2016.11.25 04:54:05.972,0.71245,0.71265,1.00,1.00
2016.11.25 04:54:08.050,0.71245,0.71266,1.00,1.50
2016.11.25 04:54:08.151,0.71247,0.71267,1.00,1.12
2016.11.25 04:54:08.921,0.71248,0.71268,1.00,1.00
2016.11.25 04:54:14.161,0.71248,0.71265,1.00,1.00
2016.11.25 04:54:16.901,0.71246,0.71265,1.00,1.00
2016.11.25 04:54:21.335,0.71246,0.71268,1.00,1.50
2016.11.25 04:54:22.577,0.71247,0.71269,1.00,1.50
2016.11.25 04:54:31.935,0.71249,0.71269,1.00,1.00
2016.11.25 04:54:35.611,0.71248,0.71269,1.00,1.00
2016.11.25 04:54:36.628,0.71248,0.71267,1.00,1.00
2016.11.25 04:54:36.825,0.71248,0.71269,1.00,1.50
2016.11.25 04:54:37.754,0.71248,0.7127,1.00,1.50
2016.11.25 04:54:42.065,0.71249,0.7127,1.00,1.00
2016.11.25 04:54:42.221,0.71252,0.7127,1.00,1.00
2016.11.25 04:54:45.705,0.71252,0.71271,1.00,1.00
2016.11.25 04:54:46.926,0.71252,0.7127,1.00,1.00
2016.11.25 04:55:03.941,0.71252,0.71267,1.00,1.00
2016.11.25 04:55:07.676,0.71251,0.71267,1.00,1.00
2016.11.25 04:55:22.412,0.71251,0.71268,1.00,1.00
2016.11.25 04:55:22.462,0.71251,0.71271,1.00,1.00
2016.11.25 04:55:22.613,0.7125,0.71269,1.00,1.00
2016.11.25 04:55:22.765,0.71254,0.71274,1.00,1.00
2016.11.25 04:55:22.866,0.71254,0.71277,1.12,1.00
2016.11.25 04:55:22.967,0.71254,0.71275,1.12,1.00
2016.11.25 04:55:23.068,0.71254,0.71277,1.12,1.00
2016.11.25 04:55:23.219,0.71256,0.71278,1.00,1.00
2016.11.25 04:55:23.752,0.71259,0.71278,1.00,1.00
2016.11.25 04:55:23.802,0.71256,0.71278,1.00,1.00
2016.11.25 04:55:25.127,0.71258,0.71278,1.00,1.50
2016.11.25 04:55:33.228,0.71257,0.71277,1.00,1.00
2016.11.25 04:55:35.068,0.71259,0.71277,1.00,1.00
2016.11.25 04:55:35.169,0.7126,0.7128,1.00,1.37
2016.11.25 04:55:35.220,0.71263,0.7128,1.00,1.00
2016.11.25 04:55:35.271,0.71263,0.71282,1.00,1.00
2016.11.25 04:55:35.372,0.71261,0.71282,1.00,1.50
2016.11.25 04:55:35.472,0.71261,0.7128,1.00,1.00
2016.11.25 04:55:35.946,0.71261,0.71282,1.00,1.50
2016.11.25 04:55:36.120,0.71261,0.7128,1.00,1.00
2016.11.25 04:55:36.170,0.71261,0.71282,1.00,1.00
2016.11.25 04:55:36.346,0.71264,0.71285,1.00,1.00
2016.11.25 04:55:36.657,0.71266,0.71286,1.00,1.50
2016.11.25 04:55:43.947,0.71266,0.71285,1.00,1.00
2016.11.25 04:56:00.106,0.71267,0.71285,1.00,1.00
2016.11.25 04:56:03.588,0.71267,0.71286,1.00,1.00
2016.11.25 04:56:03.954,0.71266,0.71284,1.00,1.00
2016.11.25 04:56:05.132,0.71266,0.71287,1.00,1.50
2016.11.25 04:56:05.183,0.71268,0.71287,1.00,1.50
2016.11.25 04:56:06.296,0.71266,0.71285,1.00,1.00
2016.11.25 04:56:06.900,0.71266,0.71286,1.00,1.00
2016.11.25 04:56:07.795,0.71267,0.71286,1.00,1.00
2016.11.25 04:56:08.308,0.71267,0.71287,1.00,1.00
2016.11.25 04:56:11.439,0.71267,0.71285,1.00,1.00
2016.11.25 04:56:11.622,0.71267,0.71287,1.00,1.00
2016.11.25 04:56:12.362,0.71268,0.71287,1.00,1.00
2016.11.25 04:56:16.547,0.71267,0.71287,1.00,1.00
2016.11.25 04:56:21.110,0.71269,0.71287,1.00,1.00
2016.11.25 04:56:22.716,0.71266,0.71284,1.00,1.00
2016.11.25 04:56:23.219,0.71265,0.71283,1.00,1.00
2016.11.25 04:56:23.739,0.71264,0.71283,1.00,1.00
2016.11.25 04:56:24.979,0.71265,0.71283,1.00,1.00
2016.11.25 04:56:25.030,0.71265,0.71285,1.00,1.00
2016.11.25 04:56:25.287,0.71263,0.71284,1.00,1.00
2016.11.25 04:56:25.822,0.71264,0.71284,1.00,1.00
2016.11.25 04:56:26.660,0.71266,0.71284,1.00,1.00
2016.11.25 04:56:26.991,0.71264,0.71283,1.00,1.00
2016.11.25 04:56:27.416,0.71261,0.71282,1.12,1.00
2016.11.25 04:56:27.568,0.7126,0.7128,1.37,1.00
2016.11.25 04:56:27.880,0.71259,0.71276,1.00,1.00
2016.11.25 04:56:28.736,0.71258,0.71276,1.00,1.00
2016.11.25 04:56:32.088,0.71257,0.71276,1.00,1.00
2016.11.25 04:56:32.347,0.71257,0.71279,1.00,1.50
2016.11.25 04:56:33.300,0.71256,0.71279,1.00,1.50
2016.11.25 04:56:33.350,0.71256,0.71277,1.00,1.00
2016.11.25 04:56:33.903,0.71257,0.71278,1.00,1.00
2016.11.25 04:56:34.649,0.71258,0.71278,1.00,1.00
2016.11.25 04:56:35.668,0.71259,0.71278,1.00,1.00
2016.11.25 04:56:36.826,0.71257,0.71278,1.00,1.00
2016.11.25 04:56:37.027,0.71259,0.71277,1.00,1.00
2016.11.25 04:56:37.128,0.71261,0.71282,1.00,1.12
2016.11.25 04:56:37.565,0.71261,0.7128,1.00,1.00
2016.11.25 04:56:38.019,0.71261,0.71278,1.00,1.00
2016.11.25 04:56:40.164,0.71261,0.71284,1.00,1.50
2016.11.25 04:56:40.367,0.71264,0.71284,1.00,1.00
2016.11.25 04:56:40.479,0.71264,0.71286,1.00,1.87
2016.11.25 04:56:41.034,0.71264,0.71283,1.00,1.00
2016.11.25 04:56:43.010,0.71264,0.71284,1.00,1.50
2016.11.25 04:56:44.839,0.71261,0.7128,1.00,1.00
2016.11.25 04:56:44.940,0.71257,0.71279,1.37,1.00
2016.11.25 04:56:44.991,0.71257,0.71277,1.37,1.00
2016.11.25 04:56:45.042,0.71257,0.71277,1.00,1.00
2016.11.25 04:56:45.594,0.71257,0.71278,1.00,1.00
2016.11.25 04:56:45.756,0.71257,0.71276,1.00,1.00
2016.11.25 04:56:46.329,0.71256,0.71276,1.00,1.00
2016.11.25 04:56:47.201,0.71257,0.71276,1.00,1.00
2016.11.25 04:56:48.935,0.71258,0.71276,1.00,1.00
2016.11.25 04:56:52.156,0.71258,0.71278,1.00,1.50
2016.11.25 04:56:52.885,0.71257,0.71278,1.00,1.00
2016.11.25 04:56:53.935,0.71258,0.71278,1.00,1.00
2016.11.25 04:56:54.351,0.71256,0.71275,1.00,1.00
2016.11.25 04:56:54.662,0.71253,0.71271,1.12,1.00
2016.11.25 04:56:54.758,0.71253,0.71273,1.00,1.00
2016.11.25 04:56:55.553,0.71253,0.71271,1.00,1.00
2016.11.25 04:56:56.232,0.71252,0.7127,1.00,1.00
2016.11.25 04:57:00.058,0.71252,0.71271,1.00,1.00
2016.11.25 04:57:00.658,0.71251,0.71271,1.00,1.00
2016.11.25 04:57:02.231,0.71252,0.71271,1.00,1.00
2016.11.25 04:57:03.093,0.71254,0.7127,1.00,1.00
2016.11.25 04:57:05.763,0.71254,0.71271,1.00,1.00
2016.11.25 04:57:09.574,0.71254,0.71272,1.00,1.00
2016.11.25 04:57:09.815,0.71252,0.71272,1.00,1.00
2016.11.25 04:57:10.168,0.71249,0.71271,1.12,1.00
2016.11.25 04:57:10.219,0.71252,0.71271,1.00,1.00
2016.11.25 04:57:10.420,0.71253,0.71274,1.00,1.00
2016.11.25 04:57:10.471,0.71255,0.71274,1.00,1.00
2016.11.25 04:57:10.881,0.71255,0.71278,1.00,1.00
2016.11.25 04:57:11.422,0.71258,0.71278,1.00,1.00
2016.11.25 04:57:11.576,0.71259,0.7128,1.00,1.00
2016.11.25 04:57:11.779,0.71257,0.7128,1.12,1.50
2016.11.25 04:57:11.933,0.71257,0.71278,1.12,1.00
2016.11.25 04:57:12.484,0.71256,0.71278,1.00,1.00
2016.11.25 04:57:13.067,0.71257,0.71278,1.00,1.00
2016.11.25 04:57:13.747,0.71256,0.71277,1.00,1.00
2016.11.25 04:57:14.869,0.71255,0.71277,1.12,1.00
2016.11.25 04:57:15.278,0.71258,0.71277,1.00,1.00
2016.11.25 04:57:15.329,0.71258,0.7128,1.00,1.12
2016.11.25 04:57:15.430,0.7126,0.71281,1.00,1.87
2016.11.25 04:57:15.741,0.71264,0.71285,1.00,2.62
2016.11.25 04:57:15.893,0.71265,0.71286,1.00,1.87
2016.11.25 04:57:16.260,0.71265,0.71284,1.00,1.00
2016.11.25 04:57:16.462,0.71262,0.71282,1.00,1.00
2016.11.25 04:57:16.563,0.71264,0.71285,1.00,1.00
2016.11.25 04:57:16.664,0.71267,0.71286,1.00,1.87
2016.11.25 04:57:16.815,0.71267,0.71289,1.00,1.00
2016.11.25 04:57:16.866,0.71269,0.7129,1.00,2.25
2016.11.25 04:57:17.214,0.71269,0.71285,1.00,1.00
2016.11.25 04:57:17.318,0.71269,0.7129,1.00,2.25
2016.11.25 04:57:17.501,0.71269,0.71286,1.00,1.00
2016.11.25 04:57:17.602,0.71269,0.7129,1.00,1.50
2016.11.25 04:57:17.704,0.71263,0.71285,1.87,1.00
2016.11.25 04:57:17.805,0.71262,0.71284,1.37,1.00
2016.11.25 04:57:17.855,0.71259,0.71279,1.37,1.00
2016.11.25 04:57:18.006,0.71259,0.71278,1.00,1.00
2016.11.25 04:57:18.497,0.71259,0.7128,1.00,1.50
2016.11.25 04:57:18.699,0.71259,0.71275,1.00,1.00
2016.11.25 04:57:18.800,0.71259,0.71279,1.00,1.00
2016.11.25 04:57:18.958,0.71257,0.7128,1.00,1.00
2016.11.25 04:57:19.009,0.71257,0.71278,1.00,1.00
2016.11.25 04:57:19.110,0.71258,0.7128,1.00,1.00
2016.11.25 04:57:19.652,0.71258,0.71279,1.00,1.00
2016.11.25 04:57:20.030,0.71258,0.71277,1.00,1.00
2016.11.25 04:57:20.465,0.71258,0.7128,1.00,1.50
2016.11.25 04:57:24.752,0.71257,0.71279,1.00,1.00
2016.11.25 04:57:25.297,0.71258,0.7128,1.00,1.50
2016.11.25 04:57:25.805,0.71257,0.71279,1.00,1.00
2016.11.25 04:57:26.308,0.71256,0.71278,1.12,1.00
2016.11.25 04:57:26.359,0.71256,0.7128,1.12,1.00
2016.11.25 04:57:26.689,0.71258,0.71279,1.00,1.00
2016.11.25 04:57:27.083,0.71259,0.71281,1.00,1.00
2016.11.25 04:57:27.184,0.71262,0.71281,1.00,1.00
2016.11.25 04:57:27.309,0.71262,0.71285,1.00,1.37
2016.11.25 04:57:27.758,0.7126,0.71283,1.00,1.87
2016.11.25 04:57:27.859,0.7126,0.71278,1.00,1.00
2016.11.25 04:57:28.010,0.7126,0.71281,1.00,1.50
2016.11.25 04:57:28.633,0.7126,0.7128,1.00,1.00
2016.11.25 04:57:28.734,0.7126,0.71283,1.00,1.00
2016.11.25 04:57:28.935,0.7126,0.7128,1.12,1.00
2016.11.25 04:57:29.256,0.71263,0.71286,1.00,1.00
2016.11.25 04:57:29.867,0.71263,0.71284,1.00,1.00
2016.11.25 04:57:30.417,0.71262,0.71284,1.00,1.50
2016.11.25 04:57:30.726,0.71262,0.71281,1.00,1.00
2016.11.25 04:57:31.311,0.71262,0.71282,1.00,1.00
2016.11.25 04:57:32.291,0.71261,0.71282,1.00,1.00
2016.11.25 04:57:32.908,0.71261,0.71281,1.00,1.00
2016.11.25 04:57:33.440,0.71261,0.71282,1.00,1.00
2016.11.25 04:57:35.350,0.7126,0.71282,1.12,1.50
2016.11.25 04:57:36.945,0.7126,0.71276,1.00,1.00
2016.11.25 04:57:37.046,0.7126,0.71281,1.00,2.25
2016.11.25 04:57:37.592,0.7126,0.7128,1.00,1.00
2016.11.25 04:57:38.095,0.71259,0.7128,1.00,1.00
2016.11.25 04:57:38.766,0.7126,0.7128,1.00,1.00
2016.11.25 04:57:40.046,0.7126,0.71281,1.12,1.50
2016.11.25 04:57:40.297,0.71262,0.71283,1.00,1.00
2016.11.25 04:57:40.610,0.71262,0.71281,1.12,1.00
2016.11.25 04:57:41.030,0.71262,0.71283,1.12,1.50
2016.11.25 04:57:41.231,0.71262,0.7128,1.12,1.00
2016.11.25 04:57:41.738,0.71262,0.71281,1.12,1.00
2016.11.25 04:57:42.269,0.71263,0.71283,1.00,1.00
2016.11.25 04:57:42.822,0.71263,0.71282,1.00,1.00
2016.11.25 04:57:43.135,0.71263,0.7128,1.00,1.00
2016.11.25 04:57:43.336,0.71263,0.71282,1.00,1.00
2016.11.25 04:57:43.827,0.71263,0.71284,1.00,1.00
2016.11.25 04:57:44.372,0.71264,0.71281,1.00,1.00
2016.11.25 04:57:44.473,0.71264,0.71284,1.00,1.00
2016.11.25 04:57:45.181,0.71264,0.71283,1.00,1.00
2016.11.25 04:57:46.184,0.71262,0.71284,1.00,1.00
2016.11.25 04:57:49.244,0.71262,0.71281,1.00,1.00
2016.11.25 04:57:49.945,0.71262,0.71284,1.00,1.50
2016.11.25 04:57:51.247,0.71262,0.71281,1.00,1.00
2016.11.25 04:57:51.988,0.71262,0.71284,1.00,1.00
2016.11.25 04:57:52.039,0.71262,0.71282,1.00,1.00
2016.11.25 04:57:52.417,0.71264,0.71284,1.00,1.00
2016.11.25 04:57:52.566,0.71264,0.71286,1.00,1.00
2016.11.25 04:57:52.768,0.71264,0.71288,1.00,1.50
2016.11.25 04:57:52.895,0.71267,0.71288,1.00,1.00
2016.11.25 04:57:53.198,0.71267,0.71286,1.00,1.00
2016.11.25 04:57:53.727,0.71268,0.71286,1.00,1.00
2016.11.25 04:57:55.020,0.71267,0.71286,1.00,1.00
2016.11.25 04:57:55.667,0.71267,0.71285,1.00,1.00
2016.11.25 04:57:55.768,0.71267,0.7129,1.00,1.00
2016.11.25 04:57:56.622,0.71269,0.71291,1.00,1.50
2016.11.25 04:57:58.188,0.71271,0.71291,1.00,1.00
2016.11.25 04:57:58.563,0.71271,0.71286,1.00,1.00
2016.11.25 04:57:58.763,0.71271,0.7129,1.00,1.00
2016.11.25 04:57:59.064,0.71271,0.71286,1.00,1.00
2016.11.25 04:57:59.865,0.71271,0.7129,1.00,1.50
2016.11.25 04:57:59.966,0.71271,0.71286,1.00,1.00
2016.11.25 04:58:00.650,0.7127,0.71286,1.00,1.00
2016.11.25 04:58:00.967,0.7127,0.7129,1.00,1.50
2016.11.25 04:58:01.297,0.71271,0.71286,1.00,1.00
2016.11.25 04:58:01.348,0.71269,0.71286,1.00,1.00
2016.11.25 04:58:01.694,0.71262,0.71281,1.37,1.00
2016.11.25 04:58:01.795,0.71261,0.71282,1.37,1.00
2016.11.25 04:58:02.571,0.71261,0.71281,1.37,1.00
2016.11.25 04:58:03.572,0.71261,0.71282,1.37,1.00
2016.11.25 04:58:06.074,0.71261,0.71282,1.00,1.50
2016.11.25 04:58:08.036,0.71262,0.71282,1.00,1.00
2016.11.25 04:58:09.622,0.71264,0.71283,1.00,1.50
2016.11.25 04:58:10.312,0.71264,0.71284,1.00,1.50
2016.11.25 04:58:10.432,0.71262,0.71284,1.12,1.50
2016.11.25 04:58:10.584,0.71262,0.71282,1.12,1.00
2016.11.25 04:58:15.000,0.71262,0.71283,1.12,1.50
2016.11.25 04:58:15.287,0.71263,0.71285,1.00,1.00
2016.11.25 04:58:15.754,0.71265,0.71285,1.00,1.50
2016.11.25 04:58:16.289,0.71266,0.71286,1.00,1.00
2016.11.25 04:58:16.821,0.71266,0.71285,1.00,1.00
2016.11.25 04:58:17.447,0.71264,0.71285,1.37,1.00
2016.11.25 04:58:19.842,0.71264,0.71286,1.37,1.50
2016.11.25 04:58:20.452,0.71264,0.71285,1.37,1.00
2016.11.25 04:58:21.093,0.71264,0.71286,1.00,1.50
2016.11.25 04:58:21.412,0.71264,0.71284,1.00,1.00
2016.11.25 04:58:21.954,0.71266,0.71285,1.00,1.50
2016.11.25 04:58:22.954,0.71267,0.71285,1.00,1.00
2016.11.25 04:58:23.065,0.71265,0.71285,1.00,1.00
2016.11.25 04:58:23.578,0.71265,0.71286,1.00,1.00
2016.11.25 04:58:24.082,0.71264,0.71286,1.00,1.50
2016.11.25 04:58:24.631,0.71264,0.71285,1.00,1.00
2016.11.25 04:58:26.213,0.71267,0.71286,1.00,1.00
2016.11.25 04:58:26.314,0.71267,0.7129,1.00,1.12
2016.11.25 04:58:26.617,0.71267,0.71285,1.00,1.00
2016.11.25 04:58:26.955,0.71266,0.71288,1.12,1.50
2016.11.25 04:58:27.056,0.71266,0.71285,1.12,1.00
2016.11.25 04:58:27.339,0.71269,0.71291,1.00,1.50
2016.11.25 04:58:27.853,0.7127,0.71293,1.00,1.50
2016.11.25 04:58:29.560,0.7127,0.71291,1.00,1.00
2016.11.25 04:58:30.024,0.7127,0.71286,1.00,1.00
2016.11.25 04:58:30.814,0.7127,0.71291,1.00,1.50
2016.11.25 04:58:31.141,0.71269,0.71285,1.12,1.00
2016.11.25 04:58:32.717,0.71269,0.7129,1.12,1.00
2016.11.25 04:58:34.333,0.71269,0.71291,1.12,1.50
2016.11.25 04:58:37.742,0.71269,0.7129,1.12,1.00
2016.11.25 04:58:38.274,0.7127,0.7129,1.00,1.00
2016.11.25 04:58:38.425,0.71272,0.71291,1.00,1.50
2016.11.25 04:58:38.727,0.71274,0.71291,1.00,1.00
2016.11.25 04:58:39.234,0.71273,0.71296,1.00,1.50
2016.11.25 04:58:39.826,0.71273,0.71295,1.00,1.00
2016.11.25 04:58:47.441,0.71274,0.71295,1.00,1.50
2016.11.25 04:58:50.163,0.71275,0.71295,1.00,1.00
2016.11.25 04:58:50.794,0.71275,0.71294,1.00,1.00
2016.11.25 04:58:53.126,0.71274,0.71294,1.00,1.00
2016.11.25 04:58:56.298,0.71277,0.71294,1.00,1.00
2016.11.25 04:58:56.987,0.71277,0.71296,1.00,1.00
2016.11.25 04:58:57.289,0.71275,0.71297,1.00,1.50
2016.11.25 04:59:02.504,0.71274,0.71296,1.12,1.00
2016.11.25 04:59:04.628,0.71275,0.71296,1.00,1.50
2016.11.25 04:59:05.173,0.71275,0.71295,1.00,1.00
2016.11.25 04:59:09.988,0.71276,0.71295,1.00,1.00
2016.11.25 04:59:10.089,0.71276,0.71297,1.00,2.25
2016.11.25 04:59:10.190,0.71276,0.71295,1.00,1.00
2016.11.25 04:59:11.689,0.71276,0.71296,1.00,1.50
2016.11.25 04:59:14.329,0.71276,0.71295,1.00,1.00
2016.11.25 04:59:14.624,0.71275,0.71297,1.12,1.50
2016.11.25 04:59:15.247,0.71277,0.71297,1.00,2.25
2016.11.25 04:59:16.177,0.71277,0.71296,1.00,1.00
2016.11.25 04:59:16.905,0.71277,0.71297,1.00,1.50
2016.11.25 04:59:17.407,0.71276,0.71297,1.12,1.50
2016.11.25 04:59:18.227,0.71277,0.71297,1.00,1.50
2016.11.25 04:59:20.313,0.71276,0.71297,1.12,1.50
2016.11.25 04:59:20.817,0.71276,0.71296,1.00,1.00
2016.11.25 04:59:21.434,0.71276,0.71297,1.00,1.00
2016.11.25 04:59:21.852,0.71278,0.71297,1.00,1.00
2016.11.25 04:59:22.423,0.71278,0.71296,1.00,1.00
2016.11.25 04:59:23.136,0.71278,0.71297,1.00,1.00
2016.11.25 04:59:23.525,0.71277,0.71295,1.00,1.00
2016.11.25 04:59:26.939,0.71276,0.71295,1.00,1.00
2016.11.25 04:59:27.567,0.71277,0.71295,1.00,1.00
2016.11.25 04:59:28.228,0.71276,0.71295,1.00,1.00
2016.11.25 04:59:32.570,0.71278,0.71295,1.00,1.00
2016.11.25 04:59:35.906,0.71278,0.71299,1.12,1.00
2016.11.25 04:59:36.341,0.71278,0.71295,1.12,1.00
2016.11.25 04:59:36.860,0.7128,0.71295,1.00,1.00
2016.11.25 04:59:36.911,0.7128,0.71299,1.00,1.50
2016.11.25 04:59:37.581,0.71278,0.71299,1.12,1.00
2016.11.25 04:59:38.242,0.71278,0.713,1.12,3.00
2016.11.25 04:59:39.318,0.71278,0.71299,1.12,1.00
2016.11.25 04:59:39.841,0.71279,0.71299,1.00,1.00
2016.11.25 04:59:41.651,0.71279,0.713,1.00,3.00
2016.11.25 04:59:43.283,0.71278,0.713,1.12,3.00
2016.11.25 04:59:43.801,0.71279,0.713,1.00,3.00
2016.11.25 04:59:44.644,0.7128,0.713,1.00,2.25
2016.11.25 04:59:45.153,0.71279,0.713,1.00,2.25
2016.11.25 04:59:46.379,0.71279,0.71299,1.00,1.00
2016.11.25 04:59:47.562,0.71278,0.71299,1.12,1.00
2016.11.25 04:59:49.231,0.71278,0.71298,1.12,1.00
2016.11.25 04:59:51.620,0.71278,0.71296,1.00,1.00
2016.11.25 04:59:51.951,0.71278,0.71298,1.00,1.00
2016.11.25 04:59:52.326,0.71277,0.71296,1.00,1.00
2016.11.25 04:59:53.022,0.71276,0.71296,1.12,1.00
