2017.06.08 22:00:00.088,0.69642,0.69677,0.75,0.75
2017.06.08 22:00:00.139,0.69648,0.69687,0.75,0.75
2017.06.08 22:00:00.240,0.69646,0.69687,0.75,0.75
2017.06.08 22:00:00.291,0.69641,0.69678,0.75,0.75
2017.06.08 22:00:00.341,0.69641,0.69682,0.75,0.75
2017.06.08 22:00:00.392,0.69643,0.69684,0.75,0.75
2017.06.08 22:00:00.443,0.69641,0.69683,1.50,0.75
2017.06.08 22:00:00.653,0.69639,0.69681,0.75,0.75
2017.06.08 22:00:00.805,0.69637,0.6968,0.75,0.75
2017.06.08 22:00:00.856,0.69639,0.69681,0.75,0.75
2017.06.08 22:00:01.007,0.69639,0.69683,0.75,0.75
2017.06.08 22:00:01.109,0.69637,0.69681,0.75,1.50
2017.06.08 22:00:01.461,0.69631,0.69673,0.75,0.75
2017.06.08 22:00:01.762,0.69621,0.69656,0.75,0.75
2017.06.08 22:00:01.886,0.69621,0.69661,0.75,0.75
2017.06.08 22:00:01.937,0.69621,0.69659,0.75,0.75
2017.06.08 22:00:01.988,0.69623,0.69668,0.75,0.75
2017.06.08 22:00:02.039,0.69628,0.69663,0.75,0.75
2017.06.08 22:00:02.254,0.69634,0.69677,0.75,0.75
2017.06.08 22:00:02.305,0.69634,0.6968,0.75,0.75
2017.06.08 22:00:02.356,0.69636,0.69681,0.75,0.75
2017.06.08 22:00:02.772,0.69638,0.69681,0.75,0.75
2017.06.08 22:00:03.124,0.69634,0.69671,0.75,0.75
2017.06.08 22:00:03.225,0.69634,0.69679,0.75,0.75
2017.06.08 22:00:03.276,0.69636,0.69679,0.75,0.75
2017.06.08 22:00:03.427,0.69636,0.69681,0.75,0.75
2017.06.08 22:00:03.679,0.69633,0.69668,0.75,0.75
2017.06.08 22:00:03.914,0.69633,0.69673,0.75,0.75
2017.06.08 22:00:03.965,0.6963,0.69675,0.75,0.75
2017.06.08 22:00:04.496,0.69631,0.69676,0.75,0.75
2017.06.08 22:00:04.547,0.69636,0.69682,0.75,0.75
2017.06.08 22:00:04.648,0.69633,0.69678,0.75,0.75
2017.06.08 22:00:05.153,0.69634,0.69676,0.75,0.75
2017.06.08 22:00:05.542,0.69634,0.69678,0.75,0.75
2017.06.08 22:00:05.794,0.6964,0.69684,0.75,0.75
2017.06.08 22:00:06.854,0.69637,0.69683,0.75,0.75
2017.06.08 22:00:07.056,0.69639,0.69685,0.75,0.75
2017.06.08 22:00:07.584,0.69639,0.69684,0.75,0.75
2017.06.08 22:00:07.836,0.69641,0.69687,0.75,0.75
2017.06.08 22:00:07.977,0.69641,0.69685,0.75,0.75
2017.06.08 22:00:08.230,0.69637,0.69683,0.75,0.75
2017.06.08 22:00:09.220,0.6964,0.69675,0.75,0.75
2017.06.08 22:00:09.271,0.69638,0.69674,0.75,0.75
2017.06.08 22:00:09.560,0.69642,0.69676,1.50,0.75
2017.06.08 22:00:09.713,0.69639,0.69674,0.75,0.75
2017.06.08 22:00:09.764,0.69636,0.69673,0.75,0.75
2017.06.08 22:00:10.105,0.69643,0.69675,0.75,0.75
2017.06.08 22:00:10.619,0.69647,0.69678,0.75,0.75
2017.06.08 22:00:10.923,0.69645,0.69676,0.75,0.75
2017.06.08 22:00:11.228,0.69641,0.69671,0.75,0.75
2017.06.08 22:00:12.015,0.6964,0.69671,1.50,0.75
2017.06.08 22:00:12.660,0.69641,0.69672,0.75,0.75
2017.06.08 22:00:12.963,0.69644,0.69674,0.75,0.37
2017.06.08 22:00:13.482,0.69644,0.69675,0.75,0.75
2017.06.08 22:00:14.198,0.69645,0.69674,0.75,1.12
2017.06.08 22:00:15.163,0.69647,0.69676,0.37,0.75
2017.06.08 22:00:16.089,0.69647,0.69677,0.37,1.12
2017.06.08 22:00:18.152,0.69646,0.69677,1.12,0.75
2017.06.08 22:00:18.986,0.69647,0.69678,0.75,1.12
2017.06.08 22:00:19.539,0.69648,0.69678,0.75,1.12
2017.06.08 22:00:19.846,0.69647,0.69676,0.75,0.75
2017.06.08 22:00:20.152,0.69645,0.69676,1.12,0.75
2017.06.08 22:00:20.800,0.69647,0.69678,0.75,1.12
2017.06.08 22:00:21.375,0.69646,0.69677,0.75,0.75
2017.06.08 22:00:23.242,0.69643,0.69674,1.12,0.75
2017.06.08 22:00:23.571,0.69646,0.69677,0.75,1.12
2017.06.08 22:00:27.706,0.6965,0.69677,0.75,1.12
2017.06.08 22:00:30.148,0.69651,0.69677,0.75,0.75
2017.06.08 22:00:31.531,0.69651,0.69679,0.75,0.37
2017.06.08 22:00:31.582,0.69658,0.69679,0.75,0.37
2017.06.08 22:00:31.915,0.6966,0.6968,0.75,0.75
2017.06.08 22:00:32.206,0.69652,0.6968,0.75,0.75
2017.06.08 22:00:32.510,0.69653,0.69678,0.37,0.75
2017.06.08 22:00:32.561,0.69648,0.69679,0.75,0.75
2017.06.08 22:00:32.612,0.69648,0.69677,0.75,0.75
2017.06.08 22:00:32.999,0.6965,0.6968,0.75,1.50
2017.06.08 22:00:33.472,0.69652,0.69681,0.75,0.75
2017.06.08 22:00:34.111,0.69652,0.69683,0.75,1.12
2017.06.08 22:00:35.063,0.69652,0.69682,0.75,0.75
2017.06.08 22:00:35.917,0.69649,0.69677,1.12,0.75
2017.06.08 22:00:36.091,0.69647,0.69677,0.37,0.75
2017.06.08 22:00:36.699,0.69648,0.69677,0.75,0.37
2017.06.08 22:00:38.491,0.69654,0.6968,0.75,0.37
2017.06.08 22:00:38.592,0.69655,0.69685,0.37,0.75
2017.06.08 22:00:39.131,0.69655,0.69684,0.75,0.75
2017.06.08 22:00:39.700,0.69656,0.69684,0.75,0.75
2017.06.08 22:00:39.852,0.69657,0.69686,0.37,0.75
2017.06.08 22:00:40.212,0.69656,0.69684,0.75,0.75
2017.06.08 22:00:41.171,0.69657,0.69684,0.37,0.75
2017.06.08 22:00:41.222,0.69657,0.69688,1.12,1.87
2017.06.08 22:00:42.696,0.69657,0.69687,0.75,0.37
2017.06.08 22:00:43.202,0.69657,0.69686,0.75,0.37
2017.06.08 22:00:43.303,0.69659,0.69688,0.37,0.75
2017.06.08 22:00:43.938,0.69659,0.69685,0.37,0.75
2017.06.08 22:00:44.040,0.69651,0.69681,1.12,1.12
2017.06.08 22:00:44.141,0.69648,0.69679,0.75,1.12
2017.06.08 22:00:44.903,0.69648,0.69678,0.75,0.75
2017.06.08 22:00:45.537,0.69651,0.69678,0.75,1.12
2017.06.08 22:00:45.710,0.69649,0.69678,0.75,0.75
2017.06.08 22:00:46.523,0.69647,0.69678,0.75,0.75
2017.06.08 22:00:49.753,0.69648,0.69678,0.37,0.75
2017.06.08 22:00:49.854,0.69648,0.69676,0.37,0.75
2017.06.08 22:00:50.365,0.69647,0.69677,0.75,0.75
2017.06.08 22:00:51.189,0.69647,0.69678,0.75,1.50
2017.06.08 22:00:51.850,0.69648,0.69678,0.75,1.50
2017.06.08 22:00:52.970,0.69648,0.69676,0.75,0.75
2017.06.08 22:00:53.267,0.69651,0.69682,0.75,1.50
2017.06.08 22:00:53.318,0.69653,0.69682,0.75,0.75
2017.06.08 22:00:54.986,0.69653,0.69681,0.75,0.75
2017.06.08 22:00:55.293,0.6965,0.6968,0.75,0.75
2017.06.08 22:00:55.345,0.6965,0.69678,0.75,0.75
2017.06.08 22:00:55.446,0.69646,0.69675,0.75,1.50
2017.06.08 22:00:56.071,0.69646,0.69674,0.75,0.75
2017.06.08 22:00:56.800,0.69645,0.69673,0.37,0.75
2017.06.08 22:00:58.102,0.69645,0.69672,0.37,0.75
2017.06.08 22:00:59.736,0.69644,0.69672,0.75,0.75
2017.06.08 22:01:00.108,0.69642,0.69668,0.75,0.75
2017.06.08 22:01:00.364,0.6964,0.69668,0.75,0.75
2017.06.08 22:01:00.415,0.69642,0.69669,0.75,0.75
2017.06.08 22:01:00.939,0.69642,0.69668,0.75,0.75
2017.06.08 22:01:01.252,0.6964,0.69671,0.75,1.87
2017.06.08 22:01:02.573,0.6964,0.6967,0.75,0.75
2017.06.08 22:01:06.366,0.6964,0.69671,0.75,1.50
2017.06.08 22:01:08.039,0.69639,0.6967,0.75,0.75
2017.06.08 22:01:08.621,0.6964,0.69671,0.75,1.12
2017.06.08 22:01:09.315,0.69642,0.69672,0.75,0.37
2017.06.08 22:01:09.466,0.69646,0.69677,0.75,1.12
2017.06.08 22:01:09.517,0.69648,0.69679,0.75,1.12
2017.06.08 22:01:10.117,0.6965,0.69681,0.75,1.12
2017.06.08 22:01:10.447,0.69652,0.69683,0.75,0.75
2017.06.08 22:01:11.048,0.69651,0.69682,1.12,0.75
2017.06.08 22:01:12.419,0.6965,0.69681,0.75,0.75
2017.06.08 22:01:12.728,0.69646,0.69676,0.75,0.75
2017.06.08 22:01:13.186,0.69644,0.69674,0.75,0.75
2017.06.08 22:01:13.690,0.69643,0.69674,0.75,0.75
2017.06.08 22:01:14.420,0.69644,0.69675,0.75,0.75
2017.06.08 22:01:14.922,0.69643,0.69674,0.75,1.50
2017.06.08 22:01:15.349,0.69642,0.69672,0.75,1.87
2017.06.08 22:01:15.695,0.6964,0.69668,0.75,0.75
2017.06.08 22:01:15.846,0.69637,0.69668,0.75,1.50
2017.06.08 22:01:15.897,0.69641,0.69668,0.75,0.75
2017.06.08 22:01:16.622,0.6964,0.69668,0.75,0.75
2017.06.08 22:01:17.358,0.69641,0.69668,0.75,0.75
2017.06.08 22:01:17.968,0.6964,0.69668,0.75,0.75
2017.06.08 22:01:18.019,0.69642,0.69671,0.75,0.75
2017.06.08 22:01:18.070,0.69644,0.69675,0.75,1.12
2017.06.08 22:01:18.612,0.69645,0.69676,0.75,0.75
2017.06.08 22:01:19.301,0.69646,0.69676,0.75,0.75
2017.06.08 22:01:20.897,0.69651,0.6968,0.75,0.37
2017.06.08 22:01:21.200,0.69655,0.69684,0.75,0.75
2017.06.08 22:01:22.112,0.69655,0.69685,0.75,0.75
2017.06.08 22:01:22.434,0.69654,0.69683,0.75,0.75
2017.06.08 22:01:23.093,0.6966,0.69688,0.75,0.75
2017.06.08 22:01:23.195,0.69662,0.69691,0.75,0.75
2017.06.08 22:01:24.444,0.69655,0.69684,1.50,0.37
2017.06.08 22:01:24.597,0.69652,0.69683,0.75,0.75
2017.06.08 22:01:25.017,0.69651,0.69681,0.75,0.75
2017.06.08 22:01:25.640,0.69652,0.69682,0.75,1.50
2017.06.08 22:01:25.963,0.6965,0.69681,1.50,0.75
2017.06.08 22:01:26.064,0.69655,0.69684,0.75,0.37
2017.06.08 22:01:26.115,0.69651,0.69682,0.75,1.50
2017.06.08 22:01:31.708,0.6965,0.6968,0.75,0.75
2017.06.08 22:01:31.758,0.69651,0.69682,0.75,1.50
2017.06.08 22:01:36.469,0.69651,0.69677,0.75,0.75
2017.06.08 22:01:36.971,0.69652,0.69677,0.75,0.75
2017.06.08 22:01:37.604,0.69651,0.69677,0.75,0.75
2017.06.08 22:01:37.962,0.69653,0.69677,0.75,0.75
2017.06.08 22:01:38.471,0.69653,0.69676,0.75,0.75
2017.06.08 22:01:39.036,0.69653,0.69677,0.75,0.75
2017.06.08 22:01:41.268,0.69653,0.69676,0.75,0.75
2017.06.08 22:01:42.772,0.69651,0.69676,0.75,0.75
2017.06.08 22:01:44.140,0.69653,0.69676,0.75,0.75
2017.06.08 22:01:46.344,0.69653,0.69677,0.75,0.75
2017.06.08 22:01:49.409,0.69653,0.69675,0.75,0.75
2017.06.08 22:01:50.057,0.69656,0.69681,0.75,0.75
2017.06.08 22:01:50.158,0.69659,0.69688,0.75,0.75
2017.06.08 22:01:50.209,0.69661,0.69689,0.75,1.12
2017.06.08 22:01:50.757,0.69662,0.69689,0.75,0.75
2017.06.08 22:01:51.456,0.69663,0.69689,0.75,0.75
2017.06.08 22:01:52.205,0.69664,0.69689,0.75,0.75
2017.06.08 22:02:00.631,0.69664,0.6969,0.75,0.75
2017.06.08 22:02:01.831,0.69665,0.6969,0.75,0.75
2017.06.08 22:02:02.440,0.69664,0.6969,1.50,0.75
2017.06.08 22:02:03.926,0.69665,0.6969,0.75,0.75
2017.06.08 22:02:07.244,0.69663,0.6969,0.75,0.75
2017.06.08 22:02:08.424,0.6966,0.69687,1.50,0.75
2017.06.08 22:02:08.728,0.69663,0.69689,0.75,0.37
2017.06.08 22:02:11.982,0.69659,0.69684,0.75,0.37
2017.06.08 22:02:12.285,0.69661,0.69686,0.75,0.37
2017.06.08 22:02:12.990,0.69659,0.69686,0.75,1.12
2017.06.08 22:02:13.091,0.69661,0.69687,0.75,0.75
2017.06.08 22:02:13.142,0.69661,0.69689,0.75,1.12
2017.06.08 22:02:13.423,0.69663,0.69689,0.75,0.75
2017.06.08 22:02:14.131,0.69663,0.69691,0.75,0.75
2017.06.08 22:02:14.669,0.69663,0.6969,0.75,0.37
2017.06.08 22:02:18.989,0.69663,0.69691,0.75,0.75
2017.06.08 22:02:19.550,0.69664,0.69691,0.75,0.75
2017.06.08 22:02:20.293,0.69663,0.69691,0.75,0.75
2017.06.08 22:02:21.064,0.69662,0.69691,0.75,0.75
2017.06.08 22:02:21.524,0.69664,0.69691,0.75,0.75
2017.06.08 22:02:22.519,0.69663,0.69691,0.75,0.75
2017.06.08 22:02:23.522,0.69664,0.69691,0.75,0.75
2017.06.08 22:02:24.079,0.69663,0.69691,0.75,0.75
2017.06.08 22:02:25.122,0.69662,0.69691,0.75,0.75
2017.06.08 22:02:25.683,0.69663,0.69691,0.75,0.75
2017.06.08 22:02:27.001,0.69659,0.69688,0.75,1.50
2017.06.08 22:02:27.102,0.69657,0.69687,0.75,0.75
2017.06.08 22:02:27.686,0.69658,0.69685,0.75,0.75
2017.06.08 22:02:28.462,0.69657,0.69685,0.75,0.75
2017.06.08 22:02:28.766,0.69653,0.69679,0.75,0.75
2017.06.08 22:02:29.091,0.69655,0.69684,0.75,0.75
2017.06.08 22:02:29.244,0.69657,0.69684,0.75,0.75
2017.06.08 22:02:29.816,0.69658,0.69685,0.75,0.75
2017.06.08 22:02:31.686,0.6966,0.69685,0.75,0.75
2017.06.08 22:02:32.300,0.69659,0.69685,0.75,0.75
2017.06.08 22:02:33.877,0.69659,0.69686,0.75,0.75
2017.06.08 22:02:34.435,0.69659,0.69685,0.75,0.75
2017.06.08 22:02:34.486,0.69654,0.69681,1.50,0.75
2017.06.08 22:02:34.638,0.69653,0.69677,0.37,0.75
2017.06.08 22:02:35.186,0.69653,0.69676,0.37,0.75
2017.06.08 22:02:37.909,0.69652,0.69676,0.75,0.75
2017.06.08 22:02:38.475,0.69652,0.69677,0.75,0.75
2017.06.08 22:02:39.058,0.69651,0.69677,0.75,0.75
2017.06.08 22:02:40.099,0.69652,0.69677,0.75,0.75
2017.06.08 22:02:40.709,0.69651,0.69677,0.75,0.75
2017.06.08 22:02:41.368,0.6965,0.69677,0.75,0.75
2017.06.08 22:02:41.884,0.6965,0.69676,0.75,0.75
2017.06.08 22:02:44.770,0.69651,0.69676,0.75,0.75
2017.06.08 22:02:45.301,0.6965,0.69676,0.75,0.75
2017.06.08 22:02:46.346,0.69654,0.6968,0.75,0.75
2017.06.08 22:02:46.599,0.69654,0.69682,0.75,0.75
2017.06.08 22:02:47.301,0.69655,0.69682,0.75,0.75
2017.06.08 22:02:47.954,0.69654,0.69682,0.75,0.75
2017.06.08 22:02:53.229,0.69654,0.69681,0.75,0.75
2017.06.08 22:02:53.960,0.6966,0.69683,0.75,0.75
2017.06.08 22:02:54.011,0.69656,0.69682,0.75,0.75
2017.06.08 22:02:54.112,0.69658,0.69685,0.75,0.75
2017.06.08 22:02:54.163,0.69662,0.69688,0.75,0.37
2017.06.08 22:02:54.622,0.69662,0.6969,0.75,0.75
2017.06.08 22:02:54.774,0.69662,0.69688,0.75,0.75
2017.06.08 22:02:55.094,0.69662,0.6968,0.75,0.75
2017.06.08 22:02:55.145,0.69659,0.69683,0.75,0.75
2017.06.08 22:02:55.246,0.69663,0.69688,0.75,0.75
2017.06.08 22:02:55.297,0.69663,0.6969,0.75,1.12
2017.06.08 22:02:55.706,0.69663,0.69688,0.75,0.75
2017.06.08 22:02:56.065,0.69663,0.69691,0.75,0.75
2017.06.08 22:02:56.217,0.69665,0.69691,0.75,0.75
2017.06.08 22:02:56.512,0.69667,0.69694,0.75,0.37
2017.06.08 22:02:56.770,0.69669,0.69695,0.75,0.75
2017.06.08 22:02:57.326,0.69669,0.69694,0.75,0.75
2017.06.08 22:02:57.807,0.69664,0.69691,0.75,0.75
2017.06.08 22:02:58.334,0.69664,0.6969,0.75,0.75
2017.06.08 22:02:58.861,0.69665,0.6969,0.75,0.75
2017.06.08 22:02:59.630,0.69665,0.69691,0.75,0.75
2017.06.08 22:02:59.932,0.69665,0.69689,0.75,0.75
2017.06.08 22:03:00.511,0.69665,0.6969,0.75,0.75
2017.06.08 22:03:01.074,0.69664,0.6969,0.75,0.75
2017.06.08 22:03:01.796,0.69665,0.6969,0.75,0.75
2017.06.08 22:03:02.035,0.69667,0.69693,0.75,0.75
2017.06.08 22:03:02.086,0.69669,0.69697,0.75,0.75
2017.06.08 22:03:02.137,0.69666,0.69692,0.75,0.75
2017.06.08 22:03:02.663,0.69666,0.69693,0.75,0.75
2017.06.08 22:03:03.252,0.69667,0.69693,0.75,0.75
2017.06.08 22:03:03.583,0.69666,0.69691,0.75,0.75
2017.06.08 22:03:04.142,0.69666,0.6969,0.75,0.75
2017.06.08 22:03:04.730,0.69666,0.69691,0.75,0.75
2017.06.08 22:03:05.425,0.69665,0.69691,0.75,0.75
2017.06.08 22:03:06.170,0.69664,0.6969,0.75,0.75
2017.06.08 22:03:06.490,0.69666,0.69691,0.75,0.75
2017.06.08 22:03:08.321,0.69666,0.69692,0.75,0.75
2017.06.08 22:03:11.627,0.69667,0.69692,0.75,0.75
2017.06.08 22:03:12.602,0.69666,0.69692,0.75,0.75
2017.06.08 22:03:14.278,0.69667,0.69692,0.75,0.75
2017.06.08 22:03:15.073,0.69666,0.69692,0.75,0.75
2017.06.08 22:03:15.592,0.69666,0.6969,0.75,0.75
2017.06.08 22:03:16.093,0.69664,0.6969,0.75,0.75
2017.06.08 22:03:16.278,0.69666,0.6969,0.75,0.75
2017.06.08 22:03:17.279,0.69667,0.6969,0.75,0.75
2017.06.08 22:03:18.444,0.69665,0.69688,0.75,0.75
2017.06.08 22:03:18.596,0.69663,0.69687,0.75,0.75
2017.06.08 22:03:18.763,0.69665,0.69689,0.75,0.75
2017.06.08 22:03:19.396,0.69665,0.6969,0.75,0.75
2017.06.08 22:03:20.055,0.69666,0.6969,0.75,0.75
2017.06.08 22:03:21.992,0.69666,0.69689,0.75,0.75
2017.06.08 22:03:22.542,0.69665,0.69689,0.75,0.75
2017.06.08 22:03:23.205,0.69663,0.69689,0.75,0.75
2017.06.08 22:03:23.256,0.69662,0.69687,0.75,0.75
2017.06.08 22:03:24.684,0.69661,0.69687,0.75,0.75
2017.06.08 22:03:25.407,0.69661,0.69686,0.75,0.75
2017.06.08 22:03:28.412,0.6966,0.69686,0.75,1.50
2017.06.08 22:03:31.649,0.69659,0.69688,0.75,1.50
2017.06.08 22:03:31.932,0.69659,0.69686,0.75,0.75
2017.06.08 22:03:33.266,0.69655,0.69682,1.12,0.75
2017.06.08 22:03:33.766,0.69658,0.69685,0.75,0.37
2017.06.08 22:03:33.816,0.69656,0.69685,0.75,1.12
2017.06.08 22:03:33.990,0.69656,0.69681,0.75,0.75
2017.06.08 22:03:34.289,0.69654,0.6968,0.75,0.75
2017.06.08 22:03:34.839,0.69654,0.69681,0.75,2.25
2017.06.08 22:03:35.646,0.69654,0.69682,0.75,0.75
2017.06.08 22:03:36.992,0.69655,0.69683,0.75,0.75
2017.06.08 22:03:43.842,0.69655,0.69682,0.75,0.75
2017.06.08 22:03:43.944,0.69655,0.6968,0.75,0.75
2017.06.08 22:03:44.246,0.69661,0.69686,0.75,1.50
2017.06.08 22:03:45.072,0.69659,0.69686,0.75,0.75
2017.06.08 22:03:45.614,0.6966,0.69686,0.75,0.75
2017.06.08 22:03:46.864,0.6966,0.69687,0.75,0.75
2017.06.08 22:03:47.525,0.69661,0.69688,0.75,1.87
2017.06.08 22:03:48.945,0.69661,0.69686,0.75,0.75
2017.06.08 22:03:48.996,0.69659,0.69685,0.75,0.75
2017.06.08 22:03:49.046,0.69658,0.69681,0.75,0.75
2017.06.08 22:03:49.097,0.69659,0.69685,0.75,1.50
2017.06.08 22:03:49.765,0.6966,0.69685,0.75,0.75
2017.06.08 22:03:50.350,0.6966,0.69686,0.75,1.50
2017.06.08 22:03:55.760,0.6966,0.69685,0.75,0.75
2017.06.08 22:03:56.299,0.6966,0.69686,0.75,0.75
2017.06.08 22:04:00.117,0.69656,0.69683,0.75,0.75
2017.06.08 22:04:00.167,0.69655,0.69681,0.75,0.75
2017.06.08 22:04:00.369,0.69656,0.69683,0.75,0.75
2017.06.08 22:04:00.781,0.69661,0.69685,0.75,0.75
2017.06.08 22:04:01.034,0.69663,0.6969,0.75,1.12
2017.06.08 22:04:01.085,0.69665,0.6969,0.75,0.37
2017.06.08 22:04:01.388,0.69667,0.69686,0.75,0.75
2017.06.08 22:04:01.692,0.69669,0.69686,0.75,0.75
2017.06.08 22:04:03.341,0.69668,0.69686,1.00,1.00
2017.06.08 22:04:03.392,0.69666,0.69686,1.00,1.00
2017.06.08 22:04:03.746,0.69668,0.69686,1.00,1.00
2017.06.08 22:04:05.489,0.69668,0.69691,1.00,1.00
2017.06.08 22:04:06.644,0.69672,0.69691,1.00,1.00
2017.06.08 22:04:06.746,0.69673,0.69695,1.00,1.00
2017.06.08 22:04:06.797,0.69675,0.69695,1.00,1.00
2017.06.08 22:04:07.600,0.69674,0.69695,1.00,1.00
2017.06.08 22:04:10.301,0.69676,0.69695,1.00,1.00
2017.06.08 22:04:10.352,0.69676,0.69701,1.00,1.00
2017.06.08 22:04:11.305,0.69675,0.69701,1.00,1.00
2017.06.08 22:04:17.418,0.69675,0.69702,1.00,1.00
2017.06.08 22:04:17.722,0.69672,0.697,1.00,1.50
2017.06.08 22:04:18.534,0.69673,0.697,1.00,1.00
2017.06.08 22:04:19.753,0.69673,0.69701,1.00,1.00
2017.06.08 22:04:20.399,0.69674,0.69701,1.00,1.00
2017.06.08 22:04:24.245,0.69674,0.69699,1.00,1.00
2017.06.08 22:04:24.359,0.69674,0.69701,1.00,1.00
2017.06.08 22:04:25.360,0.69673,0.69701,1.00,1.00
2017.06.08 22:04:26.526,0.69675,0.69702,1.00,1.87
2017.06.08 22:04:31.246,0.69674,0.69701,1.00,1.00
2017.06.08 22:04:31.563,0.69672,0.69699,1.00,1.00
2017.06.08 22:04:33.754,0.69671,0.69699,1.00,1.00
2017.06.08 22:04:34.327,0.69672,0.69699,1.00,1.00
2017.06.08 22:04:36.786,0.69671,0.69699,1.00,1.00
2017.06.08 22:04:39.304,0.6967,0.69697,1.00,1.00
2017.06.08 22:04:39.770,0.69672,0.69699,1.00,1.50
2017.06.08 22:04:40.309,0.69672,0.69698,1.00,1.00
2017.06.08 22:04:40.724,0.69672,0.697,1.00,1.00
2017.06.08 22:04:41.123,0.69675,0.69701,1.00,1.00
2017.06.08 22:04:42.580,0.69673,0.69701,1.00,1.00
2017.06.08 22:04:43.089,0.69674,0.69702,1.00,1.00
2017.06.08 22:04:44.614,0.69674,0.697,1.00,1.00
2017.06.08 22:04:45.186,0.69673,0.697,1.00,1.50
2017.06.08 22:04:45.718,0.69672,0.697,1.00,1.50
2017.06.08 22:04:46.061,0.6967,0.69698,1.00,1.00
2017.06.08 22:04:46.786,0.6967,0.69696,1.00,1.00
2017.06.08 22:04:48.120,0.6967,0.69698,1.00,1.50
2017.06.08 22:04:51.161,0.69671,0.69698,1.00,1.00
2017.06.08 22:04:51.924,0.69672,0.69698,1.00,1.00
2017.06.08 22:04:52.454,0.69671,0.69698,1.00,1.00
2017.06.08 22:04:53.068,0.69673,0.69698,1.00,1.00
2017.06.08 22:04:53.570,0.69672,0.69698,1.00,1.00
2017.06.08 22:04:54.120,0.69671,0.69698,1.00,1.00
2017.06.08 22:04:54.778,0.69671,0.69699,1.00,1.50
2017.06.08 22:04:55.840,0.69673,0.69698,1.00,1.00
2017.06.08 22:04:55.891,0.69673,0.697,1.00,1.50
2017.06.08 22:04:56.468,0.69672,0.697,1.00,1.00
2017.06.08 22:04:56.721,0.6967,0.69698,1.50,1.50
2017.06.08 22:04:57.292,0.69669,0.69697,1.00,1.00
2017.06.08 22:04:57.828,0.69668,0.69696,1.00,1.00
2017.06.08 22:04:58.359,0.69669,0.69697,1.00,1.00
2017.06.08 22:04:58.937,0.6967,0.69697,1.00,1.00
2017.06.08 22:04:59.519,0.69669,0.69697,1.50,1.00
2017.06.08 22:05:00.132,0.69677,0.69703,1.00,1.00
2017.06.08 22:05:00.233,0.69677,0.69705,1.00,1.00
2017.06.08 22:05:01.097,0.69676,0.69704,1.00,1.00
2017.06.08 22:05:02.474,0.69676,0.69703,1.00,1.00
2017.06.08 22:05:05.934,0.69676,0.69704,1.00,1.50
2017.06.08 22:05:06.037,0.69676,0.69702,1.00,1.00
2017.06.08 22:05:06.847,0.69676,0.69704,1.00,1.50
2017.06.08 22:05:08.259,0.69676,0.69702,1.00,1.00
2017.06.08 22:05:09.683,0.69675,0.69702,1.00,1.00
2017.06.08 22:05:10.190,0.69676,0.69702,1.00,1.00
2017.06.08 22:05:10.560,0.6968,0.69706,1.00,1.50
2017.06.08 22:05:10.813,0.69677,0.69704,1.00,1.00
2017.06.08 22:05:11.777,0.69676,0.69703,1.00,1.00
2017.06.08 22:05:12.898,0.69675,0.69703,1.12,1.00
2017.06.08 22:05:13.976,0.69676,0.69703,1.37,1.50
2017.06.08 22:05:14.496,0.69676,0.69703,1.00,1.50
2017.06.08 22:05:16.316,0.69676,0.69704,1.00,1.50
2017.06.08 22:05:18.004,0.69676,0.69703,1.00,1.00
2017.06.08 22:05:18.501,0.69678,0.69705,1.00,1.50
2017.06.08 22:05:18.653,0.69679,0.69707,1.00,1.00
2017.06.08 22:05:18.805,0.69678,0.69705,1.12,1.00
2017.06.08 22:05:19.450,0.69678,0.69704,1.00,1.00
2017.06.08 22:05:19.501,0.69676,0.69704,1.12,1.00
2017.06.08 22:05:20.617,0.69675,0.69704,1.50,1.50
2017.06.08 22:05:21.603,0.69675,0.69703,1.50,1.00
2017.06.08 22:05:22.415,0.69676,0.69704,1.00,1.00
2017.06.08 22:05:22.466,0.69675,0.69702,1.12,1.00
2017.06.08 22:05:22.720,0.69669,0.69698,1.00,1.00
2017.06.08 22:05:22.821,0.69671,0.69699,1.00,1.50
2017.06.08 22:05:23.123,0.6967,0.69697,1.00,1.00
2017.06.08 22:05:26.526,0.69671,0.69697,1.00,1.00
2017.06.08 22:05:26.778,0.69669,0.69698,1.50,1.50
2017.06.08 22:05:26.931,0.69671,0.69699,1.00,1.00
2017.06.08 22:05:27.893,0.6967,0.69699,1.00,1.00
2017.06.08 22:05:30.488,0.69669,0.69698,1.50,1.00
2017.06.08 22:05:32.222,0.69669,0.69698,1.87,1.00
2017.06.08 22:05:33.103,0.69671,0.69699,1.00,1.50
2017.06.08 22:05:33.725,0.69671,0.69697,1.00,1.00
2017.06.08 22:05:34.345,0.6967,0.69697,1.00,1.00
2017.06.08 22:05:35.579,0.6967,0.69698,1.00,1.00
2017.06.08 22:05:36.824,0.69669,0.69697,1.50,1.00
2017.06.08 22:05:37.351,0.6967,0.69698,1.00,1.00
2017.06.08 22:05:37.787,0.6967,0.69696,1.00,1.00
2017.06.08 22:05:39.292,0.69671,0.69699,1.00,1.00
2017.06.08 22:05:39.595,0.69675,0.69703,1.00,1.87
2017.06.08 22:05:39.813,0.69677,0.69705,1.00,1.50
2017.06.08 22:05:40.321,0.69678,0.69706,1.00,1.50
2017.06.08 22:05:41.139,0.69678,0.69704,1.00,1.00
2017.06.08 22:05:41.565,0.69678,0.69706,1.00,1.50
2017.06.08 22:05:42.066,0.69679,0.69705,1.00,1.00
2017.06.08 22:05:42.578,0.69679,0.69707,1.00,1.00
2017.06.08 22:05:42.694,0.69677,0.69705,1.00,1.00
2017.06.08 22:05:43.072,0.69679,0.69707,1.00,1.00
2017.06.08 22:05:43.455,0.69678,0.69704,1.00,1.00
2017.06.08 22:05:44.011,0.69677,0.69705,1.00,1.00
2017.06.08 22:05:44.341,0.69677,0.69703,1.00,1.00
2017.06.08 22:05:44.710,0.69677,0.69705,1.00,1.00
2017.06.08 22:05:45.232,0.69676,0.69704,1.00,1.00
2017.06.08 22:05:45.818,0.69677,0.69705,1.00,1.00
2017.06.08 22:05:45.869,0.69677,0.69703,1.00,1.00
2017.06.08 22:05:46.317,0.69677,0.69705,1.00,1.00
2017.06.08 22:05:46.871,0.69676,0.69704,1.12,1.00
2017.06.08 22:05:47.141,0.69679,0.69705,1.00,1.00
2017.06.08 22:05:47.363,0.69676,0.69704,1.12,1.00
2017.06.08 22:05:48.080,0.69678,0.69706,1.00,1.00
2017.06.08 22:05:48.618,0.69677,0.69705,1.00,1.00
2017.06.08 22:05:49.283,0.69676,0.69704,1.12,1.00
2017.06.08 22:05:49.845,0.69677,0.69705,1.00,1.00
2017.06.08 22:05:50.112,0.69678,0.69707,1.00,1.00
2017.06.08 22:05:50.236,0.69677,0.69705,1.00,1.00
2017.06.08 22:05:51.088,0.69678,0.69707,1.00,1.00
2017.06.08 22:05:51.139,0.69678,0.69704,1.00,1.00
2017.06.08 22:05:51.621,0.69679,0.69707,1.00,1.00
2017.06.08 22:05:52.139,0.69678,0.69706,1.00,1.00
2017.06.08 22:05:55.120,0.69675,0.69703,1.37,1.00
2017.06.08 22:05:55.323,0.69677,0.69705,1.00,1.00
2017.06.08 22:05:56.242,0.69676,0.69704,1.00,1.00
2017.06.08 22:05:56.920,0.69677,0.69705,1.00,1.00
2017.06.08 22:05:57.439,0.69676,0.69704,1.12,1.00
2017.06.08 22:05:57.869,0.69678,0.69704,1.00,1.00
2017.06.08 22:05:58.100,0.69676,0.69704,1.00,1.00
2017.06.08 22:05:58.865,0.69677,0.69705,1.00,1.00
2017.06.08 22:05:59.367,0.69678,0.69704,1.00,1.00
2017.06.08 22:05:59.418,0.69676,0.69704,1.12,1.00
2017.06.08 22:06:00.118,0.69679,0.69705,1.00,1.00
2017.06.08 22:06:00.573,0.69682,0.69708,1.00,1.00
2017.06.08 22:06:00.624,0.69682,0.6971,1.00,1.50
2017.06.08 22:06:01.346,0.69682,0.69708,1.00,1.00
2017.06.08 22:06:21.653,0.69687,0.69712,1.00,1.00
2017.06.08 22:06:22.001,0.69686,0.6971,1.00,1.00
2017.06.08 22:06:22.354,0.69691,0.69714,1.00,1.00
2017.06.08 22:06:22.405,0.69686,0.69714,1.00,1.00
2017.06.08 22:06:22.573,0.69684,0.69712,1.00,1.00
2017.06.08 22:06:23.217,0.69683,0.69711,1.00,1.00
2017.06.08 22:06:23.639,0.69681,0.69709,1.00,1.00
2017.06.08 22:06:24.156,0.69682,0.6971,1.00,1.00
2017.06.08 22:06:24.736,0.69683,0.69711,1.00,1.12
2017.06.08 22:06:25.041,0.69682,0.69708,1.00,1.00
2017.06.08 22:06:25.092,0.69682,0.6971,1.00,1.00
2017.06.08 22:06:25.143,0.69682,0.69708,1.00,1.00
2017.06.08 22:06:26.619,0.69682,0.6971,1.00,1.00
2017.06.08 22:06:27.119,0.69682,0.69708,1.00,1.00
2017.06.08 22:06:27.620,0.69681,0.69709,1.00,1.00
2017.06.08 22:06:28.568,0.69682,0.6971,1.00,1.00
2017.06.08 22:06:29.117,0.69681,0.69709,1.00,1.00
2017.06.08 22:06:30.106,0.69682,0.6971,1.00,1.00
2017.06.08 22:06:30.515,0.6968,0.69708,1.00,1.00
2017.06.08 22:06:31.047,0.69681,0.69707,1.00,1.00
2017.06.08 22:06:31.099,0.69681,0.69709,1.00,1.00
2017.06.08 22:06:31.606,0.6968,0.69708,1.00,1.00
2017.06.08 22:06:34.008,0.69684,0.69708,1.00,1.00
2017.06.08 22:06:34.455,0.69682,0.69708,1.00,1.00
2017.06.08 22:06:37.028,0.69682,0.69709,1.00,1.12
2017.06.08 22:06:38.622,0.69684,0.69711,1.00,1.12
2017.06.08 22:06:39.693,0.69684,0.69711,1.00,1.37
2017.06.08 22:06:40.239,0.69684,0.69711,1.50,1.00
2017.06.08 22:06:41.086,0.69684,0.69712,1.50,1.12
2017.06.08 22:06:41.821,0.69685,0.69713,1.00,1.37
2017.06.08 22:06:47.591,0.69686,0.69713,1.00,1.37
2017.06.08 22:06:48.373,0.69685,0.69713,1.00,1.12
2017.06.08 22:06:48.838,0.69685,0.69711,1.00,1.00
2017.06.08 22:06:49.235,0.69687,0.69713,1.50,1.12
2017.06.08 22:06:49.564,0.69686,0.69711,1.00,1.00
2017.06.08 22:06:50.336,0.69684,0.69711,1.00,1.00
2017.06.08 22:06:50.470,0.69683,0.69709,1.00,1.00
2017.06.08 22:06:50.826,0.69681,0.69707,1.00,1.00
2017.06.08 22:06:55.613,0.69681,0.69709,1.00,1.00
2017.06.08 22:06:56.324,0.6968,0.69708,1.00,1.00
2017.06.08 22:06:59.954,0.6968,0.69706,1.00,1.00
2017.06.08 22:07:00.486,0.6968,0.69705,1.00,1.00
2017.06.08 22:07:01.666,0.69685,0.69712,1.00,1.00
2017.06.08 22:07:01.802,0.69682,0.6971,1.00,1.00
2017.06.08 22:07:02.420,0.69684,0.69712,1.00,1.00
2017.06.08 22:07:02.724,0.69688,0.69716,1.00,1.00
2017.06.08 22:07:03.411,0.69689,0.69717,1.00,1.00
2017.06.08 22:07:04.185,0.69689,0.69715,1.00,1.00
2017.06.08 22:07:04.663,0.69691,0.69716,1.00,1.00
2017.06.08 22:07:04.946,0.69682,0.69711,1.37,1.00
2017.06.08 22:07:05.047,0.69687,0.69715,1.00,1.37
2017.06.08 22:07:05.199,0.69687,0.69715,1.00,1.00
2017.06.08 22:07:05.429,0.69689,0.69717,1.00,1.12
2017.06.08 22:07:06.458,0.6969,0.69715,1.00,1.00
2017.06.08 22:07:06.873,0.69691,0.69718,1.00,1.50
2017.06.08 22:07:07.429,0.69693,0.69718,1.00,1.50
2017.06.08 22:07:07.480,0.69695,0.69722,1.00,1.50
2017.06.08 22:07:10.071,0.69694,0.6972,1.00,1.00
2017.06.08 22:07:10.122,0.69695,0.69722,1.00,1.12
2017.06.08 22:07:10.515,0.69697,0.69723,1.00,1.50
2017.06.08 22:07:11.091,0.69695,0.69723,1.00,1.50
2017.06.08 22:07:11.324,0.69694,0.6972,1.00,1.00
2017.06.08 22:07:11.927,0.69695,0.6972,1.00,1.00
2017.06.08 22:07:12.667,0.69694,0.6972,1.00,1.00
2017.06.08 22:07:13.189,0.69695,0.6972,1.00,1.50
2017.06.08 22:07:13.290,0.69691,0.69718,1.12,1.50
2017.06.08 22:07:17.796,0.69692,0.69717,1.00,1.00
2017.06.08 22:07:18.460,0.69692,0.69718,1.00,1.50
2017.06.08 22:07:18.511,0.6969,0.69718,1.00,1.50
2017.06.08 22:07:18.612,0.69694,0.6972,1.00,1.00
2017.06.08 22:07:18.821,0.69695,0.69723,1.00,1.37
2017.06.08 22:07:18.872,0.69696,0.69724,1.00,1.87
2017.06.08 22:07:19.151,0.69696,0.69724,1.00,1.87
2017.06.08 22:07:19.324,0.69696,0.69724,1.00,1.87
2017.06.08 22:07:19.829,0.69697,0.69724,1.00,1.87
2017.06.08 22:07:21.726,0.69697,0.69723,1.00,1.00
2017.06.08 22:07:22.251,0.69697,0.69725,1.00,1.87
2017.06.08 22:07:22.861,0.69696,0.69724,1.00,1.12
2017.06.08 22:07:23.896,0.69698,0.69724,1.00,1.00
2017.06.08 22:07:23.998,0.69698,0.69726,1.00,1.50
2017.06.08 22:07:24.099,0.69698,0.69724,1.00,1.00
2017.06.08 22:07:24.201,0.69696,0.69724,1.00,1.12
2017.06.08 22:07:24.302,0.69699,0.69725,1.00,1.00
2017.06.08 22:07:24.655,0.69697,0.69722,1.00,1.00
2017.06.08 22:07:24.757,0.69699,0.69725,1.00,1.00
2017.06.08 22:07:25.277,0.69699,0.69726,1.00,1.00
2017.06.08 22:07:25.591,0.69701,0.69726,1.00,1.00
2017.06.08 22:07:26.127,0.69699,0.69727,1.00,1.50
2017.06.08 22:07:26.505,0.69699,0.69725,1.00,1.00
2017.06.08 22:07:26.931,0.69701,0.69725,1.00,1.00
2017.06.08 22:07:27.713,0.69701,0.69727,1.00,1.50
2017.06.08 22:07:30.473,0.69701,0.69726,1.00,1.00
2017.06.08 22:07:31.021,0.697,0.69725,1.00,1.00
2017.06.08 22:07:31.508,0.697,0.69727,1.00,1.50
2017.06.08 22:07:31.559,0.697,0.69725,1.00,1.00
2017.06.08 22:07:31.966,0.697,0.69727,1.00,1.50
2017.06.08 22:07:32.068,0.69702,0.69729,1.00,1.87
2017.06.08 22:07:32.169,0.697,0.69728,1.12,1.50
2017.06.08 22:07:33.912,0.69704,0.6973,1.12,1.00
2017.06.08 22:07:34.013,0.69702,0.69729,1.00,1.00
2017.06.08 22:07:36.492,0.69702,0.69729,1.37,1.00
2017.06.08 22:07:37.196,0.69703,0.6973,1.12,1.00
2017.06.08 22:07:37.394,0.69701,0.69729,1.12,1.50
2017.06.08 22:07:37.545,0.69704,0.69729,1.12,1.00
2017.06.08 22:07:38.324,0.69704,0.69729,1.37,1.00
2017.06.08 22:07:38.470,0.69705,0.69733,1.37,1.50
2017.06.08 22:07:39.111,0.69706,0.69734,1.37,1.00
2017.06.08 22:07:39.538,0.69706,0.69732,1.37,1.00
2017.06.08 22:07:40.754,0.69706,0.69733,1.37,1.00
2017.06.08 22:07:41.652,0.69706,0.69733,1.37,1.00
2017.06.08 22:07:41.753,0.69708,0.69735,1.37,1.00
2017.06.08 22:07:41.804,0.69709,0.69737,1.37,1.00
2017.06.08 22:07:42.474,0.69711,0.69738,1.00,1.00
2017.06.08 22:07:43.136,0.69711,0.69738,1.37,1.00
2017.06.08 22:07:43.607,0.69711,0.69736,1.37,1.00
2017.06.08 22:07:49.275,0.69709,0.69734,1.37,1.00
2017.06.08 22:07:49.605,0.69709,0.69732,1.37,1.00
2017.06.08 22:07:51.894,0.69709,0.69732,1.37,1.00
2017.06.08 22:07:53.167,0.69709,0.69732,1.00,1.00
2017.06.08 22:07:54.118,0.69708,0.69731,1.00,1.00
2017.06.08 22:07:54.528,0.69705,0.69732,1.00,1.00
2017.06.08 22:07:55.243,0.69706,0.69733,1.00,1.12
2017.06.08 22:07:56.052,0.69705,0.69732,1.00,1.00
2017.06.08 22:07:56.673,0.69706,0.69732,1.00,1.00
2017.06.08 22:07:57.481,0.69709,0.69736,1.00,1.00
2017.06.08 22:08:00.392,0.69708,0.69735,1.00,1.00
2017.06.08 22:08:00.622,0.69705,0.69732,1.00,1.00
2017.06.08 22:08:02.207,0.69706,0.69733,1.00,1.00
2017.06.08 22:08:04.908,0.69705,0.69732,1.00,1.00
2017.06.08 22:08:05.483,0.69708,0.69733,1.00,1.00
2017.06.08 22:08:05.534,0.69705,0.69732,1.00,1.00
2017.06.08 22:08:06.053,0.69706,0.69733,1.00,1.00
2017.06.08 22:08:07.704,0.69705,0.6973,1.00,1.00
2017.06.08 22:08:07.755,0.69705,0.69732,1.00,1.00
2017.06.08 22:08:08.230,0.69705,0.6973,1.00,1.00
2017.06.08 22:08:08.844,0.69703,0.69729,1.00,1.00
2017.06.08 22:08:09.397,0.69702,0.69729,1.12,1.00
2017.06.08 22:08:10.665,0.69704,0.69729,1.12,1.00
2017.06.08 22:08:11.040,0.69704,0.69731,1.12,1.00
2017.06.08 22:08:11.868,0.69704,0.69731,1.37,1.00
2017.06.08 22:08:14.923,0.69704,0.69731,1.12,1.00
2017.06.08 22:08:16.473,0.69705,0.69731,1.00,1.00
2017.06.08 22:08:19.127,0.69704,0.69731,1.12,1.00
2017.06.08 22:08:20.407,0.69705,0.69732,1.00,1.00
2017.06.08 22:08:21.020,0.69704,0.69731,1.87,1.00
2017.06.08 22:08:22.089,0.69706,0.69733,1.00,1.00
2017.06.08 22:08:23.529,0.69706,0.69731,1.00,1.00
2017.06.08 22:08:24.785,0.69706,0.69733,1.00,1.00
2017.06.08 22:08:27.360,0.69708,0.69733,1.00,1.00
2017.06.08 22:08:29.457,0.69706,0.69733,1.00,1.00
2017.06.08 22:08:30.016,0.69707,0.69734,1.00,1.00
2017.06.08 22:08:32.666,0.69708,0.69733,1.00,1.00
2017.06.08 22:08:32.867,0.69708,0.69735,1.00,1.12
2017.06.08 22:08:33.646,0.69707,0.69734,1.00,1.00
2017.06.08 22:08:35.230,0.69706,0.69733,1.12,1.00
2017.06.08 22:08:35.757,0.69706,0.69733,1.37,1.00
2017.06.08 22:08:35.808,0.69709,0.69735,1.00,1.00
2017.06.08 22:08:36.213,0.69712,0.69737,1.00,1.00
2017.06.08 22:08:37.268,0.69712,0.69739,1.00,1.00
2017.06.08 22:08:41.881,0.69709,0.69735,1.37,1.00
2017.06.08 22:08:42.530,0.6971,0.69736,1.12,1.00
2017.06.08 22:08:44.821,0.69711,0.69737,1.00,1.00
2017.06.08 22:08:44.871,0.69709,0.69736,1.12,1.00
2017.06.08 22:08:45.023,0.69709,0.69736,1.37,1.00
2017.06.08 22:08:46.520,0.6971,0.69734,1.37,1.00
2017.06.08 22:08:48.352,0.69708,0.69735,1.37,1.00
2017.06.08 22:08:50.237,0.69708,0.69735,1.37,1.00
2017.06.08 22:08:58.266,0.69708,0.69735,1.37,1.00
2017.06.08 22:08:58.418,0.69709,0.69736,1.12,1.00
2017.06.08 22:08:58.570,0.69708,0.69734,1.37,1.00
2017.06.08 22:09:00.327,0.69706,0.69733,1.37,1.00
2017.06.08 22:09:00.901,0.69708,0.69734,1.00,1.00
2017.06.08 22:09:01.860,0.69707,0.69734,1.12,1.00
2017.06.08 22:09:02.387,0.69708,0.69733,1.00,1.00
2017.06.08 22:09:04.140,0.69708,0.69732,1.00,1.00
2017.06.08 22:09:04.241,0.69707,0.69734,1.12,1.00
2017.06.08 22:09:06.222,0.69707,0.69734,1.37,1.00
2017.06.08 22:09:07.327,0.69708,0.69735,1.37,1.00
2017.06.08 22:09:08.639,0.69708,0.69735,1.37,1.00
2017.06.08 22:09:09.347,0.69708,0.69734,1.37,1.00
2017.06.08 22:09:17.356,0.69709,0.69735,1.37,1.00
2017.06.08 22:09:17.927,0.69708,0.69734,1.37,1.00
2017.06.08 22:09:20.816,0.69708,0.69733,1.00,1.00
2017.06.08 22:09:21.515,0.69709,0.69734,1.00,1.00
2017.06.08 22:09:22.016,0.69708,0.69734,1.12,1.00
2017.06.08 22:09:23.892,0.69707,0.69734,1.12,1.00
2017.06.08 22:09:24.565,0.69707,0.69733,1.12,1.00
2017.06.08 22:09:25.078,0.69707,0.69733,1.37,1.00
2017.06.08 22:09:46.599,0.69707,0.69733,1.37,1.00
2017.06.08 22:09:49.650,0.69706,0.69733,1.12,1.00
2017.06.08 22:09:49.700,0.69705,0.69731,1.37,1.00
2017.06.08 22:09:52.592,0.69705,0.69732,1.37,1.00
2017.06.08 22:09:52.922,0.69705,0.6973,1.37,1.00
2017.06.08 22:09:54.151,0.69705,0.69731,1.37,1.00
2017.06.08 22:09:54.870,0.69705,0.69732,1.37,1.00
2017.06.08 22:09:57.295,0.69704,0.69731,1.37,1.00
2017.06.08 22:09:57.816,0.69705,0.69732,1.37,1.00
2017.06.08 22:10:01.436,0.69707,0.69732,1.00,1.00
2017.06.08 22:10:03.181,0.69708,0.69732,1.00,1.00
2017.06.08 22:10:03.231,0.69708,0.69734,1.00,1.00
2017.06.08 22:10:04.249,0.69707,0.69734,1.12,1.00
2017.06.08 22:10:04.489,0.69706,0.69731,1.37,1.00
2017.06.08 22:10:06.160,0.69706,0.69732,1.37,1.00
2017.06.08 22:10:07.783,0.69708,0.69732,1.00,1.00
2017.06.08 22:10:08.088,0.69708,0.69732,1.37,1.00
2017.06.08 22:10:12.049,0.69706,0.69732,1.37,1.00
2017.06.08 22:10:12.151,0.69706,0.6973,1.37,1.00
2017.06.08 22:10:12.201,0.69706,0.6973,1.12,1.00
2017.06.08 22:10:12.457,0.69702,0.69729,1.37,1.00
2017.06.08 22:10:12.584,0.69701,0.69727,1.50,1.00
2017.06.08 22:10:12.637,0.69703,0.69729,1.37,1.00
2017.06.08 22:10:13.366,0.69706,0.6973,1.00,1.00
2017.06.08 22:10:13.706,0.69704,0.6973,1.00,1.00
2017.06.08 22:10:13.758,0.69704,0.69728,1.00,1.00
2017.06.08 22:10:13.860,0.69704,0.69731,1.00,1.00
2017.06.08 22:10:14.119,0.69702,0.69728,1.00,1.00
2017.06.08 22:10:14.423,0.69707,0.69733,1.00,1.00
2017.06.08 22:10:14.946,0.69707,0.69734,1.00,1.00
2017.06.08 22:10:15.468,0.69707,0.69734,1.37,1.00
2017.06.08 22:10:15.812,0.69707,0.69732,1.12,1.00
2017.06.08 22:10:16.124,0.69707,0.69732,1.37,1.00
2017.06.08 22:10:16.711,0.69707,0.69733,1.37,1.00
2017.06.08 22:10:17.344,0.69707,0.69734,1.37,1.00
2017.06.08 22:10:18.158,0.69709,0.69735,1.00,1.00
2017.06.08 22:10:18.717,0.69708,0.69734,1.12,1.00
2017.06.08 22:10:18.818,0.69705,0.69732,1.12,1.00
2017.06.08 22:10:21.183,0.69703,0.6973,1.00,1.00
2017.06.08 22:10:21.898,0.69702,0.69727,1.00,1.00
2017.06.08 22:10:22.481,0.69701,0.69727,1.00,1.00
2017.06.08 22:10:23.002,0.69702,0.69727,1.00,1.00
2017.06.08 22:10:24.079,0.69701,0.69726,1.00,1.00
2017.06.08 22:10:24.130,0.69702,0.69729,1.00,1.00
2017.06.08 22:10:25.052,0.69702,0.69727,1.00,1.00
2017.06.08 22:10:25.570,0.69701,0.69728,1.00,1.00
2017.06.08 22:10:26.101,0.69702,0.69729,1.00,1.00
2017.06.08 22:10:28.215,0.697,0.69727,1.87,1.00
2017.06.08 22:10:28.572,0.69702,0.69729,1.00,1.00
2017.06.08 22:10:29.215,0.69701,0.69728,1.00,1.00
2017.06.08 22:10:29.721,0.69701,0.69727,1.12,1.00
2017.06.08 22:10:29.830,0.69702,0.69729,1.00,1.00
2017.06.08 22:10:30.795,0.69702,0.69728,1.00,1.00
2017.06.08 22:10:32.695,0.69702,0.69729,1.00,1.00
2017.06.08 22:10:32.847,0.69702,0.69726,1.00,1.00
2017.06.08 22:10:34.338,0.69703,0.69728,1.00,1.00
2017.06.08 22:10:34.413,0.69705,0.69728,1.00,1.00
2017.06.08 22:10:34.514,0.69702,0.69729,1.00,1.00
2017.06.08 22:10:35.707,0.69703,0.6973,1.00,1.00
2017.06.08 22:10:36.397,0.69702,0.69729,1.00,1.00
2017.06.08 22:10:37.556,0.69701,0.69728,1.12,1.00
2017.06.08 22:10:39.261,0.69702,0.69729,1.00,1.00
2017.06.08 22:10:39.772,0.69701,0.69728,1.12,1.00
2017.06.08 22:10:41.708,0.69702,0.69727,1.00,1.00
2017.06.08 22:10:42.611,0.697,0.69727,1.37,1.00
2017.06.08 22:10:45.159,0.69701,0.69728,1.12,1.00
2017.06.08 22:10:48.733,0.697,0.69725,1.37,1.00
2017.06.08 22:10:48.834,0.69699,0.69724,1.00,1.00
2017.06.08 22:10:48.935,0.69698,0.69722,1.00,1.00
2017.06.08 22:10:49.382,0.69691,0.69716,1.37,1.00
2017.06.08 22:10:49.433,0.69686,0.69714,1.37,1.00
2017.06.08 22:10:49.534,0.69684,0.69714,1.37,1.00
2017.06.08 22:10:51.872,0.69685,0.69707,1.00,1.00
2017.06.08 22:10:51.974,0.69681,0.69707,1.00,1.00
2017.06.08 22:10:52.270,0.69674,0.69704,1.37,1.00
2017.06.08 22:10:52.848,0.69675,0.69705,1.12,1.00
2017.06.08 22:10:53.483,0.69674,0.69704,1.50,1.00
2017.06.08 22:10:53.637,0.69676,0.69704,1.00,1.00
2017.06.08 22:10:54.107,0.69679,0.69705,1.00,1.00
2017.06.08 22:10:54.410,0.69681,0.69707,1.00,1.00
2017.06.08 22:10:55.530,0.69681,0.69708,1.00,1.00
2017.06.08 22:10:57.476,0.69681,0.69711,1.00,1.00
2017.06.08 22:10:57.527,0.69681,0.69711,1.00,1.37
2017.06.08 22:10:57.628,0.69678,0.69709,1.00,1.12
2017.06.08 22:10:57.830,0.69676,0.69707,1.00,1.00
2017.06.08 22:10:58.488,0.69675,0.69706,1.00,1.00
2017.06.08 22:10:59.015,0.69675,0.69707,1.00,2.25
2017.06.08 22:11:00.010,0.69675,0.69707,1.00,2.25
2017.06.08 22:11:00.568,0.69675,0.69707,1.00,1.87
2017.06.08 22:11:01.576,0.69674,0.69707,1.87,1.00
2017.06.08 22:11:01.936,0.69679,0.69709,1.00,1.12
2017.06.08 22:11:03.491,0.69679,0.69708,1.00,1.00
2017.06.08 22:11:04.399,0.69681,0.69709,1.00,1.00
2017.06.08 22:11:04.906,0.69681,0.69711,1.00,1.37
2017.06.08 22:11:05.664,0.69682,0.69712,1.00,1.00
2017.06.08 22:11:06.542,0.69683,0.69712,1.00,1.00
2017.06.08 22:11:07.219,0.69682,0.69712,1.00,1.12
2017.06.08 22:11:07.500,0.69684,0.69712,1.00,1.12
2017.06.08 22:11:07.794,0.69684,0.69714,1.00,1.50
2017.06.08 22:11:08.313,0.69683,0.69713,1.00,1.00
2017.06.08 22:11:09.181,0.69684,0.69711,1.00,1.00
2017.06.08 22:11:10.158,0.69684,0.69714,1.00,1.12
2017.06.08 22:11:11.108,0.69684,0.69712,1.00,1.00
2017.06.08 22:11:11.443,0.69684,0.69714,1.00,1.12
2017.06.08 22:11:11.769,0.69687,0.69714,1.00,1.00
2017.06.08 22:11:12.110,0.69685,0.69713,1.00,1.00
2017.06.08 22:11:20.248,0.69685,0.69715,1.00,1.50
2017.06.08 22:11:20.460,0.69683,0.69713,1.00,1.00
2017.06.08 22:11:22.364,0.69683,0.69708,1.00,1.00
2017.06.08 22:11:23.065,0.69684,0.69708,1.00,1.00
2017.06.08 22:11:23.504,0.69687,0.69713,1.00,1.00
2017.06.08 22:11:23.555,0.69689,0.69713,1.00,1.00
2017.06.08 22:11:24.057,0.69689,0.69714,1.00,1.00
2017.06.08 22:11:24.577,0.69688,0.69714,1.00,1.00
2017.06.08 22:11:26.171,0.69689,0.69714,1.00,1.00
2017.06.08 22:11:26.705,0.69685,0.69714,1.00,1.37
2017.06.08 22:11:26.756,0.69685,0.69709,1.00,1.00
2017.06.08 22:11:26.857,0.69683,0.69708,1.00,1.00
2017.06.08 22:11:27.506,0.69682,0.69708,1.00,1.00
2017.06.08 22:11:28.037,0.69682,0.69707,1.00,1.00
2017.06.08 22:11:28.698,0.69681,0.69707,1.00,1.00
2017.06.08 22:11:33.480,0.69683,0.69709,1.00,1.00
2017.06.08 22:11:34.020,0.69683,0.69706,1.00,1.00
2017.06.08 22:11:35.538,0.69681,0.69706,1.00,1.00
2017.06.08 22:11:42.875,0.69681,0.69707,1.00,1.00
2017.06.08 22:11:43.877,0.69683,0.69707,1.00,1.00
2017.06.08 22:11:46.731,0.6968,0.69706,1.00,1.00
2017.06.08 22:11:47.497,0.6968,0.69707,1.00,1.00
2017.06.08 22:11:50.267,0.6968,0.69708,1.37,1.00
2017.06.08 22:11:50.368,0.69682,0.69709,1.37,1.00
2017.06.08 22:11:51.492,0.69684,0.6971,1.12,1.00
2017.06.08 22:11:51.998,0.69685,0.6971,1.00,1.00
2017.06.08 22:11:52.618,0.69685,0.69709,1.00,1.00
2017.06.08 22:11:57.366,0.69687,0.69713,1.00,1.00
2017.06.08 22:11:57.621,0.69689,0.69713,1.00,1.00
2017.06.08 22:11:59.523,0.69688,0.69713,1.00,1.00
2017.06.08 22:12:03.149,0.69689,0.69713,1.00,1.00
2017.06.08 22:12:04.060,0.69689,0.69714,1.00,1.00
2017.06.08 22:12:06.363,0.6969,0.69714,1.00,1.00
2017.06.08 22:12:09.493,0.69689,0.69714,1.50,1.00
2017.06.08 22:12:11.241,0.6969,0.69715,1.00,1.00
2017.06.08 22:12:11.790,0.69691,0.69715,1.00,1.00
2017.06.08 22:12:15.591,0.69691,0.69714,1.00,1.00
2017.06.08 22:12:19.675,0.69689,0.69714,1.50,1.00
2017.06.08 22:12:19.726,0.69692,0.69714,1.00,1.00
2017.06.08 22:12:19.777,0.6969,0.69714,1.50,1.00
2017.06.08 22:12:19.921,0.6969,0.69712,1.00,1.00
2017.06.08 22:12:19.972,0.69689,0.69715,1.00,1.12
2017.06.08 22:12:20.023,0.69691,0.69714,1.00,1.00
2017.06.08 22:12:20.578,0.69694,0.69715,1.00,1.00
2017.06.08 22:12:20.680,0.69695,0.69718,1.00,1.00
2017.06.08 22:12:20.732,0.69697,0.69721,1.00,1.00
2017.06.08 22:12:20.885,0.697,0.69724,1.00,1.00
2017.06.08 22:12:21.048,0.69702,0.69727,1.12,1.00
2017.06.08 22:12:21.351,0.69704,0.69727,1.00,1.00
2017.06.08 22:12:21.902,0.69704,0.69728,1.00,1.00
2017.06.08 22:12:22.156,0.69699,0.69724,1.12,1.00
2017.06.08 22:12:22.258,0.69701,0.69727,1.00,1.00
2017.06.08 22:12:22.308,0.69703,0.69727,1.00,1.00
2017.06.08 22:12:22.561,0.69701,0.69728,1.00,1.00
2017.06.08 22:12:22.765,0.69703,0.69728,1.00,1.00
2017.06.08 22:12:23.944,0.69705,0.6973,1.00,1.00
2017.06.08 22:12:23.995,0.69706,0.69732,1.00,1.00
2017.06.08 22:12:24.525,0.69707,0.69732,1.00,1.00
2017.06.08 22:12:25.217,0.69707,0.69733,1.00,1.00
2017.06.08 22:12:28.512,0.69707,0.69732,1.00,1.00
2017.06.08 22:12:29.550,0.69708,0.69732,1.00,1.00
2017.06.08 22:12:30.064,0.69708,0.69733,1.00,1.00
2017.06.08 22:12:30.891,0.69709,0.69733,1.12,1.00
2017.06.08 22:12:31.469,0.69709,0.69734,1.12,1.00
2017.06.08 22:12:32.881,0.6971,0.69734,1.00,1.00
2017.06.08 22:12:33.043,0.69711,0.69732,1.00,1.00
2017.06.08 22:12:33.589,0.69711,0.69733,1.00,1.00
2017.06.08 22:12:33.996,0.69709,0.69733,1.12,1.00
2017.06.08 22:12:36.322,0.69709,0.69732,1.12,1.00
2017.06.08 22:12:36.531,0.69706,0.69731,1.00,1.00
2017.06.08 22:12:36.581,0.69701,0.69725,1.37,1.00
2017.06.08 22:12:36.733,0.69698,0.69724,1.00,1.00
2017.06.08 22:12:37.258,0.69698,0.69723,1.00,1.00
2017.06.08 22:12:37.918,0.69699,0.69723,1.00,1.50
2017.06.08 22:12:38.743,0.69696,0.69721,1.00,1.00
2017.06.08 22:12:38.845,0.69694,0.6972,1.00,1.50
2017.06.08 22:12:39.486,0.69696,0.69721,1.00,1.50
2017.06.08 22:12:39.794,0.69693,0.69719,1.00,1.00
2017.06.08 22:12:40.344,0.69693,0.6972,1.00,1.00
2017.06.08 22:12:41.321,0.69695,0.6972,1.00,1.00
2017.06.08 22:12:47.086,0.69695,0.69719,1.00,1.00
2017.06.08 22:12:47.137,0.69693,0.69719,1.00,1.00
2017.06.08 22:12:49.052,0.69693,0.69718,1.00,1.00
2017.06.08 22:12:50.076,0.69695,0.69718,1.00,1.00
2017.06.08 22:12:50.126,0.69695,0.6972,1.00,1.00
2017.06.08 22:12:50.228,0.69695,0.69723,1.00,1.50
2017.06.08 22:12:50.283,0.69695,0.69721,1.00,1.00
2017.06.08 22:12:50.657,0.69696,0.69723,1.00,1.00
2017.06.08 22:12:50.779,0.69696,0.69721,1.00,1.00
2017.06.08 22:12:54.347,0.69697,0.69721,1.00,1.00
2017.06.08 22:12:54.398,0.69695,0.69721,1.00,1.00
2017.06.08 22:12:54.937,0.69694,0.69721,1.00,1.00
2017.06.08 22:12:56.352,0.69694,0.69722,1.00,1.00
2017.06.08 22:13:00.295,0.69694,0.6972,1.00,1.00
2017.06.08 22:13:03.997,0.69693,0.6972,1.00,1.00
2017.06.08 22:13:04.306,0.69695,0.69719,1.00,1.00
2017.06.08 22:13:04.493,0.69693,0.69719,1.00,1.00
2017.06.08 22:13:05.943,0.69694,0.6972,1.00,1.00
2017.06.08 22:13:06.452,0.69696,0.69722,1.00,1.00
2017.06.08 22:13:06.755,0.69701,0.69725,1.00,1.00
2017.06.08 22:13:07.425,0.69698,0.69725,1.00,1.00
2017.06.08 22:13:10.702,0.69697,0.69724,1.00,1.00
2017.06.08 22:13:11.666,0.69698,0.69724,1.00,1.00
2017.06.08 22:13:18.238,0.69701,0.69725,1.00,1.00
2017.06.08 22:13:19.282,0.69701,0.69726,1.00,1.00
2017.06.08 22:13:19.984,0.697,0.69728,1.00,1.37
2017.06.08 22:13:20.532,0.697,0.69728,1.00,1.50
2017.06.08 22:13:20.982,0.69701,0.69726,1.00,1.00
2017.06.08 22:13:28.861,0.697,0.69725,1.00,1.00
2017.06.08 22:13:29.533,0.69699,0.69725,1.00,1.00
2017.06.08 22:13:31.686,0.69698,0.69725,1.12,1.00
2017.06.08 22:13:32.510,0.69698,0.69724,1.00,1.00
2017.06.08 22:13:43.942,0.69698,0.69726,1.00,1.12
2017.06.08 22:13:48.519,0.69697,0.69724,1.00,1.00
2017.06.08 22:13:52.066,0.69696,0.69724,1.00,1.00
2017.06.08 22:13:55.712,0.69697,0.69724,1.00,1.00
2017.06.08 22:13:58.311,0.697,0.69727,1.00,1.37
2017.06.08 22:13:58.361,0.69698,0.69725,1.00,1.00
2017.06.08 22:13:59.290,0.69699,0.69727,1.00,1.37
2017.06.08 22:13:59.391,0.697,0.69728,1.00,1.12
2017.06.08 22:14:03.384,0.69699,0.69727,1.00,1.00
2017.06.08 22:14:08.341,0.697,0.69728,1.00,1.12
2017.06.08 22:14:09.172,0.69699,0.69725,1.00,1.00
2017.06.08 22:14:10.463,0.69698,0.69725,1.00,1.00
2017.06.08 22:14:11.501,0.69698,0.69724,1.00,1.00
2017.06.08 22:14:12.060,0.69698,0.69725,1.00,1.00
2017.06.08 22:14:12.613,0.697,0.69726,1.00,1.00
2017.06.08 22:14:13.273,0.69699,0.69726,1.00,1.00
2017.06.08 22:14:15.404,0.69702,0.69729,1.00,1.00
2017.06.08 22:14:15.914,0.69702,0.6973,1.00,1.00
2017.06.08 22:14:16.346,0.69704,0.6973,1.00,1.00
2017.06.08 22:14:17.567,0.69702,0.69729,1.00,1.00
2017.06.08 22:14:17.719,0.697,0.69727,1.00,1.00
2017.06.08 22:14:18.494,0.69701,0.69728,1.00,1.00
2017.06.08 22:14:21.460,0.697,0.69728,1.00,1.00
2017.06.08 22:14:22.461,0.697,0.69727,1.00,1.00
2017.06.08 22:14:22.957,0.69702,0.69726,1.00,1.00
2017.06.08 22:14:23.008,0.69704,0.69729,1.00,1.00
2017.06.08 22:14:26.273,0.69705,0.6973,1.00,1.00
2017.06.08 22:14:27.233,0.69704,0.6973,1.00,1.00
2017.06.08 22:14:27.486,0.69707,0.69729,1.00,1.00
2017.06.08 22:14:28.445,0.69706,0.69729,1.00,1.00
2017.06.08 22:14:29.631,0.69705,0.69729,1.00,1.00
2017.06.08 22:14:30.198,0.697,0.69726,1.75,1.00
2017.06.08 22:14:30.356,0.69697,0.69722,1.00,1.00
2017.06.08 22:14:34.732,0.69697,0.69721,1.00,1.00
2017.06.08 22:14:38.201,0.69697,0.69722,1.00,1.50
2017.06.08 22:14:38.252,0.69699,0.69724,1.00,1.00
2017.06.08 22:14:38.404,0.69694,0.6972,1.00,1.00
2017.06.08 22:14:38.455,0.69694,0.69718,1.00,1.00
2017.06.08 22:14:39.371,0.69693,0.69718,1.00,1.00
2017.06.08 22:14:41.312,0.69694,0.69718,1.00,1.00
2017.06.08 22:14:41.363,0.69694,0.69721,1.00,1.00
2017.06.08 22:14:42.050,0.69695,0.69722,1.00,1.87
2017.06.08 22:14:47.534,0.69695,0.69721,1.00,1.00
2017.06.08 22:14:48.363,0.69694,0.6972,1.00,1.00
2017.06.08 22:14:49.027,0.69693,0.6972,1.00,1.00
2017.06.08 22:14:52.147,0.69695,0.6972,1.00,1.50
2017.06.08 22:14:52.683,0.69695,0.69719,1.00,1.00
2017.06.08 22:14:53.149,0.69693,0.69719,1.00,1.00
2017.06.08 22:14:58.193,0.69693,0.6972,1.00,1.00
2017.06.08 22:14:58.708,0.69694,0.69719,1.00,1.00
2017.06.08 22:15:02.723,0.69694,0.69721,1.00,1.00
2017.06.08 22:15:03.680,0.69696,0.69721,1.00,1.50
2017.06.08 22:15:04.810,0.69696,0.6972,1.00,1.00
2017.06.08 22:15:05.327,0.69696,0.69721,1.00,1.50
2017.06.08 22:15:10.529,0.69696,0.69722,1.00,1.00
2017.06.08 22:15:10.630,0.69698,0.69725,1.00,1.00
2017.06.08 22:15:10.740,0.69698,0.69723,1.00,1.00
2017.06.08 22:15:11.595,0.69698,0.69725,1.12,1.50
2017.06.08 22:15:12.388,0.69699,0.69725,1.00,1.50
2017.06.08 22:15:16.665,0.697,0.69725,1.00,1.00
2017.06.08 22:15:17.443,0.69702,0.69725,1.00,1.00
2017.06.08 22:15:17.650,0.69704,0.69729,1.00,1.50
2017.06.08 22:15:18.384,0.69703,0.69729,1.00,1.00
2017.06.08 22:15:23.076,0.69702,0.69729,1.00,1.50
2017.06.08 22:15:24.645,0.69703,0.69729,1.00,1.50
2017.06.08 22:15:25.569,0.69704,0.69729,1.00,1.00
2017.06.08 22:15:25.670,0.69705,0.69732,1.00,1.00
2017.06.08 22:15:25.822,0.69708,0.69732,1.00,1.00
2017.06.08 22:15:26.267,0.69706,0.69732,1.00,1.00
2017.06.08 22:15:26.834,0.69706,0.69733,1.00,1.50
2017.06.08 22:15:27.639,0.69707,0.69733,1.00,1.00
2017.06.08 22:15:28.300,0.69708,0.69733,1.00,1.00
2017.06.08 22:15:31.997,0.69711,0.69734,1.00,1.00
2017.06.08 22:15:32.048,0.69711,0.69736,1.00,1.50
2017.06.08 22:15:32.605,0.6971,0.69735,1.00,1.00
2017.06.08 22:15:33.267,0.6971,0.69736,1.00,1.00
2017.06.08 22:15:35.842,0.69709,0.69736,1.00,1.00
2017.06.08 22:15:36.377,0.69709,0.69735,1.00,1.00
2017.06.08 22:15:50.721,0.6971,0.69735,1.00,1.50
2017.06.08 22:15:51.434,0.69711,0.69734,1.00,1.00
2017.06.08 22:15:53.556,0.69709,0.69733,1.00,1.00
2017.06.08 22:15:56.042,0.69711,0.69734,1.00,1.00
2017.06.08 22:15:56.569,0.69711,0.69733,1.00,1.00
2017.06.08 22:15:57.698,0.69711,0.69734,1.00,1.00
2017.06.08 22:16:05.242,0.69712,0.69734,1.00,1.00
2017.06.08 22:16:05.630,0.69714,0.69736,1.00,1.00
2017.06.08 22:16:06.266,0.69712,0.69736,1.00,1.00
2017.06.08 22:16:06.864,0.69713,0.69737,1.00,1.50
2017.06.08 22:16:08.509,0.69713,0.69736,1.00,1.00
2017.06.08 22:16:11.495,0.69713,0.69737,1.00,1.50
2017.06.08 22:16:12.315,0.69714,0.69737,1.00,1.00
2017.06.08 22:16:15.668,0.69716,0.69738,1.00,1.00
2017.06.08 22:16:16.450,0.69714,0.69736,1.00,1.00
2017.06.08 22:16:16.759,0.69709,0.69732,1.37,1.00
2017.06.08 22:16:16.810,0.69711,0.69734,1.12,1.50
2017.06.08 22:16:18.924,0.6971,0.69734,1.00,1.50
2017.06.08 22:16:19.448,0.6971,0.69733,1.00,1.00
2017.06.08 22:16:21.191,0.6971,0.69734,1.00,1.50
2017.06.08 22:16:25.266,0.69709,0.69734,1.00,1.50
2017.06.08 22:16:30.292,0.6971,0.69733,1.00,1.00
2017.06.08 22:16:30.444,0.69708,0.69733,1.12,1.00
2017.06.08 22:16:30.545,0.69707,0.69731,1.00,1.00
2017.06.08 22:16:30.849,0.69703,0.69726,1.12,1.00
2017.06.08 22:16:30.900,0.69703,0.69728,1.00,1.50
2017.06.08 22:16:31.039,0.69706,0.69731,1.00,1.00
2017.06.08 22:16:31.349,0.69705,0.69728,1.00,1.00
2017.06.08 22:16:31.722,0.69702,0.69728,1.12,1.00
2017.06.08 22:16:33.063,0.69702,0.69727,1.00,1.00
2017.06.08 22:16:33.584,0.69702,0.69726,1.00,1.00
2017.06.08 22:16:35.027,0.69702,0.69725,1.00,1.00
2017.06.08 22:16:35.078,0.69699,0.69724,1.12,1.00
2017.06.08 22:16:36.039,0.69699,0.69725,1.00,1.00
2017.06.08 22:16:37.943,0.69699,0.69724,1.00,1.00
2017.06.08 22:16:38.719,0.69702,0.69725,1.00,1.00
2017.06.08 22:16:38.838,0.697,0.69725,1.00,1.00
2017.06.08 22:16:39.121,0.69706,0.69729,1.00,1.00
2017.06.08 22:16:39.437,0.69706,0.69731,1.00,1.00
2017.06.08 22:16:42.915,0.69705,0.69728,1.00,1.50
2017.06.08 22:16:43.524,0.69705,0.69727,1.00,1.00
2017.06.08 22:16:43.904,0.69703,0.69727,1.00,1.00
2017.06.08 22:16:49.361,0.69703,0.69726,1.00,1.00
2017.06.08 22:16:50.419,0.69702,0.69726,1.00,1.00
2017.06.08 22:16:50.520,0.69698,0.69724,1.12,1.50
2017.06.08 22:16:50.622,0.69697,0.69722,1.37,1.50
2017.06.08 22:16:54.762,0.69698,0.69723,1.00,1.00
2017.06.08 22:16:56.828,0.69699,0.69723,1.00,1.00
2017.06.08 22:16:57.832,0.697,0.69723,1.00,1.00
2017.06.08 22:16:58.707,0.697,0.69724,1.00,1.00
2017.06.08 22:16:59.090,0.69699,0.69722,1.00,1.00
2017.06.08 22:17:03.054,0.697,0.69722,1.00,1.50
2017.06.08 22:17:03.867,0.69699,0.69722,1.00,1.50
2017.06.08 22:17:04.620,0.697,0.69722,1.00,1.50
2017.06.08 22:17:05.312,0.697,0.69721,1.00,1.00
2017.06.08 22:17:07.489,0.69697,0.69721,1.00,1.00
2017.06.08 22:17:09.153,0.69696,0.69721,1.00,1.00
2017.06.08 22:17:09.696,0.69697,0.69722,1.00,1.50
2017.06.08 22:17:09.747,0.69699,0.69722,1.00,1.50
2017.06.08 22:17:10.311,0.697,0.69722,1.00,1.50
2017.06.08 22:17:10.826,0.69697,0.69722,1.00,1.50
2017.06.08 22:17:11.859,0.69696,0.69721,1.00,1.00
2017.06.08 22:17:16.046,0.69699,0.69721,1.00,1.00
2017.06.08 22:17:16.118,0.69696,0.69721,1.00,1.00
2017.06.08 22:17:17.329,0.69694,0.69718,1.50,1.00
2017.06.08 22:17:17.926,0.69695,0.69717,1.00,1.00
2017.06.08 22:17:18.642,0.69695,0.6972,1.00,1.50
2017.06.08 22:17:19.259,0.69696,0.6972,1.00,1.00
2017.06.08 22:17:21.311,0.69697,0.6972,1.00,1.00
2017.06.08 22:17:26.325,0.69698,0.69721,1.00,1.50
2017.06.08 22:17:30.890,0.69699,0.69721,1.00,1.00
2017.06.08 22:17:30.941,0.69701,0.69721,1.00,1.00
2017.06.08 22:17:30.992,0.69702,0.69725,1.00,1.00
2017.06.08 22:17:31.476,0.69704,0.69726,1.00,1.00
2017.06.08 22:17:31.868,0.69702,0.69725,1.00,1.00
2017.06.08 22:17:33.599,0.69702,0.69724,1.00,1.00
2017.06.08 22:17:34.225,0.69702,0.69726,1.00,1.00
2017.06.08 22:17:34.731,0.69702,0.69725,1.00,1.00
2017.06.08 22:17:34.982,0.69702,0.69727,1.00,1.50
2017.06.08 22:17:35.680,0.69702,0.69726,1.00,1.00
2017.06.08 22:17:36.342,0.69703,0.69726,1.00,1.00
2017.06.08 22:17:37.466,0.69703,0.69727,1.00,1.00
2017.06.08 22:17:37.720,0.69707,0.69731,1.00,1.00
2017.06.08 22:17:38.321,0.69707,0.69732,1.00,1.50
2017.06.08 22:17:40.471,0.69707,0.69731,1.00,1.00
2017.06.08 22:17:40.912,0.69703,0.69727,1.00,1.00
2017.06.08 22:17:42.510,0.69704,0.69727,1.00,1.00
2017.06.08 22:17:49.934,0.69703,0.69727,1.00,1.00
2017.06.08 22:17:50.544,0.69704,0.69727,1.00,1.00
2017.06.08 22:17:57.464,0.69709,0.69728,1.00,1.00
2017.06.08 22:17:57.515,0.69709,0.6973,1.50,1.00
2017.06.08 22:17:57.566,0.69709,0.69733,1.50,1.50
2017.06.08 22:17:58.255,0.69709,0.69732,1.00,1.00
2017.06.08 22:17:58.510,0.69707,0.69732,1.00,1.00
2017.06.08 22:18:00.689,0.69712,0.69732,1.00,1.00
2017.06.08 22:18:00.740,0.69712,0.69735,1.00,1.00
2017.06.08 22:18:01.537,0.69712,0.69736,1.00,1.00
2017.06.08 22:18:02.197,0.69713,0.69736,1.00,1.00
2017.06.08 22:18:02.875,0.69712,0.69736,1.00,1.00
2017.06.08 22:18:06.678,0.69711,0.69736,1.00,1.00
2017.06.08 22:18:06.880,0.69714,0.69736,1.00,1.00
2017.06.08 22:18:07.382,0.69714,0.69737,1.00,1.00
2017.06.08 22:18:12.789,0.69714,0.69738,1.00,1.00
2017.06.08 22:18:22.044,0.69711,0.69736,1.00,1.50
2017.06.08 22:18:22.095,0.69711,0.69734,1.00,1.00
2017.06.08 22:18:22.645,0.69711,0.69735,1.00,1.00
2017.06.08 22:18:24.225,0.69711,0.69734,1.00,1.00
2017.06.08 22:18:26.909,0.69711,0.69735,1.00,1.00
2017.06.08 22:18:27.254,0.69708,0.6973,1.00,1.00
2017.06.08 22:18:27.991,0.69708,0.69731,1.00,1.00
2017.06.08 22:18:29.355,0.6971,0.69731,1.00,1.00
2017.06.08 22:18:29.406,0.6971,0.69733,1.00,1.50
2017.06.08 22:18:32.332,0.69708,0.69733,1.12,1.00
2017.06.08 22:18:32.653,0.69706,0.69731,1.37,1.00
2017.06.08 22:18:33.868,0.69705,0.69731,1.00,1.50
2017.06.08 22:18:34.132,0.69703,0.69727,1.12,1.00
2017.06.08 22:18:34.313,0.69701,0.69726,1.00,1.00
2017.06.08 22:18:34.364,0.697,0.69724,1.12,1.00
2017.06.08 22:18:34.833,0.69698,0.69723,1.00,1.00
2017.06.08 22:18:42.039,0.69699,0.69722,1.00,1.00
2017.06.08 22:18:43.261,0.69699,0.69723,1.00,1.00
2017.06.08 22:18:43.889,0.69699,0.69724,1.00,1.50
2017.06.08 22:18:44.732,0.69698,0.69724,1.00,1.50
2017.06.08 22:18:45.260,0.69699,0.69724,1.00,1.50
2017.06.08 22:18:50.064,0.697,0.69724,1.37,1.50
2017.06.08 22:18:51.914,0.69699,0.69723,1.00,1.00
2017.06.08 22:18:53.114,0.69699,0.69722,1.00,1.00
2017.06.08 22:18:53.848,0.69698,0.69722,1.00,1.00
2017.06.08 22:18:53.899,0.69704,0.69729,1.00,1.00
2017.06.08 22:18:53.950,0.69706,0.69731,1.00,1.50
2017.06.08 22:18:54.254,0.69703,0.69728,1.12,1.50
2017.06.08 22:18:55.115,0.69706,0.6973,1.00,1.00
2017.06.08 22:18:55.645,0.69706,0.6973,1.37,1.00
2017.06.08 22:18:56.606,0.69706,0.69731,1.37,1.00
2017.06.08 22:18:57.428,0.69706,0.6973,1.00,1.00
2017.06.08 22:18:58.139,0.69706,0.69731,1.00,1.50
2017.06.08 22:18:59.232,0.69704,0.69729,1.00,1.00
2017.06.08 22:18:59.577,0.69704,0.69727,1.00,1.00
2017.06.08 22:19:00.871,0.69703,0.69727,1.00,1.00
2017.06.08 22:19:02.714,0.69706,0.6973,1.00,1.50
2017.06.08 22:19:03.915,0.69704,0.69729,1.00,1.00
2017.06.08 22:19:04.067,0.69702,0.69728,1.00,1.50
2017.06.08 22:19:04.118,0.697,0.69724,1.00,1.00
2017.06.08 22:19:04.422,0.69698,0.69722,1.00,1.50
2017.06.08 22:19:05.736,0.69699,0.69722,1.00,1.00
2017.06.08 22:19:06.344,0.69699,0.69723,1.50,1.00
2017.06.08 22:19:06.872,0.69699,0.69722,1.00,1.00
2017.06.08 22:19:07.126,0.69696,0.69722,1.12,1.50
2017.06.08 22:19:07.835,0.69696,0.69721,1.12,1.00
2017.06.08 22:19:09.084,0.69695,0.69719,1.12,1.00
2017.06.08 22:19:09.387,0.69697,0.69718,1.00,1.00
2017.06.08 22:19:11.201,0.69696,0.69717,1.00,1.00
2017.06.08 22:19:11.776,0.69695,0.69717,1.00,1.50
2017.06.08 22:19:12.106,0.69694,0.69715,1.00,1.00
2017.06.08 22:19:12.662,0.69695,0.69716,1.00,1.50
2017.06.08 22:19:13.100,0.69693,0.69716,1.00,1.50
2017.06.08 22:19:15.929,0.69693,0.69715,1.00,1.00
2017.06.08 22:19:19.263,0.69693,0.69716,1.00,1.00
2017.06.08 22:19:19.314,0.69694,0.69718,1.00,1.50
2017.06.08 22:19:19.543,0.69696,0.69718,1.00,1.00
2017.06.08 22:19:23.193,0.69695,0.69717,1.12,1.00
2017.06.08 22:19:23.496,0.69691,0.69713,1.37,1.00
2017.06.08 22:19:24.270,0.69691,0.69713,1.00,1.00
2017.06.08 22:19:24.933,0.6969,0.69713,1.00,1.00
2017.06.08 22:19:26.210,0.6969,0.69714,1.00,1.00
2017.06.08 22:19:26.562,0.69695,0.69715,1.00,1.00
2017.06.08 22:19:27.247,0.69695,0.69716,1.00,1.00
2017.06.08 22:19:27.728,0.69693,0.69716,1.00,1.00
2017.06.08 22:19:28.269,0.69694,0.69717,1.00,1.50
2017.06.08 22:19:28.905,0.69694,0.69716,1.00,1.00
2017.06.08 22:19:29.285,0.69696,0.69717,1.00,1.00
2017.06.08 22:19:33.803,0.69696,0.69718,1.00,1.00
2017.06.08 22:19:35.101,0.69696,0.69719,1.00,1.00
2017.06.08 22:19:36.018,0.69696,0.69718,1.00,1.00
2017.06.08 22:19:36.590,0.69696,0.69719,1.00,1.50
2017.06.08 22:19:40.066,0.69696,0.69715,1.00,1.00
2017.06.08 22:19:42.252,0.69696,0.69717,1.00,1.50
2017.06.08 22:19:43.131,0.69695,0.69718,1.00,1.00
2017.06.08 22:19:43.649,0.69694,0.69717,1.00,1.00
2017.06.08 22:19:43.699,0.69696,0.69718,1.00,1.50
2017.06.08 22:19:44.211,0.69696,0.69719,1.00,1.00
2017.06.08 22:19:44.736,0.69696,0.69718,1.00,1.00
2017.06.08 22:19:45.503,0.69695,0.69718,1.00,1.00
2017.06.08 22:19:46.100,0.69695,0.69717,1.12,1.00
2017.06.08 22:19:46.515,0.69693,0.69715,1.12,1.00
2017.06.08 22:19:46.858,0.6969,0.69713,1.37,1.00
2017.06.08 22:19:47.483,0.6969,0.69713,1.00,1.00
2017.06.08 22:19:47.992,0.69689,0.69711,1.00,1.00
2017.06.08 22:19:48.126,0.69689,0.69713,1.00,1.50
2017.06.08 22:19:50.418,0.69689,0.69712,1.00,1.00
2017.06.08 22:19:51.554,0.69689,0.69711,1.00,1.00
2017.06.08 22:19:52.446,0.6969,0.69712,1.00,1.00
2017.06.08 22:19:54.779,0.6969,0.69714,1.00,1.50
2017.06.08 22:19:55.309,0.6969,0.69713,1.00,1.00
2017.06.08 22:19:56.104,0.6969,0.69714,1.00,1.50
2017.06.08 22:19:58.769,0.69688,0.69712,1.00,1.50
2017.06.08 22:19:59.154,0.69685,0.69709,1.00,1.00
2017.06.08 22:19:59.856,0.69686,0.6971,1.00,1.50
2017.06.08 22:20:00.701,0.69688,0.6971,1.00,1.00
2017.06.08 22:20:01.134,0.69689,0.69712,1.00,1.00
2017.06.08 22:20:01.286,0.6969,0.69714,1.00,1.50
2017.06.08 22:20:01.337,0.69688,0.69712,1.37,1.00
2017.06.08 22:20:01.540,0.69685,0.69708,1.00,1.00
2017.06.08 22:20:01.650,0.69682,0.69706,1.87,1.00
2017.06.08 22:20:01.898,0.69684,0.69708,1.00,1.50
2017.06.08 22:20:06.338,0.69685,0.69708,1.00,1.50
2017.06.08 22:20:06.440,0.69685,0.69706,1.00,1.00
2017.06.08 22:20:06.694,0.69685,0.69708,1.00,1.00
2017.06.08 22:20:07.358,0.69684,0.69708,1.00,1.50
2017.06.08 22:20:08.544,0.69684,0.69706,1.00,1.50
2017.06.08 22:20:09.059,0.69684,0.69708,1.00,1.00
2017.06.08 22:20:10.699,0.69682,0.69706,1.37,1.00
2017.06.08 22:20:11.004,0.69685,0.69707,1.00,1.50
2017.06.08 22:20:12.867,0.69686,0.69707,1.00,1.50
2017.06.08 22:20:15.565,0.69685,0.69707,1.12,1.00
2017.06.08 22:20:16.374,0.69686,0.69708,1.00,1.00
2017.06.08 22:20:17.035,0.69686,0.69707,1.00,1.00
2017.06.08 22:20:17.761,0.69687,0.69708,1.00,1.00
2017.06.08 22:20:17.813,0.69687,0.6971,1.00,1.00
2017.06.08 22:20:17.914,0.6969,0.69712,1.00,1.00
2017.06.08 22:20:17.965,0.69692,0.69715,1.00,1.50
2017.06.08 22:20:18.118,0.69695,0.69714,1.00,1.00
2017.06.08 22:20:18.422,0.69697,0.69715,1.00,1.00
2017.06.08 22:20:18.962,0.69696,0.69717,1.00,1.00
2017.06.08 22:20:19.064,0.69694,0.69716,1.00,1.00
2017.06.08 22:20:19.115,0.69692,0.69713,1.00,1.00
2017.06.08 22:20:20.429,0.6969,0.69712,1.00,1.00
2017.06.08 22:20:20.581,0.6969,0.6971,1.00,1.00
2017.06.08 22:20:20.733,0.6969,0.69712,1.00,1.00
2017.06.08 22:20:21.346,0.6969,0.69711,1.00,1.00
2017.06.08 22:20:22.005,0.69689,0.69711,1.00,1.00
2017.06.08 22:20:23.706,0.69688,0.69711,1.00,1.00
2017.06.08 22:20:25.632,0.69688,0.69712,1.00,1.50
2017.06.08 22:20:27.597,0.6969,0.69711,1.00,1.00
2017.06.08 22:20:27.648,0.69686,0.69709,1.00,1.00
2017.06.08 22:20:27.873,0.69684,0.69707,1.00,1.00
2017.06.08 22:20:28.856,0.69683,0.69707,1.12,1.50
2017.06.08 22:20:32.824,0.69684,0.69707,1.00,1.00
2017.06.08 22:20:37.965,0.69684,0.69706,1.00,1.00
2017.06.08 22:20:38.612,0.69683,0.69706,1.00,1.00
2017.06.08 22:20:40.062,0.69681,0.69699,1.12,1.00
2017.06.08 22:20:40.113,0.69681,0.69703,1.12,1.50
2017.06.08 22:20:40.923,0.69682,0.69704,1.00,1.00
2017.06.08 22:20:44.509,0.69682,0.69705,1.00,1.50
2017.06.08 22:20:52.139,0.69688,0.69709,1.00,1.00
2017.06.08 22:20:52.392,0.69689,0.69711,1.00,1.50
2017.06.08 22:20:53.276,0.69686,0.69707,1.00,1.00
2017.06.08 22:20:53.580,0.69688,0.69709,1.00,1.00
2017.06.08 22:20:53.631,0.69688,0.69711,1.00,1.00
2017.06.08 22:20:56.838,0.69689,0.69711,1.00,1.00
2017.06.08 22:20:57.379,0.69688,0.69711,1.00,1.00
2017.06.08 22:21:00.621,0.6969,0.69711,1.00,1.00
2017.06.08 22:21:01.143,0.6969,0.69712,1.00,1.00
2017.06.08 22:21:04.572,0.6969,0.69711,1.00,1.00
2017.06.08 22:21:08.657,0.69686,0.69707,1.00,1.00
2017.06.08 22:21:09.008,0.69682,0.69702,1.00,1.00
2017.06.08 22:21:09.609,0.6968,0.69702,1.00,1.00
2017.06.08 22:21:11.096,0.6968,0.69701,1.00,1.00
2017.06.08 22:21:11.555,0.69678,0.697,1.00,1.00
2017.06.08 22:21:18.352,0.69678,0.69701,1.00,1.50
2017.06.08 22:21:21.803,0.69678,0.697,1.00,1.00
2017.06.08 22:21:22.714,0.69678,0.69699,1.00,1.00
2017.06.08 22:21:32.500,0.69679,0.697,1.00,1.00
2017.06.08 22:21:33.039,0.69679,0.69701,1.00,1.00
2017.06.08 22:21:33.700,0.69678,0.69701,1.00,1.50
2017.06.08 22:21:34.845,0.69679,0.69701,1.00,1.50
2017.06.08 22:21:35.214,0.69677,0.69701,1.12,1.00
2017.06.08 22:21:35.990,0.69679,0.69701,1.00,1.00
2017.06.08 22:21:37.405,0.69678,0.697,1.00,1.00
2017.06.08 22:21:45.962,0.69679,0.697,1.00,1.00
2017.06.08 22:21:47.165,0.69679,0.69702,1.00,1.50
2017.06.08 22:21:51.524,0.6968,0.69703,1.37,1.00
2017.06.08 22:21:51.853,0.69681,0.69705,1.37,1.00
2017.06.08 22:21:56.441,0.69681,0.69705,1.37,1.00
2017.06.08 22:21:56.988,0.69681,0.69704,1.37,1.50
2017.06.08 22:21:57.197,0.69681,0.69706,1.37,1.00
2017.06.08 22:21:57.299,0.6968,0.69705,1.00,1.00
2017.06.08 22:21:57.350,0.69678,0.69702,1.50,1.00
2017.06.08 22:21:57.655,0.69681,0.69703,1.00,1.00
2017.06.08 22:21:58.417,0.69679,0.69703,1.12,1.00
2017.06.08 22:21:58.519,0.69677,0.69701,1.50,1.00
2017.06.08 22:21:59.045,0.69676,0.697,1.37,1.50
2017.06.08 22:21:59.497,0.69676,0.697,1.00,1.50
2017.06.08 22:21:59.798,0.69674,0.69698,1.50,1.00
2017.06.08 22:22:01.051,0.69678,0.69701,1.00,1.00
2017.06.08 22:22:01.759,0.69677,0.69701,1.00,1.50
2017.06.08 22:22:02.895,0.69677,0.69702,1.00,1.00
2017.06.08 22:22:03.407,0.69677,0.69701,1.00,1.00
2017.06.08 22:22:04.071,0.69677,0.69702,1.00,1.00
2017.06.08 22:22:06.889,0.69678,0.69702,1.00,1.00
2017.06.08 22:22:09.583,0.69678,0.69702,1.37,1.00
2017.06.08 22:22:13.555,0.69678,0.69702,1.12,1.00
2017.06.08 22:22:17.135,0.69675,0.69698,1.37,1.00
2017.06.08 22:22:17.694,0.69675,0.69698,1.00,1.50
2017.06.08 22:22:18.079,0.69673,0.69697,1.00,1.00
2017.06.08 22:22:18.181,0.69673,0.69695,1.00,1.00
2017.06.08 22:22:19.163,0.69673,0.69696,1.00,1.50
2017.06.08 22:22:19.423,0.69671,0.69695,1.00,1.00
2017.06.08 22:22:19.936,0.69671,0.69693,1.00,1.00
2017.06.08 22:22:20.941,0.69672,0.69694,1.00,1.00
2017.06.08 22:22:21.111,0.6967,0.69694,1.12,1.00
2017.06.08 22:22:21.337,0.69672,0.69696,1.00,1.50
2017.06.08 22:22:21.684,0.69674,0.69697,1.12,1.50
2017.06.08 22:22:22.108,0.69676,0.697,1.00,1.00
2017.06.08 22:22:22.310,0.69681,0.69703,1.00,1.00
2017.06.08 22:22:22.361,0.69681,0.69705,1.00,1.87
2017.06.08 22:22:23.301,0.69682,0.69705,1.00,1.00
2017.06.08 22:22:23.994,0.69682,0.69706,1.00,1.50
2017.06.08 22:22:25.045,0.69678,0.69702,1.00,1.50
2017.06.08 22:22:25.349,0.69677,0.697,1.00,1.50
2017.06.08 22:22:25.918,0.69676,0.69698,1.00,1.00
2017.06.08 22:22:26.523,0.69676,0.69697,1.00,1.00
2017.06.08 22:22:26.574,0.69674,0.69696,1.00,1.00
2017.06.08 22:22:26.677,0.69672,0.69695,1.00,1.00
2017.06.08 22:22:27.261,0.69673,0.69697,1.00,1.50
2017.06.08 22:22:27.413,0.69676,0.69698,1.00,1.00
2017.06.08 22:22:27.979,0.69676,0.697,1.00,1.50
2017.06.08 22:22:28.444,0.69677,0.69698,1.00,1.00
2017.06.08 22:22:30.094,0.69674,0.69698,1.00,1.50
2017.06.08 22:22:30.546,0.69674,0.69695,1.00,1.00
2017.06.08 22:22:31.059,0.69673,0.69695,1.00,1.50
2017.06.08 22:22:31.263,0.6967,0.69693,1.12,1.50
2017.06.08 22:22:31.314,0.69665,0.69689,1.50,1.00
2017.06.08 22:22:31.618,0.69669,0.69691,1.00,1.00
2017.06.08 22:22:31.964,0.69664,0.69688,1.00,1.00
2017.06.08 22:22:32.513,0.69664,0.69687,1.00,1.00
2017.06.08 22:22:33.534,0.69664,0.69686,1.00,1.00
2017.06.08 22:22:34.350,0.69664,0.69686,1.87,1.00
2017.06.08 22:22:34.401,0.69666,0.69689,1.12,1.00
2017.06.08 22:22:34.904,0.69665,0.69688,1.37,1.00
2017.06.08 22:22:35.005,0.69664,0.69686,1.37,1.50
2017.06.08 22:22:35.309,0.69665,0.69684,1.00,1.00
2017.06.08 22:22:35.513,0.69661,0.69684,1.00,1.00
2017.06.08 22:22:35.564,0.6966,0.69682,1.00,1.00
2017.06.08 22:22:36.053,0.6966,0.69684,1.00,1.00
2017.06.08 22:22:36.461,0.69664,0.69688,1.00,1.00
2017.06.08 22:22:36.832,0.69665,0.69686,1.00,1.00
2017.06.08 22:22:36.883,0.69659,0.69683,1.87,1.00
2017.06.08 22:22:37.443,0.69658,0.69682,1.00,1.00
2017.06.08 22:22:38.056,0.69659,0.69686,1.00,1.50
2017.06.08 22:22:38.353,0.69662,0.69687,1.00,1.12
2017.06.08 22:22:38.691,0.69665,0.69686,1.00,1.00
2017.06.08 22:22:39.245,0.69664,0.69685,1.12,1.00
2017.06.08 22:22:39.297,0.69664,0.69687,1.12,1.00
2017.06.08 22:22:39.455,0.69662,0.69684,1.37,1.00
2017.06.08 22:22:40.100,0.69662,0.69685,1.37,1.00
2017.06.08 22:22:40.202,0.69665,0.69687,1.00,1.00
2017.06.08 22:22:40.556,0.69664,0.69685,1.00,1.00
2017.06.08 22:22:40.697,0.6966,0.69685,1.50,1.00
2017.06.08 22:22:41.270,0.6966,0.69684,1.37,1.00
2017.06.08 22:22:42.133,0.6966,0.69682,1.00,1.00
2017.06.08 22:22:42.487,0.69659,0.69684,1.87,1.00
2017.06.08 22:22:42.584,0.69659,0.69684,1.87,1.00
2017.06.08 22:22:42.687,0.69662,0.69686,1.00,1.00
2017.06.08 22:22:42.941,0.6966,0.69685,1.00,1.00
2017.06.08 22:22:42.992,0.69658,0.69685,1.00,1.00
2017.06.08 22:22:43.194,0.6966,0.69684,1.00,1.00
2017.06.08 22:22:43.431,0.6966,0.69687,1.37,1.00
2017.06.08 22:22:43.558,0.6966,0.69684,1.37,1.00
2017.06.08 22:22:43.897,0.69663,0.69686,1.00,1.00
2017.06.08 22:22:44.678,0.69663,0.69688,1.00,1.00
2017.06.08 22:22:45.074,0.69663,0.69693,1.00,1.00
2017.06.08 22:22:45.451,0.69665,0.69693,1.00,1.00
2017.06.08 22:22:45.971,0.69666,0.69694,1.00,1.12
2017.06.08 22:22:46.739,0.69664,0.69694,1.00,1.12
2017.06.08 22:22:47.279,0.69663,0.69693,1.37,1.00
2017.06.08 22:22:47.535,0.69663,0.69691,1.12,1.00
2017.06.08 22:22:47.840,0.6966,0.69688,1.00,1.00
2017.06.08 22:22:48.144,0.69658,0.69686,1.12,1.00
2017.06.08 22:22:48.677,0.6966,0.69685,1.00,1.00
2017.06.08 22:22:49.014,0.6966,0.69688,1.00,1.00
2017.06.08 22:22:49.952,0.6966,0.69687,1.00,1.00
2017.06.08 22:22:50.054,0.69656,0.69687,1.37,1.00
2017.06.08 22:22:50.708,0.69656,0.69681,1.37,1.00
2017.06.08 22:22:51.094,0.6966,0.69681,1.00,1.00
2017.06.08 22:22:51.586,0.6966,0.69683,1.50,1.00
2017.06.08 22:22:52.402,0.6966,0.69683,1.37,1.00
2017.06.08 22:22:54.140,0.6966,0.69684,1.37,1.00
2017.06.08 22:22:54.882,0.6966,0.69685,1.87,1.00
2017.06.08 22:22:54.933,0.69664,0.69687,1.00,1.00
2017.06.08 22:22:55.085,0.69666,0.6969,1.00,1.50
2017.06.08 22:22:55.297,0.69666,0.69687,1.00,1.00
2017.06.08 22:22:56.573,0.69666,0.69688,1.00,1.00
2017.06.08 22:22:57.990,0.69664,0.69688,1.00,1.00
2017.06.08 22:23:01.765,0.69664,0.69689,1.00,1.00
2017.06.08 22:23:01.866,0.69669,0.69691,1.00,1.00
2017.06.08 22:23:01.917,0.69669,0.69693,1.00,1.00
2017.06.08 22:23:01.968,0.69671,0.69694,1.00,1.00
2017.06.08 22:23:02.554,0.6967,0.69691,1.50,1.00
2017.06.08 22:23:02.605,0.6967,0.69693,1.50,1.00
2017.06.08 22:23:02.843,0.69672,0.69694,1.00,1.00
2017.06.08 22:23:03.293,0.6967,0.69694,1.00,1.00
2017.06.08 22:23:03.345,0.6967,0.69692,1.00,1.00
2017.06.08 22:23:03.995,0.6967,0.69693,1.00,1.00
2017.06.08 22:23:04.528,0.69671,0.69693,1.00,1.00
2017.06.08 22:23:07.486,0.6967,0.69693,1.00,1.00
2017.06.08 22:23:08.198,0.6967,0.69692,1.00,1.00
2017.06.08 22:23:09.013,0.69668,0.69692,1.00,1.00
2017.06.08 22:23:09.394,0.6967,0.69691,1.00,1.00
2017.06.08 22:23:10.468,0.69672,0.69693,1.00,1.00
2017.06.08 22:23:10.972,0.69671,0.69694,1.00,1.00
2017.06.08 22:23:11.474,0.69672,0.69694,1.00,1.00
2017.06.08 22:23:12.068,0.69671,0.69694,1.00,1.00
2017.06.08 22:23:13.160,0.6967,0.69694,1.00,1.00
2017.06.08 22:23:13.672,0.6967,0.69693,1.00,1.00
2017.06.08 22:23:14.956,0.69669,0.69691,1.00,1.00
2017.06.08 22:23:15.147,0.69667,0.69692,1.00,1.00
2017.06.08 22:23:17.811,0.69667,0.69691,1.00,1.00
2017.06.08 22:23:19.769,0.69669,0.69693,1.00,1.00
2017.06.08 22:23:19.870,0.6967,0.69695,1.00,1.00
2017.06.08 22:23:20.380,0.69671,0.69695,1.00,1.00
2017.06.08 22:23:21.004,0.69671,0.69696,1.00,1.00
2017.06.08 22:23:21.539,0.69673,0.69696,1.00,1.00
2017.06.08 22:23:22.360,0.69673,0.69697,1.00,1.00
2017.06.08 22:23:23.020,0.69672,0.69697,1.00,1.00
2017.06.08 22:23:25.980,0.69671,0.69695,1.00,1.00
2017.06.08 22:23:26.325,0.6967,0.69693,1.00,1.00
2017.06.08 22:23:26.647,0.6967,0.69695,1.00,1.00
2017.06.08 22:23:26.973,0.69671,0.69692,1.00,1.00
2017.06.08 22:23:27.617,0.69669,0.69692,1.00,1.00
2017.06.08 22:23:29.190,0.69669,0.69691,1.00,1.00
2017.06.08 22:23:30.159,0.6967,0.69691,1.00,1.00
2017.06.08 22:23:30.593,0.69675,0.69699,1.00,1.00
2017.06.08 22:23:30.644,0.69677,0.69701,1.00,1.87
2017.06.08 22:23:30.981,0.69679,0.697,1.00,1.50
2017.06.08 22:23:31.133,0.69675,0.69698,1.00,1.00
2017.06.08 22:23:31.567,0.69675,0.69695,1.00,1.00
2017.06.08 22:23:32.144,0.69674,0.69695,1.00,1.00
2017.06.08 22:23:32.245,0.69674,0.69697,1.00,1.50
2017.06.08 22:23:33.519,0.69673,0.69697,1.12,1.50
2017.06.08 22:23:35.668,0.69679,0.69699,1.00,1.00
2017.06.08 22:23:35.719,0.69679,0.69701,1.00,1.00
2017.06.08 22:23:36.275,0.69679,0.697,1.00,1.00
2017.06.08 22:23:37.226,0.69679,0.69701,1.00,1.00
2017.06.08 22:23:39.064,0.69682,0.69703,1.00,1.00
2017.06.08 22:23:39.534,0.69682,0.69705,1.00,1.50
2017.06.08 22:23:40.051,0.69681,0.69705,1.00,1.50
2017.06.08 22:23:40.102,0.6968,0.69702,1.00,1.00
2017.06.08 22:23:40.253,0.69676,0.69701,1.00,1.50
2017.06.08 22:23:40.355,0.69676,0.69697,1.00,1.00
2017.06.08 22:23:40.772,0.69677,0.69699,1.00,1.00
2017.06.08 22:23:41.315,0.69673,0.69697,1.00,1.00
2017.06.08 22:23:41.475,0.69676,0.69697,1.00,1.00
2017.06.08 22:23:42.360,0.69675,0.69699,1.00,1.00
2017.06.08 22:23:43.279,0.69679,0.69699,1.00,1.00
2017.06.08 22:23:43.381,0.6968,0.69704,1.00,1.50
2017.06.08 22:23:43.431,0.69682,0.69706,1.00,1.00
2017.06.08 22:23:44.961,0.69678,0.69701,1.00,1.50
2017.06.08 22:23:45.278,0.69676,0.69698,1.00,1.50
2017.06.08 22:23:46.266,0.69676,0.69697,1.00,1.00
2017.06.08 22:23:46.317,0.69673,0.69696,1.00,1.00
2017.06.08 22:23:46.942,0.69672,0.69696,1.00,1.00
2017.06.08 22:23:47.645,0.69673,0.69696,1.00,1.00
2017.06.08 22:23:48.672,0.69678,0.69701,1.00,1.00
2017.06.08 22:23:49.038,0.69673,0.69696,1.00,1.00
2017.06.08 22:23:50.545,0.69673,0.69697,1.00,1.00
2017.06.08 22:23:51.294,0.69673,0.69696,1.00,1.00
2017.06.08 22:23:52.101,0.69673,0.69697,1.00,1.00
2017.06.08 22:23:54.077,0.69674,0.69697,1.00,1.00
2017.06.08 22:23:54.660,0.69673,0.69697,1.00,1.00
2017.06.08 22:23:57.228,0.69677,0.697,1.00,1.00
2017.06.08 22:23:59.353,0.69678,0.697,1.00,1.00
2017.06.08 22:24:01.700,0.69678,0.69701,1.00,1.00
2017.06.08 22:24:02.227,0.69678,0.69699,1.00,1.00
2017.06.08 22:24:04.384,0.6968,0.69699,1.00,1.00
2017.06.08 22:24:04.435,0.6968,0.69702,1.00,1.00
2017.06.08 22:24:04.537,0.69682,0.69703,1.00,1.00
2017.06.08 22:24:06.137,0.6968,0.69703,1.00,1.00
2017.06.08 22:24:06.703,0.6968,0.69704,1.00,1.00
2017.06.08 22:24:07.729,0.69681,0.69704,1.00,1.00
2017.06.08 22:24:10.453,0.69681,0.69705,1.00,1.50
2017.06.08 22:24:10.778,0.69681,0.69703,1.00,1.00
2017.06.08 22:24:11.238,0.69679,0.69701,1.00,1.00
2017.06.08 22:24:11.339,0.6968,0.69703,1.00,1.00
2017.06.08 22:24:11.854,0.6968,0.69702,1.00,1.00
2017.06.08 22:24:12.172,0.69678,0.69702,1.00,1.00
2017.06.08 22:24:12.707,0.69678,0.69701,1.00,1.00
2017.06.08 22:24:13.068,0.69678,0.69699,1.00,1.00
2017.06.08 22:24:14.309,0.69679,0.69701,1.00,1.00
2017.06.08 22:24:14.563,0.69678,0.69699,1.00,1.00
2017.06.08 22:24:14.724,0.69678,0.69701,1.00,1.00
2017.06.08 22:24:15.038,0.69678,0.69699,1.00,1.00
2017.06.08 22:24:15.545,0.69678,0.697,1.00,1.00
2017.06.08 22:24:16.547,0.69678,0.69699,1.00,1.00
2017.06.08 22:24:17.091,0.69677,0.69699,1.00,1.00
2017.06.08 22:24:17.727,0.69679,0.69699,1.00,1.00
2017.06.08 22:24:22.159,0.69678,0.69699,1.00,1.00
2017.06.08 22:24:24.095,0.69678,0.69702,1.00,1.00
2017.06.08 22:24:24.197,0.69676,0.69702,1.12,1.00
2017.06.08 22:24:24.248,0.69678,0.69702,1.00,1.00
2017.06.08 22:24:24.790,0.69677,0.69703,1.00,1.00
2017.06.08 22:24:30.018,0.69675,0.69701,1.00,1.00
2017.06.08 22:24:30.326,0.69672,0.69696,1.00,1.00
2017.06.08 22:24:30.645,0.69674,0.69698,1.00,1.00
2017.06.08 22:24:31.023,0.69671,0.69698,1.00,1.00
2017.06.08 22:24:32.013,0.69672,0.69696,1.00,1.00
2017.06.08 22:24:33.473,0.69673,0.69697,1.00,1.00
2017.06.08 22:24:34.482,0.69672,0.69698,1.00,1.00
2017.06.08 22:24:35.315,0.69671,0.69697,1.00,1.00
2017.06.08 22:24:35.924,0.69672,0.69698,1.00,1.00
2017.06.08 22:24:36.789,0.69671,0.69698,1.00,1.00
2017.06.08 22:24:37.244,0.69673,0.69699,1.00,1.00
2017.06.08 22:24:37.853,0.69672,0.69698,1.00,1.00
2017.06.08 22:24:38.626,0.69671,0.69697,1.00,1.00
2017.06.08 22:24:39.195,0.6967,0.69696,1.00,1.00
2017.06.08 22:24:39.734,0.69671,0.69696,1.00,1.00
2017.06.08 22:24:40.431,0.69672,0.69696,1.00,1.00
2017.06.08 22:24:40.791,0.69671,0.69693,1.00,1.00
2017.06.08 22:24:40.842,0.69672,0.69696,1.00,1.00
2017.06.08 22:24:41.731,0.6967,0.69698,1.00,1.00
2017.06.08 22:24:41.883,0.6967,0.69696,1.00,1.00
2017.06.08 22:24:42.434,0.69671,0.69697,1.00,1.00
2017.06.08 22:24:43.222,0.6967,0.69696,1.00,1.00
2017.06.08 22:24:43.895,0.69669,0.69695,1.00,1.00
2017.06.08 22:24:44.483,0.69672,0.69698,1.00,1.00
2017.06.08 22:24:44.994,0.69673,0.69698,1.00,1.12
2017.06.08 22:24:45.477,0.69675,0.69699,1.00,1.00
2017.06.08 22:24:49.156,0.69675,0.69701,1.00,1.00
2017.06.08 22:24:50.053,0.69674,0.697,1.00,1.00
2017.06.08 22:24:52.158,0.69673,0.69699,1.00,1.00
2017.06.08 22:24:52.309,0.69671,0.69697,1.12,1.12
2017.06.08 22:24:52.614,0.69668,0.69697,1.12,1.12
2017.06.08 22:24:53.162,0.69666,0.69696,2.25,1.00
2017.06.08 22:24:53.681,0.69667,0.69694,1.50,1.00
2017.06.08 22:24:54.699,0.69667,0.69694,1.12,1.00
2017.06.08 22:24:57.797,0.69668,0.69692,1.00,1.00
2017.06.08 22:24:59.847,0.69669,0.69692,1.00,1.00
2017.06.08 22:25:00.455,0.6967,0.69692,1.00,1.00
2017.06.08 22:25:00.990,0.6967,0.69693,1.50,1.00
2017.06.08 22:25:03.635,0.6967,0.69692,1.00,1.00
2017.06.08 22:25:04.274,0.69671,0.69692,1.00,1.00
2017.06.08 22:25:05.006,0.69671,0.69693,1.00,1.00
2017.06.08 22:25:09.245,0.69671,0.69692,1.00,1.00
2017.06.08 22:25:10.260,0.69674,0.69696,1.00,1.00
2017.06.08 22:25:10.362,0.69676,0.69698,1.00,1.00
2017.06.08 22:25:11.045,0.69675,0.69698,1.50,1.00
2017.06.08 22:25:11.780,0.69675,0.69697,1.00,1.00
2017.06.08 22:25:12.417,0.69673,0.69696,1.50,1.00
2017.06.08 22:25:12.638,0.69671,0.69695,1.00,1.00
2017.06.08 22:25:13.709,0.69668,0.69695,1.00,1.00
2017.06.08 22:25:14.118,0.69673,0.69699,1.00,1.00
2017.06.08 22:25:15.099,0.69674,0.69699,1.00,1.00
2017.06.08 22:25:16.105,0.69673,0.69699,1.00,1.00
2017.06.08 22:25:16.442,0.69669,0.69696,1.37,1.00
2017.06.08 22:25:17.046,0.69669,0.69696,1.00,1.00
2017.06.08 22:25:17.631,0.69668,0.69695,1.00,1.00
2017.06.08 22:25:22.271,0.69669,0.69693,1.00,1.00
2017.06.08 22:25:22.959,0.69668,0.69695,1.00,1.00
2017.06.08 22:25:23.492,0.69669,0.69696,1.00,1.00
2017.06.08 22:25:24.187,0.69668,0.69695,1.00,1.00
2017.06.08 22:25:24.909,0.69668,0.69694,1.00,1.00
2017.06.08 22:25:27.849,0.69669,0.69692,1.00,1.00
2017.06.08 22:25:32.266,0.69668,0.69694,1.00,1.00
2017.06.08 22:25:32.879,0.6967,0.69695,1.00,1.00
2017.06.08 22:25:33.720,0.69673,0.69697,1.00,1.00
2017.06.08 22:25:34.058,0.69675,0.69698,1.00,1.00
2017.06.08 22:25:34.109,0.69673,0.69698,1.00,1.00
2017.06.08 22:25:35.069,0.69674,0.69699,1.00,1.00
2017.06.08 22:25:35.171,0.69672,0.69698,1.00,1.00
2017.06.08 22:25:35.273,0.69675,0.69698,1.00,1.00
2017.06.08 22:25:36.184,0.69673,0.69698,1.00,1.00
2017.06.08 22:25:36.388,0.69673,0.69696,1.00,1.00
2017.06.08 22:25:36.581,0.69671,0.69696,1.00,1.00
2017.06.08 22:25:37.311,0.69674,0.69697,1.00,1.00
2017.06.08 22:25:37.596,0.69672,0.69697,1.00,1.00
2017.06.08 22:25:38.565,0.69671,0.69697,1.00,1.00
2017.06.08 22:25:39.099,0.6967,0.69696,1.00,1.00
2017.06.08 22:25:39.678,0.69669,0.69695,1.00,1.00
2017.06.08 22:25:40.773,0.69671,0.69694,1.00,1.00
2017.06.08 22:25:40.824,0.69671,0.69696,1.00,1.00
2017.06.08 22:25:40.926,0.69674,0.69699,1.00,1.00
2017.06.08 22:25:41.262,0.69672,0.69697,1.00,1.00
2017.06.08 22:25:41.944,0.69672,0.69698,1.00,1.00
2017.06.08 22:25:42.944,0.69673,0.69696,1.00,1.00
2017.06.08 22:25:43.146,0.69671,0.69696,1.00,1.00
2017.06.08 22:25:43.615,0.6967,0.69694,1.00,1.00
2017.06.08 22:25:44.419,0.6967,0.69693,1.00,1.00
2017.06.08 22:25:44.966,0.69669,0.69694,1.00,1.00
2017.06.08 22:25:49.711,0.69668,0.69691,1.00,1.00
2017.06.08 22:25:49.761,0.69666,0.69691,1.50,1.00
2017.06.08 22:25:50.117,0.69664,0.6969,1.12,1.00
2017.06.08 22:25:50.218,0.69666,0.69689,1.00,1.00
2017.06.08 22:25:50.269,0.69666,0.69691,1.50,1.00
2017.06.08 22:25:51.418,0.69667,0.69691,1.00,1.00
2017.06.08 22:25:52.913,0.69668,0.69691,1.00,1.00
2017.06.08 22:25:54.146,0.69666,0.69692,1.00,1.00
2017.06.08 22:25:54.843,0.69667,0.69692,1.00,1.00
2017.06.08 22:25:58.109,0.69668,0.69693,1.00,1.00
2017.06.08 22:25:58.210,0.69669,0.69695,1.00,1.00
2017.06.08 22:25:59.082,0.69668,0.69694,1.00,1.00
2017.06.08 22:25:59.285,0.6967,0.69693,1.00,1.00
2017.06.08 22:25:59.437,0.69668,0.69693,1.00,1.00
2017.06.08 22:26:00.711,0.69667,0.69692,1.00,1.00
2017.06.08 22:26:01.676,0.69667,0.69693,1.00,1.00
2017.06.08 22:26:03.249,0.69667,0.69692,1.00,1.00
2017.06.08 22:26:07.161,0.69666,0.69692,1.00,1.00
2017.06.08 22:26:08.318,0.69667,0.69692,1.00,1.00
2017.06.08 22:26:08.420,0.69668,0.69694,1.00,1.00
2017.06.08 22:26:08.471,0.6967,0.69695,1.00,1.00
2017.06.08 22:26:09.006,0.69669,0.69694,1.00,1.00
2017.06.08 22:26:10.499,0.6967,0.69695,1.00,1.00
2017.06.08 22:26:10.838,0.69673,0.69696,1.00,1.00
2017.06.08 22:26:10.890,0.69674,0.69699,1.00,1.12
2017.06.08 22:26:11.782,0.69676,0.69699,1.00,1.12
2017.06.08 22:26:21.226,0.69676,0.69701,1.00,1.37
2017.06.08 22:26:27.969,0.69675,0.69701,1.00,1.37
2017.06.08 22:26:35.631,0.69676,0.69701,1.00,1.37
2017.06.08 22:26:37.012,0.69678,0.69701,1.00,1.37
2017.06.08 22:26:37.362,0.69677,0.697,1.00,1.12
2017.06.08 22:26:38.194,0.69675,0.69701,1.00,1.37
2017.06.08 22:26:38.701,0.69676,0.69701,1.00,1.37
2017.06.08 22:26:42.306,0.69677,0.69702,1.00,1.37
2017.06.08 22:26:47.236,0.69676,0.69701,1.00,1.37
2017.06.08 22:26:47.287,0.69674,0.69699,1.00,1.37
2017.06.08 22:26:49.845,0.69673,0.69698,1.00,1.12
2017.06.08 22:26:50.359,0.69673,0.69698,1.00,1.37
2017.06.08 22:26:53.368,0.69673,0.69698,1.00,1.12
2017.06.08 22:26:55.852,0.69682,0.69704,1.00,1.75
2017.06.08 22:26:55.954,0.69681,0.69706,1.00,1.75
2017.06.08 22:26:56.005,0.69683,0.69705,1.00,1.00
2017.06.08 22:26:56.156,0.6968,0.69706,1.00,1.37
2017.06.08 22:26:57.482,0.69679,0.69702,1.00,1.00
2017.06.08 22:26:57.584,0.69679,0.69704,1.00,1.00
2017.06.08 22:26:58.494,0.69678,0.69703,1.00,1.00
2017.06.08 22:26:58.980,0.69676,0.69701,1.00,1.00
2017.06.08 22:27:00.580,0.69678,0.69703,1.00,1.00
2017.06.08 22:27:02.155,0.69677,0.69702,1.00,1.00
2017.06.08 22:27:02.465,0.69679,0.69702,1.00,1.00
2017.06.08 22:27:07.696,0.69682,0.69707,1.00,1.37
2017.06.08 22:27:07.798,0.69684,0.6971,1.00,1.50
2017.06.08 22:27:08.126,0.69684,0.6971,1.00,1.37
2017.06.08 22:27:08.637,0.69684,0.6971,1.00,1.37
2017.06.08 22:27:09.439,0.69685,0.6971,1.00,1.37
2017.06.08 22:27:10.066,0.69684,0.69709,1.00,1.37
2017.06.08 22:27:11.418,0.69685,0.6971,1.00,1.37
2017.06.08 22:27:11.612,0.69688,0.69713,1.00,1.12
2017.06.08 22:27:12.587,0.69685,0.6971,1.00,1.12
2017.06.08 22:27:13.100,0.69684,0.69709,1.00,1.00
2017.06.08 22:27:13.432,0.69681,0.69707,1.00,1.00
2017.06.08 22:27:14.104,0.6968,0.69705,1.12,1.00
2017.06.08 22:27:16.011,0.6968,0.69705,1.00,1.37
2017.06.08 22:27:16.264,0.69678,0.69703,1.00,1.12
2017.06.08 22:27:18.506,0.69677,0.69702,1.00,1.00
2017.06.08 22:27:19.445,0.69677,0.69702,1.00,1.37
2017.06.08 22:27:19.987,0.69676,0.69702,1.00,1.00
2017.06.08 22:27:20.853,0.69676,0.69701,1.00,1.00
2017.06.08 22:27:21.817,0.69678,0.69701,1.00,1.00
2017.06.08 22:27:24.539,0.69676,0.69701,1.00,1.00
2017.06.08 22:27:25.536,0.69677,0.69702,1.00,1.00
2017.06.08 22:27:26.519,0.69676,0.69701,1.00,1.00
2017.06.08 22:27:28.483,0.69677,0.69702,1.00,1.00
2017.06.08 22:27:29.014,0.69676,0.69701,1.00,1.00
2017.06.08 22:27:30.129,0.69676,0.69699,1.00,1.00
2017.06.08 22:27:30.822,0.69674,0.69699,1.00,1.00
2017.06.08 22:27:31.468,0.69673,0.69698,1.00,1.00
2017.06.08 22:27:31.981,0.69672,0.69698,1.00,1.00
2017.06.08 22:27:33.026,0.69672,0.69697,1.00,1.00
2017.06.08 22:27:35.614,0.69673,0.69698,1.00,1.37
2017.06.08 22:27:36.116,0.69673,0.69698,1.00,1.00
2017.06.08 22:27:36.658,0.69673,0.69697,1.00,1.00
2017.06.08 22:27:37.541,0.69673,0.69698,1.00,1.00
2017.06.08 22:27:40.776,0.69672,0.69698,1.00,1.00
2017.06.08 22:27:41.789,0.69673,0.69699,1.00,1.00
2017.06.08 22:27:41.950,0.69672,0.69695,1.50,1.00
2017.06.08 22:27:42.270,0.69674,0.69697,1.00,1.00
2017.06.08 22:27:42.966,0.69674,0.69699,1.00,1.00
2017.06.08 22:27:43.531,0.69675,0.697,1.00,1.12
2017.06.08 22:27:43.701,0.69679,0.69704,1.00,1.37
2017.06.08 22:27:43.753,0.69679,0.69704,1.00,1.12
2017.06.08 22:27:43.854,0.69678,0.69701,1.00,1.00
2017.06.08 22:27:44.006,0.69679,0.69704,1.00,1.00
2017.06.08 22:27:44.057,0.69682,0.69705,1.00,1.00
2017.06.08 22:27:44.771,0.69679,0.69702,1.00,1.00
2017.06.08 22:27:44.873,0.69681,0.69706,1.00,1.00
2017.06.08 22:27:45.293,0.69679,0.69705,1.50,1.00
2017.06.08 22:27:45.345,0.69679,0.69702,1.00,1.00
2017.06.08 22:27:45.598,0.69676,0.69701,1.50,1.00
2017.06.08 22:27:45.742,0.69679,0.69701,1.00,1.00
2017.06.08 22:27:46.593,0.69679,0.69702,1.00,1.00
2017.06.08 22:27:48.634,0.69678,0.69702,1.50,1.00
2017.06.08 22:27:49.402,0.69678,0.69701,1.00,1.00
2017.06.08 22:27:51.919,0.69678,0.69703,1.50,1.12
2017.06.08 22:27:52.424,0.69677,0.69702,1.50,1.00
2017.06.08 22:27:52.975,0.69676,0.697,1.50,1.00
2017.06.08 22:27:53.530,0.69677,0.697,1.00,1.00
2017.06.08 22:27:54.143,0.69676,0.697,1.50,1.00
2017.06.08 22:27:56.145,0.69677,0.697,1.00,1.00
2017.06.08 22:27:58.139,0.6968,0.69705,1.50,1.00
2017.06.08 22:27:58.190,0.69682,0.69706,1.00,1.00
2017.06.08 22:27:58.495,0.69688,0.69709,1.00,1.00
2017.06.08 22:27:58.920,0.69688,0.69711,1.00,1.12
2017.06.08 22:27:59.381,0.69686,0.69711,1.50,1.00
2017.06.08 22:27:59.888,0.69686,0.69709,1.50,1.00
2017.06.08 22:28:00.689,0.69686,0.69711,1.50,1.00
2017.06.08 22:28:02.156,0.69687,0.69711,1.00,1.00
2017.06.08 22:28:12.176,0.69687,0.6971,1.00,1.00
2017.06.08 22:28:16.713,0.69685,0.6971,1.50,1.00
2017.06.08 22:28:19.356,0.69685,0.6971,1.50,1.37
2017.06.08 22:28:22.511,0.69685,0.6971,1.50,1.00
2017.06.08 22:28:27.398,0.69686,0.6971,1.00,1.00
2017.06.08 22:28:28.392,0.69686,0.69709,1.00,1.00
2017.06.08 22:28:37.508,0.69685,0.6971,1.00,1.00
2017.06.08 22:28:43.026,0.69685,0.69707,1.00,1.00
2017.06.08 22:28:43.077,0.69683,0.69706,1.00,1.00
2017.06.08 22:28:43.178,0.69682,0.69704,1.00,1.00
2017.06.08 22:28:43.229,0.6968,0.69704,1.50,1.00
2017.06.08 22:28:43.787,0.6968,0.69703,1.00,1.00
2017.06.08 22:28:44.169,0.6968,0.69701,1.00,1.00
2017.06.08 22:28:44.745,0.69679,0.697,1.00,1.00
2017.06.08 22:28:44.923,0.69677,0.69699,1.00,1.00
2017.06.08 22:28:45.439,0.69678,0.697,1.00,1.00
2017.06.08 22:28:49.491,0.69679,0.697,1.00,1.00
2017.06.08 22:28:50.064,0.69679,0.69702,1.00,1.37
2017.06.08 22:28:51.268,0.69679,0.69702,1.00,1.00
2017.06.08 22:28:54.736,0.69679,0.69701,1.00,1.00
2017.06.08 22:29:00.819,0.6968,0.69701,1.00,1.00
2017.06.08 22:29:02.214,0.69679,0.69701,1.50,1.00
2017.06.08 22:29:03.972,0.69679,0.69703,1.50,1.00
2017.06.08 22:29:05.689,0.69679,0.697,1.50,1.00
2017.06.08 22:29:07.343,0.69679,0.69702,1.50,1.00
2017.06.08 22:29:08.385,0.69679,0.69703,1.50,1.00
2017.06.08 22:29:09.831,0.69681,0.69703,1.00,1.00
2017.06.08 22:29:11.025,0.69676,0.69698,1.00,1.00
2017.06.08 22:29:11.564,0.69675,0.69698,1.00,1.00
2017.06.08 22:29:12.125,0.69675,0.69697,1.00,1.00
2017.06.08 22:29:13.300,0.69675,0.69696,1.00,1.00
2017.06.08 22:29:14.360,0.69675,0.69697,1.00,1.00
2017.06.08 22:29:22.751,0.69675,0.69696,1.00,1.00
2017.06.08 22:29:23.964,0.69678,0.69698,1.00,1.00
2017.06.08 22:29:24.116,0.69678,0.69702,1.00,1.37
2017.06.08 22:29:24.649,0.69678,0.69702,1.00,1.37
2017.06.08 22:29:24.852,0.69674,0.69699,1.00,1.00
2017.06.08 22:29:25.284,0.69677,0.697,1.00,1.00
2017.06.08 22:29:26.221,0.69677,0.69698,1.00,1.00
2017.06.08 22:29:28.577,0.69677,0.69699,1.00,1.12
2017.06.08 22:29:28.679,0.69674,0.69698,1.00,1.00
2017.06.08 22:29:29.090,0.69671,0.69695,1.37,1.00
2017.06.08 22:29:29.624,0.69671,0.69695,1.37,1.00
2017.06.08 22:29:31.262,0.69671,0.69695,1.50,1.00
2017.06.08 22:29:32.351,0.69673,0.69695,1.00,1.00
2017.06.08 22:29:32.932,0.69672,0.69696,1.00,1.12
2017.06.08 22:29:33.249,0.69675,0.69698,1.00,1.12
2017.06.08 22:29:34.780,0.69673,0.69698,1.00,1.12
2017.06.08 22:29:34.831,0.69673,0.69696,1.00,1.00
2017.06.08 22:29:35.153,0.69676,0.69698,1.00,1.00
2017.06.08 22:29:39.601,0.69674,0.69698,1.00,1.00
2017.06.08 22:29:40.126,0.69675,0.69698,1.00,1.00
2017.06.08 22:29:40.669,0.69674,0.69699,1.00,1.00
2017.06.08 22:29:40.720,0.69675,0.69696,1.00,1.00
2017.06.08 22:29:41.274,0.69674,0.69698,1.00,1.00
2017.06.08 22:29:41.801,0.69674,0.69698,1.00,1.37
2017.06.08 22:29:43.165,0.69674,0.69696,1.00,1.00
2017.06.08 22:29:43.727,0.69672,0.69696,1.50,1.00
2017.06.08 22:29:51.649,0.69672,0.69696,1.00,1.37
2017.06.08 22:29:54.853,0.69672,0.69694,1.00,1.00
2017.06.08 22:29:56.084,0.69672,0.69696,1.00,1.37
2017.06.08 22:29:58.568,0.69672,0.69694,1.00,1.00
2017.06.08 22:29:59.533,0.69672,0.69696,1.00,1.37
2017.06.08 22:30:00.090,0.69673,0.69697,1.00,1.37
2017.06.08 22:30:00.611,0.69673,0.69697,1.00,1.00
2017.06.08 22:30:00.712,0.69676,0.697,1.00,1.37
2017.06.08 22:30:01.036,0.69679,0.69702,1.50,1.37
2017.06.08 22:30:01.575,0.69678,0.697,1.00,1.00
2017.06.08 22:30:02.086,0.69679,0.697,1.00,1.00
2017.06.08 22:30:02.635,0.69679,0.697,1.00,1.37
2017.06.08 22:30:03.167,0.69678,0.697,1.00,1.37
2017.06.08 22:30:03.693,0.69677,0.69699,1.00,1.12
2017.06.08 22:30:05.088,0.69678,0.697,1.00,1.37
2017.06.08 22:30:05.644,0.69677,0.697,1.00,1.37
2017.06.08 22:30:06.565,0.69677,0.697,1.00,1.37
2017.06.08 22:30:06.675,0.69674,0.69698,1.00,1.12
2017.06.08 22:30:07.287,0.69673,0.69697,1.50,1.00
2017.06.08 22:30:07.887,0.69673,0.69696,1.50,1.00
2017.06.08 22:30:14.069,0.69672,0.69696,1.12,1.00
2017.06.08 22:30:14.172,0.69676,0.69698,1.00,1.00
2017.06.08 22:30:14.891,0.69678,0.697,1.00,1.00
2017.06.08 22:30:15.547,0.69677,0.697,1.00,1.00
2017.06.08 22:30:25.556,0.69675,0.69699,1.00,1.37
2017.06.08 22:30:26.094,0.69676,0.697,1.00,1.37
2017.06.08 22:30:27.158,0.69676,0.69699,1.00,1.12
2017.06.08 22:30:29.703,0.69675,0.69698,1.00,1.12
2017.06.08 22:30:32.964,0.69677,0.69698,1.00,1.00
2017.06.08 22:30:33.116,0.69677,0.697,1.00,1.00
2017.06.08 22:30:33.294,0.69678,0.69702,1.00,1.12
2017.06.08 22:30:33.902,0.69676,0.69702,1.50,1.12
2017.06.08 22:30:34.003,0.69677,0.697,1.00,1.12
2017.06.08 22:30:34.934,0.69675,0.697,1.50,1.12
2017.06.08 22:30:35.979,0.69675,0.69699,1.00,1.00
2017.06.08 22:30:36.567,0.69675,0.69698,1.00,1.00
2017.06.08 22:30:40.842,0.69675,0.69699,1.00,1.00
2017.06.08 22:30:40.893,0.69677,0.69699,1.00,1.00
2017.06.08 22:30:41.524,0.69677,0.69701,1.00,1.37
2017.06.08 22:30:42.043,0.69677,0.69699,1.00,1.00
2017.06.08 22:30:42.847,0.69676,0.69699,1.00,1.00
2017.06.08 22:30:43.477,0.69674,0.697,1.00,1.12
2017.06.08 22:30:44.570,0.69675,0.697,1.00,1.12
2017.06.08 22:30:51.235,0.69676,0.697,1.00,1.00
2017.06.08 22:30:51.756,0.69677,0.697,1.00,1.00
2017.06.08 22:30:58.322,0.69675,0.69697,1.50,1.00
2017.06.08 22:31:04.333,0.69673,0.69695,1.12,1.00
2017.06.08 22:31:06.924,0.69672,0.69695,1.12,1.00
2017.06.08 22:31:09.891,0.69674,0.69698,1.00,1.00
2017.06.08 22:31:10.546,0.69677,0.69698,1.00,1.00
2017.06.08 22:31:10.647,0.69674,0.69698,1.37,1.00
2017.06.08 22:31:12.474,0.69673,0.69697,1.50,1.00
2017.06.08 22:31:17.097,0.69673,0.69697,1.50,1.00
2017.06.08 22:31:18.292,0.69673,0.69697,1.50,1.00
2017.06.08 22:31:18.498,0.69673,0.69697,1.50,1.00
2017.06.08 22:31:19.024,0.69674,0.69698,1.12,1.00
2017.06.08 22:31:19.527,0.69674,0.69697,1.00,1.00
2017.06.08 22:31:20.346,0.69673,0.69697,1.12,1.00
2017.06.08 22:31:21.006,0.69673,0.69696,1.12,1.00
2017.06.08 22:31:22.989,0.69674,0.69696,1.00,1.00
2017.06.08 22:31:24.994,0.69674,0.69697,1.00,1.00
2017.06.08 22:31:28.711,0.69675,0.69697,1.00,1.00
2017.06.08 22:31:29.734,0.69674,0.69697,1.12,1.00
2017.06.08 22:31:32.886,0.69676,0.69697,1.00,1.00
2017.06.08 22:31:36.803,0.69675,0.69696,1.37,1.00
2017.06.08 22:31:37.325,0.69675,0.69696,1.00,1.00
2017.06.08 22:31:40.025,0.69674,0.69695,1.00,1.00
2017.06.08 22:31:42.861,0.69672,0.69695,1.00,1.00
2017.06.08 22:31:43.062,0.69671,0.69692,1.00,1.00
2017.06.08 22:31:43.329,0.69669,0.69692,2.25,1.00
2017.06.08 22:31:44.074,0.6967,0.69692,1.00,1.00
2017.06.08 22:31:44.666,0.69671,0.69692,1.00,1.00
2017.06.08 22:31:45.211,0.6967,0.69691,1.00,1.00
2017.06.08 22:31:46.159,0.6967,0.69692,1.00,1.00
2017.06.08 22:31:47.252,0.69669,0.69692,1.87,1.00
2017.06.08 22:31:49.366,0.69668,0.69691,1.00,1.00
2017.06.08 22:31:59.161,0.69667,0.6969,1.00,1.00
2017.06.08 22:32:01.389,0.69666,0.69689,1.00,1.00
2017.06.08 22:32:02.300,0.69669,0.69692,1.00,1.00
2017.06.08 22:32:02.640,0.69673,0.69695,1.00,1.00
2017.06.08 22:32:02.970,0.69675,0.69696,1.00,1.00
2017.06.08 22:32:03.402,0.69673,0.69696,1.12,1.00
2017.06.08 22:32:04.046,0.69672,0.69695,1.50,1.00
2017.06.08 22:32:05.095,0.69673,0.69696,1.50,1.00
2017.06.08 22:32:05.625,0.69672,0.69693,1.37,1.00
2017.06.08 22:32:06.134,0.69671,0.69692,1.00,1.00
2017.06.08 22:32:06.716,0.69669,0.69692,1.50,1.00
2017.06.08 22:32:06.767,0.69671,0.69692,1.00,1.00
2017.06.08 22:32:07.665,0.6967,0.69692,1.00,1.00
2017.06.08 22:32:08.597,0.69669,0.69692,1.00,1.00
2017.06.08 22:32:09.597,0.69669,0.69691,1.00,1.00
2017.06.08 22:32:10.599,0.69668,0.69691,1.12,1.00
2017.06.08 22:32:12.387,0.69669,0.69692,1.00,1.00
2017.06.08 22:32:13.112,0.69668,0.69691,1.00,1.00
2017.06.08 22:32:24.269,0.69667,0.69691,1.12,1.00
2017.06.08 22:32:25.270,0.69669,0.6969,1.00,1.00
2017.06.08 22:32:28.720,0.69667,0.69691,1.00,1.00
2017.06.08 22:32:30.525,0.6967,0.69693,1.50,1.00
2017.06.08 22:32:30.576,0.69671,0.69695,1.12,1.00
2017.06.08 22:32:30.628,0.69675,0.69696,1.00,1.12
2017.06.08 22:32:31.527,0.69673,0.69697,1.00,1.00
2017.06.08 22:32:32.529,0.69674,0.69695,1.00,1.00
2017.06.08 22:32:36.775,0.69671,0.69695,1.00,1.00
2017.06.08 22:32:37.316,0.69672,0.69696,1.37,1.00
2017.06.08 22:32:37.795,0.69674,0.69698,1.00,1.00
2017.06.08 22:32:40.144,0.69674,0.69697,1.00,1.00
2017.06.08 22:32:40.672,0.69674,0.69698,1.00,1.00
2017.06.08 22:32:41.713,0.69674,0.69697,1.00,1.00
2017.06.08 22:32:43.717,0.69674,0.69698,1.00,1.00
2017.06.08 22:32:44.060,0.69672,0.69695,1.12,1.00
2017.06.08 22:32:45.061,0.69672,0.69696,1.00,1.00
2017.06.08 22:32:45.483,0.69671,0.69694,1.00,1.00
2017.06.08 22:32:45.991,0.69671,0.69693,1.00,1.00
2017.06.08 22:32:46.093,0.69669,0.69693,1.87,1.00
2017.06.08 22:32:50.180,0.6967,0.69693,1.00,1.00
2017.06.08 22:32:50.714,0.6967,0.69693,1.37,1.00
2017.06.08 22:32:51.659,0.6967,0.69693,1.00,1.00
2017.06.08 22:32:53.856,0.6967,0.69694,1.00,1.00
2017.06.08 22:32:55.577,0.6967,0.69692,1.00,1.00
2017.06.08 22:32:58.311,0.69668,0.69692,1.12,1.00
2017.06.08 22:33:06.576,0.69669,0.69693,1.00,1.00
2017.06.08 22:33:08.534,0.69672,0.69693,1.00,1.00
2017.06.08 22:33:14.111,0.69673,0.69693,1.00,1.00
2017.06.08 22:33:14.873,0.69676,0.69696,1.00,1.12
2017.06.08 22:33:15.461,0.69676,0.69695,1.00,1.00
2017.06.08 22:33:15.712,0.69674,0.69695,1.00,1.00
2017.06.08 22:33:15.814,0.69672,0.69692,1.00,1.00
2017.06.08 22:33:16.457,0.69671,0.69692,1.00,1.00
2017.06.08 22:33:16.767,0.69671,0.6969,1.00,1.00
2017.06.08 22:33:21.290,0.69671,0.69692,1.00,1.12
2017.06.08 22:33:22.149,0.6967,0.6969,1.00,1.00
2017.06.08 22:33:22.762,0.6967,0.69691,1.00,1.12
2017.06.08 22:33:27.779,0.69669,0.69691,1.00,1.12
2017.06.08 22:33:28.122,0.69659,0.69681,1.00,1.00
2017.06.08 22:33:28.794,0.69659,0.69679,1.00,1.00
2017.06.08 22:33:30.178,0.69659,0.6968,1.00,1.00
2017.06.08 22:33:30.714,0.69659,0.69681,1.00,1.00
2017.06.08 22:33:31.278,0.69658,0.69681,1.00,1.00
2017.06.08 22:33:33.942,0.69659,0.6968,1.00,1.00
2017.06.08 22:33:38.259,0.69659,0.69681,1.00,1.00
2017.06.08 22:33:41.328,0.69661,0.69683,1.00,1.00
2017.06.08 22:33:41.909,0.69662,0.69683,1.00,1.00
2017.06.08 22:33:42.999,0.69662,0.6968,1.00,1.00
2017.06.08 22:33:43.050,0.6966,0.6968,1.00,1.00
2017.06.08 22:33:43.562,0.6966,0.69679,1.00,1.00
2017.06.08 22:33:44.271,0.6966,0.69681,1.00,1.00
2017.06.08 22:33:47.576,0.6966,0.6968,1.00,1.00
2017.06.08 22:33:48.402,0.69665,0.69683,1.00,1.00
2017.06.08 22:33:48.656,0.69659,0.69679,1.12,1.00
2017.06.08 22:33:48.909,0.69662,0.69681,1.00,1.00
2017.06.08 22:33:49.322,0.69658,0.69681,1.00,1.00
2017.06.08 22:33:49.868,0.69658,0.6968,1.00,1.00
2017.06.08 22:33:56.708,0.69659,0.6968,1.00,1.00
2017.06.08 22:34:00.486,0.69658,0.6968,1.00,1.00
2017.06.08 22:34:03.703,0.69656,0.6968,1.00,1.00
2017.06.08 22:34:10.324,0.69656,0.69678,1.00,1.00
2017.06.08 22:34:12.019,0.69659,0.69678,1.00,1.00
2017.06.08 22:34:15.391,0.69658,0.69678,1.00,1.00
2017.06.08 22:34:15.958,0.69657,0.69678,1.00,1.00
2017.06.08 22:34:17.530,0.69658,0.6968,1.12,1.00
2017.06.08 22:34:18.084,0.69657,0.69679,1.00,1.00
2017.06.08 22:34:22.057,0.69657,0.69678,1.00,1.00
2017.06.08 22:34:22.108,0.69657,0.69681,1.00,1.00
2017.06.08 22:34:23.350,0.69657,0.6968,1.50,1.00
2017.06.08 22:34:28.928,0.69657,0.69682,1.00,1.00
2017.06.08 22:34:30.535,0.69657,0.69683,1.50,1.00
2017.06.08 22:34:31.283,0.69658,0.69683,1.00,1.00
2017.06.08 22:34:39.717,0.69659,0.69683,1.00,1.00
2017.06.08 22:34:40.383,0.69659,0.69684,1.00,1.12
2017.06.08 22:34:40.933,0.6966,0.69684,1.00,1.12
2017.06.08 22:34:48.332,0.6966,0.69683,1.00,1.00
2017.06.08 22:34:48.905,0.69659,0.69683,1.00,1.12
2017.06.08 22:34:49.324,0.69658,0.69679,1.00,1.00
2017.06.08 22:34:49.846,0.69657,0.69679,1.00,1.00
2017.06.08 22:34:50.374,0.69657,0.6968,1.00,1.00
2017.06.08 22:34:52.715,0.69657,0.69681,1.00,1.00
2017.06.08 22:34:53.817,0.69656,0.69681,1.00,1.00
2017.06.08 22:34:54.188,0.69659,0.6968,1.00,1.00
2017.06.08 22:34:54.238,0.69657,0.6968,1.00,1.00
2017.06.08 22:34:57.298,0.69659,0.6968,1.00,1.00
2017.06.08 22:34:58.216,0.69661,0.6968,1.00,1.00
2017.06.08 22:34:58.267,0.69661,0.69682,1.00,1.00
2017.06.08 22:34:58.988,0.69661,0.69683,1.00,1.00
2017.06.08 22:35:01.518,0.69659,0.69682,1.00,1.00
2017.06.08 22:35:03.382,0.69659,0.69681,1.00,1.00
2017.06.08 22:35:07.586,0.69659,0.69682,1.00,1.00
2017.06.08 22:35:10.085,0.69661,0.69682,1.00,1.00
2017.06.08 22:35:10.720,0.6966,0.69682,1.00,1.00
2017.06.08 22:35:12.970,0.69661,0.69682,1.00,1.00
2017.06.08 22:35:17.570,0.69661,0.69684,1.00,1.00
2017.06.08 22:35:17.671,0.69663,0.69685,1.00,1.00
2017.06.08 22:35:18.621,0.69662,0.69685,1.00,1.00
2017.06.08 22:35:21.367,0.69661,0.69685,1.00,1.00
2017.06.08 22:35:22.102,0.69661,0.69686,1.00,1.00
2017.06.08 22:35:22.700,0.69662,0.69686,1.00,1.00
2017.06.08 22:35:35.411,0.69664,0.69687,1.00,1.00
2017.06.08 22:35:35.563,0.69665,0.69689,1.00,1.00
2017.06.08 22:35:35.664,0.69667,0.69691,1.00,1.00
2017.06.08 22:35:36.401,0.69667,0.69692,1.00,1.00
2017.06.08 22:35:36.966,0.69668,0.69692,1.00,1.00
2017.06.08 22:35:37.610,0.69667,0.69692,1.00,1.00
2017.06.08 22:35:38.333,0.69667,0.69691,1.00,1.00
2017.06.08 22:35:38.858,0.69666,0.69691,1.00,1.00
2017.06.08 22:35:39.407,0.69665,0.69691,1.00,1.12
2017.06.08 22:35:42.082,0.69664,0.6969,1.00,1.00
2017.06.08 22:35:43.950,0.69665,0.69691,1.00,1.12
2017.06.08 22:35:45.405,0.69665,0.69692,1.00,1.12
2017.06.08 22:35:46.214,0.69665,0.69689,1.00,1.00
2017.06.08 22:35:46.265,0.69664,0.69691,1.00,1.00
2017.06.08 22:35:46.819,0.69663,0.6969,1.50,1.00
2017.06.08 22:35:47.648,0.69664,0.69688,1.00,1.00
2017.06.08 22:35:47.985,0.69664,0.6969,1.00,1.00
2017.06.08 22:35:48.530,0.69665,0.6969,1.00,1.00
2017.06.08 22:35:49.055,0.69665,0.69691,1.00,1.00
2017.06.08 22:35:49.664,0.69664,0.6969,1.00,1.00
2017.06.08 22:35:50.725,0.69663,0.69689,1.12,1.00
2017.06.08 22:35:56.862,0.69662,0.69687,1.00,1.00
2017.06.08 22:35:57.374,0.69662,0.69688,1.00,1.00
2017.06.08 22:35:57.503,0.6966,0.69687,1.50,1.00
2017.06.08 22:36:00.472,0.69662,0.69686,1.00,1.00
2017.06.08 22:36:02.946,0.69662,0.69687,1.00,1.00
2017.06.08 22:36:04.007,0.69663,0.69688,1.00,1.12
2017.06.08 22:36:06.951,0.69665,0.6969,1.00,1.00
2017.06.08 22:36:07.254,0.69665,0.69688,1.00,1.00
2017.06.08 22:36:11.024,0.69664,0.6969,1.00,1.00
2017.06.08 22:36:11.708,0.69664,0.69689,1.00,1.00
2017.06.08 22:36:13.000,0.69664,0.6969,1.00,1.00
2017.06.08 22:36:13.525,0.69664,0.69689,1.00,1.00
2017.06.08 22:36:15.401,0.69665,0.69689,1.00,1.00
2017.06.08 22:36:16.615,0.69664,0.69689,1.00,1.00
2017.06.08 22:36:22.913,0.69665,0.6969,1.00,1.12
2017.06.08 22:36:23.593,0.69664,0.69689,1.00,1.00
2017.06.08 22:36:27.332,0.69664,0.69687,1.00,1.00
2017.06.08 22:36:27.484,0.69663,0.69689,1.00,1.12
2017.06.08 22:36:27.585,0.69662,0.69688,1.00,1.37
2017.06.08 22:36:28.117,0.69662,0.69688,1.00,1.12
2017.06.08 22:36:29.171,0.69662,0.69687,1.00,1.00
2017.06.08 22:36:34.313,0.69663,0.69688,1.00,1.00
2017.06.08 22:36:38.229,0.69663,0.69689,1.00,1.12
2017.06.08 22:36:39.181,0.69663,0.69688,1.00,1.00
2017.06.08 22:36:42.197,0.69663,0.69689,1.00,1.12
2017.06.08 22:36:44.201,0.69664,0.69687,1.00,1.00
2017.06.08 22:36:48.467,0.69664,0.69688,1.00,1.00
2017.06.08 22:36:49.036,0.69663,0.69688,1.00,1.00
2017.06.08 22:36:49.946,0.69662,0.69688,1.00,1.00
2017.06.08 22:36:55.657,0.69664,0.69687,1.00,1.00
2017.06.08 22:36:59.232,0.69662,0.69688,1.00,1.00
2017.06.08 22:37:02.861,0.69663,0.69688,1.00,1.00
2017.06.08 22:37:06.316,0.69662,0.69687,1.00,1.00
2017.06.08 22:37:07.316,0.69661,0.69687,1.00,1.00
2017.06.08 22:37:07.813,0.69663,0.69686,1.00,1.00
2017.06.08 22:37:08.091,0.69663,0.69688,1.00,1.00
2017.06.08 22:37:08.738,0.69663,0.69686,1.00,1.00
2017.06.08 22:37:09.053,0.69661,0.69686,1.00,1.00
2017.06.08 22:37:11.573,0.69661,0.69685,1.00,1.00
2017.06.08 22:37:14.261,0.69661,0.69686,1.00,1.00
2017.06.08 22:37:18.243,0.69661,0.69685,1.00,1.00
2017.06.08 22:37:19.212,0.69661,0.69684,1.00,1.00
2017.06.08 22:37:23.712,0.6966,0.69686,1.00,1.00
2017.06.08 22:37:24.083,0.69662,0.69685,1.00,1.00
2017.06.08 22:37:25.789,0.69662,0.69687,1.00,1.00
2017.06.08 22:37:26.298,0.69661,0.69686,1.00,1.00
2017.06.08 22:37:27.003,0.69661,0.69687,1.00,1.12
2017.06.08 22:37:27.921,0.69661,0.69687,1.00,1.37
2017.06.08 22:37:28.323,0.69663,0.69686,1.00,1.37
2017.06.08 22:37:29.290,0.69662,0.69685,1.00,1.12
2017.06.08 22:37:33.768,0.69662,0.69687,1.00,1.00
2017.06.08 22:37:33.819,0.69664,0.6969,1.00,1.37
2017.06.08 22:37:34.923,0.69665,0.6969,1.00,1.37
2017.06.08 22:37:36.647,0.69663,0.69689,1.00,1.12
2017.06.08 22:37:36.749,0.69665,0.69688,1.00,1.00
2017.06.08 22:37:36.876,0.69663,0.69688,1.00,1.00
2017.06.08 22:37:37.648,0.69665,0.69688,1.00,1.00
2017.06.08 22:37:39.401,0.69664,0.69687,1.00,1.00
2017.06.08 22:37:49.231,0.69665,0.6969,1.00,1.37
2017.06.08 22:37:49.752,0.69666,0.69691,1.00,1.37
2017.06.08 22:37:50.271,0.69665,0.6969,1.00,1.37
2017.06.08 22:37:50.922,0.69664,0.69689,1.00,1.12
2017.06.08 22:37:55.776,0.69664,0.69687,1.00,1.00
2017.06.08 22:37:58.266,0.69662,0.69687,1.00,1.00
2017.06.08 22:38:10.105,0.69662,0.69688,1.00,1.12
2017.06.08 22:38:10.807,0.69663,0.69688,1.00,1.12
2017.06.08 22:38:12.205,0.69664,0.69688,1.00,1.00
2017.06.08 22:38:12.357,0.69665,0.6969,1.00,1.00
2017.06.08 22:38:13.094,0.69666,0.69691,1.00,1.00
2017.06.08 22:38:14.388,0.69665,0.69691,1.00,1.00
2017.06.08 22:38:15.381,0.69666,0.69689,1.00,1.00
2017.06.08 22:38:15.669,0.69667,0.69692,1.00,1.00
2017.06.08 22:38:16.966,0.69666,0.69691,1.00,1.12
2017.06.08 22:38:17.481,0.69667,0.69692,1.00,1.37
2017.06.08 22:38:18.553,0.69665,0.6969,1.00,1.12
2017.06.08 22:38:20.977,0.69666,0.69691,1.00,1.37
2017.06.08 22:38:21.735,0.69666,0.69691,1.00,1.12
2017.06.08 22:38:22.392,0.69665,0.6969,1.00,1.00
2017.06.08 22:38:25.418,0.69665,0.69688,1.00,1.00
2017.06.08 22:38:30.865,0.69664,0.6969,1.00,1.00
2017.06.08 22:38:31.769,0.69664,0.69689,1.00,1.00
2017.06.08 22:38:32.313,0.69664,0.69689,1.00,1.37
2017.06.08 22:38:32.821,0.69663,0.69689,1.00,1.37
2017.06.08 22:38:37.963,0.69664,0.69689,1.00,1.37
2017.06.08 22:38:38.457,0.69665,0.6969,1.00,1.00
2017.06.08 22:38:39.520,0.69665,0.69688,1.00,1.00
2017.06.08 22:38:40.476,0.69666,0.69689,1.00,1.00
2017.06.08 22:38:43.225,0.69666,0.69691,1.00,1.12
2017.06.08 22:38:43.428,0.69668,0.69691,1.00,1.12
2017.06.08 22:38:44.059,0.69667,0.6969,1.00,1.00
2017.06.08 22:38:44.613,0.69665,0.6969,1.00,1.37
2017.06.08 22:38:45.185,0.69664,0.6969,1.00,1.37
2017.06.08 22:38:45.691,0.69665,0.69688,1.00,1.12
2017.06.08 22:38:46.138,0.69663,0.69688,1.00,1.12
2017.06.08 22:38:46.189,0.69666,0.69691,1.12,1.37
2017.06.08 22:38:46.492,0.69665,0.69688,1.00,1.00
2017.06.08 22:38:47.992,0.69666,0.69689,1.00,1.00
2017.06.08 22:38:48.043,0.69665,0.69691,1.00,1.12
2017.06.08 22:38:48.093,0.69667,0.6969,1.00,1.00
2017.06.08 22:38:48.541,0.69669,0.69694,1.00,1.00
2017.06.08 22:38:48.592,0.69671,0.69695,1.00,1.12
2017.06.08 22:38:49.548,0.6967,0.69695,1.00,1.12
2017.06.08 22:38:50.961,0.69671,0.69696,1.00,1.12
2017.06.08 22:38:53.595,0.6967,0.69695,1.00,1.00
2017.06.08 22:38:53.696,0.69668,0.69694,1.00,1.12
2017.06.08 22:38:53.747,0.69668,0.69691,1.00,1.00
2017.06.08 22:38:55.031,0.69666,0.69691,1.00,1.00
2017.06.08 22:38:57.801,0.69667,0.69692,1.00,1.12
2017.06.08 22:38:58.436,0.69668,0.69693,1.00,1.00
2017.06.08 22:38:59.471,0.69668,0.69692,1.00,1.00
2017.06.08 22:39:00.304,0.69669,0.69693,1.00,1.00
2017.06.08 22:39:02.013,0.69668,0.69691,1.00,1.00
2017.06.08 22:39:04.020,0.69666,0.69691,1.00,1.12
2017.06.08 22:39:04.524,0.69667,0.69692,1.00,1.00
2017.06.08 22:39:05.239,0.69667,0.69692,1.00,1.37
2017.06.08 22:39:07.826,0.69667,0.69692,1.00,1.12
2017.06.08 22:39:11.256,0.69668,0.69693,1.00,1.37
2017.06.08 22:39:15.905,0.69669,0.69695,1.00,1.00
2017.06.08 22:39:16.006,0.69671,0.69694,1.00,1.00
2017.06.08 22:39:16.108,0.69671,0.69696,1.00,1.12
2017.06.08 22:39:16.613,0.69672,0.69697,1.00,1.00
2017.06.08 22:39:18.187,0.69671,0.69697,1.00,1.00
2017.06.08 22:39:18.352,0.69673,0.69697,1.00,1.00
2017.06.08 22:39:18.403,0.69674,0.69699,1.00,1.12
2017.06.08 22:39:19.325,0.69673,0.69699,1.00,1.12
2017.06.08 22:39:23.953,0.69674,0.69697,1.00,1.00
2017.06.08 22:39:25.972,0.69673,0.69699,1.00,1.00
2017.06.08 22:39:26.852,0.69674,0.697,1.00,1.00
2017.06.08 22:39:29.532,0.69675,0.697,1.00,1.00
2017.06.08 22:39:34.013,0.69677,0.697,1.00,1.00
2017.06.08 22:39:34.676,0.69676,0.69699,1.00,1.00
2017.06.08 22:39:40.720,0.69675,0.69701,1.00,1.87
2017.06.08 22:39:44.560,0.69674,0.697,1.00,1.12
2017.06.08 22:39:56.017,0.69674,0.69699,1.00,1.00
2017.06.08 22:40:04.283,0.69673,0.69698,1.00,1.00
2017.06.08 22:40:05.324,0.69673,0.69696,1.00,1.00
2017.06.08 22:40:06.360,0.69673,0.69698,1.00,1.00
2017.06.08 22:40:06.901,0.69674,0.69699,1.00,1.00
2017.06.08 22:40:07.510,0.69674,0.697,1.00,1.87
2017.06.08 22:40:08.023,0.69674,0.697,1.00,1.37
2017.06.08 22:40:08.559,0.69676,0.69699,1.00,1.12
2017.06.08 22:40:10.269,0.69674,0.69699,1.00,1.12
2017.06.08 22:40:11.269,0.69675,0.69699,1.00,1.12
2017.06.08 22:40:16.595,0.69675,0.69699,1.00,1.37
2017.06.08 22:40:20.097,0.69675,0.69699,1.00,1.12
2017.06.08 22:40:20.670,0.69675,0.69698,1.00,1.00
2017.06.08 22:40:26.100,0.69674,0.69697,1.00,1.00
2017.06.08 22:40:30.187,0.69674,0.69699,1.00,1.00
2017.06.08 22:40:30.692,0.69675,0.697,1.00,1.12
2017.06.08 22:40:35.083,0.69676,0.69701,1.00,1.00
2017.06.08 22:40:39.107,0.69677,0.69701,1.00,1.00
2017.06.08 22:40:49.204,0.69678,0.69702,1.00,1.00
2017.06.08 22:40:49.395,0.6968,0.69703,1.00,1.00
2017.06.08 22:40:49.922,0.69681,0.69706,1.00,1.37
2017.06.08 22:40:50.512,0.6968,0.69705,1.00,1.37
2017.06.08 22:40:59.838,0.69681,0.69706,1.00,1.37
2017.06.08 22:41:02.990,0.6968,0.69705,1.00,1.37
2017.06.08 22:41:09.951,0.69679,0.69704,1.00,1.12
2017.06.08 22:41:13.499,0.6968,0.69705,1.00,1.37
2017.06.08 22:41:15.205,0.69682,0.69708,1.00,1.37
2017.06.08 22:41:15.256,0.69682,0.69708,1.00,1.00
2017.06.08 22:41:16.405,0.69683,0.69706,1.00,1.00
2017.06.08 22:41:20.655,0.69682,0.69708,1.00,1.12
2017.06.08 22:41:21.657,0.69682,0.69707,1.00,1.00
2017.06.08 22:41:22.658,0.69683,0.69707,1.00,1.00
2017.06.08 22:41:23.660,0.69683,0.69706,1.00,1.00
2017.06.08 22:41:24.623,0.69683,0.69708,1.00,1.00
2017.06.08 22:41:26.201,0.69685,0.69708,1.00,1.00
2017.06.08 22:41:39.228,0.69684,0.69708,1.00,1.00
2017.06.08 22:41:41.231,0.69684,0.69709,1.00,1.12
2017.06.08 22:41:44.557,0.69683,0.69708,1.00,1.00
2017.06.08 22:41:46.492,0.69682,0.69708,1.00,1.00
2017.06.08 22:41:59.835,0.69684,0.69707,1.00,1.00
2017.06.08 22:42:09.312,0.69684,0.69709,1.00,1.12
2017.06.08 22:42:24.940,0.69685,0.69709,1.00,1.00
2017.06.08 22:42:26.321,0.69685,0.6971,1.00,1.00
2017.06.08 22:43:26.389,0.69679,0.69716,1.00,1.37
2017.06.08 22:43:27.701,0.69685,0.6971,1.00,1.00
2017.06.08 22:43:28.752,0.69685,0.69709,1.00,1.00
2017.06.08 22:43:39.467,0.69685,0.6971,1.00,1.00
2017.06.08 22:44:01.855,0.69686,0.69711,1.00,1.00
2017.06.08 22:44:02.388,0.69686,0.69709,1.00,1.00
2017.06.08 22:44:11.675,0.69685,0.69708,1.00,1.00
2017.06.08 22:44:11.827,0.69685,0.6971,1.00,1.00
2017.06.08 22:44:15.105,0.69684,0.6971,1.00,1.00
2017.06.08 22:44:15.781,0.69685,0.6971,1.00,1.00
2017.06.08 22:44:15.933,0.69687,0.69712,1.00,1.00
2017.06.08 22:44:22.795,0.69688,0.69713,1.00,1.00
2017.06.08 22:44:23.098,0.6969,0.69713,1.00,1.00
2017.06.08 22:44:23.150,0.6969,0.69715,1.00,1.00
2017.06.08 22:44:24.602,0.6969,0.69716,1.00,1.00
2017.06.08 22:44:26.323,0.69692,0.69715,1.00,1.00
2017.06.08 22:44:27.323,0.69691,0.69715,1.00,1.00
2017.06.08 22:44:29.393,0.6969,0.69714,1.00,1.00
2017.06.08 22:44:30.393,0.6969,0.69715,1.00,1.00
2017.06.08 22:44:30.938,0.6969,0.69716,1.00,1.00
2017.06.08 22:44:31.940,0.6969,0.69715,1.00,1.00
2017.06.08 22:44:56.621,0.69692,0.69715,1.00,1.00
2017.06.08 22:44:57.424,0.69692,0.69716,1.00,1.00
2017.06.08 22:44:58.459,0.69691,0.69716,1.00,1.00
2017.06.08 22:45:02.625,0.6969,0.69715,1.00,1.00
2017.06.08 22:45:12.990,0.69692,0.69718,1.00,1.12
2017.06.08 22:45:13.091,0.69695,0.69718,1.00,1.12
2017.06.08 22:45:37.499,0.69692,0.69717,1.00,1.00
2017.06.08 22:45:38.110,0.69693,0.69718,1.00,1.37
2017.06.08 22:45:44.121,0.69694,0.69719,1.00,1.37
2017.06.08 22:45:44.719,0.69693,0.69718,1.00,1.12
2017.06.08 22:45:46.183,0.69695,0.69718,1.00,1.12
2017.06.08 22:45:52.429,0.69693,0.69718,1.00,1.12
2017.06.08 22:45:53.872,0.69693,0.69719,1.00,1.00
2017.06.08 22:45:54.647,0.69694,0.69719,1.00,1.00
2017.06.08 22:45:55.306,0.69693,0.69719,1.00,1.00
2017.06.08 22:45:55.407,0.69695,0.69718,1.00,1.00
2017.06.08 22:45:55.925,0.69694,0.69718,1.00,1.00
2017.06.08 22:45:56.526,0.69694,0.69719,1.00,1.00
2017.06.08 22:45:57.200,0.69693,0.69718,1.00,1.00
2017.06.08 22:45:57.736,0.69694,0.69719,1.00,1.00
2017.06.08 22:45:58.242,0.69694,0.69718,1.00,1.00
2017.06.08 22:45:58.941,0.69696,0.69721,1.00,1.00
2017.06.08 22:45:59.319,0.69698,0.69721,1.00,1.00
2017.06.08 22:46:09.197,0.697,0.69722,1.00,1.00
2017.06.08 22:46:09.712,0.69699,0.69722,1.00,1.00
2017.06.08 22:46:10.372,0.69699,0.69721,1.00,1.00
2017.06.08 22:46:11.749,0.69701,0.69721,1.00,1.00
2017.06.08 22:46:11.851,0.69699,0.69721,1.00,1.00
2017.06.08 22:46:12.115,0.69701,0.69722,1.00,1.00
2017.06.08 22:46:12.681,0.69701,0.69721,1.00,1.00
2017.06.08 22:46:14.338,0.69699,0.69721,1.00,1.00
2017.06.08 22:46:15.383,0.697,0.69722,1.00,1.00
2017.06.08 22:46:15.643,0.69703,0.69723,1.00,1.00
2017.06.08 22:46:16.190,0.69702,0.69723,1.00,1.00
2017.06.08 22:46:16.813,0.69704,0.69723,1.00,1.00
2017.06.08 22:46:17.317,0.69704,0.69724,1.00,1.00
2017.06.08 22:46:17.368,0.69702,0.69724,1.00,1.00
2017.06.08 22:46:17.979,0.69703,0.69724,1.00,1.00
2017.06.08 22:46:20.178,0.69703,0.69725,1.00,1.00
2017.06.08 22:46:25.946,0.69702,0.69724,1.00,1.00
2017.06.08 22:46:26.222,0.69704,0.69725,1.00,1.00
2017.06.08 22:46:26.475,0.69702,0.69725,1.00,1.00
2017.06.08 22:46:28.580,0.69703,0.69725,1.00,1.00
2017.06.08 22:46:28.682,0.69699,0.69721,1.00,1.00
2017.06.08 22:46:29.172,0.69696,0.69719,1.00,1.00
2017.06.08 22:46:29.324,0.69694,0.69718,1.00,1.00
2017.06.08 22:46:29.648,0.69696,0.69718,1.00,1.00
2017.06.08 22:46:30.132,0.69697,0.6972,1.00,1.00
2017.06.08 22:46:30.334,0.69698,0.69722,1.00,1.00
2017.06.08 22:46:30.385,0.69698,0.69722,1.37,1.00
2017.06.08 22:46:30.896,0.69698,0.69721,1.12,1.00
2017.06.08 22:46:31.262,0.69696,0.69717,1.00,1.00
2017.06.08 22:46:31.738,0.69698,0.69718,1.00,1.00
2017.06.08 22:46:32.268,0.69699,0.69719,1.00,1.00
2017.06.08 22:46:32.319,0.69699,0.69721,1.00,1.00
2017.06.08 22:46:32.654,0.69701,0.69723,1.00,1.00
2017.06.08 22:46:32.757,0.69701,0.69725,1.00,1.00
2017.06.08 22:46:32.909,0.69703,0.69725,1.00,1.00
2017.06.08 22:46:32.961,0.69701,0.69725,1.00,1.00
2017.06.08 22:46:33.579,0.69701,0.69724,1.00,1.00
2017.06.08 22:46:34.496,0.69702,0.69724,1.00,1.00
2017.06.08 22:46:35.084,0.69702,0.69723,1.00,1.00
2017.06.08 22:46:35.591,0.69701,0.69724,1.00,1.00
2017.06.08 22:46:38.027,0.69706,0.69726,1.00,1.00
2017.06.08 22:46:38.179,0.69704,0.69726,1.00,1.00
2017.06.08 22:46:38.971,0.69705,0.69725,1.00,1.00
2017.06.08 22:46:40.424,0.69702,0.69725,1.00,1.00
2017.06.08 22:46:40.850,0.697,0.69722,1.00,1.00
2017.06.08 22:46:41.435,0.69699,0.69724,1.50,1.12
2017.06.08 22:46:41.486,0.69701,0.69724,1.00,1.12
2017.06.08 22:46:42.179,0.69702,0.69724,1.00,1.12
2017.06.08 22:46:42.552,0.69701,0.69722,1.00,1.37
2017.06.08 22:46:43.085,0.697,0.69722,1.00,1.37
2017.06.08 22:46:43.136,0.69698,0.69722,1.00,1.37
2017.06.08 22:46:44.144,0.697,0.69721,1.00,1.00
2017.06.08 22:46:44.194,0.69698,0.6972,1.00,1.00
2017.06.08 22:46:45.464,0.69698,0.69719,1.00,1.00
2017.06.08 22:46:46.235,0.69697,0.69719,1.00,1.00
2017.06.08 22:46:46.747,0.69695,0.6972,1.00,1.00
2017.06.08 22:46:46.798,0.69693,0.69719,1.00,1.00
2017.06.08 22:46:47.175,0.69696,0.6972,1.00,1.00
2017.06.08 22:46:47.499,0.69695,0.69718,1.00,1.00
2017.06.08 22:46:48.317,0.69697,0.69721,1.00,1.12
2017.06.08 22:46:50.439,0.69698,0.69722,1.00,1.12
2017.06.08 22:46:52.820,0.69698,0.69722,1.00,1.37
2017.06.08 22:46:55.283,0.69697,0.6972,1.00,1.00
2017.06.08 22:46:56.150,0.69698,0.69721,1.00,1.12
2017.06.08 22:46:56.201,0.69695,0.69719,1.00,1.00
2017.06.08 22:46:56.302,0.69691,0.69715,1.00,1.00
2017.06.08 22:46:56.612,0.69696,0.69719,1.00,1.50
2017.06.08 22:46:56.978,0.69693,0.69716,1.00,1.00
2017.06.08 22:46:57.986,0.69693,0.69717,1.00,1.00
2017.06.08 22:47:00.036,0.69693,0.69716,1.00,1.00
2017.06.08 22:47:01.011,0.69691,0.69715,1.00,1.00
2017.06.08 22:47:01.113,0.6969,0.69713,1.00,1.00
2017.06.08 22:47:02.349,0.69689,0.69713,1.00,1.00
2017.06.08 22:47:04.299,0.6969,0.69713,1.00,1.00
2017.06.08 22:47:04.614,0.6969,0.69711,1.00,1.00
2017.06.08 22:47:05.320,0.69689,0.69711,1.00,1.00
2017.06.08 22:47:07.140,0.69689,0.69713,1.00,1.12
2017.06.08 22:47:07.870,0.6969,0.69713,1.00,1.12
2017.06.08 22:47:08.882,0.69689,0.69712,1.00,1.00
2017.06.08 22:47:09.121,0.69691,0.69712,1.00,1.00
2017.06.08 22:47:10.080,0.69689,0.69713,1.00,1.37
2017.06.08 22:47:14.618,0.69687,0.69711,1.00,1.00
2017.06.08 22:47:15.158,0.69688,0.69712,1.00,1.12
2017.06.08 22:47:16.108,0.69688,0.69711,1.00,1.00
2017.06.08 22:47:16.895,0.69688,0.6971,1.00,1.00
2017.06.08 22:47:17.309,0.69685,0.69709,1.00,1.00
2017.06.08 22:47:17.550,0.69686,0.69707,1.00,1.00
2017.06.08 22:47:17.752,0.69683,0.69706,1.00,1.00
2017.06.08 22:47:17.978,0.69685,0.69708,1.00,1.00
2017.06.08 22:47:19.033,0.69685,0.69707,1.00,1.00
2017.06.08 22:47:19.896,0.69686,0.69707,1.00,1.00
2017.06.08 22:47:20.409,0.69685,0.69706,1.00,1.00
2017.06.08 22:47:20.789,0.69686,0.69709,1.00,1.00
2017.06.08 22:47:20.941,0.69689,0.69712,1.00,1.50
2017.06.08 22:47:21.042,0.69689,0.69712,1.00,1.12
2017.06.08 22:47:21.103,0.69687,0.69711,1.00,1.00
2017.06.08 22:47:21.641,0.69686,0.6971,1.00,1.12
2017.06.08 22:47:22.191,0.69687,0.69711,1.00,1.12
2017.06.08 22:47:22.801,0.69686,0.6971,1.00,1.00
2017.06.08 22:47:23.369,0.69685,0.69709,1.00,1.00
2017.06.08 22:47:26.820,0.69685,0.69709,1.00,1.37
2017.06.08 22:47:27.421,0.69685,0.69709,1.00,1.00
2017.06.08 22:47:28.080,0.69685,0.69708,1.00,1.00
2017.06.08 22:47:30.540,0.69684,0.69708,1.00,1.12
2017.06.08 22:47:31.493,0.69685,0.69708,1.00,1.12
2017.06.08 22:47:37.455,0.69684,0.69708,1.00,1.37
2017.06.08 22:47:37.595,0.69688,0.69709,1.00,1.00
2017.06.08 22:47:38.395,0.69687,0.69709,1.00,1.00
2017.06.08 22:47:41.701,0.69687,0.69711,1.00,1.00
2017.06.08 22:47:42.356,0.69686,0.6971,1.00,1.00
2017.06.08 22:47:43.016,0.69686,0.69709,1.00,1.00
2017.06.08 22:48:01.391,0.69686,0.6971,1.00,1.00
2017.06.08 22:48:01.695,0.69689,0.69712,1.00,1.00
2017.06.08 22:48:01.746,0.6969,0.69714,1.00,1.00
2017.06.08 22:48:01.797,0.69692,0.69714,1.00,1.00
2017.06.08 22:48:02.735,0.6969,0.69713,1.00,1.00
2017.06.08 22:48:03.272,0.6969,0.69714,1.00,1.00
2017.06.08 22:48:03.757,0.6969,0.69712,1.00,1.00
2017.06.08 22:48:04.024,0.6969,0.69714,1.00,1.00
2017.06.08 22:48:04.797,0.69691,0.69715,1.00,1.00
2017.06.08 22:48:06.144,0.69693,0.69714,1.00,1.00
2017.06.08 22:48:09.580,0.69693,0.69717,1.00,1.00
2017.06.08 22:48:12.006,0.69693,0.69715,1.00,1.00
2017.06.08 22:48:23.032,0.69693,0.69717,1.50,1.00
2017.06.08 22:48:23.083,0.69696,0.69717,1.50,1.00
2017.06.08 22:48:23.416,0.69694,0.69716,1.00,1.00
2017.06.08 22:48:23.771,0.69695,0.69718,1.00,1.00
2017.06.08 22:48:23.923,0.69698,0.69722,1.50,1.37
2017.06.08 22:48:23.975,0.697,0.69722,1.00,1.12
2017.06.08 22:48:24.076,0.69699,0.6972,1.00,1.00
2017.06.08 22:48:24.372,0.697,0.69722,1.00,1.00
2017.06.08 22:48:25.070,0.697,0.69723,1.00,1.00
2017.06.08 22:48:25.998,0.69701,0.69724,1.00,1.12
2017.06.08 22:48:26.610,0.697,0.69724,1.00,1.12
2017.06.08 22:48:26.988,0.69702,0.69723,1.00,1.00
2017.06.08 22:48:27.980,0.69701,0.69723,1.00,1.00
2017.06.08 22:48:47.136,0.69699,0.69723,1.00,1.00
2017.06.08 22:48:50.286,0.69702,0.69725,1.00,1.12
2017.06.08 22:48:50.852,0.69703,0.69726,1.00,1.00
2017.06.08 22:48:51.382,0.69702,0.69725,1.00,1.00
2017.06.08 22:48:52.349,0.69704,0.69726,1.00,1.00
2017.06.08 22:48:52.653,0.69703,0.69724,1.00,1.00
2017.06.08 22:48:53.213,0.69703,0.69724,1.00,1.37
2017.06.08 22:48:53.397,0.69702,0.69726,1.00,1.37
2017.06.08 22:48:53.499,0.69702,0.69726,1.00,1.00
2017.06.08 22:48:54.145,0.69703,0.69724,1.00,1.00
2017.06.08 22:48:54.481,0.69703,0.69724,1.00,1.37
2017.06.08 22:48:55.998,0.69704,0.69725,1.00,1.37
2017.06.08 22:48:56.100,0.69703,0.69727,1.00,1.37
2017.06.08 22:48:56.304,0.69707,0.69729,1.00,1.37
2017.06.08 22:48:56.609,0.69709,0.69732,1.00,1.37
2017.06.08 22:48:56.746,0.69711,0.69735,1.00,1.37
2017.06.08 22:48:57.663,0.69712,0.69736,1.00,1.00
2017.06.08 22:48:57.764,0.69714,0.69737,1.00,1.00
2017.06.08 22:48:58.302,0.69713,0.69736,1.00,1.00
2017.06.08 22:48:58.863,0.69713,0.69735,1.00,1.00
2017.06.08 22:49:01.657,0.69713,0.69737,1.00,1.00
2017.06.08 22:49:05.342,0.69714,0.69738,1.00,1.00
2017.06.08 22:49:08.823,0.69715,0.69736,1.00,1.00
2017.06.08 22:49:10.176,0.69714,0.69736,1.00,1.00
2017.06.08 22:49:11.331,0.69712,0.69735,1.00,1.00
2017.06.08 22:49:11.382,0.69713,0.69737,1.00,1.00
2017.06.08 22:49:13.011,0.69715,0.69737,1.00,1.00
2017.06.08 22:49:13.987,0.69714,0.69737,1.00,1.00
2017.06.08 22:49:14.412,0.69716,0.69739,1.00,1.37
2017.06.08 22:49:15.011,0.69715,0.69738,1.00,1.37
2017.06.08 22:49:15.560,0.69715,0.69737,1.00,1.00
2017.06.08 22:49:16.119,0.69715,0.69738,1.00,1.00
2017.06.08 22:49:16.489,0.69715,0.69736,1.00,1.00
2017.06.08 22:49:16.703,0.69714,0.69738,1.00,1.00
2017.06.08 22:49:18.180,0.69716,0.69738,1.00,1.00
2017.06.08 22:49:19.567,0.69714,0.69738,1.00,1.00
2017.06.08 22:49:20.581,0.69715,0.69739,1.00,1.12
2017.06.08 22:49:22.074,0.69713,0.69736,1.00,1.00
2017.06.08 22:49:22.226,0.69711,0.69735,1.00,1.00
2017.06.08 22:49:22.744,0.69711,0.69733,1.00,1.00
2017.06.08 22:49:23.278,0.69711,0.69735,1.00,1.37
2017.06.08 22:49:24.041,0.6971,0.69734,1.00,1.00
2017.06.08 22:49:25.044,0.69711,0.69735,1.00,1.12
2017.06.08 22:49:28.108,0.69711,0.69734,1.00,1.00
2017.06.08 22:49:29.478,0.69712,0.69732,1.00,1.00
2017.06.08 22:49:31.735,0.69711,0.69732,1.00,1.00
2017.06.08 22:49:47.597,0.69711,0.69734,1.00,1.37
2017.06.08 22:49:48.201,0.69711,0.69734,1.00,1.12
2017.06.08 22:49:52.374,0.69712,0.69735,1.00,1.37
2017.06.08 22:49:55.142,0.69715,0.69736,1.00,1.37
2017.06.08 22:49:55.243,0.69715,0.69738,1.00,1.37
2017.06.08 22:49:56.203,0.69716,0.69739,1.00,1.37
2017.06.08 22:49:58.786,0.69715,0.69738,1.00,1.37
2017.06.08 22:50:00.286,0.69718,0.69738,1.00,1.37
2017.06.08 22:50:00.388,0.69716,0.69739,1.00,1.00
2017.06.08 22:50:00.833,0.69716,0.69739,1.00,1.37
2017.06.08 22:50:01.342,0.69715,0.69737,1.00,1.12
2017.06.08 22:50:01.872,0.69714,0.69737,1.00,1.12
2017.06.08 22:50:03.887,0.69713,0.69736,1.00,1.37
2017.06.08 22:50:04.216,0.6971,0.69732,1.00,1.37
2017.06.08 22:50:04.850,0.69706,0.69728,1.00,1.12
2017.06.08 22:50:04.951,0.69708,0.69729,1.00,1.37
2017.06.08 22:50:05.105,0.69709,0.6973,1.00,1.00
2017.06.08 22:50:05.922,0.69709,0.69731,1.00,1.12
2017.06.08 22:50:14.322,0.69709,0.69731,1.00,1.37
2017.06.08 22:50:17.874,0.69709,0.69732,1.00,1.37
2017.06.08 22:50:17.975,0.69711,0.69734,1.00,1.37
2017.06.08 22:50:18.026,0.69711,0.69734,1.00,1.37
2017.06.08 22:50:18.426,0.69711,0.69731,1.00,1.00
2017.06.08 22:50:19.195,0.69709,0.69732,1.00,1.00
2017.06.08 22:50:57.338,0.6971,0.69733,1.00,1.00
2017.06.08 22:51:00.912,0.69709,0.69732,1.00,1.00
2017.06.08 22:51:01.242,0.69712,0.69732,1.00,1.00
2017.06.08 22:51:01.629,0.6971,0.69733,1.00,1.37
2017.06.08 22:51:02.615,0.6971,0.69732,1.00,1.37
2017.06.08 22:51:03.162,0.69711,0.69734,1.00,1.37
2017.06.08 22:51:03.831,0.6971,0.69733,1.00,1.12
2017.06.08 22:51:04.493,0.69709,0.69732,1.00,1.12
2017.06.08 22:51:05.146,0.6971,0.69732,1.00,1.12
2017.06.08 22:51:06.186,0.69709,0.69732,1.00,1.12
2017.06.08 22:51:09.133,0.6971,0.69733,1.00,1.37
2017.06.08 22:51:13.584,0.69713,0.69734,1.00,1.37
2017.06.08 22:51:13.635,0.69711,0.69734,1.00,1.12
2017.06.08 22:51:14.198,0.69713,0.69734,1.00,1.00
2017.06.08 22:51:16.694,0.6971,0.69735,1.00,1.12
2017.06.08 22:51:17.452,0.69711,0.69736,1.00,1.37
2017.06.08 22:51:36.700,0.69712,0.69735,1.00,1.12
2017.06.08 22:51:41.736,0.69712,0.69734,1.00,1.00
2017.06.08 22:51:41.973,0.6971,0.69733,1.00,1.37
2017.06.08 22:51:42.024,0.69708,0.69731,1.00,1.12
2017.06.08 22:51:44.200,0.69707,0.69731,1.00,1.00
2017.06.08 22:51:45.800,0.69709,0.69731,1.00,1.00
2017.06.08 22:51:46.469,0.69707,0.69731,1.00,1.00
2017.06.08 22:51:48.037,0.69707,0.69732,1.00,1.00
2017.06.08 22:51:49.321,0.69707,0.6973,1.50,1.00
2017.06.08 22:51:57.458,0.69707,0.69729,1.00,1.00
2017.06.08 22:52:17.008,0.69708,0.69729,1.00,1.00
2017.06.08 22:52:21.758,0.69708,0.69731,1.00,1.37
2017.06.08 22:52:21.951,0.69703,0.69726,1.00,1.00
2017.06.08 22:52:22.002,0.69703,0.69724,1.00,1.00
2017.06.08 22:52:22.616,0.69702,0.69724,1.00,1.12
2017.06.08 22:52:25.165,0.69702,0.69725,1.00,1.12
2017.06.08 22:52:25.676,0.69701,0.69725,1.00,1.12
2017.06.08 22:52:26.246,0.69702,0.69725,1.00,1.00
2017.06.08 22:52:45.202,0.69704,0.69725,1.00,1.00
2017.06.08 22:52:45.469,0.69701,0.69725,1.00,1.00
2017.06.08 22:52:45.570,0.69701,0.69723,1.00,1.00
2017.06.08 22:52:46.073,0.69702,0.69723,1.00,1.00
2017.06.08 22:52:48.615,0.69702,0.69724,1.00,1.12
2017.06.08 22:52:48.919,0.69704,0.69726,1.00,1.00
2017.06.08 22:52:49.597,0.69705,0.69727,1.00,1.12
2017.06.08 22:52:49.806,0.69703,0.69727,1.00,1.12
2017.06.08 22:52:51.962,0.69703,0.69726,1.00,1.00
2017.06.08 22:52:52.474,0.69702,0.69724,1.00,1.00
2017.06.08 22:52:52.971,0.69703,0.69726,1.00,1.00
2017.06.08 22:52:53.096,0.69705,0.6973,1.00,1.37
2017.06.08 22:52:53.198,0.69706,0.69731,1.50,1.12
2017.06.08 22:52:53.351,0.69706,0.69731,1.50,1.37
2017.06.08 22:52:53.579,0.69708,0.69732,1.00,1.50
2017.06.08 22:52:53.945,0.69707,0.69731,1.00,1.37
2017.06.08 22:53:01.231,0.69708,0.69733,1.00,1.37
2017.06.08 22:53:01.959,0.6971,0.69733,1.50,1.37
2017.06.08 22:53:02.162,0.69711,0.69734,1.00,1.12
2017.06.08 22:53:05.110,0.69709,0.69732,1.00,1.12
2017.06.08 22:53:16.189,0.6971,0.69734,1.00,1.37
2017.06.08 22:53:16.706,0.6971,0.69732,1.00,1.00
2017.06.08 22:53:17.248,0.6971,0.69734,1.00,1.37
2017.06.08 22:53:18.469,0.6971,0.69732,1.00,1.00
2017.06.08 22:53:19.760,0.6971,0.69734,1.00,1.37
2017.06.08 22:53:20.365,0.6971,0.69732,1.00,1.00
2017.06.08 22:53:24.240,0.69708,0.69732,1.00,1.00
2017.06.08 22:53:24.969,0.69709,0.69732,1.00,1.37
2017.06.08 22:53:26.339,0.69711,0.69734,1.00,1.37
2017.06.08 22:53:26.390,0.69711,0.69734,1.00,1.37
2017.06.08 22:53:26.837,0.69716,0.6974,1.00,1.37
2017.06.08 22:53:27.563,0.69717,0.6974,1.00,1.37
2017.06.08 22:53:33.147,0.69717,0.6974,1.00,1.37
2017.06.08 22:53:39.781,0.69717,0.69738,1.00,1.00
2017.06.08 22:53:40.319,0.69717,0.6974,1.00,1.37
2017.06.08 22:53:44.521,0.69716,0.6974,1.00,1.37
2017.06.08 22:53:44.940,0.69718,0.6974,1.00,1.37
2017.06.08 22:53:49.542,0.69715,0.6974,1.00,1.37
2017.06.08 22:53:53.240,0.69715,0.6974,1.00,1.12
2017.06.08 22:53:55.694,0.69714,0.6974,1.00,1.12
2017.06.08 22:53:57.698,0.69716,0.6974,1.00,1.12
2017.06.08 22:54:00.775,0.69717,0.69741,1.00,1.50
2017.06.08 22:54:01.169,0.6972,0.69741,1.00,1.50
2017.06.08 22:54:01.499,0.6972,0.69741,1.00,1.50
2017.06.08 22:54:03.251,0.69719,0.69742,1.00,1.75
2017.06.08 22:54:03.447,0.69719,0.69741,1.00,1.00
2017.06.08 22:54:04.140,0.69719,0.69742,1.00,1.75
2017.06.08 22:54:24.012,0.6972,0.69742,1.00,1.37
2017.06.08 22:54:31.216,0.6972,0.69743,1.00,1.37
2017.06.08 22:54:31.658,0.69718,0.69741,1.00,1.37
2017.06.08 22:54:32.447,0.69719,0.6974,1.00,1.37
2017.06.08 22:54:40.306,0.69716,0.69739,1.00,1.12
2017.06.08 22:54:40.357,0.69717,0.69737,1.00,1.00
2017.06.08 22:54:40.882,0.69716,0.69737,1.00,1.00
2017.06.08 22:55:01.478,0.69716,0.69738,1.00,1.12
2017.06.08 22:55:01.897,0.69714,0.69736,1.00,1.00
2017.06.08 22:55:02.449,0.69714,0.69737,1.00,1.12
2017.06.08 22:55:02.955,0.69713,0.69737,1.00,1.12
2017.06.08 22:55:03.442,0.69715,0.69738,1.00,1.12
2017.06.08 22:55:03.773,0.6972,0.69739,1.00,1.00
2017.06.08 22:55:03.824,0.69718,0.69741,1.00,1.50
2017.06.08 22:55:03.990,0.6972,0.69743,1.00,1.12
2017.06.08 22:55:04.771,0.69721,0.69744,1.00,1.12
2017.06.08 22:55:04.903,0.69723,0.69744,1.00,1.12
2017.06.08 22:55:05.398,0.69723,0.69746,1.00,1.12
2017.06.08 22:55:12.208,0.69724,0.69746,1.00,1.12
2017.06.08 22:55:15.133,0.69725,0.69746,1.00,1.00
2017.06.08 22:55:17.491,0.69725,0.69746,1.00,1.37
2017.06.08 22:55:18.130,0.69721,0.69746,1.00,1.37
2017.06.08 22:55:18.648,0.6972,0.69745,1.00,1.12
2017.06.08 22:55:20.771,0.69723,0.69746,1.00,1.37
2017.06.08 22:55:21.075,0.69723,0.69748,1.00,1.37
2017.06.08 22:55:26.774,0.69727,0.6975,1.00,1.50
2017.06.08 22:55:27.324,0.69727,0.6975,1.00,1.12
2017.06.08 22:55:29.221,0.69727,0.6975,1.00,1.37
2017.06.08 22:55:30.169,0.69727,0.6975,1.00,1.00
2017.06.08 22:55:34.217,0.69726,0.69751,1.00,1.00
2017.06.08 22:55:34.804,0.69726,0.6975,1.00,1.00
2017.06.08 22:55:41.067,0.69726,0.69749,1.00,1.00
2017.06.08 22:55:41.819,0.69725,0.69749,1.12,1.12
2017.06.08 22:55:42.331,0.69724,0.69749,1.00,1.87
2017.06.08 22:55:43.597,0.69721,0.69746,1.37,1.50
2017.06.08 22:55:43.983,0.69717,0.6974,1.00,1.00
2017.06.08 22:55:44.821,0.69717,0.69738,1.00,1.00
2017.06.08 22:55:45.087,0.69715,0.69737,1.00,1.00
2017.06.08 22:55:46.070,0.69716,0.69737,1.00,1.00
2017.06.08 22:55:48.126,0.69715,0.69737,1.00,1.00
2017.06.08 22:55:48.642,0.69714,0.69737,1.00,1.00
2017.06.08 22:55:49.946,0.69714,0.69735,1.00,1.00
2017.06.08 22:55:49.997,0.69711,0.69733,1.00,1.00
2017.06.08 22:55:50.533,0.6971,0.69732,1.00,1.00
2017.06.08 22:55:57.951,0.6971,0.69731,1.00,1.00
2017.06.08 22:55:59.508,0.69709,0.69731,1.00,1.00
2017.06.08 22:56:04.960,0.69708,0.69731,1.00,1.00
2017.06.08 22:56:05.899,0.69708,0.69733,1.00,1.00
2017.06.08 22:56:06.000,0.69706,0.69731,1.00,1.00
2017.06.08 22:56:06.346,0.69706,0.69729,1.00,1.00
2017.06.08 22:56:06.559,0.69704,0.69729,1.00,1.00
2017.06.08 22:56:07.219,0.69705,0.6973,1.00,1.00
2017.06.08 22:56:07.828,0.69706,0.6973,1.00,1.00
2017.06.08 22:56:08.447,0.69709,0.69734,1.00,1.87
2017.06.08 22:56:08.599,0.6971,0.69735,1.00,1.12
2017.06.08 22:56:09.447,0.6971,0.69733,1.00,1.00
2017.06.08 22:56:13.229,0.69708,0.69733,1.00,1.00
2017.06.08 22:56:13.331,0.69706,0.69732,1.00,1.00
2017.06.08 22:56:14.095,0.69706,0.69732,1.00,1.37
2017.06.08 22:56:14.758,0.69707,0.69733,1.00,1.87
2017.06.08 22:56:15.418,0.69708,0.69733,1.00,1.87
2017.06.08 22:56:16.545,0.69707,0.69732,1.00,1.37
2017.06.08 22:56:17.119,0.6971,0.69733,1.00,1.37
2017.06.08 22:56:17.220,0.6971,0.69733,1.00,1.12
2017.06.08 22:56:17.634,0.69708,0.69733,1.00,1.12
2017.06.08 22:56:19.620,0.69709,0.69734,1.00,1.37
2017.06.08 22:56:20.171,0.6971,0.69735,1.00,1.75
2017.06.08 22:56:20.701,0.6971,0.69735,1.00,2.25
2017.06.08 22:56:28.013,0.69709,0.69734,1.00,1.12
2017.06.08 22:56:28.751,0.69708,0.69731,1.00,1.00
2017.06.08 22:56:28.852,0.69708,0.69733,1.00,1.12
2017.06.08 22:56:30.707,0.6971,0.69733,1.00,1.12
2017.06.08 22:56:31.363,0.69709,0.69733,1.00,1.12
2017.06.08 22:56:35.133,0.69707,0.69733,1.00,1.12
2017.06.08 22:56:38.587,0.69707,0.69731,1.00,1.00
2017.06.08 22:56:39.641,0.69706,0.69731,1.00,1.00
2017.06.08 22:56:40.352,0.69707,0.69732,1.00,1.00
2017.06.08 22:56:41.326,0.69707,0.69733,1.00,1.50
2017.06.08 22:56:42.398,0.69709,0.69735,1.00,2.25
2017.06.08 22:56:42.550,0.6971,0.69736,1.00,2.25
2017.06.08 22:56:42.702,0.69713,0.69736,1.00,1.50
2017.06.08 22:56:43.060,0.69713,0.69738,1.00,1.00
2017.06.08 22:56:43.949,0.69712,0.69738,1.00,1.12
2017.06.08 22:56:44.793,0.69712,0.69738,1.00,1.50
2017.06.08 22:56:45.094,0.69715,0.69738,1.00,1.50
2017.06.08 22:56:45.369,0.69711,0.69736,1.00,1.00
2017.06.08 22:56:45.419,0.69708,0.69732,1.37,1.00
2017.06.08 22:56:45.470,0.69706,0.69732,1.00,1.00
2017.06.08 22:56:46.115,0.69706,0.69729,1.00,1.00
2017.06.08 22:56:46.218,0.69703,0.69728,1.12,1.00
2017.06.08 22:56:46.484,0.69703,0.69726,1.00,1.00
2017.06.08 22:56:46.804,0.69701,0.69726,1.00,1.00
2017.06.08 22:56:47.057,0.69701,0.69726,1.37,1.37
2017.06.08 22:56:47.520,0.69705,0.69727,1.00,1.37
2017.06.08 22:56:47.672,0.69707,0.69731,1.00,1.00
2017.06.08 22:56:48.517,0.69706,0.69731,1.00,1.00
2017.06.08 22:56:49.103,0.69705,0.6973,1.00,1.00
2017.06.08 22:56:49.773,0.69704,0.6973,1.00,1.37
2017.06.08 22:56:51.645,0.69703,0.69728,1.00,1.50
2017.06.08 22:56:51.747,0.69706,0.69729,1.00,1.50
2017.06.08 22:56:51.899,0.69707,0.69732,1.00,1.75
2017.06.08 22:56:52.387,0.69705,0.6973,1.00,1.00
2017.06.08 22:56:55.598,0.69706,0.69732,1.00,1.50
2017.06.08 22:56:58.563,0.69705,0.6973,1.00,1.00
2017.06.08 22:56:59.443,0.69704,0.6973,1.00,1.00
2017.06.08 22:56:59.644,0.69706,0.6973,1.00,1.00
2017.06.08 22:57:00.181,0.69706,0.69732,1.00,1.50
2017.06.08 22:57:00.792,0.69709,0.69732,1.00,1.37
2017.06.08 22:57:00.896,0.69707,0.69732,1.00,1.37
2017.06.08 22:57:14.987,0.69707,0.69732,1.00,1.00
2017.06.08 22:57:18.599,0.69709,0.69732,1.00,1.00
2017.06.08 22:57:18.801,0.69706,0.69731,1.12,1.00
2017.06.08 22:57:19.354,0.69706,0.69731,1.12,1.37
2017.06.08 22:57:20.599,0.69707,0.69727,1.00,1.00
2017.06.08 22:57:21.209,0.69707,0.69726,1.00,1.00
2017.06.08 22:57:22.005,0.69705,0.69725,1.00,1.00
2017.06.08 22:57:22.056,0.69703,0.69725,1.00,1.00
2017.06.08 22:57:22.683,0.69706,0.69727,1.00,1.12
2017.06.08 22:57:22.835,0.69706,0.69729,1.50,1.12
2017.06.08 22:57:23.052,0.69708,0.6973,1.00,1.37
2017.06.08 22:57:23.204,0.69708,0.69731,1.50,1.00
2017.06.08 22:57:24.232,0.69708,0.69733,1.50,1.00
2017.06.08 22:57:24.952,0.69707,0.69728,1.00,1.00
2017.06.08 22:57:25.502,0.69706,0.69728,1.00,1.00
2017.06.08 22:57:26.785,0.69706,0.69729,1.00,1.00
2017.06.08 22:57:27.361,0.69705,0.69729,1.50,1.00
2017.06.08 22:57:27.613,0.69707,0.69732,1.50,1.00
2017.06.08 22:57:28.142,0.69708,0.69733,1.50,1.00
2017.06.08 22:57:28.464,0.69712,0.69734,1.00,1.12
2017.06.08 22:57:28.801,0.69714,0.69735,1.00,1.00
2017.06.08 22:57:29.123,0.69713,0.69733,1.00,1.00
2017.06.08 22:57:29.367,0.69714,0.69735,1.00,1.00
2017.06.08 22:57:29.571,0.69711,0.69733,1.00,1.00
2017.06.08 22:57:29.622,0.69709,0.69732,1.50,1.00
2017.06.08 22:57:29.673,0.69709,0.6973,1.00,1.00
2017.06.08 22:57:30.551,0.69709,0.69732,1.00,1.12
2017.06.08 22:57:34.135,0.69709,0.69731,1.00,1.00
2017.06.08 22:57:35.227,0.69708,0.6973,1.50,1.00
2017.06.08 22:57:36.727,0.69709,0.69732,1.00,1.12
2017.06.08 22:57:36.778,0.69711,0.69732,1.00,1.12
2017.06.08 22:57:36.930,0.69713,0.69735,1.00,1.12
2017.06.08 22:57:37.481,0.69715,0.69735,1.00,1.12
2017.06.08 22:57:38.155,0.69714,0.69735,1.00,1.00
2017.06.08 22:57:39.148,0.69713,0.69735,1.00,1.00
2017.06.08 22:57:44.532,0.69714,0.69736,1.00,1.00
2017.06.08 22:57:45.949,0.69712,0.69735,1.00,1.00
2017.06.08 22:57:46.721,0.69715,0.69735,1.00,1.00
2017.06.08 22:57:47.968,0.69713,0.69735,1.00,1.00
2017.06.08 22:57:48.574,0.69712,0.69734,1.00,1.00
2017.06.08 22:57:49.523,0.69712,0.69735,1.00,1.00
2017.06.08 22:57:50.032,0.69712,0.69736,1.00,1.00
2017.06.08 22:57:50.692,0.69712,0.69735,1.00,1.00
2017.06.08 22:57:56.174,0.69712,0.69736,1.00,1.00
2017.06.08 22:57:58.297,0.69712,0.69735,1.00,1.00
2017.06.08 22:58:00.275,0.69713,0.69735,1.00,1.00
2017.06.08 22:58:00.817,0.69713,0.69736,1.00,1.12
2017.06.08 22:58:01.323,0.69712,0.69735,1.00,1.00
2017.06.08 22:58:01.857,0.69711,0.69735,1.00,1.00
2017.06.08 22:58:02.262,0.69712,0.69732,1.00,1.00
2017.06.08 22:58:05.547,0.69712,0.69734,1.00,1.00
2017.06.08 22:58:05.598,0.69714,0.69735,1.00,1.00
2017.06.08 22:58:06.108,0.69714,0.69737,1.00,1.37
2017.06.08 22:58:07.238,0.69714,0.69737,1.00,1.00
2017.06.08 22:58:08.273,0.69714,0.69737,1.00,1.37
2017.06.08 22:58:13.296,0.69714,0.69735,1.00,1.00
2017.06.08 22:58:14.297,0.69715,0.69735,1.00,1.00
2017.06.08 22:58:15.076,0.69719,0.69742,1.00,1.37
2017.06.08 22:58:15.276,0.69721,0.69742,1.00,1.37
2017.06.08 22:58:15.327,0.69721,0.69742,1.00,1.00
2017.06.08 22:58:15.428,0.69721,0.69744,1.00,1.00
2017.06.08 22:58:16.215,0.69723,0.69744,1.00,1.00
2017.06.08 22:58:17.217,0.69722,0.69744,1.00,1.00
2017.06.08 22:58:17.842,0.69722,0.69745,1.00,1.00
2017.06.08 22:58:18.827,0.69724,0.69744,1.00,1.00
2017.06.08 22:58:20.168,0.69723,0.69746,1.00,1.12
2017.06.08 22:58:21.273,0.69723,0.69744,1.00,1.00
2017.06.08 22:58:22.874,0.69723,0.69746,1.00,1.00
2017.06.08 22:58:23.052,0.69725,0.69745,1.00,1.00
2017.06.08 22:58:25.802,0.69726,0.69747,1.00,1.37
2017.06.08 22:58:27.680,0.69724,0.69747,1.00,1.37
2017.06.08 22:58:28.430,0.69724,0.69747,1.00,1.00
2017.06.08 22:58:33.933,0.69726,0.69747,1.00,1.00
2017.06.08 22:58:36.841,0.69721,0.69743,1.00,1.00
2017.06.08 22:58:37.336,0.69721,0.69743,1.00,1.37
2017.06.08 22:58:37.438,0.69718,0.69741,1.00,1.12
2017.06.08 22:58:39.829,0.69718,0.69741,1.00,1.37
2017.06.08 22:58:40.735,0.69717,0.6974,1.00,1.12
2017.06.08 22:58:47.261,0.69716,0.69736,1.00,1.00
2017.06.08 22:58:49.398,0.69715,0.69738,1.00,1.37
2017.06.08 22:58:52.402,0.69716,0.69736,1.00,1.00
2017.06.08 22:58:53.431,0.69715,0.69738,1.00,1.37
2017.06.08 22:58:55.822,0.69715,0.69738,1.00,1.00
2017.06.08 22:58:56.363,0.69715,0.69737,1.00,1.12
2017.06.08 22:58:57.474,0.69715,0.69738,1.00,1.00
2017.06.08 22:58:58.475,0.69716,0.69738,1.00,1.00
2017.06.08 22:58:59.876,0.6972,0.69742,1.00,1.37
2017.06.08 22:59:00.129,0.69723,0.69744,1.00,1.00
2017.06.08 22:59:00.231,0.69721,0.69743,1.00,1.00
2017.06.08 22:59:00.382,0.69722,0.69745,1.00,1.12
2017.06.08 22:59:01.038,0.69723,0.69746,1.00,1.37
2017.06.08 22:59:01.609,0.69722,0.69745,1.00,1.37
2017.06.08 22:59:02.167,0.69723,0.69745,1.00,1.37
2017.06.08 22:59:04.736,0.69717,0.6974,1.00,1.00
2017.06.08 22:59:04.787,0.69715,0.69738,1.00,1.00
2017.06.08 22:59:05.759,0.69716,0.69736,1.00,1.00
2017.06.08 22:59:06.996,0.69714,0.69737,1.00,1.00
2017.06.08 22:59:07.097,0.69716,0.69737,1.00,1.00
2017.06.08 22:59:09.092,0.69715,0.69737,1.00,1.00
2017.06.08 22:59:09.641,0.69714,0.69737,1.00,1.00
2017.06.08 22:59:16.401,0.69715,0.69738,1.00,1.00
2017.06.08 22:59:16.858,0.69717,0.69737,1.00,1.00
2017.06.08 22:59:25.620,0.69715,0.69738,1.00,1.00
2017.06.08 22:59:26.577,0.69716,0.69739,1.00,1.00
2017.06.08 22:59:28.365,0.69717,0.69737,1.00,1.00
2017.06.08 22:59:28.900,0.69715,0.69738,1.00,1.00
2017.06.08 22:59:29.901,0.69715,0.69737,1.00,1.00
2017.06.08 22:59:31.039,0.69716,0.69738,1.00,1.12
2017.06.08 22:59:32.527,0.69716,0.69737,1.00,1.00
2017.06.08 22:59:35.589,0.69715,0.69737,1.00,1.00
2017.06.08 22:59:38.465,0.69718,0.69741,1.00,1.00
2017.06.08 22:59:38.617,0.69722,0.69743,1.00,1.12
2017.06.08 22:59:39.143,0.69723,0.69745,1.00,1.37
2017.06.08 22:59:41.618,0.69723,0.69746,1.00,1.00
2017.06.08 22:59:43.934,0.69723,0.69745,1.00,1.00
2017.06.08 22:59:44.357,0.69721,0.69742,1.00,1.00
2017.06.08 22:59:44.408,0.69722,0.69744,1.00,1.12
2017.06.08 22:59:44.989,0.69719,0.69742,1.00,1.00
2017.06.08 22:59:45.490,0.69718,0.69741,1.00,1.00
2017.06.08 22:59:49.038,0.6972,0.69742,1.00,1.00
2017.06.08 22:59:52.610,0.6972,0.6974,1.00,1.12
2017.06.08 22:59:52.661,0.69718,0.69741,1.00,1.37
2017.06.08 22:59:53.168,0.69717,0.6974,1.00,1.12
2017.06.08 22:59:53.721,0.69718,0.69738,1.00,1.00
2017.06.08 22:59:54.678,0.69717,0.6974,1.00,1.12
2017.06.08 22:59:56.469,0.6972,0.69743,1.00,1.12
2017.06.08 22:59:57.025,0.69721,0.69744,1.00,1.37
2017.06.08 22:59:57.376,0.69723,0.69745,1.00,1.37
2017.06.08 22:59:58.418,0.69722,0.69745,1.00,1.37
2017.06.08 22:59:59.155,0.69723,0.69745,1.00,1.37
2017.06.08 22:59:59.995,0.69724,0.69745,1.00,1.12
