2017.06.06 08:00:01.359,0.69138,0.69155,1.37,1.00
2017.06.06 08:00:03.549,0.69138,0.69157,1.37,1.37
2017.06.06 08:00:05.069,0.69138,0.69157,1.37,1.12
2017.06.06 08:00:05.372,0.69134,0.69151,1.37,1.00
2017.06.06 08:00:05.423,0.69134,0.69151,1.00,1.50
2017.06.06 08:00:06.072,0.69134,0.69151,1.00,1.87
2017.06.06 08:00:08.576,0.69135,0.69152,1.00,1.87
2017.06.06 08:00:08.678,0.69137,0.69154,1.00,1.50
2017.06.06 08:00:08.728,0.69137,0.69154,1.00,1.50
2017.06.06 08:00:09.607,0.69138,0.69155,1.00,1.87
2017.06.06 08:00:11.125,0.69138,0.69154,1.00,1.12
2017.06.06 08:00:12.726,0.69141,0.69154,1.00,1.12
2017.06.06 08:00:13.869,0.69139,0.69155,1.00,1.87
2017.06.06 08:00:14.605,0.6914,0.69155,1.00,1.87
2017.06.06 08:00:18.840,0.6914,0.69155,1.00,1.87
2017.06.06 08:00:19.143,0.69142,0.69157,1.00,1.87
2017.06.06 08:00:19.716,0.69142,0.69157,1.00,1.50
2017.06.06 08:00:23.710,0.69143,0.69159,1.00,1.50
2017.06.06 08:00:23.811,0.69147,0.6916,1.00,1.00
2017.06.06 08:00:24.066,0.69148,0.69162,1.00,1.00
2017.06.06 08:00:24.765,0.6915,0.69164,1.00,1.50
2017.06.06 08:00:25.287,0.6915,0.69165,1.00,1.50
2017.06.06 08:00:25.893,0.69151,0.69166,1.00,1.50
2017.06.06 08:00:25.945,0.69146,0.69162,1.12,1.00
2017.06.06 08:00:25.997,0.69146,0.6916,1.12,1.00
2017.06.06 08:00:26.301,0.69143,0.69159,1.12,1.87
2017.06.06 08:00:27.105,0.69142,0.69157,1.00,1.12
2017.06.06 08:00:28.075,0.69143,0.69157,1.00,1.87
2017.06.06 08:00:29.384,0.69141,0.69157,1.00,1.87
2017.06.06 08:00:30.553,0.69143,0.69157,1.00,1.12
2017.06.06 08:00:32.335,0.69143,0.69158,1.00,1.12
2017.06.06 08:00:32.844,0.69144,0.69157,1.00,1.00
2017.06.06 08:00:33.467,0.69142,0.69157,1.00,1.00
2017.06.06 08:00:34.052,0.69141,0.69157,1.00,1.00
2017.06.06 08:00:39.281,0.69141,0.69157,1.00,1.37
2017.06.06 08:00:39.814,0.6914,0.69156,1.00,1.12
2017.06.06 08:00:39.916,0.69141,0.69154,1.00,1.00
2017.06.06 08:00:40.219,0.69141,0.69154,1.00,1.37
2017.06.06 08:00:40.414,0.69141,0.69154,1.00,1.00
2017.06.06 08:00:41.164,0.69141,0.69155,1.00,1.12
2017.06.06 08:00:41.812,0.6914,0.69155,1.00,1.12
2017.06.06 08:00:42.718,0.6914,0.69155,1.00,1.50
2017.06.06 08:00:42.819,0.69139,0.69154,1.00,1.37
2017.06.06 08:00:43.133,0.69139,0.69154,1.00,1.12
2017.06.06 08:00:43.750,0.6914,0.69154,1.00,1.12
2017.06.06 08:00:44.421,0.69142,0.69156,1.00,1.37
2017.06.06 08:00:44.927,0.69143,0.69158,1.00,1.37
2017.06.06 08:00:45.477,0.69142,0.69158,1.00,1.00
2017.06.06 08:00:45.729,0.69142,0.69158,1.00,1.72
2017.06.06 08:00:46.504,0.69142,0.69157,1.00,1.50
2017.06.06 08:00:46.807,0.69141,0.69154,1.00,1.37
2017.06.06 08:00:50.126,0.69141,0.69154,1.00,1.12
2017.06.06 08:00:50.502,0.69139,0.69154,1.00,1.37
2017.06.06 08:00:52.835,0.6914,0.69154,1.00,1.12
2017.06.06 08:00:52.937,0.69143,0.69158,1.00,1.75
2017.06.06 08:00:52.988,0.69143,0.69158,1.00,1.50
2017.06.06 08:00:53.710,0.69143,0.69158,1.00,1.00
2017.06.06 08:01:00.023,0.69145,0.69158,1.00,1.00
2017.06.06 08:01:00.075,0.69144,0.6916,1.00,1.87
2017.06.06 08:01:01.031,0.69145,0.69158,1.00,1.00
2017.06.06 08:01:02.033,0.69145,0.6916,1.00,1.12
2017.06.06 08:01:02.382,0.69145,0.69158,1.00,1.00
2017.06.06 08:01:03.035,0.69144,0.69158,1.00,1.00
2017.06.06 08:01:05.912,0.69144,0.69159,1.00,1.00
2017.06.06 08:01:08.205,0.69143,0.69159,1.00,1.87
2017.06.06 08:01:08.773,0.69142,0.69155,1.00,1.00
2017.06.06 08:01:09.434,0.69141,0.69156,1.00,1.50
2017.06.06 08:01:10.294,0.69138,0.69151,1.12,1.50
2017.06.06 08:01:10.566,0.69135,0.69149,1.00,1.00
2017.06.06 08:01:10.969,0.69137,0.6915,1.00,1.00
2017.06.06 08:01:11.743,0.69138,0.69151,1.00,1.00
2017.06.06 08:01:14.439,0.69137,0.69151,1.00,1.00
2017.06.06 08:01:22.931,0.69137,0.69152,1.00,1.00
2017.06.06 08:01:23.467,0.69136,0.69151,1.50,1.00
2017.06.06 08:01:26.214,0.69136,0.69152,1.00,1.00
2017.06.06 08:01:29.489,0.69138,0.69151,1.00,1.00
2017.06.06 08:01:41.729,0.6914,0.69153,1.00,1.00
2017.06.06 08:01:42.701,0.69139,0.69153,1.00,1.12
2017.06.06 08:01:42.904,0.69136,0.69152,1.00,1.37
2017.06.06 08:01:44.491,0.69137,0.6915,1.00,1.00
2017.06.06 08:01:45.219,0.69137,0.69152,1.00,1.37
2017.06.06 08:01:45.270,0.69139,0.69155,1.00,1.50
2017.06.06 08:01:45.474,0.69141,0.69155,1.00,1.00
2017.06.06 08:01:45.779,0.69146,0.69159,1.00,1.12
2017.06.06 08:01:48.679,0.69144,0.6916,1.00,1.00
2017.06.06 08:01:48.868,0.69146,0.69159,1.00,1.00
2017.06.06 08:01:49.829,0.69145,0.69161,1.00,1.00
2017.06.06 08:01:51.165,0.69149,0.69161,1.00,1.00
2017.06.06 08:01:51.267,0.69149,0.69163,1.00,1.00
2017.06.06 08:01:51.668,0.69147,0.69162,1.00,1.12
2017.06.06 08:01:52.170,0.69146,0.69161,1.00,1.12
2017.06.06 08:01:53.536,0.69147,0.69162,1.00,1.00
2017.06.06 08:01:54.515,0.69147,0.69163,1.00,1.12
2017.06.06 08:01:57.155,0.69148,0.69161,1.00,1.00
2017.06.06 08:01:59.555,0.69147,0.69163,1.00,1.12
2017.06.06 08:02:08.969,0.69148,0.69163,1.00,1.12
2017.06.06 08:02:10.661,0.69148,0.69162,1.00,1.00
2017.06.06 08:02:10.762,0.69145,0.69158,1.00,1.00
2017.06.06 08:02:11.089,0.69144,0.6916,1.50,1.12
2017.06.06 08:02:11.625,0.69145,0.6916,1.00,1.12
2017.06.06 08:02:12.664,0.69145,0.69161,1.50,1.00
2017.06.06 08:02:13.314,0.69146,0.69161,1.00,1.00
2017.06.06 08:02:14.439,0.69146,0.69161,1.00,1.37
2017.06.06 08:02:14.986,0.69145,0.69161,1.50,1.00
2017.06.06 08:02:23.290,0.69149,0.69164,1.00,1.12
2017.06.06 08:02:23.606,0.69151,0.69163,1.00,1.00
2017.06.06 08:02:24.189,0.6915,0.69163,1.87,1.00
2017.06.06 08:02:24.919,0.69151,0.69164,1.87,1.00
2017.06.06 08:02:25.356,0.69151,0.69166,1.87,1.00
2017.06.06 08:02:25.407,0.69152,0.69166,1.37,1.00
2017.06.06 08:02:26.041,0.69152,0.69167,1.87,1.00
2017.06.06 08:02:27.433,0.69152,0.69167,1.87,1.00
2017.06.06 08:02:28.243,0.69152,0.69168,1.87,1.00
2017.06.06 08:02:30.110,0.69153,0.69168,1.00,1.00
2017.06.06 08:02:30.605,0.69155,0.6917,1.00,1.37
2017.06.06 08:02:30.708,0.69156,0.69171,1.50,1.12
2017.06.06 08:02:30.759,0.69159,0.69173,1.12,1.37
2017.06.06 08:02:30.810,0.69159,0.69173,1.12,1.00
2017.06.06 08:02:30.861,0.69156,0.69171,1.12,1.00
2017.06.06 08:02:30.962,0.69155,0.69169,1.50,1.00
2017.06.06 08:02:31.064,0.69156,0.69171,1.50,1.00
2017.06.06 08:02:31.745,0.69157,0.69171,1.12,1.00
2017.06.06 08:02:31.796,0.69159,0.69173,1.00,1.00
2017.06.06 08:02:32.810,0.69159,0.69174,1.00,1.00
2017.06.06 08:02:33.546,0.69156,0.6917,1.50,1.00
2017.06.06 08:02:33.850,0.69159,0.69172,1.00,1.00
2017.06.06 08:02:34.805,0.69158,0.69174,1.50,1.00
2017.06.06 08:02:41.016,0.69158,0.69174,1.87,1.00
2017.06.06 08:02:42.006,0.69158,0.69174,1.87,1.00
2017.06.06 08:02:45.880,0.69158,0.69174,1.50,1.00
2017.06.06 08:02:46.228,0.69157,0.69172,1.50,1.00
2017.06.06 08:02:48.120,0.69156,0.6917,1.00,1.00
2017.06.06 08:02:49.524,0.69155,0.6917,1.00,1.00
2017.06.06 08:02:49.828,0.69154,0.69167,1.00,1.00
2017.06.06 08:02:50.617,0.69154,0.69168,1.00,1.00
2017.06.06 08:02:53.352,0.69155,0.69168,1.00,1.00
2017.06.06 08:02:54.105,0.69156,0.69171,1.00,1.00
2017.06.06 08:02:54.625,0.69155,0.6917,1.00,1.00
2017.06.06 08:02:55.562,0.69155,0.69169,1.00,1.00
2017.06.06 08:02:56.164,0.69156,0.69169,1.00,1.00
2017.06.06 08:02:58.172,0.69155,0.69169,1.00,1.00
2017.06.06 08:02:58.438,0.69154,0.69167,1.00,1.00
2017.06.06 08:02:59.131,0.69153,0.69168,1.00,1.00
2017.06.06 08:03:06.316,0.69154,0.69167,1.00,1.00
2017.06.06 08:03:06.417,0.69152,0.69167,1.50,1.37
2017.06.06 08:03:07.093,0.69152,0.69167,1.50,1.00
2017.06.06 08:03:07.753,0.69152,0.69168,1.50,1.12
2017.06.06 08:03:08.033,0.6915,0.69165,1.00,1.00
2017.06.06 08:03:08.418,0.69148,0.69162,1.50,1.00
2017.06.06 08:03:09.077,0.69148,0.69163,1.50,1.00
2017.06.06 08:03:10.791,0.69148,0.69163,1.00,1.37
2017.06.06 08:03:11.210,0.69152,0.69166,1.00,1.75
2017.06.06 08:03:11.262,0.69152,0.69167,1.50,1.37
2017.06.06 08:03:11.382,0.69152,0.69167,1.50,1.12
2017.06.06 08:03:13.803,0.69152,0.69165,1.50,1.12
2017.06.06 08:03:14.215,0.69151,0.69164,1.00,1.37
2017.06.06 08:03:15.393,0.6915,0.69163,1.50,1.12
2017.06.06 08:03:19.321,0.6915,0.69163,1.00,1.37
2017.06.06 08:03:19.826,0.69149,0.69162,1.00,1.12
2017.06.06 08:03:20.390,0.69148,0.69164,1.00,1.12
2017.06.06 08:03:24.217,0.69147,0.69163,1.00,1.00
2017.06.06 08:03:25.223,0.69148,0.69161,1.00,1.00
2017.06.06 08:03:25.473,0.69148,0.69163,1.00,1.12
2017.06.06 08:03:26.032,0.69147,0.69163,1.50,1.00
2017.06.06 08:03:26.692,0.69148,0.69163,1.00,1.00
2017.06.06 08:03:28.280,0.6915,0.69163,1.00,1.00
2017.06.06 08:03:28.785,0.69149,0.69163,1.00,1.00
2017.06.06 08:03:29.704,0.69148,0.69163,1.50,1.00
2017.06.06 08:03:30.608,0.69148,0.69164,1.00,1.00
2017.06.06 08:03:32.820,0.69149,0.69164,1.00,1.00
2017.06.06 08:03:33.814,0.69149,0.69165,1.50,1.00
2017.06.06 08:03:34.607,0.69149,0.69164,1.00,1.00
2017.06.06 08:03:35.329,0.69149,0.69165,1.50,1.00
2017.06.06 08:03:38.924,0.69149,0.69164,1.00,1.00
2017.06.06 08:03:40.809,0.69148,0.69164,1.50,1.00
2017.06.06 08:03:41.583,0.69148,0.69163,1.50,1.00
2017.06.06 08:03:44.735,0.69149,0.69163,1.00,1.00
2017.06.06 08:03:56.186,0.69148,0.69163,1.50,1.00
2017.06.06 08:03:57.403,0.69147,0.69163,1.50,1.00
2017.06.06 08:03:58.371,0.69148,0.69163,1.00,1.00
2017.06.06 08:03:59.763,0.69148,0.69162,1.00,1.00
2017.06.06 08:04:01.578,0.69144,0.6916,1.50,1.00
2017.06.06 08:04:03.031,0.69145,0.6916,1.00,1.00
2017.06.06 08:04:05.755,0.69144,0.69159,1.50,1.00
2017.06.06 08:04:06.531,0.69143,0.69159,1.50,1.00
2017.06.06 08:04:07.192,0.69144,0.69159,1.00,1.00
2017.06.06 08:04:09.038,0.69145,0.69159,1.00,1.00
2017.06.06 08:04:09.887,0.69144,0.69157,1.50,1.00
2017.06.06 08:04:13.485,0.69143,0.69158,1.00,1.00
2017.06.06 08:04:13.861,0.69147,0.69162,1.00,1.00
2017.06.06 08:04:14.189,0.69147,0.6916,1.00,1.00
2017.06.06 08:04:15.994,0.69147,0.69162,1.00,1.00
2017.06.06 08:04:16.377,0.69145,0.6916,1.00,1.00
2017.06.06 08:04:16.891,0.69146,0.69161,1.00,1.00
2017.06.06 08:04:18.587,0.69146,0.69162,1.00,1.00
2017.06.06 08:04:19.202,0.69147,0.69162,1.00,1.00
2017.06.06 08:04:19.862,0.69148,0.69162,1.00,1.00
2017.06.06 08:04:20.516,0.69148,0.69161,1.00,1.00
2017.06.06 08:04:26.244,0.69146,0.69162,1.50,1.00
2017.06.06 08:04:29.843,0.69147,0.69162,1.00,1.00
2017.06.06 08:04:30.004,0.69149,0.69162,1.00,1.00
2017.06.06 08:04:31.207,0.69148,0.69161,1.00,1.00
2017.06.06 08:04:33.057,0.69145,0.69161,1.00,1.00
2017.06.06 08:04:33.753,0.69144,0.6916,1.50,1.00
2017.06.06 08:04:34.413,0.69145,0.6916,1.00,1.00
2017.06.06 08:04:35.788,0.69145,0.69161,1.00,1.12
2017.06.06 08:04:35.944,0.69147,0.69162,1.50,1.00
2017.06.06 08:04:36.903,0.69148,0.69162,1.00,1.00
2017.06.06 08:04:41.576,0.6915,0.69163,1.00,1.00
2017.06.06 08:04:41.678,0.69151,0.69165,1.00,1.00
2017.06.06 08:04:42.646,0.6915,0.69165,1.00,1.00
2017.06.06 08:04:45.381,0.69149,0.69165,1.50,1.00
2017.06.06 08:04:46.384,0.69149,0.69164,1.50,1.00
2017.06.06 08:04:46.969,0.6915,0.69165,1.50,1.00
2017.06.06 08:04:47.980,0.69152,0.69167,1.50,1.50
2017.06.06 08:04:48.081,0.69153,0.69169,1.00,1.12
2017.06.06 08:04:48.233,0.69155,0.69169,1.00,1.00
2017.06.06 08:04:49.025,0.69154,0.69169,1.00,1.12
2017.06.06 08:04:53.751,0.69151,0.69167,1.50,1.12
2017.06.06 08:04:53.801,0.69153,0.69168,1.00,1.50
2017.06.06 08:04:54.225,0.69152,0.69165,1.00,1.00
2017.06.06 08:04:54.327,0.6915,0.69164,1.50,1.00
2017.06.06 08:04:55.339,0.6915,0.69163,1.00,1.00
2017.06.06 08:04:55.442,0.69145,0.69159,1.37,1.00
2017.06.06 08:04:55.544,0.69144,0.69159,1.00,1.00
2017.06.06 08:04:55.595,0.69145,0.69161,1.50,1.12
2017.06.06 08:04:56.353,0.69146,0.69161,1.00,1.00
2017.06.06 08:04:57.595,0.69146,0.69162,1.50,1.00
2017.06.06 08:05:00.235,0.69147,0.6916,1.00,1.00
2017.06.06 08:05:01.417,0.69145,0.69158,1.00,1.00
2017.06.06 08:05:02.444,0.69145,0.69159,1.00,1.00
2017.06.06 08:05:03.849,0.69144,0.69159,1.00,1.00
2017.06.06 08:05:08.325,0.69146,0.69159,1.00,1.00
2017.06.06 08:05:09.439,0.69144,0.69159,1.00,1.00
2017.06.06 08:05:13.468,0.69145,0.6916,1.00,1.00
2017.06.06 08:05:13.569,0.69145,0.69162,1.50,1.00
2017.06.06 08:05:14.354,0.69147,0.69162,1.50,1.00
2017.06.06 08:05:14.557,0.69148,0.69164,1.00,1.00
2017.06.06 08:05:15.710,0.69147,0.69163,1.00,1.00
2017.06.06 08:05:16.080,0.69144,0.6916,1.00,1.00
2017.06.06 08:05:16.488,0.69146,0.69161,1.00,1.12
2017.06.06 08:05:17.329,0.69146,0.69162,1.12,1.00
2017.06.06 08:05:17.833,0.69147,0.69162,1.12,1.00
2017.06.06 08:05:18.440,0.69148,0.69162,1.00,1.00
2017.06.06 08:05:19.045,0.69147,0.69164,1.50,1.00
2017.06.06 08:05:19.710,0.69148,0.69164,1.00,1.00
2017.06.06 08:05:20.421,0.69147,0.69164,1.50,1.00
2017.06.06 08:05:23.177,0.69148,0.69164,1.00,1.12
2017.06.06 08:05:25.123,0.69148,0.69165,1.50,1.50
2017.06.06 08:05:26.366,0.69148,0.69164,1.00,1.00
2017.06.06 08:05:28.790,0.69148,0.69165,1.50,2.25
2017.06.06 08:05:29.260,0.69148,0.69163,1.50,1.00
2017.06.06 08:05:29.361,0.69146,0.69163,1.50,1.00
2017.06.06 08:05:36.715,0.69148,0.69163,1.00,1.00
2017.06.06 08:05:37.450,0.69146,0.69163,1.50,1.12
2017.06.06 08:05:37.969,0.69146,0.69162,1.00,1.00
2017.06.06 08:05:40.431,0.69145,0.69162,1.50,1.00
2017.06.06 08:05:40.727,0.69147,0.69162,1.00,1.00
2017.06.06 08:05:41.233,0.69147,0.69162,1.00,1.37
2017.06.06 08:05:42.014,0.69146,0.69161,1.00,1.12
2017.06.06 08:05:43.435,0.69146,0.69163,1.00,1.00
2017.06.06 08:05:43.972,0.69145,0.69162,1.00,1.00
2017.06.06 08:05:44.831,0.69147,0.69163,1.00,1.12
2017.06.06 08:05:46.352,0.69147,0.69164,1.50,1.12
2017.06.06 08:05:46.694,0.69148,0.69162,1.00,1.00
2017.06.06 08:05:47.200,0.69149,0.69164,1.00,1.00
2017.06.06 08:05:47.711,0.69148,0.69164,1.00,1.00
2017.06.06 08:05:48.289,0.69148,0.69165,1.00,1.00
2017.06.06 08:05:48.919,0.69149,0.69166,1.50,1.12
2017.06.06 08:05:49.819,0.69149,0.69165,1.00,1.00
2017.06.06 08:05:50.439,0.6915,0.69165,1.00,1.00
2017.06.06 08:06:00.094,0.6915,0.69163,1.00,1.00
2017.06.06 08:06:10.229,0.6915,0.69164,1.00,1.00
2017.06.06 08:06:11.092,0.69149,0.69164,1.00,1.00
2017.06.06 08:06:11.867,0.69149,0.69163,1.00,1.00
2017.06.06 08:06:13.253,0.69147,0.69161,1.37,1.00
2017.06.06 08:06:13.608,0.69145,0.69158,1.00,1.00
2017.06.06 08:06:13.658,0.69145,0.6916,1.00,1.00
2017.06.06 08:06:14.180,0.69145,0.69159,1.00,1.00
2017.06.06 08:06:14.716,0.69145,0.69159,1.37,1.00
2017.06.06 08:06:14.817,0.69145,0.69161,1.12,1.00
2017.06.06 08:06:15.519,0.69146,0.69161,1.00,1.00
2017.06.06 08:06:17.829,0.69146,0.69162,1.12,1.00
2017.06.06 08:06:17.880,0.69149,0.69163,1.00,1.00
2017.06.06 08:06:18.420,0.69148,0.69164,1.00,1.00
2017.06.06 08:06:20.636,0.69147,0.69163,1.50,1.00
2017.06.06 08:06:21.163,0.69147,0.69163,1.00,1.00
2017.06.06 08:06:21.684,0.69147,0.69162,1.00,1.00
2017.06.06 08:06:23.347,0.69146,0.69161,1.12,1.50
2017.06.06 08:06:23.399,0.69144,0.6916,1.00,1.00
2017.06.06 08:06:24.634,0.69144,0.69159,1.12,1.00
2017.06.06 08:06:29.292,0.69142,0.69159,1.12,1.50
2017.06.06 08:06:29.343,0.69142,0.69157,1.00,1.00
2017.06.06 08:06:30.104,0.69142,0.69155,1.00,1.00
2017.06.06 08:06:30.641,0.69142,0.69156,1.00,1.00
2017.06.06 08:06:31.375,0.69142,0.69157,1.00,1.00
2017.06.06 08:06:32.036,0.69142,0.69158,1.00,1.00
2017.06.06 08:06:32.970,0.69143,0.69158,1.00,1.00
2017.06.06 08:06:35.873,0.69143,0.69159,1.00,1.00
2017.06.06 08:06:43.849,0.69142,0.69159,1.00,1.50
2017.06.06 08:06:48.071,0.69142,0.69159,1.37,1.50
2017.06.06 08:06:48.375,0.69143,0.69159,1.37,1.00
2017.06.06 08:06:48.920,0.69143,0.6916,1.37,1.50
2017.06.06 08:06:50.674,0.69143,0.69158,1.37,1.00
2017.06.06 08:06:50.794,0.69143,0.6916,1.37,1.50
2017.06.06 08:06:53.482,0.69143,0.69159,1.37,1.00
2017.06.06 08:06:54.451,0.69146,0.69161,1.00,1.00
2017.06.06 08:06:54.647,0.69148,0.69163,1.00,1.00
2017.06.06 08:06:55.070,0.69148,0.69161,1.00,1.00
2017.06.06 08:06:55.592,0.69147,0.69161,1.12,1.00
2017.06.06 08:06:55.940,0.69145,0.6916,1.12,1.50
2017.06.06 08:06:58.075,0.69144,0.6916,1.00,1.50
2017.06.06 08:06:58.616,0.69143,0.69159,1.00,1.50
2017.06.06 08:06:59.155,0.69142,0.69159,1.00,1.50
2017.06.06 08:07:00.924,0.69144,0.69158,1.00,1.00
2017.06.06 08:07:01.143,0.69144,0.6916,1.00,1.00
2017.06.06 08:07:01.244,0.69146,0.6916,1.00,1.00
2017.06.06 08:07:01.885,0.69147,0.69161,1.00,1.00
2017.06.06 08:07:08.110,0.69147,0.69162,1.00,1.00
2017.06.06 08:07:08.404,0.69145,0.69162,1.00,1.00
2017.06.06 08:07:10.691,0.69145,0.69161,1.00,1.00
2017.06.06 08:07:11.868,0.69145,0.69162,1.37,1.00
2017.06.06 08:07:12.519,0.69146,0.69163,1.12,1.50
2017.06.06 08:07:13.080,0.69145,0.69162,1.37,1.00
2017.06.06 08:07:14.154,0.69146,0.69163,1.12,1.50
2017.06.06 08:07:20.146,0.69148,0.69163,1.00,1.50
2017.06.06 08:07:21.202,0.69146,0.69163,1.00,1.50
2017.06.06 08:07:21.676,0.69146,0.69161,1.00,1.00
2017.06.06 08:07:22.409,0.69144,0.69161,1.12,1.00
2017.06.06 08:07:24.603,0.69145,0.69162,1.00,1.87
2017.06.06 08:07:25.122,0.69145,0.69161,1.00,1.12
2017.06.06 08:07:26.667,0.69145,0.69162,1.00,1.50
2017.06.06 08:07:27.184,0.69144,0.6916,1.12,1.00
2017.06.06 08:07:27.508,0.69143,0.69158,1.00,1.87
2017.06.06 08:07:27.972,0.69143,0.69156,1.00,1.00
2017.06.06 08:07:28.364,0.69141,0.69156,1.00,1.00
2017.06.06 08:07:29.194,0.69141,0.69158,1.00,1.50
2017.06.06 08:07:30.140,0.69141,0.69157,1.00,1.00
2017.06.06 08:07:30.191,0.69143,0.69157,1.00,1.00
2017.06.06 08:07:32.110,0.69143,0.6916,1.00,1.50
2017.06.06 08:07:32.520,0.69145,0.6916,1.00,1.00
2017.06.06 08:07:33.073,0.69145,0.69161,1.00,1.00
2017.06.06 08:07:34.210,0.69145,0.69162,1.00,1.12
2017.06.06 08:07:34.724,0.69146,0.69162,1.00,1.00
2017.06.06 08:07:35.415,0.69146,0.69161,1.00,1.00
2017.06.06 08:07:38.388,0.69146,0.69162,1.00,1.00
2017.06.06 08:07:39.074,0.69146,0.69163,1.00,1.50
2017.06.06 08:07:39.675,0.69147,0.69163,1.00,1.00
2017.06.06 08:07:40.448,0.69147,0.69164,1.00,1.00
2017.06.06 08:07:40.770,0.69149,0.69164,1.00,1.00
2017.06.06 08:07:41.636,0.6915,0.69165,1.00,1.87
2017.06.06 08:07:43.242,0.69148,0.69165,1.00,1.87
2017.06.06 08:07:44.243,0.69149,0.69165,1.00,1.12
2017.06.06 08:07:44.651,0.6915,0.69167,1.00,1.87
2017.06.06 08:07:45.570,0.6915,0.69167,1.37,1.87
2017.06.06 08:07:47.079,0.69152,0.69167,1.00,1.00
2017.06.06 08:07:47.232,0.69154,0.69169,1.00,1.12
2017.06.06 08:07:48.158,0.69153,0.69168,1.00,1.12
2017.06.06 08:07:48.698,0.69154,0.6917,1.00,1.37
2017.06.06 08:07:48.851,0.69154,0.69171,1.00,1.50
2017.06.06 08:07:49.652,0.69155,0.69171,1.00,1.00
2017.06.06 08:07:51.422,0.69156,0.69172,1.00,1.12
2017.06.06 08:07:51.961,0.69158,0.69173,1.00,1.37
2017.06.06 08:07:52.848,0.69158,0.69175,1.00,2.10
2017.06.06 08:07:53.202,0.6916,0.69175,1.00,1.12
2017.06.06 08:07:53.924,0.69161,0.69179,1.50,1.37
2017.06.06 08:07:55.070,0.69161,0.69178,1.00,1.12
2017.06.06 08:07:55.595,0.69162,0.69178,1.00,1.12
2017.06.06 08:07:56.696,0.69162,0.69177,1.00,1.37
2017.06.06 08:07:57.229,0.69161,0.69177,1.50,1.37
2017.06.06 08:07:57.935,0.69162,0.69179,1.00,1.37
2017.06.06 08:08:01.570,0.69162,0.69179,1.00,1.12
2017.06.06 08:08:03.770,0.69162,0.69179,1.50,1.37
2017.06.06 08:08:11.071,0.69162,0.69179,1.50,1.12
2017.06.06 08:08:12.854,0.69162,0.6918,1.50,1.12
2017.06.06 08:08:14.968,0.69162,0.6918,1.50,1.37
2017.06.06 08:08:18.252,0.69159,0.69174,1.87,1.00
2017.06.06 08:08:18.456,0.69157,0.69174,1.50,1.00
2017.06.06 08:08:19.012,0.69157,0.69173,1.00,1.00
2017.06.06 08:08:19.578,0.69157,0.69174,1.50,1.00
2017.06.06 08:08:20.272,0.69157,0.69174,1.00,1.37
2017.06.06 08:08:20.898,0.69157,0.69174,1.00,1.12
2017.06.06 08:08:21.559,0.69156,0.69173,1.50,1.00
2017.06.06 08:08:30.587,0.69156,0.69173,1.00,1.37
2017.06.06 08:08:31.138,0.69156,0.69171,1.00,1.12
2017.06.06 08:08:31.791,0.69155,0.69171,1.00,1.12
2017.06.06 08:08:32.417,0.69155,0.69172,1.00,1.37
2017.06.06 08:08:32.518,0.69156,0.69172,1.50,1.12
2017.06.06 08:08:33.262,0.69157,0.69172,1.00,1.00
2017.06.06 08:08:33.747,0.69156,0.69172,1.00,1.37
2017.06.06 08:08:34.015,0.69154,0.69171,1.50,1.37
2017.06.06 08:08:34.640,0.69155,0.69171,1.00,1.12
2017.06.06 08:08:35.144,0.69155,0.69171,1.00,1.37
2017.06.06 08:08:35.755,0.69155,0.69171,1.00,1.37
2017.06.06 08:08:38.866,0.69155,0.69171,1.00,1.37
2017.06.06 08:08:40.758,0.69156,0.69171,1.00,1.00
2017.06.06 08:08:40.910,0.69157,0.69175,1.50,1.50
2017.06.06 08:08:41.229,0.69159,0.69175,1.00,1.12
2017.06.06 08:08:48.041,0.6916,0.69176,1.00,1.37
2017.06.06 08:08:51.630,0.69161,0.69176,1.00,1.37
2017.06.06 08:08:51.732,0.69161,0.69178,1.50,1.50
2017.06.06 08:08:52.519,0.69162,0.69178,1.00,1.12
2017.06.06 08:08:53.007,0.69162,0.69177,1.00,1.37
2017.06.06 08:08:53.263,0.69163,0.69177,1.00,1.00
2017.06.06 08:08:53.364,0.69163,0.6918,1.00,1.37
2017.06.06 08:08:53.910,0.69162,0.69179,1.87,1.12
2017.06.06 08:08:53.960,0.69162,0.69179,1.87,1.37
2017.06.06 08:08:54.467,0.69162,0.69179,1.12,1.00
2017.06.06 08:08:54.568,0.69164,0.69181,1.00,1.37
2017.06.06 08:08:54.901,0.69163,0.69178,1.37,1.00
2017.06.06 08:08:55.003,0.69163,0.69178,1.00,1.00
2017.06.06 08:08:55.564,0.69163,0.6918,1.50,1.37
2017.06.06 08:08:55.722,0.6916,0.69178,2.62,1.37
2017.06.06 08:08:56.025,0.69157,0.69175,1.00,1.37
2017.06.06 08:08:56.637,0.69158,0.69173,1.00,1.37
2017.06.06 08:08:57.391,0.69156,0.69171,1.12,1.37
2017.06.06 08:08:57.895,0.69155,0.69172,1.37,1.37
2017.06.06 08:08:58.464,0.69155,0.69172,1.50,1.37
2017.06.06 08:09:01.630,0.69155,0.69172,1.50,1.37
2017.06.06 08:09:03.438,0.69156,0.69173,1.00,1.37
2017.06.06 08:09:03.640,0.69157,0.69175,1.00,1.37
2017.06.06 08:09:04.156,0.69158,0.69175,1.00,1.00
2017.06.06 08:09:04.985,0.69158,0.69176,1.00,1.00
2017.06.06 08:09:06.796,0.6916,0.69175,1.00,1.00
2017.06.06 08:09:07.057,0.69159,0.69177,1.00,1.12
2017.06.06 08:09:08.725,0.69159,0.69177,1.00,1.37
2017.06.06 08:09:09.259,0.6916,0.69175,1.00,1.00
2017.06.06 08:09:10.655,0.6916,0.69175,1.00,1.37
2017.06.06 08:09:10.794,0.69157,0.69174,1.87,1.37
2017.06.06 08:09:10.945,0.69155,0.69172,1.00,1.00
2017.06.06 08:09:11.141,0.69154,0.6917,1.00,1.00
2017.06.06 08:09:12.018,0.69154,0.69169,1.00,1.00
2017.06.06 08:09:19.155,0.69153,0.69168,1.00,1.00
2017.06.06 08:09:20.189,0.69153,0.6917,1.00,1.00
2017.06.06 08:09:20.544,0.69156,0.69171,1.00,1.00
2017.06.06 08:09:21.113,0.69157,0.69173,1.00,1.00
2017.06.06 08:09:26.847,0.69156,0.69173,1.00,1.00
2017.06.06 08:09:30.233,0.69156,0.69173,1.37,1.00
2017.06.06 08:09:30.284,0.69154,0.69171,1.50,1.00
2017.06.06 08:09:30.335,0.69154,0.69171,1.12,1.12
2017.06.06 08:09:31.486,0.69153,0.6917,1.00,1.00
2017.06.06 08:09:32.440,0.69153,0.69168,1.00,1.00
2017.06.06 08:09:34.562,0.69152,0.69167,1.00,1.00
2017.06.06 08:09:35.129,0.6915,0.69167,1.37,1.00
2017.06.06 08:09:43.017,0.69154,0.69169,1.00,1.00
2017.06.06 08:09:43.118,0.69152,0.69168,1.00,1.00
2017.06.06 08:09:43.871,0.69153,0.69168,1.12,1.00
2017.06.06 08:09:45.243,0.69155,0.6917,1.00,1.00
2017.06.06 08:09:45.828,0.69153,0.6917,1.37,1.00
2017.06.06 08:09:51.294,0.69153,0.69168,1.87,1.00
2017.06.06 08:09:53.205,0.69152,0.69169,1.37,1.00
2017.06.06 08:09:56.120,0.69152,0.69168,1.37,1.00
2017.06.06 08:09:56.323,0.69148,0.69165,2.25,1.00
2017.06.06 08:09:56.467,0.69148,0.69165,1.12,1.00
2017.06.06 08:09:57.234,0.69147,0.69164,1.37,1.00
2017.06.06 08:09:57.849,0.69149,0.69165,1.50,1.00
2017.06.06 08:09:58.374,0.69149,0.69165,1.00,1.37
2017.06.06 08:09:58.915,0.69148,0.69165,1.87,1.00
2017.06.06 08:09:59.472,0.69147,0.69164,1.37,1.00
2017.06.06 08:10:00.512,0.69149,0.69164,1.00,1.00
2017.06.06 08:10:01.708,0.6915,0.69165,1.00,1.00
2017.06.06 08:10:01.824,0.69148,0.69165,1.12,1.00
2017.06.06 08:10:02.261,0.69149,0.69165,1.37,1.00
2017.06.06 08:10:03.054,0.69148,0.69163,1.37,1.00
2017.06.06 08:10:03.116,0.69148,0.69163,1.00,1.00
2017.06.06 08:10:03.797,0.69147,0.69162,1.12,1.00
2017.06.06 08:10:04.004,0.69147,0.69164,1.12,1.00
2017.06.06 08:10:05.074,0.69148,0.69165,1.50,1.00
2017.06.06 08:10:05.686,0.69147,0.69164,1.12,1.00
2017.06.06 08:10:11.181,0.69149,0.69164,1.00,1.00
2017.06.06 08:10:11.724,0.69148,0.69163,1.00,1.00
2017.06.06 08:10:12.250,0.69148,0.69165,1.50,1.00
2017.06.06 08:10:12.866,0.69149,0.69166,1.00,1.00
2017.06.06 08:10:13.367,0.6915,0.69166,1.00,1.00
2017.06.06 08:10:14.209,0.6915,0.69167,1.00,1.00
2017.06.06 08:10:17.072,0.6915,0.69165,1.00,1.00
2017.06.06 08:10:18.300,0.6915,0.69166,1.00,1.00
2017.06.06 08:10:24.046,0.69148,0.69165,1.37,1.00
2017.06.06 08:10:26.004,0.69149,0.69163,1.12,1.00
2017.06.06 08:10:26.207,0.69147,0.69163,1.12,1.00
2017.06.06 08:10:28.473,0.69148,0.69163,1.00,1.00
2017.06.06 08:10:36.159,0.69149,0.69165,1.50,1.12
2017.06.06 08:10:36.716,0.6915,0.69166,1.00,1.50
2017.06.06 08:10:37.251,0.6915,0.69164,1.00,1.00
2017.06.06 08:10:39.257,0.6915,0.69165,1.00,1.12
2017.06.06 08:10:41.766,0.69149,0.69165,1.00,1.12
2017.06.06 08:10:41.998,0.69148,0.69163,1.00,1.00
2017.06.06 08:10:45.575,0.69147,0.69163,1.50,1.00
2017.06.06 08:10:46.584,0.69148,0.69164,1.00,1.00
2017.06.06 08:10:48.377,0.6915,0.69164,1.00,1.00
2017.06.06 08:10:51.599,0.69151,0.69166,1.50,1.00
2017.06.06 08:10:52.100,0.69151,0.69165,1.00,1.00
2017.06.06 08:10:53.941,0.6915,0.69165,1.50,1.00
2017.06.06 08:10:55.666,0.6915,0.69167,1.00,1.12
2017.06.06 08:10:56.284,0.69152,0.69168,1.00,1.12
2017.06.06 08:10:56.793,0.69152,0.69168,1.00,1.37
2017.06.06 08:10:59.311,0.69155,0.69171,1.00,1.37
2017.06.06 08:10:59.884,0.69155,0.69171,1.50,1.00
2017.06.06 08:11:00.498,0.69157,0.69172,1.00,1.00
2017.06.06 08:11:03.822,0.69158,0.69173,1.00,1.37
2017.06.06 08:11:03.949,0.69158,0.69174,1.00,1.12
2017.06.06 08:11:04.464,0.69157,0.69174,1.00,1.37
2017.06.06 08:11:06.372,0.69156,0.69173,1.87,1.12
2017.06.06 08:11:06.929,0.69157,0.69173,1.00,1.12
2017.06.06 08:11:07.232,0.69155,0.69172,1.00,1.00
2017.06.06 08:11:07.283,0.69155,0.69171,1.00,1.37
2017.06.06 08:11:07.805,0.69154,0.69169,1.00,1.12
2017.06.06 08:11:07.957,0.69152,0.69169,1.00,1.12
2017.06.06 08:11:08.466,0.69153,0.69169,1.00,1.00
2017.06.06 08:11:08.567,0.69154,0.69171,1.00,1.00
2017.06.06 08:11:09.146,0.69153,0.6917,1.50,1.00
2017.06.06 08:11:09.871,0.69153,0.69169,1.50,1.00
2017.06.06 08:11:10.872,0.69153,0.69168,1.50,1.00
2017.06.06 08:11:16.502,0.69153,0.69169,1.00,1.37
2017.06.06 08:11:17.109,0.69153,0.69169,1.00,1.37
2017.06.06 08:11:17.641,0.69152,0.69169,1.50,1.37
2017.06.06 08:11:18.850,0.69152,0.69169,1.50,1.12
2017.06.06 08:11:19.935,0.69154,0.69169,1.00,1.00
2017.06.06 08:11:21.846,0.69154,0.69168,1.00,1.00
2017.06.06 08:11:23.104,0.69155,0.69168,1.00,1.00
2017.06.06 08:11:23.307,0.69156,0.69175,1.00,1.37
2017.06.06 08:11:24.043,0.69157,0.69176,1.00,2.10
2017.06.06 08:11:25.325,0.69157,0.69176,1.00,2.10
2017.06.06 08:11:25.376,0.69155,0.69176,1.00,2.10
2017.06.06 08:11:25.914,0.69156,0.69176,1.00,1.67
2017.06.06 08:11:27.114,0.69157,0.69172,1.00,1.00
2017.06.06 08:11:27.372,0.69157,0.69174,1.00,1.00
2017.06.06 08:11:27.424,0.6916,0.69175,1.50,1.00
2017.06.06 08:11:27.769,0.69164,0.69178,1.00,1.00
2017.06.06 08:11:28.332,0.69165,0.69179,1.00,1.00
2017.06.06 08:11:28.564,0.69166,0.69182,1.00,1.12
2017.06.06 08:11:31.494,0.69166,0.69183,1.50,1.00
2017.06.06 08:11:32.034,0.69168,0.69184,1.00,1.00
2017.06.06 08:11:35.681,0.69169,0.69184,1.00,1.00
2017.06.06 08:11:36.460,0.69168,0.69184,1.00,1.12
2017.06.06 08:11:36.512,0.69166,0.69183,1.50,1.00
2017.06.06 08:11:37.448,0.69166,0.69182,1.00,1.00
2017.06.06 08:11:37.701,0.69163,0.6918,1.87,1.00
2017.06.06 08:11:37.752,0.69163,0.6918,1.50,1.12
2017.06.06 08:11:38.541,0.69163,0.69179,1.00,1.00
2017.06.06 08:11:39.231,0.69163,0.6918,1.50,1.12
2017.06.06 08:11:39.585,0.69162,0.69178,1.12,1.00
2017.06.06 08:11:40.206,0.69161,0.69177,1.37,1.00
2017.06.06 08:11:42.124,0.69161,0.69178,1.87,1.00
2017.06.06 08:11:49.442,0.69162,0.69178,1.12,1.37
2017.06.06 08:11:49.635,0.69162,0.69178,1.12,1.00
2017.06.06 08:11:51.245,0.69162,0.69178,1.12,1.37
2017.06.06 08:11:52.508,0.69161,0.69176,1.00,1.12
2017.06.06 08:11:55.054,0.6916,0.69175,1.00,1.00
2017.06.06 08:11:55.258,0.6916,0.69175,1.00,1.00
2017.06.06 08:11:55.359,0.69157,0.69174,1.12,1.00
2017.06.06 08:11:55.740,0.69155,0.69172,1.00,1.00
2017.06.06 08:11:56.398,0.69154,0.69171,1.37,1.00
2017.06.06 08:11:56.721,0.69153,0.6917,1.12,1.00
2017.06.06 08:12:00.726,0.69154,0.69171,1.00,1.00
2017.06.06 08:12:01.713,0.69154,0.6917,1.00,1.00
2017.06.06 08:12:02.224,0.69153,0.6917,1.12,1.87
2017.06.06 08:12:02.843,0.69152,0.69169,1.37,1.00
2017.06.06 08:12:06.524,0.69152,0.69169,1.37,1.37
2017.06.06 08:12:07.062,0.69151,0.69168,1.50,1.37
2017.06.06 08:12:07.123,0.69151,0.69168,1.50,1.12
2017.06.06 08:12:07.896,0.6915,0.69167,1.37,1.00
2017.06.06 08:12:07.947,0.69148,0.69165,1.87,1.00
2017.06.06 08:12:07.998,0.69148,0.69165,1.87,1.00
2017.06.06 08:12:08.049,0.69145,0.69162,2.62,1.00
2017.06.06 08:12:08.100,0.69145,0.69162,2.25,1.00
2017.06.06 08:12:08.960,0.69146,0.69163,1.50,1.00
2017.06.06 08:12:10.388,0.69147,0.69164,1.50,1.00
2017.06.06 08:12:10.481,0.69147,0.69164,1.50,1.00
2017.06.06 08:12:11.032,0.6915,0.69165,1.00,1.00
2017.06.06 08:12:11.555,0.69151,0.69166,1.00,1.00
2017.06.06 08:12:12.195,0.69149,0.69166,1.12,1.37
2017.06.06 08:12:12.875,0.69149,0.69166,1.12,1.50
2017.06.06 08:12:13.397,0.6915,0.69167,1.00,1.00
2017.06.06 08:12:13.751,0.69147,0.69164,1.37,1.00
2017.06.06 08:12:13.881,0.69145,0.69162,1.87,1.50
2017.06.06 08:12:14.489,0.69145,0.69162,1.00,1.00
2017.06.06 08:12:15.499,0.69147,0.69162,1.00,1.00
2017.06.06 08:12:15.728,0.69147,0.69164,1.50,1.00
2017.06.06 08:12:15.882,0.6915,0.69165,1.00,1.00
2017.06.06 08:12:16.034,0.6915,0.69167,1.00,1.00
2017.06.06 08:12:18.505,0.69149,0.69166,1.12,1.00
2017.06.06 08:12:20.108,0.69148,0.69165,1.37,1.00
2017.06.06 08:12:20.780,0.69148,0.69165,1.00,1.00
2017.06.06 08:12:22.346,0.6915,0.69167,1.12,1.00
2017.06.06 08:12:22.675,0.69152,0.69169,1.12,1.00
2017.06.06 08:12:23.025,0.69151,0.69166,1.00,1.00
2017.06.06 08:12:24.490,0.69151,0.69168,1.00,1.12
2017.06.06 08:12:26.643,0.69151,0.6917,1.00,1.12
2017.06.06 08:12:30.566,0.69151,0.69168,1.12,1.00
2017.06.06 08:12:33.972,0.69152,0.69169,1.00,1.00
2017.06.06 08:12:36.865,0.69152,0.69169,1.00,1.37
2017.06.06 08:12:37.376,0.69152,0.69169,1.00,1.37
2017.06.06 08:12:37.942,0.69152,0.69169,1.00,1.37
2017.06.06 08:12:41.383,0.69154,0.69169,1.00,1.00
2017.06.06 08:12:42.507,0.69152,0.69169,1.37,1.12
2017.06.06 08:12:44.172,0.69153,0.6917,1.12,1.12
2017.06.06 08:12:45.831,0.69153,0.6917,1.50,1.00
2017.06.06 08:12:46.134,0.69155,0.69172,1.00,1.00
2017.06.06 08:12:46.337,0.69157,0.69174,1.12,1.00
2017.06.06 08:12:46.649,0.6916,0.69175,1.00,1.00
2017.06.06 08:12:54.101,0.69157,0.69175,1.50,1.00
2017.06.06 08:12:54.860,0.69157,0.69175,1.37,1.00
2017.06.06 08:12:55.485,0.69159,0.69174,1.00,1.00
2017.06.06 08:12:55.609,0.69161,0.69176,1.00,1.00
2017.06.06 08:13:00.194,0.69161,0.69176,1.00,1.37
2017.06.06 08:13:01.637,0.69161,0.69176,1.00,1.12
2017.06.06 08:13:02.526,0.69161,0.69178,1.00,2.25
2017.06.06 08:13:06.649,0.69161,0.69176,1.00,1.00
2017.06.06 08:13:08.734,0.69158,0.69175,1.12,1.00
2017.06.06 08:13:08.885,0.69158,0.69173,1.12,1.00
2017.06.06 08:13:13.335,0.69158,0.69175,1.12,1.00
2017.06.06 08:13:13.386,0.69161,0.69176,1.12,1.00
2017.06.06 08:13:13.437,0.69161,0.69178,1.12,1.00
2017.06.06 08:13:13.488,0.69163,0.6918,1.00,1.37
2017.06.06 08:13:14.007,0.69163,0.6918,1.00,1.00
2017.06.06 08:13:14.647,0.69164,0.69181,1.00,1.00
2017.06.06 08:13:21.213,0.69163,0.6918,1.00,1.00
2017.06.06 08:13:22.161,0.69164,0.69181,1.00,1.50
2017.06.06 08:13:24.581,0.69163,0.6918,1.00,1.00
2017.06.06 08:13:26.113,0.69165,0.69182,1.00,1.00
2017.06.06 08:13:27.230,0.69165,0.69181,1.00,1.00
2017.06.06 08:13:28.014,0.69164,0.69181,1.00,1.50
2017.06.06 08:13:29.494,0.69164,0.69179,1.00,1.00
2017.06.06 08:13:34.751,0.69162,0.69179,2.25,1.00
2017.06.06 08:13:35.740,0.69163,0.6918,1.00,1.50
2017.06.06 08:13:37.468,0.69162,0.69179,1.12,1.00
2017.06.06 08:13:45.019,0.69162,0.69177,1.00,1.00
2017.06.06 08:13:50.072,0.69162,0.69179,1.00,1.00
2017.06.06 08:13:51.074,0.69161,0.69178,2.25,1.00
2017.06.06 08:13:52.078,0.69162,0.69179,1.00,1.00
2017.06.06 08:13:57.770,0.6916,0.69177,1.12,1.00
2017.06.06 08:13:59.376,0.69159,0.69176,1.00,1.00
2017.06.06 08:13:59.698,0.69157,0.69172,1.00,1.00
2017.06.06 08:14:00.520,0.69155,0.69172,1.00,1.00
2017.06.06 08:14:02.861,0.69155,0.69173,1.37,1.00
2017.06.06 08:14:05.725,0.69156,0.69174,1.12,1.00
2017.06.06 08:14:10.307,0.69155,0.69173,1.37,1.00
2017.06.06 08:14:12.090,0.69156,0.69174,1.12,1.00
2017.06.06 08:14:15.318,0.69155,0.69173,1.37,1.00
2017.06.06 08:14:15.853,0.69157,0.69174,1.00,1.50
2017.06.06 08:14:20.914,0.6916,0.69175,1.00,1.00
2017.06.06 08:14:21.118,0.69162,0.69179,1.00,1.12
2017.06.06 08:14:21.169,0.69162,0.69177,1.00,1.00
2017.06.06 08:14:21.220,0.6916,0.69177,1.12,1.00
2017.06.06 08:14:22.208,0.69159,0.69176,2.25,1.00
2017.06.06 08:14:22.723,0.69159,0.69175,1.37,1.00
2017.06.06 08:14:34.891,0.69158,0.69175,1.12,1.00
2017.06.06 08:14:40.604,0.69158,0.69175,1.50,1.00
2017.06.06 08:14:41.140,0.69158,0.69175,1.12,1.00
2017.06.06 08:14:42.982,0.6916,0.69177,1.00,1.00
2017.06.06 08:14:43.489,0.69159,0.69176,1.37,1.12
2017.06.06 08:14:43.540,0.69159,0.69176,1.00,1.12
2017.06.06 08:14:50.388,0.69158,0.69175,1.87,1.00
2017.06.06 08:14:50.922,0.69158,0.69173,1.00,1.00
2017.06.06 08:14:51.124,0.69156,0.69173,1.00,1.00
2017.06.06 08:14:51.773,0.69156,0.69173,1.00,1.37
2017.06.06 08:14:54.966,0.69157,0.69174,1.00,1.37
2017.06.06 08:14:55.017,0.69157,0.69174,1.00,1.00
2017.06.06 08:14:55.548,0.69159,0.69174,1.00,1.00
2017.06.06 08:14:57.196,0.6916,0.69174,1.00,1.00
2017.06.06 08:14:57.381,0.6916,0.69176,1.00,1.00
2017.06.06 08:14:57.974,0.6916,0.69177,1.00,1.00
2017.06.06 08:15:00.171,0.6916,0.69176,1.00,1.00
2017.06.06 08:15:09.405,0.69159,0.69176,1.00,1.12
2017.06.06 08:15:10.248,0.69159,0.69176,1.00,1.37
2017.06.06 08:15:10.390,0.69158,0.69173,1.00,1.00
2017.06.06 08:15:16.111,0.69158,0.69174,1.00,1.00
2017.06.06 08:15:20.904,0.69158,0.69173,1.00,1.00
2017.06.06 08:15:21.525,0.69157,0.69173,1.00,1.00
2017.06.06 08:15:23.125,0.69156,0.69173,1.00,1.12
2017.06.06 08:15:23.654,0.69156,0.69172,1.00,1.00
2017.06.06 08:15:24.348,0.69156,0.69173,1.12,1.00
2017.06.06 08:15:25.275,0.69156,0.69173,1.87,1.00
2017.06.06 08:15:27.608,0.69157,0.69172,1.12,1.00
2017.06.06 08:15:40.372,0.69158,0.69173,1.00,1.00
2017.06.06 08:15:42.118,0.6916,0.69175,1.50,1.12
2017.06.06 08:15:46.528,0.6916,0.69177,1.50,1.00
2017.06.06 08:15:47.076,0.69161,0.69177,1.00,1.12
2017.06.06 08:15:49.906,0.69162,0.69177,1.00,1.00
2017.06.06 08:15:50.516,0.69162,0.69178,1.00,1.00
2017.06.06 08:15:54.086,0.6916,0.69177,1.00,1.12
2017.06.06 08:15:54.137,0.69159,0.69174,1.12,1.00
2017.06.06 08:15:54.467,0.69156,0.69171,1.00,1.00
2017.06.06 08:15:55.592,0.69155,0.69172,1.87,1.00
2017.06.06 08:15:57.106,0.69155,0.6917,1.50,1.00
2017.06.06 08:15:59.735,0.69156,0.69171,1.00,1.00
2017.06.06 08:15:59.887,0.69156,0.69173,1.87,1.00
2017.06.06 08:16:00.028,0.69158,0.69175,1.00,1.00
2017.06.06 08:16:00.416,0.69158,0.69172,1.00,1.00
2017.06.06 08:16:01.012,0.69157,0.69172,1.00,1.00
2017.06.06 08:16:02.328,0.69155,0.69171,1.00,1.00
2017.06.06 08:16:03.056,0.69158,0.69173,1.00,1.00
2017.06.06 08:16:04.018,0.69157,0.69173,1.00,1.00
2017.06.06 08:16:04.590,0.69158,0.69173,1.00,1.00
2017.06.06 08:16:05.101,0.69157,0.69172,1.50,1.00
2017.06.06 08:16:05.396,0.69157,0.69174,1.50,1.00
2017.06.06 08:16:06.049,0.69157,0.69173,1.00,1.00
2017.06.06 08:16:06.717,0.69157,0.69174,1.87,1.00
2017.06.06 08:16:07.271,0.69157,0.69173,1.00,1.00
2017.06.06 08:16:08.071,0.69157,0.69174,1.50,1.00
2017.06.06 08:16:08.523,0.69157,0.69172,1.50,1.00
2017.06.06 08:16:10.997,0.69156,0.69171,1.00,1.00
2017.06.06 08:16:13.710,0.69158,0.69171,1.00,1.00
2017.06.06 08:16:14.364,0.69158,0.69172,1.00,1.00
2017.06.06 08:16:15.025,0.69157,0.69172,1.00,1.00
2017.06.06 08:16:15.736,0.69156,0.69172,1.00,1.00
2017.06.06 08:16:16.134,0.69156,0.6917,1.00,1.00
2017.06.06 08:16:18.412,0.69156,0.69172,1.00,1.00
2017.06.06 08:16:18.742,0.69156,0.69172,1.00,1.37
2017.06.06 08:16:19.260,0.69155,0.69172,1.50,1.37
2017.06.06 08:16:20.203,0.69156,0.69172,1.00,1.00
2017.06.06 08:16:20.798,0.69156,0.69173,2.25,1.00
2017.06.06 08:16:21.315,0.69157,0.69174,1.12,1.00
2017.06.06 08:16:23.593,0.69157,0.69174,1.37,1.00
2017.06.06 08:16:23.952,0.69157,0.69174,1.12,1.00
2017.06.06 08:16:24.500,0.69159,0.69176,1.00,1.00
2017.06.06 08:16:24.888,0.6916,0.69177,2.25,1.00
2017.06.06 08:16:26.616,0.6916,0.69177,1.12,1.00
2017.06.06 08:16:33.933,0.6916,0.69177,1.50,1.00
2017.06.06 08:16:33.983,0.69158,0.69175,1.87,1.00
2017.06.06 08:16:34.034,0.69158,0.69175,1.87,1.00
2017.06.06 08:16:34.243,0.69158,0.69175,1.87,1.00
2017.06.06 08:16:36.206,0.69159,0.69176,1.87,1.00
2017.06.06 08:16:36.569,0.69159,0.69174,1.00,1.00
2017.06.06 08:16:44.429,0.69158,0.69173,1.00,1.00
2017.06.06 08:16:47.691,0.69156,0.69173,1.87,1.00
2017.06.06 08:16:52.418,0.69158,0.69175,1.00,1.12
2017.06.06 08:16:56.921,0.69157,0.69174,1.50,1.00
2017.06.06 08:17:17.061,0.69158,0.69175,1.00,1.37
2017.06.06 08:17:17.594,0.69158,0.69175,1.00,1.00
2017.06.06 08:17:21.930,0.69158,0.69173,1.00,1.00
2017.06.06 08:17:22.464,0.69156,0.69173,1.87,1.00
2017.06.06 08:17:22.721,0.69158,0.69173,1.00,1.00
2017.06.06 08:17:28.857,0.6916,0.69175,1.50,1.00
2017.06.06 08:17:28.908,0.69161,0.69178,1.00,1.50
2017.06.06 08:17:29.060,0.69159,0.69176,1.37,1.00
2017.06.06 08:17:29.603,0.69162,0.69177,1.00,1.00
2017.06.06 08:17:30.185,0.69162,0.69179,1.37,1.00
2017.06.06 08:17:32.218,0.69163,0.6918,1.12,1.00
2017.06.06 08:17:32.911,0.69162,0.69177,1.00,1.00
2017.06.06 08:17:33.063,0.69159,0.69176,1.00,1.00
2017.06.06 08:17:34.250,0.69158,0.69173,1.00,1.12
2017.06.06 08:17:36.838,0.69156,0.69173,1.00,1.00
2017.06.06 08:17:37.398,0.69156,0.69173,1.00,1.37
2017.06.06 08:17:38.970,0.69156,0.69171,1.00,1.00
2017.06.06 08:17:39.071,0.69158,0.69174,1.00,1.00
2017.06.06 08:17:40.023,0.6916,0.69173,1.00,1.00
2017.06.06 08:17:44.900,0.69158,0.69174,1.12,1.00
2017.06.06 08:17:45.268,0.69161,0.69174,1.00,1.00
2017.06.06 08:17:45.941,0.69159,0.69174,1.87,1.00
2017.06.06 08:17:46.694,0.6916,0.69175,1.00,1.00
2017.06.06 08:17:47.311,0.69158,0.69173,1.12,1.00
2017.06.06 08:17:47.647,0.69156,0.69171,1.00,1.00
2017.06.06 08:17:50.258,0.69156,0.6917,1.00,1.00
2017.06.06 08:17:50.360,0.69154,0.69169,1.12,1.00
2017.06.06 08:17:51.312,0.69154,0.69168,1.00,1.00
2017.06.06 08:17:52.307,0.69153,0.69168,1.00,1.00
2017.06.06 08:17:53.158,0.69153,0.6917,1.00,1.00
2017.06.06 08:17:57.862,0.69152,0.69169,1.87,1.00
2017.06.06 08:17:59.433,0.69154,0.69169,1.00,1.00
2017.06.06 08:18:02.344,0.69152,0.69167,1.12,1.00
2017.06.06 08:18:02.495,0.6915,0.69166,1.00,1.00
2017.06.06 08:18:03.312,0.6915,0.69165,1.00,1.00
2017.06.06 08:18:04.296,0.69151,0.69165,1.00,1.00
2017.06.06 08:18:05.127,0.69151,0.69166,1.50,1.00
2017.06.06 08:18:06.148,0.69151,0.69167,1.00,1.12
2017.06.06 08:18:06.852,0.69151,0.69165,1.00,1.00
2017.06.06 08:18:07.366,0.6915,0.69165,1.12,1.00
2017.06.06 08:18:08.168,0.6915,0.69167,1.50,1.12
2017.06.06 08:18:08.270,0.69151,0.69168,1.87,1.37
2017.06.06 08:18:08.861,0.69152,0.69168,1.00,1.00
2017.06.06 08:18:09.506,0.69153,0.69168,1.00,1.37
2017.06.06 08:18:10.776,0.69153,0.69168,1.00,1.00
2017.06.06 08:18:11.287,0.69154,0.69169,1.50,1.00
2017.06.06 08:18:15.102,0.69153,0.69169,1.00,1.12
2017.06.06 08:18:16.471,0.69154,0.69169,1.00,1.00
2017.06.06 08:18:17.115,0.69154,0.69169,1.00,1.37
2017.06.06 08:18:17.701,0.69153,0.69169,1.00,1.37
2017.06.06 08:18:17.877,0.69153,0.6917,1.50,1.00
2017.06.06 08:18:17.929,0.69155,0.6917,1.00,1.00
2017.06.06 08:18:22.540,0.69154,0.69169,1.00,1.00
2017.06.06 08:18:24.481,0.69153,0.69169,1.00,1.37
2017.06.06 08:18:25.049,0.69153,0.69169,1.00,1.12
2017.06.06 08:18:31.501,0.69153,0.69167,1.00,1.00
2017.06.06 08:18:32.073,0.69152,0.69167,1.50,1.00
2017.06.06 08:18:50.912,0.69155,0.6917,1.00,1.00
2017.06.06 08:18:50.963,0.69153,0.6917,1.50,1.00
2017.06.06 08:18:51.642,0.69153,0.6917,1.50,1.37
2017.06.06 08:18:53.525,0.69153,0.6917,1.50,1.00
2017.06.06 08:18:55.876,0.69155,0.69172,1.50,1.12
2017.06.06 08:18:56.382,0.69156,0.69173,1.87,1.00
2017.06.06 08:18:56.720,0.69158,0.69173,1.00,1.00
2017.06.06 08:18:57.297,0.69157,0.69172,1.50,1.00
2017.06.06 08:19:04.147,0.69157,0.69174,1.50,1.00
2017.06.06 08:19:06.418,0.69157,0.69173,1.00,1.00
2017.06.06 08:19:06.469,0.69155,0.6917,1.37,1.00
2017.06.06 08:19:06.671,0.69155,0.69172,1.00,1.00
2017.06.06 08:19:07.485,0.69154,0.69171,1.50,1.00
2017.06.06 08:19:11.010,0.69154,0.6917,1.00,1.00
2017.06.06 08:19:13.012,0.69154,0.69171,1.50,1.00
2017.06.06 08:19:15.559,0.69155,0.69172,1.00,1.00
2017.06.06 08:19:16.079,0.69155,0.6917,1.50,1.00
2017.06.06 08:19:21.836,0.69157,0.69172,1.00,1.12
2017.06.06 08:19:22.040,0.69158,0.69174,1.00,1.00
2017.06.06 08:19:22.141,0.6916,0.69176,1.00,1.00
2017.06.06 08:19:22.475,0.69162,0.69176,1.00,1.00
2017.06.06 08:19:22.857,0.69162,0.69178,1.00,1.00
2017.06.06 08:19:26.363,0.69163,0.69178,1.00,1.00
2017.06.06 08:19:28.047,0.69162,0.69179,1.00,1.00
2017.06.06 08:19:28.841,0.69162,0.69178,1.00,1.00
2017.06.06 08:19:29.394,0.69162,0.69179,2.25,1.00
2017.06.06 08:19:30.171,0.69162,0.69179,1.87,1.00
2017.06.06 08:19:36.097,0.69161,0.69178,1.37,1.12
2017.06.06 08:19:36.670,0.69161,0.69178,1.00,1.12
2017.06.06 08:19:41.070,0.6916,0.69177,1.87,1.00
2017.06.06 08:19:41.786,0.69161,0.69177,1.00,1.00
2017.06.06 08:19:48.112,0.6916,0.69177,1.12,1.00
2017.06.06 08:20:02.954,0.6916,0.69177,1.87,1.00
2017.06.06 08:20:03.910,0.69163,0.69177,1.00,1.00
2017.06.06 08:20:04.547,0.69163,0.69178,1.00,1.00
2017.06.06 08:20:05.298,0.69163,0.69177,1.00,1.00
2017.06.06 08:20:09.878,0.69163,0.69178,1.00,1.00
2017.06.06 08:20:10.030,0.69164,0.69181,1.50,1.12
2017.06.06 08:20:11.275,0.69164,0.69181,1.87,1.00
2017.06.06 08:20:13.137,0.69165,0.69182,1.37,1.00
2017.06.06 08:20:14.533,0.69165,0.69182,1.12,1.00
2017.06.06 08:20:16.763,0.69165,0.69181,1.12,1.00
2017.06.06 08:20:17.777,0.69165,0.69182,1.00,1.00
2017.06.06 08:20:21.173,0.69165,0.69181,1.12,1.00
2017.06.06 08:20:22.152,0.69166,0.69181,1.00,1.00
2017.06.06 08:20:27.827,0.69166,0.69183,1.00,1.00
2017.06.06 08:20:28.796,0.69166,0.69182,1.00,1.00
2017.06.06 08:20:33.502,0.69168,0.69184,1.00,1.12
2017.06.06 08:20:34.120,0.69168,0.69184,1.37,1.12
2017.06.06 08:20:34.925,0.69168,0.69184,1.12,1.12
2017.06.06 08:20:40.463,0.69166,0.69182,1.00,1.00
2017.06.06 08:20:40.767,0.69163,0.69179,1.00,1.00
2017.06.06 08:20:46.736,0.69162,0.69179,1.00,1.00
2017.06.06 08:20:48.737,0.69162,0.69178,1.00,1.00
2017.06.06 08:20:58.225,0.69162,0.69179,1.00,1.00
2017.06.06 08:20:59.846,0.69163,0.69179,1.00,1.00
2017.06.06 08:21:00.417,0.69164,0.6918,1.00,1.00
2017.06.06 08:21:01.802,0.69164,0.69178,1.50,1.00
2017.06.06 08:21:04.557,0.69162,0.69178,1.50,1.00
2017.06.06 08:21:07.218,0.69162,0.69177,1.00,1.00
2017.06.06 08:21:08.227,0.69161,0.69177,1.50,1.00
2017.06.06 08:21:08.770,0.69161,0.69176,1.00,1.00
2017.06.06 08:21:10.060,0.6916,0.69176,1.00,1.00
2017.06.06 08:21:11.073,0.6916,0.69175,1.50,1.00
2017.06.06 08:21:13.259,0.6916,0.69176,1.50,1.00
2017.06.06 08:21:16.883,0.69159,0.69176,1.00,1.12
2017.06.06 08:21:17.786,0.69158,0.69175,1.50,1.00
2017.06.06 08:21:21.929,0.69161,0.69176,1.00,1.12
2017.06.06 08:21:22.351,0.69162,0.69178,1.00,1.00
2017.06.06 08:21:25.848,0.69162,0.69176,1.00,1.00
2017.06.06 08:21:26.408,0.69161,0.69176,1.00,1.00
2017.06.06 08:21:27.028,0.69161,0.69177,1.00,1.00
2017.06.06 08:21:28.285,0.69161,0.69176,1.00,1.00
2017.06.06 08:21:28.749,0.69161,0.69176,1.37,1.00
2017.06.06 08:21:29.178,0.69161,0.69178,1.37,1.00
2017.06.06 08:21:31.104,0.69162,0.69179,1.12,1.87
2017.06.06 08:21:31.156,0.69163,0.6918,1.60,1.87
2017.06.06 08:21:31.811,0.69163,0.6918,1.12,1.00
2017.06.06 08:21:32.483,0.69163,0.6918,1.37,1.50
2017.06.06 08:21:33.042,0.69165,0.6918,1.12,1.00
2017.06.06 08:21:33.635,0.69165,0.69182,1.12,1.50
2017.06.06 08:21:34.159,0.69166,0.69182,1.12,1.00
2017.06.06 08:21:34.714,0.69165,0.69182,1.12,1.00
2017.06.06 08:21:34.898,0.69166,0.6918,1.00,1.00
2017.06.06 08:21:35.858,0.69165,0.69182,1.12,1.50
2017.06.06 08:21:36.674,0.69165,0.69182,1.00,1.87
2017.06.06 08:21:37.267,0.69165,0.6918,1.00,1.00
2017.06.06 08:21:38.335,0.69165,0.6918,1.00,1.37
2017.06.06 08:21:39.592,0.69165,0.69181,1.00,1.87
2017.06.06 08:21:39.917,0.69163,0.6918,1.00,1.00
2017.06.06 08:21:43.325,0.69162,0.69179,1.00,1.00
2017.06.06 08:21:46.327,0.69163,0.6918,1.00,1.50
2017.06.06 08:21:46.522,0.69165,0.69181,1.00,1.00
2017.06.06 08:21:47.205,0.69166,0.69181,1.00,1.00
2017.06.06 08:21:47.897,0.69167,0.69182,1.00,1.00
2017.06.06 08:21:48.941,0.69166,0.69181,1.00,1.00
2017.06.06 08:21:49.929,0.69166,0.69183,1.00,1.00
2017.06.06 08:21:50.280,0.69165,0.69182,1.00,1.37
2017.06.06 08:21:50.917,0.69164,0.69181,1.00,1.12
2017.06.06 08:21:53.546,0.69163,0.6918,1.12,1.00
2017.06.06 08:21:54.122,0.69162,0.69179,1.12,1.00
2017.06.06 08:21:54.820,0.69164,0.69178,1.00,1.00
2017.06.06 08:21:56.092,0.69164,0.69179,1.00,1.00
2017.06.06 08:21:56.619,0.69163,0.69178,1.00,1.00
2017.06.06 08:21:57.140,0.69164,0.69179,1.00,1.00
2017.06.06 08:21:57.800,0.69163,0.69178,1.00,1.00
2017.06.06 08:21:58.378,0.69163,0.69179,1.00,1.00
2017.06.06 08:21:59.084,0.69162,0.69179,1.00,1.00
2017.06.06 08:21:59.388,0.69164,0.6918,1.00,1.00
2017.06.06 08:22:00.239,0.69163,0.6918,1.00,1.00
2017.06.06 08:22:01.286,0.69164,0.69181,1.00,1.87
2017.06.06 08:22:02.554,0.69162,0.69179,1.00,1.50
2017.06.06 08:22:14.951,0.69163,0.6918,2.62,1.00
2017.06.06 08:22:15.318,0.69165,0.6918,1.12,1.00
2017.06.06 08:22:18.864,0.69165,0.6918,1.37,1.00
2017.06.06 08:22:25.938,0.69165,0.69182,1.37,1.87
2017.06.06 08:22:25.990,0.69166,0.69182,1.37,1.12
2017.06.06 08:22:26.177,0.69164,0.69181,1.12,1.50
2017.06.06 08:22:27.131,0.69163,0.6918,1.87,1.00
2017.06.06 08:22:27.697,0.69163,0.6918,1.50,1.00
2017.06.06 08:22:28.364,0.69163,0.6918,1.87,1.00
2017.06.06 08:22:30.285,0.69165,0.69179,1.12,1.00
2017.06.06 08:22:31.275,0.69165,0.6918,1.12,1.00
2017.06.06 08:22:31.813,0.69164,0.69181,1.87,1.12
2017.06.06 08:22:32.435,0.69164,0.69182,1.87,1.87
2017.06.06 08:22:32.637,0.69166,0.69183,1.12,1.50
2017.06.06 08:22:33.434,0.69166,0.69182,1.00,1.00
2017.06.06 08:22:34.433,0.69166,0.69183,1.00,1.50
2017.06.06 08:22:35.227,0.69166,0.69183,1.87,1.00
2017.06.06 08:22:37.246,0.69166,0.69183,1.87,1.00
2017.06.06 08:22:37.751,0.69166,0.69183,1.87,1.00
2017.06.06 08:22:38.629,0.69166,0.69183,1.87,1.00
2017.06.06 08:22:38.960,0.69166,0.69183,1.87,1.00
2017.06.06 08:22:39.608,0.69168,0.69183,1.37,1.00
2017.06.06 08:22:40.147,0.69168,0.69183,1.00,1.00
2017.06.06 08:22:40.692,0.69166,0.69183,1.87,1.00
2017.06.06 08:22:41.605,0.69168,0.69183,1.00,1.00
2017.06.06 08:22:42.101,0.69168,0.69183,1.37,1.00
2017.06.06 08:22:42.806,0.69169,0.69184,1.37,1.12
2017.06.06 08:22:43.341,0.69167,0.69184,2.62,1.12
2017.06.06 08:22:44.272,0.69167,0.69184,1.00,1.12
2017.06.06 08:22:44.749,0.69167,0.69184,1.87,1.12
2017.06.06 08:22:45.366,0.69168,0.69184,1.00,1.12
2017.06.06 08:22:48.400,0.69168,0.69182,1.00,1.00
2017.06.06 08:22:48.849,0.69168,0.69184,1.12,1.00
2017.06.06 08:22:49.978,0.69167,0.69183,1.37,1.00
2017.06.06 08:22:51.019,0.69167,0.69181,1.00,1.00
2017.06.06 08:22:51.526,0.69166,0.69181,2.25,1.00
2017.06.06 08:23:03.688,0.69166,0.69183,1.87,1.00
2017.06.06 08:23:03.739,0.69166,0.69181,1.87,1.00
2017.06.06 08:23:04.108,0.69164,0.69179,2.62,1.00
2017.06.06 08:23:04.443,0.69168,0.69183,1.87,1.00
2017.06.06 08:23:05.149,0.69169,0.69184,1.00,1.00
2017.06.06 08:23:09.152,0.69169,0.69184,1.87,1.00
2017.06.06 08:23:13.604,0.69169,0.69184,1.12,1.00
2017.06.06 08:23:14.122,0.69168,0.69185,2.62,1.87
2017.06.06 08:23:14.951,0.69168,0.69185,2.62,1.87
2017.06.06 08:23:15.495,0.69168,0.69184,1.87,1.00
2017.06.06 08:23:16.020,0.69168,0.69184,1.87,1.00
2017.06.06 08:23:19.978,0.69169,0.69184,1.37,1.00
2017.06.06 08:23:22.554,0.6917,0.69184,1.37,1.00
2017.06.06 08:23:23.063,0.69169,0.69186,1.87,1.37
2017.06.06 08:23:34.878,0.6917,0.69187,1.87,1.12
2017.06.06 08:23:35.934,0.6917,0.69185,1.00,1.00
2017.06.06 08:23:43.134,0.69171,0.69186,1.87,1.00
2017.06.06 08:23:43.294,0.69174,0.6919,1.00,1.00
2017.06.06 08:23:43.496,0.69175,0.69192,1.00,1.00
2017.06.06 08:23:43.749,0.69177,0.69193,1.50,1.00
2017.06.06 08:23:44.727,0.69178,0.69193,1.00,1.00
2017.06.06 08:23:46.940,0.69177,0.69192,1.00,1.00
2017.06.06 08:23:47.143,0.69175,0.69192,2.25,1.00
2017.06.06 08:23:49.561,0.69176,0.69193,2.47,1.00
2017.06.06 08:23:49.612,0.69179,0.69193,1.00,1.00
2017.06.06 08:23:49.815,0.69182,0.69199,2.47,1.12
2017.06.06 08:23:49.867,0.69184,0.69199,1.00,1.12
2017.06.06 08:23:50.439,0.69184,0.69199,2.62,1.00
2017.06.06 08:23:50.703,0.69185,0.69201,1.00,1.00
2017.06.06 08:23:51.613,0.69184,0.69199,1.00,1.00
2017.06.06 08:23:51.766,0.69181,0.69198,1.50,1.37
2017.06.06 08:23:52.402,0.69181,0.69198,1.50,1.12
2017.06.06 08:23:52.782,0.69182,0.69196,1.50,1.00
2017.06.06 08:23:52.935,0.69177,0.69194,1.50,1.00
2017.06.06 08:23:53.440,0.69178,0.69195,1.50,1.00
2017.06.06 08:23:54.538,0.69179,0.69195,1.00,1.00
2017.06.06 08:23:55.096,0.69179,0.69196,1.87,1.00
2017.06.06 08:23:55.822,0.6918,0.69197,1.87,1.12
2017.06.06 08:23:56.603,0.69181,0.69196,1.00,1.00
2017.06.06 08:23:59.940,0.6918,0.69196,1.00,1.00
2017.06.06 08:23:59.991,0.69179,0.69194,1.87,1.00
2017.06.06 08:24:01.285,0.69177,0.69194,1.87,1.00
2017.06.06 08:24:02.145,0.69179,0.69194,1.87,1.00
2017.06.06 08:24:02.522,0.6918,0.69196,1.00,1.00
2017.06.06 08:24:02.573,0.6918,0.69196,1.37,1.00
2017.06.06 08:24:03.514,0.69181,0.69195,1.37,1.00
2017.06.06 08:24:04.505,0.6918,0.69197,1.87,1.00
2017.06.06 08:24:05.509,0.69181,0.69195,1.37,1.00
2017.06.06 08:24:06.172,0.69176,0.69193,2.25,1.12
2017.06.06 08:24:06.224,0.69174,0.69191,1.50,1.00
2017.06.06 08:24:06.376,0.69174,0.69191,1.37,1.00
2017.06.06 08:24:06.736,0.69178,0.69193,1.37,1.12
2017.06.06 08:24:06.888,0.69178,0.69193,1.00,1.12
2017.06.06 08:24:07.042,0.6918,0.69197,1.00,1.12
2017.06.06 08:24:08.003,0.69179,0.69196,1.37,1.00
2017.06.06 08:24:11.816,0.69181,0.69196,1.37,1.00
2017.06.06 08:24:12.360,0.69181,0.69196,1.00,1.00
2017.06.06 08:24:17.261,0.69181,0.69197,1.00,1.00
2017.06.06 08:24:20.007,0.69182,0.69198,1.00,1.00
2017.06.06 08:24:20.539,0.6918,0.69198,1.12,1.00
2017.06.06 08:24:21.062,0.69181,0.69198,1.12,1.00
2017.06.06 08:24:23.981,0.69181,0.69199,1.12,1.12
2017.06.06 08:24:26.292,0.69181,0.69198,1.00,1.00
2017.06.06 08:24:26.613,0.69181,0.69196,1.00,1.00
2017.06.06 08:24:28.656,0.69182,0.69196,1.00,1.00
2017.06.06 08:24:29.734,0.69183,0.692,1.50,1.37
2017.06.06 08:24:29.837,0.69184,0.69201,1.50,1.12
2017.06.06 08:24:29.989,0.69186,0.69203,1.00,1.37
2017.06.06 08:24:30.336,0.6919,0.69204,1.00,1.00
2017.06.06 08:24:30.709,0.69187,0.69204,1.00,1.00
2017.06.06 08:24:31.276,0.69186,0.69203,1.12,1.00
2017.06.06 08:24:31.781,0.69187,0.69204,1.00,1.00
2017.06.06 08:24:31.932,0.69193,0.69208,1.00,1.87
2017.06.06 08:24:32.084,0.69195,0.69212,1.00,1.12
2017.06.06 08:24:32.287,0.69196,0.69214,1.50,1.00
2017.06.06 08:24:32.338,0.69196,0.69214,1.50,1.37
2017.06.06 08:24:32.925,0.69196,0.69212,1.50,1.12
2017.06.06 08:24:33.745,0.69196,0.69212,1.50,1.37
2017.06.06 08:24:34.051,0.69197,0.69213,1.00,1.12
2017.06.06 08:24:35.148,0.69197,0.69213,1.00,1.37
2017.06.06 08:24:35.199,0.69195,0.69212,1.50,1.37
2017.06.06 08:24:35.895,0.69195,0.69212,1.50,1.00
2017.06.06 08:24:36.859,0.69196,0.69212,1.00,1.00
2017.06.06 08:24:39.096,0.69196,0.69213,1.50,1.12
2017.06.06 08:24:40.287,0.69198,0.69214,1.50,1.37
2017.06.06 08:24:42.441,0.69197,0.69212,1.00,1.00
2017.06.06 08:24:43.678,0.69198,0.69212,1.00,1.00
2017.06.06 08:24:45.247,0.69197,0.69214,1.50,1.37
2017.06.06 08:24:45.823,0.69197,0.69214,1.50,1.75
2017.06.06 08:24:46.642,0.69197,0.69214,1.50,1.50
2017.06.06 08:24:47.168,0.69197,0.69214,1.87,1.37
2017.06.06 08:24:53.917,0.69199,0.69215,1.00,1.37
2017.06.06 08:24:54.228,0.69202,0.69216,1.00,1.12
2017.06.06 08:24:54.329,0.692,0.69216,1.12,1.12
2017.06.06 08:24:56.488,0.692,0.69214,1.00,1.00
2017.06.06 08:24:58.748,0.692,0.69216,1.00,1.12
2017.06.06 08:25:00.045,0.69199,0.69215,1.00,1.00
2017.06.06 08:25:00.147,0.69199,0.69214,1.00,1.37
2017.06.06 08:25:00.677,0.69198,0.69215,1.50,1.87
2017.06.06 08:25:01.018,0.69195,0.6921,1.50,1.50
2017.06.06 08:25:01.069,0.69193,0.69209,1.50,1.37
2017.06.06 08:25:01.592,0.69192,0.69208,1.00,1.50
2017.06.06 08:25:02.165,0.69193,0.69208,1.00,1.00
2017.06.06 08:25:02.687,0.69192,0.69209,1.50,1.37
2017.06.06 08:25:03.690,0.69192,0.69207,1.00,1.00
2017.06.06 08:25:03.740,0.69191,0.69205,1.00,1.00
2017.06.06 08:25:10.471,0.69192,0.69208,1.00,1.12
2017.06.06 08:25:10.724,0.69193,0.69208,1.00,1.50
2017.06.06 08:25:11.256,0.69192,0.69207,1.00,1.37
2017.06.06 08:25:13.782,0.69192,0.69207,1.00,1.00
2017.06.06 08:25:15.497,0.69193,0.69208,1.00,1.12
2017.06.06 08:25:18.274,0.69192,0.69208,1.00,1.12
2017.06.06 08:25:18.784,0.69192,0.69207,1.00,1.00
2017.06.06 08:25:19.352,0.69192,0.69209,1.00,1.50
2017.06.06 08:25:20.205,0.69193,0.69206,1.00,1.87
2017.06.06 08:25:20.257,0.69189,0.69203,1.37,1.00
2017.06.06 08:25:20.424,0.69191,0.69206,1.00,1.12
2017.06.06 08:25:20.577,0.69194,0.69208,1.00,1.37
2017.06.06 08:25:21.187,0.69195,0.69208,1.00,1.37
2017.06.06 08:25:21.486,0.69193,0.69208,1.00,1.37
2017.06.06 08:25:23.768,0.69195,0.69211,1.00,1.75
2017.06.06 08:25:23.869,0.69193,0.6921,1.00,1.50
2017.06.06 08:25:24.021,0.69196,0.69211,1.00,1.37
2017.06.06 08:25:24.326,0.69198,0.69213,1.00,1.37
2017.06.06 08:25:24.376,0.69198,0.69213,1.00,1.00
2017.06.06 08:25:24.910,0.69197,0.69212,1.00,1.00
2017.06.06 08:25:25.113,0.69195,0.69211,1.50,1.12
2017.06.06 08:25:25.642,0.69196,0.69211,1.00,1.12
2017.06.06 08:25:26.343,0.69196,0.69212,1.50,1.12
2017.06.06 08:25:26.704,0.69198,0.69212,1.00,1.00
2017.06.06 08:25:27.334,0.69198,0.69213,1.50,1.12
2017.06.06 08:25:28.567,0.69198,0.69213,1.50,1.50
2017.06.06 08:25:29.251,0.69199,0.69213,1.00,1.12
2017.06.06 08:25:30.218,0.692,0.69215,1.00,1.37
2017.06.06 08:25:30.745,0.69201,0.69218,1.50,1.87
2017.06.06 08:25:30.797,0.69202,0.69218,1.00,1.87
2017.06.06 08:25:31.097,0.69201,0.69218,1.50,1.75
2017.06.06 08:25:31.182,0.69201,0.69217,1.50,1.00
2017.06.06 08:25:32.116,0.69202,0.69217,1.00,1.00
2017.06.06 08:25:32.955,0.69202,0.69218,1.00,1.75
2017.06.06 08:25:33.739,0.69202,0.69217,1.00,1.50
2017.06.06 08:25:34.306,0.69201,0.69217,1.50,1.50
2017.06.06 08:25:35.667,0.69201,0.69217,1.50,1.50
2017.06.06 08:25:36.090,0.69201,0.69217,1.50,1.12
2017.06.06 08:25:36.191,0.69201,0.69217,1.50,1.50
2017.06.06 08:25:36.293,0.69201,0.69217,1.50,1.50
2017.06.06 08:25:37.088,0.69201,0.69217,1.50,1.50
2017.06.06 08:25:37.746,0.69201,0.69217,1.50,1.50
2017.06.06 08:25:37.912,0.69201,0.69217,1.50,1.50
2017.06.06 08:25:38.170,0.69201,0.69217,1.00,1.50
2017.06.06 08:25:38.646,0.69201,0.69217,1.00,1.50
2017.06.06 08:25:40.095,0.69201,0.69217,1.00,1.50
2017.06.06 08:25:40.196,0.69202,0.69217,1.00,1.00
2017.06.06 08:25:41.573,0.69201,0.69217,1.00,1.50
2017.06.06 08:25:41.674,0.69201,0.69217,1.00,1.50
2017.06.06 08:25:42.622,0.69201,0.69217,1.00,1.50
2017.06.06 08:25:42.825,0.69198,0.69213,1.00,1.00
2017.06.06 08:25:42.926,0.69198,0.69213,1.00,1.37
2017.06.06 08:25:43.079,0.69198,0.69214,1.00,1.00
2017.06.06 08:25:43.180,0.69198,0.69215,1.00,1.75
2017.06.06 08:25:44.116,0.69199,0.69215,1.00,1.75
2017.06.06 08:25:45.369,0.69198,0.69214,1.00,1.50
2017.06.06 08:25:45.648,0.69198,0.69214,1.00,1.50
2017.06.06 08:25:46.376,0.69199,0.69214,1.00,1.50
2017.06.06 08:25:47.415,0.69198,0.69214,1.00,1.50
2017.06.06 08:25:50.410,0.69197,0.69213,1.00,1.00
2017.06.06 08:25:50.563,0.69195,0.69211,1.50,1.00
2017.06.06 08:25:50.766,0.69196,0.69213,1.50,1.00
2017.06.06 08:25:52.618,0.69197,0.69213,1.50,1.00
2017.06.06 08:25:53.170,0.69198,0.69213,1.00,1.00
2017.06.06 08:25:53.688,0.69197,0.69213,1.50,1.00
2017.06.06 08:25:55.332,0.69197,0.69213,1.50,1.37
2017.06.06 08:25:59.001,0.69197,0.69213,1.00,1.12
2017.06.06 08:26:00.554,0.69198,0.69213,1.00,1.00
2017.06.06 08:26:01.082,0.69197,0.69212,1.00,1.00
2017.06.06 08:26:01.335,0.69195,0.69211,1.50,1.00
2017.06.06 08:26:01.878,0.69194,0.6921,1.00,1.00
2017.06.06 08:26:02.575,0.69194,0.69211,1.50,1.12
2017.06.06 08:26:03.362,0.69194,0.6921,1.00,1.00
2017.06.06 08:26:04.338,0.69194,0.69211,1.00,1.12
2017.06.06 08:26:07.335,0.69194,0.69212,1.50,2.25
2017.06.06 08:26:07.908,0.69195,0.69212,1.00,1.12
2017.06.06 08:26:09.731,0.69194,0.69211,1.50,1.00
2017.06.06 08:26:10.548,0.69194,0.69211,1.00,2.47
2017.06.06 08:26:11.174,0.69193,0.6921,1.50,1.50
2017.06.06 08:26:12.919,0.69192,0.69209,1.12,1.00
2017.06.06 08:26:16.831,0.69191,0.69206,1.00,1.00
2017.06.06 08:26:17.185,0.69187,0.69204,1.50,1.00
2017.06.06 08:26:17.734,0.69186,0.69203,1.00,1.12
2017.06.06 08:26:18.240,0.69185,0.69202,1.00,1.00
2017.06.06 08:26:19.181,0.69186,0.69202,1.00,1.00
2017.06.06 08:26:20.066,0.69186,0.69202,1.00,1.37
2017.06.06 08:26:20.169,0.69186,0.69202,1.00,1.00
2017.06.06 08:26:22.826,0.69184,0.69201,1.87,1.12
2017.06.06 08:26:23.377,0.69184,0.69201,1.00,1.37
2017.06.06 08:26:24.857,0.69184,0.69201,1.00,1.00
2017.06.06 08:26:27.041,0.69185,0.69202,1.00,1.00
2017.06.06 08:26:27.143,0.69187,0.69203,1.00,1.00
2017.06.06 08:26:28.887,0.69188,0.69204,1.00,1.00
2017.06.06 08:26:31.032,0.69185,0.69202,1.37,1.00
2017.06.06 08:26:31.193,0.69187,0.69204,1.00,1.12
2017.06.06 08:26:46.409,0.69187,0.69203,1.00,1.00
2017.06.06 08:26:50.903,0.69188,0.69205,1.00,1.87
2017.06.06 08:26:50.954,0.6919,0.69205,1.00,1.37
2017.06.06 08:26:51.487,0.69189,0.69203,1.00,1.00
2017.06.06 08:26:57.020,0.69188,0.69205,1.00,1.00
2017.06.06 08:26:58.950,0.69188,0.69204,1.00,1.00
2017.06.06 08:26:59.259,0.6919,0.69204,1.00,1.00
2017.06.06 08:27:00.241,0.69188,0.69205,1.00,1.00
2017.06.06 08:27:00.785,0.69187,0.69204,1.00,1.12
2017.06.06 08:27:01.742,0.69187,0.69203,1.00,1.00
2017.06.06 08:27:09.061,0.69188,0.69203,1.00,1.00
2017.06.06 08:27:13.986,0.69188,0.69204,1.00,1.00
2017.06.06 08:27:14.549,0.69187,0.69203,1.00,1.00
2017.06.06 08:27:15.233,0.69187,0.69204,1.00,1.12
2017.06.06 08:27:15.745,0.69187,0.69204,1.00,1.37
2017.06.06 08:27:17.572,0.69188,0.69204,1.00,1.37
2017.06.06 08:27:18.280,0.69188,0.69204,1.00,1.00
2017.06.06 08:27:20.165,0.69188,0.69204,1.37,1.00
2017.06.06 08:27:22.620,0.69188,0.69204,1.12,1.00
2017.06.06 08:27:24.762,0.69189,0.69204,1.00,1.00
2017.06.06 08:27:25.270,0.69188,0.69204,1.12,1.00
2017.06.06 08:27:25.839,0.69187,0.69204,1.00,1.00
2017.06.06 08:27:25.940,0.69189,0.69204,1.00,1.00
2017.06.06 08:27:26.799,0.69189,0.69205,1.00,1.00
2017.06.06 08:27:28.417,0.6919,0.69207,1.00,1.50
2017.06.06 08:27:29.381,0.69192,0.69207,1.00,1.00
2017.06.06 08:27:32.709,0.69191,0.69206,1.00,1.00
2017.06.06 08:27:33.013,0.69189,0.69204,1.00,1.00
2017.06.06 08:27:37.451,0.69189,0.69204,1.00,1.37
2017.06.06 08:27:44.011,0.69189,0.69204,1.00,1.00
2017.06.06 08:27:44.587,0.6919,0.69205,1.00,1.00
2017.06.06 08:27:45.410,0.69191,0.69206,1.00,1.00
2017.06.06 08:27:47.754,0.6919,0.69207,1.12,1.00
2017.06.06 08:27:49.989,0.69191,0.69208,1.00,1.37
2017.06.06 08:27:50.296,0.69192,0.69209,1.37,1.00
2017.06.06 08:27:50.823,0.69193,0.6921,1.37,1.12
2017.06.06 08:27:51.352,0.69193,0.6921,1.12,1.12
2017.06.06 08:27:53.173,0.69193,0.6921,1.37,1.12
2017.06.06 08:27:53.325,0.69192,0.69208,1.12,1.00
2017.06.06 08:27:54.230,0.69192,0.69209,1.12,1.00
2017.06.06 08:27:57.072,0.69194,0.69208,1.00,1.00
2017.06.06 08:27:58.817,0.69192,0.69208,1.00,1.00
2017.06.06 08:28:00.361,0.69192,0.69209,1.00,1.00
2017.06.06 08:28:01.170,0.69192,0.69209,1.37,1.00
2017.06.06 08:28:08.342,0.69193,0.69209,1.37,1.00
2017.06.06 08:28:12.511,0.69193,0.69209,1.12,1.00
2017.06.06 08:28:14.110,0.69193,0.69208,1.12,1.00
2017.06.06 08:28:18.991,0.69192,0.69208,1.12,1.00
2017.06.06 08:28:19.531,0.6919,0.69206,1.12,1.00
2017.06.06 08:28:19.784,0.69191,0.69208,1.00,1.12
2017.06.06 08:28:20.509,0.69192,0.69209,1.12,1.00
2017.06.06 08:28:21.171,0.69193,0.69209,1.00,1.00
2017.06.06 08:28:23.797,0.69197,0.69212,1.00,1.00
2017.06.06 08:28:24.123,0.69195,0.6921,1.00,1.00
2017.06.06 08:28:24.795,0.69195,0.69212,1.00,1.12
2017.06.06 08:28:27.987,0.69195,0.69211,1.00,1.00
2017.06.06 08:28:28.038,0.69193,0.6921,1.12,1.00
2017.06.06 08:28:28.089,0.69193,0.69208,1.00,1.00
2017.06.06 08:28:28.595,0.69192,0.69207,1.00,1.00
2017.06.06 08:28:29.143,0.69192,0.69208,1.00,1.00
2017.06.06 08:28:29.574,0.6919,0.69207,1.00,1.00
2017.06.06 08:28:30.464,0.69189,0.69206,1.00,1.00
2017.06.06 08:28:32.460,0.69189,0.69206,1.37,1.00
2017.06.06 08:28:40.774,0.69191,0.69208,1.00,1.00
2017.06.06 08:28:41.358,0.69191,0.69206,1.00,1.00
2017.06.06 08:28:42.004,0.6919,0.69206,1.12,1.00
2017.06.06 08:28:42.658,0.69189,0.69206,1.00,1.87
2017.06.06 08:28:42.993,0.69188,0.69203,1.00,1.50
2017.06.06 08:28:43.043,0.69187,0.69203,1.00,2.25
2017.06.06 08:28:48.370,0.69188,0.69203,1.00,1.50
2017.06.06 08:28:52.411,0.69187,0.69204,1.12,1.87
2017.06.06 08:28:54.266,0.69187,0.69203,1.00,2.47
2017.06.06 08:28:54.789,0.69187,0.69203,1.00,1.50
2017.06.06 08:28:55.332,0.69186,0.69203,1.00,1.87
2017.06.06 08:28:56.466,0.69186,0.69203,1.72,1.87
2017.06.06 08:28:56.568,0.69186,0.69203,1.00,1.87
2017.06.06 08:28:57.191,0.69187,0.69203,1.50,1.12
2017.06.06 08:29:02.469,0.69186,0.69203,1.50,1.12
2017.06.06 08:29:03.011,0.69186,0.69203,1.87,1.12
2017.06.06 08:29:04.465,0.69187,0.69203,1.37,1.12
2017.06.06 08:29:04.570,0.69187,0.69203,1.00,1.12
2017.06.06 08:29:09.515,0.69187,0.69204,1.87,1.00
2017.06.06 08:29:10.468,0.69189,0.69203,1.00,1.00
2017.06.06 08:29:12.400,0.69188,0.69203,1.00,1.00
2017.06.06 08:29:12.944,0.69189,0.69203,1.00,1.00
2017.06.06 08:29:16.320,0.69189,0.69202,1.00,1.00
2017.06.06 08:29:16.908,0.69188,0.69202,1.00,1.00
2017.06.06 08:29:17.794,0.69187,0.69203,1.00,1.00
2017.06.06 08:29:18.547,0.69188,0.69202,1.00,1.00
2017.06.06 08:29:23.353,0.69185,0.69202,1.87,1.00
2017.06.06 08:29:23.700,0.6919,0.69205,1.00,1.00
2017.06.06 08:29:26.400,0.69189,0.69205,1.12,1.00
2017.06.06 08:29:26.907,0.6919,0.69205,1.00,1.00
2017.06.06 08:29:29.266,0.6919,0.69206,1.00,1.50
2017.06.06 08:29:32.833,0.69189,0.69206,1.50,1.12
2017.06.06 08:29:34.197,0.69189,0.69206,1.50,2.85
2017.06.06 08:29:34.500,0.69188,0.69202,1.00,1.00
2017.06.06 08:29:35.231,0.69187,0.69202,1.50,1.00
2017.06.06 08:29:35.839,0.69187,0.69201,1.00,1.00
2017.06.06 08:29:38.411,0.69187,0.69202,1.50,1.00
2017.06.06 08:29:40.039,0.69186,0.69202,1.00,1.12
2017.06.06 08:29:40.805,0.69185,0.69202,1.50,1.12
2017.06.06 08:29:41.619,0.69184,0.69201,1.50,1.12
2017.06.06 08:29:41.923,0.69184,0.69198,1.00,1.00
2017.06.06 08:29:42.224,0.69187,0.69201,1.12,1.00
2017.06.06 08:29:42.918,0.69187,0.69203,1.00,1.37
2017.06.06 08:29:44.282,0.69186,0.69203,1.50,1.37
2017.06.06 08:29:45.102,0.69186,0.69203,1.00,1.12
2017.06.06 08:29:45.861,0.69186,0.69202,1.00,1.00
2017.06.06 08:29:46.890,0.69187,0.69202,1.00,1.00
2017.06.06 08:29:47.442,0.69187,0.69202,1.37,1.00
2017.06.06 08:29:50.668,0.69187,0.69202,1.37,1.00
2017.06.06 08:29:51.765,0.69187,0.69204,1.37,1.12
2017.06.06 08:29:55.192,0.69187,0.69204,1.00,1.12
2017.06.06 08:29:57.778,0.69188,0.69204,1.00,1.12
2017.06.06 08:29:59.309,0.69187,0.69204,1.12,1.00
2017.06.06 08:30:00.566,0.69189,0.69203,1.12,1.00
2017.06.06 08:30:00.617,0.69188,0.69205,1.37,1.00
2017.06.06 08:30:01.145,0.69187,0.69204,1.37,1.00
2017.06.06 08:30:01.196,0.69187,0.69204,1.12,1.00
2017.06.06 08:30:01.720,0.69187,0.69204,1.87,1.00
2017.06.06 08:30:02.436,0.69189,0.69204,1.00,1.00
2017.06.06 08:30:03.106,0.69187,0.69204,1.37,1.00
2017.06.06 08:30:04.723,0.69187,0.69204,1.12,1.00
2017.06.06 08:30:05.380,0.69188,0.69203,1.00,1.00
2017.06.06 08:30:05.940,0.69187,0.69205,1.50,1.00
2017.06.06 08:30:06.503,0.69187,0.69205,1.87,1.00
2017.06.06 08:30:07.039,0.69189,0.69204,1.00,1.00
2017.06.06 08:30:09.281,0.69188,0.69205,1.12,1.50
2017.06.06 08:30:09.382,0.69186,0.69203,1.37,1.00
2017.06.06 08:30:09.707,0.69186,0.69201,1.12,1.12
2017.06.06 08:30:11.606,0.69186,0.69201,1.37,1.12
2017.06.06 08:30:12.349,0.69186,0.692,1.37,1.00
2017.06.06 08:30:17.462,0.69186,0.69201,1.37,1.12
2017.06.06 08:30:20.263,0.69186,0.69201,1.00,1.12
2017.06.06 08:30:21.060,0.69186,0.692,1.00,1.00
2017.06.06 08:30:21.372,0.69183,0.69199,1.37,1.50
2017.06.06 08:30:21.877,0.69184,0.692,1.00,1.00
2017.06.06 08:30:22.159,0.69184,0.69199,1.37,1.50
2017.06.06 08:30:22.990,0.69184,0.69199,1.37,1.87
2017.06.06 08:30:25.120,0.69184,0.69199,1.12,1.87
2017.06.06 08:30:25.521,0.69184,0.69199,1.37,1.87
2017.06.06 08:30:26.276,0.69184,0.69199,1.37,1.12
2017.06.06 08:30:26.951,0.69184,0.69199,1.37,1.12
2017.06.06 08:30:27.270,0.69188,0.69201,1.00,1.37
2017.06.06 08:30:27.477,0.69185,0.69203,1.37,1.50
2017.06.06 08:30:28.270,0.69185,0.69203,1.12,1.50
2017.06.06 08:30:29.368,0.69186,0.69203,1.00,1.50
2017.06.06 08:30:31.307,0.69187,0.69205,1.12,2.25
2017.06.06 08:30:31.813,0.69188,0.69205,1.00,1.12
2017.06.06 08:30:32.596,0.69187,0.69204,1.00,1.00
2017.06.06 08:30:36.051,0.69186,0.69203,1.00,1.00
2017.06.06 08:30:37.010,0.69188,0.69202,1.00,1.00
2017.06.06 08:30:37.391,0.69186,0.69201,1.00,1.50
2017.06.06 08:30:38.349,0.69187,0.69201,1.00,1.12
2017.06.06 08:30:42.397,0.69186,0.69201,1.00,1.12
2017.06.06 08:30:44.417,0.69186,0.692,1.00,1.00
2017.06.06 08:30:45.983,0.69185,0.69202,1.37,1.00
2017.06.06 08:30:46.140,0.69185,0.692,1.00,1.00
2017.06.06 08:30:46.354,0.69185,0.69202,1.37,1.50
2017.06.06 08:30:50.345,0.69185,0.69201,1.12,1.50
2017.06.06 08:30:50.447,0.69185,0.69202,1.37,1.00
2017.06.06 08:30:50.804,0.69185,0.69202,1.00,1.12
2017.06.06 08:30:57.742,0.69185,0.69202,1.37,1.00
2017.06.06 08:31:00.596,0.69185,0.69202,1.37,1.00
2017.06.06 08:31:02.786,0.69187,0.69202,1.00,1.00
2017.06.06 08:31:03.126,0.69186,0.69203,1.37,1.12
2017.06.06 08:31:03.374,0.69186,0.69203,1.37,1.12
2017.06.06 08:31:04.463,0.69186,0.69202,1.37,1.00
2017.06.06 08:31:05.032,0.69186,0.69202,1.12,1.00
2017.06.06 08:31:07.159,0.69186,0.69203,1.12,1.87
2017.06.06 08:31:07.260,0.69186,0.69202,1.37,1.00
2017.06.06 08:31:07.805,0.69187,0.69203,1.37,1.12
2017.06.06 08:31:08.354,0.69187,0.69202,1.00,1.00
2017.06.06 08:31:09.338,0.69187,0.69201,1.00,1.00
2017.06.06 08:31:11.571,0.69185,0.69202,1.00,1.50
2017.06.06 08:31:12.223,0.69185,0.69201,1.00,1.00
2017.06.06 08:31:16.789,0.69185,0.69202,1.00,1.50
2017.06.06 08:31:18.861,0.69185,0.69201,1.00,1.00
2017.06.06 08:31:19.681,0.69185,0.69202,1.00,2.25
2017.06.06 08:31:19.833,0.69185,0.692,1.00,1.00
2017.06.06 08:31:20.161,0.69185,0.69202,1.00,2.25
2017.06.06 08:31:20.900,0.69185,0.69201,1.00,1.00
2017.06.06 08:31:22.869,0.69184,0.69201,1.00,1.50
2017.06.06 08:31:23.934,0.69185,0.69201,1.00,1.12
2017.06.06 08:31:24.473,0.69185,0.692,1.00,1.00
2017.06.06 08:31:24.985,0.69184,0.69201,1.00,1.87
2017.06.06 08:31:25.896,0.69187,0.69201,1.12,1.12
2017.06.06 08:31:26.404,0.69186,0.69202,1.00,1.12
2017.06.06 08:31:26.924,0.69185,0.69201,1.12,1.00
2017.06.06 08:31:34.384,0.69184,0.69201,1.00,1.00
2017.06.06 08:31:40.147,0.69184,0.69199,1.00,1.00
2017.06.06 08:31:44.573,0.69182,0.69199,1.12,1.12
2017.06.06 08:31:47.739,0.69182,0.69199,1.37,1.87
2017.06.06 08:31:47.867,0.69182,0.69199,1.00,2.25
2017.06.06 08:31:47.918,0.69181,0.69195,1.00,1.50
2017.06.06 08:31:48.070,0.69176,0.69193,1.50,1.00
2017.06.06 08:31:48.121,0.69176,0.69193,1.12,1.35
2017.06.06 08:31:48.901,0.69176,0.69191,1.00,1.00
2017.06.06 08:31:52.703,0.69176,0.69191,1.37,1.00
2017.06.06 08:31:55.005,0.69176,0.69191,1.12,1.00
2017.06.06 08:31:55.538,0.69176,0.69191,1.37,1.00
2017.06.06 08:31:56.343,0.69176,0.69191,1.12,1.00
2017.06.06 08:31:56.586,0.69176,0.69193,1.37,1.72
2017.06.06 08:31:57.076,0.69177,0.69194,1.37,1.37
2017.06.06 08:31:57.206,0.69177,0.69194,1.12,1.37
2017.06.06 08:32:06.262,0.69176,0.69193,1.00,1.12
2017.06.06 08:32:08.768,0.69176,0.69192,1.00,1.00
2017.06.06 08:32:09.774,0.69177,0.69192,1.00,1.00
2017.06.06 08:32:10.756,0.69176,0.69192,1.12,1.00
2017.06.06 08:32:16.799,0.69176,0.69193,1.12,1.87
2017.06.06 08:32:25.984,0.69176,0.69193,1.12,1.87
2017.06.06 08:32:29.613,0.69178,0.69192,1.00,1.12
2017.06.06 08:32:39.517,0.69179,0.69194,1.00,1.87
2017.06.06 08:32:39.619,0.69179,0.69194,1.00,1.50
2017.06.06 08:32:40.591,0.69178,0.69194,1.12,1.00
2017.06.06 08:32:41.913,0.69178,0.69193,1.12,1.00
2017.06.06 08:32:45.646,0.69179,0.69193,1.00,1.00
2017.06.06 08:32:46.611,0.69179,0.69195,1.00,1.12
2017.06.06 08:32:47.128,0.69179,0.69194,1.12,1.00
2017.06.06 08:33:09.877,0.69178,0.69194,1.00,1.00
2017.06.06 08:33:10.095,0.69178,0.69192,1.12,1.00
2017.06.06 08:33:10.625,0.69178,0.69194,1.00,1.12
2017.06.06 08:33:12.910,0.69177,0.69191,1.00,1.00
2017.06.06 08:33:13.431,0.69177,0.69193,1.00,1.00
2017.06.06 08:33:14.697,0.69176,0.69193,1.12,1.50
2017.06.06 08:33:15.418,0.69176,0.69193,1.37,1.50
2017.06.06 08:33:15.950,0.69176,0.69192,1.37,1.00
2017.06.06 08:33:16.098,0.69176,0.69192,1.37,1.00
2017.06.06 08:33:18.834,0.69178,0.69192,1.37,1.00
2017.06.06 08:33:19.470,0.69178,0.69192,1.37,1.00
2017.06.06 08:33:28.244,0.69178,0.69192,1.00,1.00
2017.06.06 08:33:39.142,0.69178,0.69194,1.37,1.12
2017.06.06 08:33:39.664,0.69178,0.69194,1.12,1.12
2017.06.06 08:33:40.662,0.69178,0.69193,1.12,1.00
2017.06.06 08:34:02.804,0.69177,0.69194,1.37,1.87
2017.06.06 08:34:03.312,0.69177,0.69194,1.00,1.87
2017.06.06 08:34:05.098,0.69177,0.69193,1.12,1.00
2017.06.06 08:34:06.540,0.69177,0.69193,1.37,1.00
2017.06.06 08:34:06.843,0.6918,0.69194,1.37,1.12
2017.06.06 08:34:07.465,0.6918,0.69194,1.00,1.12
2017.06.06 08:34:07.617,0.69178,0.69194,1.12,1.12
2017.06.06 08:34:08.722,0.69178,0.69192,1.12,1.00
2017.06.06 08:34:20.652,0.69178,0.69194,1.00,1.12
2017.06.06 08:34:21.058,0.69179,0.69195,1.37,1.37
2017.06.06 08:34:21.821,0.69179,0.69195,1.37,1.00
2017.06.06 08:34:23.899,0.69179,0.69195,1.00,1.00
2017.06.06 08:34:24.804,0.69179,0.69196,1.00,1.50
2017.06.06 08:34:25.482,0.69179,0.69196,1.37,1.50
2017.06.06 08:34:26.487,0.6918,0.69197,1.37,1.87
2017.06.06 08:34:30.419,0.6918,0.69197,1.37,1.87
2017.06.06 08:34:30.957,0.6918,0.69196,1.12,1.00
2017.06.06 08:34:31.760,0.6918,0.69196,1.37,1.00
2017.06.06 08:34:32.064,0.6918,0.69196,1.00,1.00
2017.06.06 08:34:44.876,0.69179,0.69196,1.00,1.50
2017.06.06 08:34:45.879,0.6918,0.69196,1.00,1.00
2017.06.06 08:35:00.439,0.69177,0.69194,1.37,2.10
2017.06.06 08:35:00.743,0.69175,0.69192,1.37,2.62
2017.06.06 08:35:01.300,0.69175,0.6919,1.37,1.12
2017.06.06 08:35:04.521,0.69175,0.6919,1.00,1.87
2017.06.06 08:35:04.624,0.69173,0.69189,1.12,1.00
2017.06.06 08:35:07.622,0.69173,0.69188,1.00,1.00
2017.06.06 08:35:12.949,0.69172,0.69188,1.00,1.00
2017.06.06 08:35:23.757,0.69171,0.69187,1.00,1.00
2017.06.06 08:35:26.919,0.69171,0.69188,1.00,2.25
2017.06.06 08:35:28.016,0.69172,0.69187,1.00,1.00
2017.06.06 08:35:28.545,0.69172,0.69188,1.00,1.00
2017.06.06 08:35:28.697,0.6917,0.69187,1.00,2.47
2017.06.06 08:35:28.839,0.6917,0.69187,1.00,3.97
2017.06.06 08:35:28.890,0.69168,0.69185,1.00,2.10
2017.06.06 08:35:29.121,0.69168,0.69183,1.00,1.00
2017.06.06 08:35:30.787,0.69169,0.69183,1.00,1.00
2017.06.06 08:35:32.336,0.69169,0.69184,1.50,1.00
2017.06.06 08:35:32.664,0.69173,0.69187,1.00,1.37
2017.06.06 08:35:36.670,0.69169,0.69185,1.00,1.00
2017.06.06 08:35:36.721,0.69169,0.69182,1.00,1.00
2017.06.06 08:35:36.772,0.69169,0.69185,1.00,1.00
2017.06.06 08:35:36.875,0.69167,0.69183,1.12,1.00
2017.06.06 08:35:37.433,0.69166,0.69183,1.50,1.00
2017.06.06 08:35:38.397,0.69167,0.69184,1.00,1.12
2017.06.06 08:35:38.701,0.69169,0.69186,1.50,1.12
2017.06.06 08:35:39.094,0.69168,0.69182,1.00,1.00
2017.06.06 08:35:40.175,0.69166,0.69182,1.00,1.00
2017.06.06 08:35:40.226,0.69166,0.6918,1.00,1.00
2017.06.06 08:35:40.843,0.69165,0.6918,1.00,1.00
2017.06.06 08:35:41.115,0.69167,0.69183,1.00,1.12
2017.06.06 08:35:41.166,0.69169,0.69183,1.00,1.12
2017.06.06 08:35:47.121,0.69167,0.69182,1.50,1.00
2017.06.06 08:35:49.975,0.69168,0.69184,1.00,1.37
2017.06.06 08:35:52.389,0.69169,0.69185,1.00,1.37
2017.06.06 08:35:53.891,0.69169,0.69185,1.00,1.12
2017.06.06 08:35:54.601,0.69167,0.69184,1.00,1.37
2017.06.06 08:35:54.915,0.69166,0.69181,1.00,1.00
2017.06.06 08:35:55.622,0.69166,0.69182,1.00,1.87
2017.06.06 08:35:56.111,0.69164,0.69181,1.50,1.00
2017.06.06 08:35:57.840,0.69164,0.69179,1.12,1.00
2017.06.06 08:35:58.164,0.69164,0.69181,1.00,1.00
2017.06.06 08:35:58.380,0.69164,0.69179,1.00,1.00
2017.06.06 08:36:00.033,0.69164,0.6918,1.00,1.00
2017.06.06 08:36:01.454,0.69166,0.69181,1.00,1.00
2017.06.06 08:36:01.936,0.69165,0.69177,1.00,1.00
2017.06.06 08:36:03.075,0.69165,0.69178,1.00,1.00
2017.06.06 08:36:03.643,0.69165,0.69176,1.00,1.00
2017.06.06 08:36:04.487,0.69165,0.69177,1.00,1.00
2017.06.06 08:36:04.736,0.69165,0.69179,1.00,1.00
2017.06.06 08:36:04.790,0.69165,0.69177,1.00,1.00
2017.06.06 08:36:05.518,0.69164,0.69177,1.00,1.00
2017.06.06 08:36:06.167,0.69164,0.69176,1.00,1.00
2017.06.06 08:36:06.219,0.69161,0.69174,1.12,1.00
2017.06.06 08:36:06.757,0.69161,0.69173,1.00,1.00
2017.06.06 08:36:07.414,0.6916,0.69173,1.00,1.00
2017.06.06 08:36:08.121,0.69159,0.69173,1.00,1.00
2017.06.06 08:36:09.434,0.69159,0.69173,1.37,1.00
2017.06.06 08:36:10.304,0.69159,0.69173,1.00,1.00
2017.06.06 08:36:17.268,0.69159,0.69171,1.12,1.00
2017.06.06 08:36:18.046,0.69159,0.6917,1.00,1.00
2017.06.06 08:36:19.068,0.69159,0.69171,1.00,1.00
2017.06.06 08:36:20.348,0.69157,0.69171,1.37,1.00
2017.06.06 08:36:21.083,0.69157,0.69171,1.12,1.00
2017.06.06 08:36:24.181,0.69158,0.69171,1.00,1.00
2017.06.06 08:36:24.485,0.69159,0.69171,1.37,1.00
2017.06.06 08:36:25.045,0.69159,0.69171,1.00,1.00
2017.06.06 08:36:25.754,0.69158,0.69171,1.00,1.00
2017.06.06 08:36:25.805,0.69156,0.6917,1.12,1.00
2017.06.06 08:36:25.957,0.69155,0.69168,1.00,1.00
2017.06.06 08:36:26.210,0.69153,0.69168,1.00,1.00
2017.06.06 08:36:26.940,0.69154,0.69167,1.00,1.00
2017.06.06 08:36:27.041,0.69151,0.69164,1.00,1.00
2017.06.06 08:36:27.685,0.69151,0.69163,1.00,1.00
2017.06.06 08:36:27.917,0.69149,0.69163,1.00,1.00
2017.06.06 08:36:28.628,0.69149,0.69162,1.00,1.00
2017.06.06 08:36:29.193,0.69148,0.69162,1.00,1.00
2017.06.06 08:36:29.738,0.69148,0.69163,1.00,1.00
2017.06.06 08:36:30.088,0.69148,0.69161,1.00,1.00
2017.06.06 08:36:31.090,0.69148,0.69163,1.00,1.00
2017.06.06 08:36:31.596,0.69148,0.69162,1.00,1.00
2017.06.06 08:36:32.145,0.69147,0.69161,1.00,1.00
2017.06.06 08:36:33.220,0.69146,0.69157,1.00,1.00
2017.06.06 08:36:33.271,0.69144,0.69157,1.12,1.00
2017.06.06 08:36:33.852,0.69142,0.69156,1.00,1.00
2017.06.06 08:36:34.618,0.69142,0.69155,1.00,1.00
2017.06.06 08:36:41.867,0.69143,0.69155,1.00,1.00
2017.06.06 08:36:41.918,0.69144,0.69158,1.00,1.37
2017.06.06 08:36:41.968,0.69146,0.69159,1.00,1.00
2017.06.06 08:36:42.336,0.69146,0.69161,1.12,1.00
2017.06.06 08:36:46.390,0.69147,0.69161,1.00,1.00
2017.06.06 08:36:47.649,0.69149,0.69162,1.00,1.00
2017.06.06 08:36:48.011,0.69151,0.69164,1.37,1.00
2017.06.06 08:36:48.647,0.6915,0.69164,1.00,1.00
2017.06.06 08:36:49.477,0.6915,0.69163,1.00,1.00
2017.06.06 08:36:51.862,0.6915,0.69164,1.00,1.00
2017.06.06 08:36:54.135,0.6915,0.69163,1.00,1.00
2017.06.06 08:36:54.909,0.69151,0.69163,1.00,1.00
2017.06.06 08:36:55.457,0.6915,0.69163,1.50,1.00
2017.06.06 08:36:55.958,0.69151,0.69164,1.00,1.00
2017.06.06 08:36:58.149,0.69151,0.69163,1.00,1.00
2017.06.06 08:36:59.418,0.69151,0.69162,1.00,1.00
2017.06.06 08:36:59.520,0.69151,0.69164,1.00,1.00
2017.06.06 08:37:05.352,0.69152,0.69166,1.00,1.00
2017.06.06 08:37:05.870,0.69151,0.69166,1.00,1.00
2017.06.06 08:37:06.460,0.69152,0.69165,1.00,1.00
2017.06.06 08:37:14.169,0.6915,0.69165,1.00,1.00
2017.06.06 08:37:15.186,0.6915,0.69163,1.12,1.00
2017.06.06 08:37:15.751,0.69149,0.69163,1.50,1.00
2017.06.06 08:37:25.456,0.69149,0.69164,1.50,1.00
2017.06.06 08:37:25.761,0.69153,0.69166,1.00,1.00
2017.06.06 08:37:27.224,0.69155,0.69168,1.00,1.00
2017.06.06 08:37:28.181,0.69155,0.6917,1.50,1.00
2017.06.06 08:37:31.039,0.69155,0.6917,1.37,1.00
2017.06.06 08:37:31.191,0.69154,0.6917,1.87,1.00
2017.06.06 08:37:32.145,0.69158,0.69172,1.00,1.12
2017.06.06 08:37:33.341,0.69158,0.69171,1.00,1.00
2017.06.06 08:37:33.951,0.69158,0.69172,1.00,1.00
2017.06.06 08:37:34.144,0.69156,0.69172,1.87,1.00
2017.06.06 08:37:35.469,0.69156,0.69169,1.87,1.00
2017.06.06 08:37:36.014,0.69156,0.6917,1.50,1.00
2017.06.06 08:37:36.646,0.69156,0.69172,1.50,1.00
2017.06.06 08:37:36.697,0.69159,0.69173,1.00,1.00
2017.06.06 08:37:37.684,0.69159,0.69174,1.12,1.00
2017.06.06 08:37:40.846,0.69159,0.69173,1.12,1.00
2017.06.06 08:37:42.170,0.69159,0.69174,1.12,1.00
2017.06.06 08:37:42.641,0.69159,0.69172,1.00,1.00
2017.06.06 08:37:43.684,0.69158,0.69172,1.12,1.00
2017.06.06 08:37:44.344,0.69158,0.69174,1.87,1.00
2017.06.06 08:37:44.396,0.6916,0.69174,1.12,1.00
2017.06.06 08:37:46.810,0.69159,0.69174,1.00,1.00
2017.06.06 08:37:47.321,0.6916,0.69175,1.00,1.00
2017.06.06 08:37:47.805,0.6916,0.69173,1.00,1.00
2017.06.06 08:38:00.273,0.6916,0.69174,1.12,1.00
2017.06.06 08:38:03.855,0.6916,0.69175,1.00,1.00
2017.06.06 08:38:08.480,0.69159,0.69175,1.12,1.00
2017.06.06 08:38:09.638,0.69159,0.69175,1.37,1.00
2017.06.06 08:38:12.346,0.69159,0.69174,1.37,1.00
2017.06.06 08:38:12.871,0.69161,0.69174,1.00,1.00
2017.06.06 08:38:13.305,0.69161,0.69176,1.87,1.00
2017.06.06 08:38:13.841,0.69161,0.69176,1.50,1.00
2017.06.06 08:38:15.306,0.69161,0.69177,1.50,1.00
2017.06.06 08:38:15.757,0.69161,0.69175,1.00,1.00
2017.06.06 08:38:16.270,0.6916,0.69175,1.12,1.00
2017.06.06 08:38:17.013,0.6916,0.69176,1.87,1.00
2017.06.06 08:38:17.726,0.6916,0.69175,1.87,1.00
2017.06.06 08:38:18.725,0.6916,0.69176,1.87,1.00
2017.06.06 08:38:19.324,0.6916,0.69175,1.12,1.00
2017.06.06 08:38:20.432,0.6916,0.69175,1.87,1.00
2017.06.06 08:38:21.036,0.6916,0.69175,1.87,1.00
2017.06.06 08:38:22.507,0.6916,0.69175,1.87,1.00
2017.06.06 08:38:23.459,0.6916,0.69175,1.87,1.00
2017.06.06 08:38:24.662,0.6916,0.69175,1.87,1.00
2017.06.06 08:38:25.537,0.69162,0.69175,1.00,1.00
2017.06.06 08:38:25.655,0.6916,0.69175,1.87,1.00
2017.06.06 08:38:25.807,0.69161,0.69175,1.37,1.00
2017.06.06 08:38:26.698,0.69161,0.69176,1.37,1.00
2017.06.06 08:38:27.209,0.69161,0.69176,1.12,1.00
2017.06.06 08:38:27.747,0.69161,0.69175,1.00,1.00
2017.06.06 08:38:31.096,0.6916,0.69175,1.00,1.00
2017.06.06 08:38:31.597,0.6916,0.69175,1.37,1.00
2017.06.06 08:38:36.170,0.6916,0.69175,1.50,1.00
2017.06.06 08:38:38.647,0.69162,0.69175,1.00,1.00
2017.06.06 08:38:38.749,0.69163,0.69177,1.00,1.00
2017.06.06 08:38:38.850,0.69164,0.69178,1.37,1.00
2017.06.06 08:38:38.901,0.69165,0.69181,1.12,1.00
2017.06.06 08:38:39.133,0.69165,0.69179,1.00,1.00
2017.06.06 08:38:39.638,0.69164,0.69179,1.87,1.00
2017.06.06 08:38:40.197,0.69165,0.6918,1.00,1.00
2017.06.06 08:38:41.096,0.69164,0.6918,1.50,1.00
2017.06.06 08:38:41.459,0.69166,0.6918,1.00,1.00
2017.06.06 08:38:42.215,0.69164,0.69179,1.87,1.00
2017.06.06 08:38:42.836,0.69164,0.69179,1.87,1.00
2017.06.06 08:38:45.740,0.69166,0.69179,1.00,1.00
2017.06.06 08:38:46.941,0.69165,0.69181,1.00,1.00
2017.06.06 08:38:48.971,0.69165,0.6918,1.00,1.00
2017.06.06 08:38:51.221,0.69164,0.69177,1.00,1.00
2017.06.06 08:38:51.374,0.69165,0.69179,1.12,1.00
2017.06.06 08:38:52.139,0.69165,0.6918,1.87,1.00
2017.06.06 08:38:52.927,0.69165,0.69179,1.87,1.00
2017.06.06 08:38:55.303,0.69166,0.69179,1.00,1.00
2017.06.06 08:38:56.530,0.69163,0.69178,1.12,1.00
2017.06.06 08:38:56.744,0.69165,0.6918,1.50,1.12
2017.06.06 08:38:57.048,0.69167,0.6918,1.12,1.00
2017.06.06 08:38:58.338,0.69167,0.6918,1.37,1.00
2017.06.06 08:38:58.440,0.69166,0.69182,1.37,1.00
2017.06.06 08:38:59.048,0.69167,0.69182,1.12,1.00
2017.06.06 08:39:04.160,0.69167,0.6918,1.12,1.00
2017.06.06 08:39:08.959,0.69169,0.69184,1.00,1.00
2017.06.06 08:39:09.614,0.6917,0.69185,1.12,1.00
2017.06.06 08:39:10.151,0.69171,0.69186,1.50,1.00
2017.06.06 08:39:10.686,0.69171,0.69185,1.00,1.00
2017.06.06 08:39:11.288,0.6917,0.69185,1.00,1.00
2017.06.06 08:39:12.965,0.69171,0.69186,1.12,1.00
2017.06.06 08:39:13.118,0.69172,0.69188,1.00,1.00
2017.06.06 08:39:13.657,0.69172,0.69188,1.37,1.00
2017.06.06 08:39:14.318,0.69172,0.69187,1.37,1.00
2017.06.06 08:39:15.012,0.69173,0.69188,1.00,1.00
2017.06.06 08:39:15.866,0.69174,0.6919,1.50,1.12
2017.06.06 08:39:16.018,0.69174,0.6919,1.87,1.00
2017.06.06 08:39:16.541,0.69176,0.69191,1.00,1.00
2017.06.06 08:39:16.859,0.69178,0.69192,1.00,1.00
2017.06.06 08:39:17.407,0.69175,0.69191,1.00,1.00
2017.06.06 08:39:17.458,0.69173,0.69189,1.87,1.00
2017.06.06 08:39:17.761,0.69173,0.69187,1.12,1.00
2017.06.06 08:39:18.426,0.69175,0.69188,1.00,1.00
2017.06.06 08:39:20.610,0.69173,0.69189,1.50,1.00
2017.06.06 08:39:20.712,0.69172,0.69187,1.00,1.00
2017.06.06 08:39:21.316,0.69171,0.69187,1.87,1.00
2017.06.06 08:39:21.978,0.69172,0.69187,1.00,1.00
2017.06.06 08:39:23.200,0.69173,0.69187,1.00,1.00
2017.06.06 08:39:24.095,0.69173,0.69187,1.37,1.00
2017.06.06 08:39:24.617,0.69174,0.69188,1.37,1.00
2017.06.06 08:39:24.955,0.69172,0.69188,1.37,1.00
2017.06.06 08:39:25.158,0.69171,0.69187,1.50,1.00
2017.06.06 08:39:25.209,0.69173,0.69187,1.00,1.00
2017.06.06 08:39:25.771,0.69174,0.69188,1.00,1.00
2017.06.06 08:39:26.921,0.69175,0.69188,1.00,1.00
2017.06.06 08:39:30.216,0.69175,0.69191,1.37,1.00
2017.06.06 08:39:30.842,0.69175,0.69191,1.12,1.00
2017.06.06 08:39:31.528,0.69175,0.69189,1.12,1.00
2017.06.06 08:39:32.250,0.69175,0.69188,1.00,1.00
2017.06.06 08:39:32.495,0.69174,0.6919,1.87,1.00
2017.06.06 08:39:34.033,0.69174,0.69189,1.87,1.00
2017.06.06 08:39:35.802,0.69174,0.69188,1.00,1.00
2017.06.06 08:39:36.325,0.69173,0.69186,1.87,1.00
2017.06.06 08:39:37.390,0.69171,0.69186,1.87,1.00
2017.06.06 08:39:37.954,0.69171,0.69185,1.12,1.00
2017.06.06 08:39:38.550,0.6917,0.69185,2.25,1.00
2017.06.06 08:39:39.353,0.6917,0.69186,2.62,1.00
2017.06.06 08:39:40.676,0.69171,0.69184,1.00,1.00
2017.06.06 08:39:40.727,0.69169,0.69184,1.12,1.00
2017.06.06 08:39:41.486,0.6917,0.69184,1.00,1.00
2017.06.06 08:39:42.028,0.6917,0.69183,1.00,1.00
2017.06.06 08:39:43.550,0.69168,0.69183,1.87,1.00
2017.06.06 08:39:44.739,0.69169,0.69184,1.00,1.00
2017.06.06 08:39:45.767,0.6917,0.69184,1.00,1.00
2017.06.06 08:39:53.525,0.6917,0.69183,1.00,1.00
2017.06.06 08:39:54.918,0.6917,0.69185,1.00,1.00
2017.06.06 08:39:55.021,0.69173,0.69189,1.00,1.50
2017.06.06 08:39:55.362,0.69177,0.6919,1.00,1.00
2017.06.06 08:39:55.829,0.69179,0.69192,1.00,1.00
2017.06.06 08:39:56.512,0.69177,0.69192,1.87,1.00
2017.06.06 08:40:00.537,0.69177,0.69191,1.12,1.00
2017.06.06 08:40:09.868,0.69177,0.69192,1.87,1.00
2017.06.06 08:40:09.971,0.6918,0.69194,1.00,1.00
2017.06.06 08:40:10.311,0.69181,0.69196,1.87,1.00
2017.06.06 08:40:11.000,0.69182,0.69197,1.12,1.00
2017.06.06 08:40:13.345,0.69183,0.69198,1.00,1.00
2017.06.06 08:40:15.078,0.69182,0.69197,1.00,1.00
2017.06.06 08:40:17.743,0.69184,0.69199,1.37,1.00
2017.06.06 08:40:17.794,0.69188,0.69203,1.00,1.37
2017.06.06 08:40:17.896,0.69189,0.69204,1.87,1.12
2017.06.06 08:40:18.450,0.69191,0.69205,1.12,1.00
2017.06.06 08:40:18.825,0.69192,0.69207,1.00,1.00
2017.06.06 08:40:25.557,0.69192,0.69207,1.37,1.00
2017.06.06 08:40:25.709,0.69193,0.69209,1.12,1.00
2017.06.06 08:40:34.621,0.69193,0.69206,1.00,1.00
2017.06.06 08:40:34.737,0.69191,0.69206,1.87,1.00
2017.06.06 08:40:34.788,0.6919,0.69204,1.87,1.00
2017.06.06 08:40:35.042,0.69189,0.69203,1.12,1.00
2017.06.06 08:40:35.346,0.69191,0.69206,1.50,1.00
2017.06.06 08:40:35.516,0.69194,0.6921,1.37,1.00
2017.06.06 08:40:35.827,0.69196,0.69211,1.37,1.00
2017.06.06 08:40:36.236,0.69199,0.69215,1.87,1.00
2017.06.06 08:40:36.287,0.692,0.69215,1.37,1.00
2017.06.06 08:40:37.493,0.692,0.69214,1.12,1.00
2017.06.06 08:40:38.505,0.69199,0.69215,1.87,1.00
2017.06.06 08:40:39.041,0.69199,0.69215,1.00,1.00
2017.06.06 08:40:39.346,0.69194,0.6921,1.75,1.00
2017.06.06 08:40:39.850,0.69195,0.6921,1.12,1.00
2017.06.06 08:40:40.817,0.69195,0.69211,2.25,1.00
2017.06.06 08:40:42.007,0.69196,0.69212,1.00,1.00
2017.06.06 08:40:42.312,0.69193,0.69209,1.37,1.00
2017.06.06 08:40:42.414,0.69193,0.69209,1.00,1.00
2017.06.06 08:40:43.166,0.69193,0.69208,1.00,1.00
2017.06.06 08:40:43.746,0.69192,0.69208,1.00,1.00
2017.06.06 08:40:46.843,0.69192,0.69208,1.37,1.00
2017.06.06 08:40:47.407,0.69193,0.69209,1.87,1.00
2017.06.06 08:40:47.987,0.69193,0.69209,1.87,1.00
2017.06.06 08:40:49.189,0.69194,0.6921,1.00,1.00
2017.06.06 08:40:51.138,0.69197,0.69213,1.00,1.00
2017.06.06 08:40:51.442,0.69195,0.69211,2.25,1.00
2017.06.06 08:40:51.964,0.69195,0.69211,1.87,1.00
2017.06.06 08:40:52.268,0.69195,0.69209,1.00,1.00
2017.06.06 08:40:57.496,0.69193,0.69209,2.25,1.00
2017.06.06 08:40:58.818,0.69195,0.69211,1.87,1.00
2017.06.06 08:40:58.970,0.69197,0.69211,1.00,1.00
2017.06.06 08:40:59.122,0.69195,0.69211,1.00,1.00
2017.06.06 08:41:00.591,0.69194,0.6921,1.12,1.00
2017.06.06 08:41:00.692,0.69192,0.69208,1.37,1.00
2017.06.06 08:41:00.817,0.69191,0.69207,1.00,1.00
2017.06.06 08:41:00.868,0.69189,0.69205,1.12,1.00
2017.06.06 08:41:01.435,0.69188,0.69204,1.00,1.00
2017.06.06 08:41:03.403,0.69187,0.69203,1.00,1.00
2017.06.06 08:41:03.781,0.69187,0.69201,1.00,1.00
2017.06.06 08:41:04.711,0.69187,0.69203,1.00,1.00
2017.06.06 08:41:04.813,0.69189,0.69203,1.00,1.00
2017.06.06 08:41:04.863,0.69189,0.69205,1.50,1.00
2017.06.06 08:41:05.250,0.6919,0.69206,1.87,1.00
2017.06.06 08:41:05.972,0.69192,0.69205,1.00,1.00
2017.06.06 08:41:09.651,0.69191,0.69207,1.00,1.00
2017.06.06 08:41:10.711,0.69191,0.69205,1.00,1.00
2017.06.06 08:41:12.138,0.69192,0.69206,1.00,1.00
2017.06.06 08:41:12.664,0.6919,0.69206,1.37,1.00
2017.06.06 08:41:13.000,0.69187,0.69201,1.12,1.00
2017.06.06 08:41:13.795,0.69186,0.69201,1.12,1.00
2017.06.06 08:41:15.669,0.69186,0.692,1.00,1.00
2017.06.06 08:41:17.642,0.69187,0.69203,1.12,1.00
2017.06.06 08:41:17.693,0.69189,0.69203,1.00,1.00
2017.06.06 08:41:18.235,0.69189,0.69203,1.37,1.00
2017.06.06 08:41:19.255,0.69189,0.69205,1.37,1.00
2017.06.06 08:41:20.709,0.69191,0.69205,1.00,1.00
2017.06.06 08:41:30.701,0.69189,0.69205,1.12,1.00
2017.06.06 08:41:47.040,0.6919,0.69206,1.00,1.00
2017.06.06 08:41:47.276,0.69192,0.69205,1.00,1.00
2017.06.06 08:41:49.304,0.69191,0.69207,1.12,1.00
2017.06.06 08:41:54.962,0.6919,0.69209,1.12,1.00
2017.06.06 08:41:55.012,0.69194,0.6921,1.50,1.12
2017.06.06 08:41:55.317,0.69201,0.69216,1.87,1.00
2017.06.06 08:41:55.922,0.692,0.69214,1.00,1.00
2017.06.06 08:41:56.426,0.69198,0.69214,1.37,1.00
2017.06.06 08:41:57.112,0.69198,0.69212,1.37,1.00
2017.06.06 08:41:57.264,0.69198,0.69214,1.00,1.00
2017.06.06 08:41:57.517,0.69196,0.69212,1.37,1.00
2017.06.06 08:41:57.568,0.69196,0.69212,1.12,1.00
2017.06.06 08:41:58.517,0.69195,0.69211,1.50,1.00
2017.06.06 08:42:00.837,0.69195,0.69211,1.12,1.00
2017.06.06 08:42:01.014,0.69193,0.69207,1.87,1.00
2017.06.06 08:42:01.166,0.69193,0.69207,1.00,1.00
2017.06.06 08:42:01.318,0.69191,0.69207,1.00,1.00
2017.06.06 08:42:01.930,0.69191,0.69204,1.00,1.00
2017.06.06 08:42:02.851,0.69189,0.69203,1.00,1.00
2017.06.06 08:42:03.995,0.69187,0.69203,1.12,1.00
2017.06.06 08:42:06.133,0.69186,0.69202,1.00,1.00
2017.06.06 08:42:07.129,0.69187,0.69203,1.00,1.00
2017.06.06 08:42:09.355,0.69187,0.69201,1.00,1.00
2017.06.06 08:42:12.104,0.69186,0.69203,1.00,1.00
2017.06.06 08:42:12.410,0.69187,0.69201,1.00,1.00
2017.06.06 08:42:15.545,0.69187,0.69203,1.37,1.00
2017.06.06 08:42:15.709,0.69186,0.69201,1.00,1.00
2017.06.06 08:42:16.839,0.69186,0.692,1.00,1.00
2017.06.06 08:42:17.781,0.69186,0.69202,1.00,1.00
2017.06.06 08:42:17.883,0.69184,0.69198,1.12,1.00
2017.06.06 08:42:18.085,0.69185,0.69201,1.00,1.00
2017.06.06 08:42:18.263,0.69183,0.692,1.00,1.00
2017.06.06 08:42:18.314,0.69185,0.692,1.00,1.00
2017.06.06 08:42:18.617,0.6918,0.69196,1.87,1.00
2017.06.06 08:42:18.921,0.69179,0.69193,1.00,1.00
2017.06.06 08:42:19.451,0.69176,0.69193,2.62,1.00
2017.06.06 08:42:20.935,0.69179,0.69196,1.87,1.00
2017.06.06 08:42:21.615,0.69179,0.69196,1.50,1.00
2017.06.06 08:42:23.813,0.69179,0.69195,1.50,1.00
2017.06.06 08:42:24.526,0.6918,0.69195,1.00,1.00
2017.06.06 08:42:24.768,0.69179,0.69192,1.12,1.00
2017.06.06 08:42:25.589,0.69176,0.69192,1.12,1.00
2017.06.06 08:42:26.312,0.69175,0.69191,1.50,1.00
2017.06.06 08:42:26.972,0.69174,0.6919,1.37,1.00
2017.06.06 08:42:31.972,0.69176,0.69191,1.00,1.00
2017.06.06 08:42:34.293,0.69176,0.69192,1.37,1.00
2017.06.06 08:42:34.942,0.69176,0.69192,1.00,1.00
2017.06.06 08:42:39.585,0.69176,0.69192,1.37,1.00
2017.06.06 08:42:39.891,0.69179,0.69195,1.12,1.00
2017.06.06 08:42:40.426,0.69178,0.69194,1.00,1.00
2017.06.06 08:42:41.203,0.69177,0.69193,1.00,1.00
2017.06.06 08:42:41.853,0.69179,0.69193,1.00,1.00
2017.06.06 08:42:45.851,0.69176,0.69193,1.37,1.00
2017.06.06 08:42:47.217,0.69175,0.69192,1.87,1.00
2017.06.06 08:42:48.179,0.69178,0.69195,1.12,1.00
2017.06.06 08:42:48.281,0.6918,0.69197,1.00,1.37
2017.06.06 08:42:48.685,0.69182,0.69197,1.37,1.00
2017.06.06 08:42:52.890,0.69185,0.69201,1.00,1.12
2017.06.06 08:42:52.941,0.69187,0.69203,1.00,1.00
2017.06.06 08:42:53.245,0.69187,0.69203,1.37,1.00
2017.06.06 08:42:53.898,0.69188,0.69201,1.37,1.00
2017.06.06 08:42:54.207,0.69188,0.69204,1.37,1.00
2017.06.06 08:42:54.258,0.69191,0.69204,1.00,1.00
2017.06.06 08:42:54.360,0.69194,0.69208,1.12,1.00
2017.06.06 08:42:54.767,0.69193,0.6921,1.87,1.00
2017.06.06 08:42:55.078,0.69191,0.69208,2.25,1.00
2017.06.06 08:42:55.129,0.69191,0.69208,2.25,1.00
2017.06.06 08:42:55.338,0.6919,0.69206,1.75,1.00
2017.06.06 08:42:55.439,0.69189,0.69206,1.87,1.00
2017.06.06 08:42:55.490,0.69194,0.69208,1.00,1.00
2017.06.06 08:42:55.796,0.69192,0.69209,1.87,1.12
2017.06.06 08:42:55.897,0.69189,0.69205,1.87,1.00
2017.06.06 08:42:55.948,0.69189,0.69205,1.87,1.00
2017.06.06 08:42:56.482,0.69189,0.69202,1.00,1.00
2017.06.06 08:42:57.093,0.69188,0.69202,1.50,1.00
2017.06.06 08:42:58.681,0.69188,0.69203,1.00,1.00
2017.06.06 08:42:59.207,0.69188,0.69204,1.37,1.00
2017.06.06 08:42:59.632,0.69186,0.69202,1.87,1.00
2017.06.06 08:43:00.880,0.69188,0.69202,1.00,1.00
2017.06.06 08:43:02.450,0.69188,0.69203,1.00,1.12
2017.06.06 08:43:03.595,0.69186,0.69202,1.50,1.12
2017.06.06 08:43:04.417,0.69186,0.69202,1.50,1.37
2017.06.06 08:43:04.469,0.69183,0.69199,1.37,1.00
2017.06.06 08:43:04.570,0.69182,0.69197,1.50,1.00
2017.06.06 08:43:05.077,0.69183,0.69197,1.50,1.00
2017.06.06 08:43:05.448,0.69184,0.69199,1.00,1.00
2017.06.06 08:43:09.234,0.69185,0.69199,1.00,1.00
2017.06.06 08:43:11.707,0.69185,0.692,1.00,1.00
2017.06.06 08:43:11.809,0.69185,0.692,1.37,1.00
2017.06.06 08:43:13.978,0.69185,0.692,1.00,1.00
2017.06.06 08:43:15.528,0.69184,0.692,1.87,1.00
2017.06.06 08:43:16.051,0.69184,0.69199,1.12,1.00
2017.06.06 08:43:17.521,0.69184,0.69197,1.00,1.00
2017.06.06 08:43:17.673,0.69181,0.69195,1.00,1.00
2017.06.06 08:43:18.208,0.6918,0.69195,1.87,1.00
2017.06.06 08:43:20.202,0.6918,0.69196,1.87,1.00
2017.06.06 08:43:22.300,0.6918,0.69194,1.00,1.00
2017.06.06 08:43:23.064,0.69181,0.69194,1.00,1.00
2017.06.06 08:43:24.251,0.69181,0.69195,1.00,1.00
2017.06.06 08:43:30.907,0.69183,0.69195,1.00,1.00
2017.06.06 08:43:30.958,0.69183,0.69197,1.00,1.00
2017.06.06 08:43:31.691,0.69181,0.69196,1.00,1.00
2017.06.06 08:43:31.821,0.69181,0.69194,1.00,1.00
2017.06.06 08:43:33.189,0.6918,0.69194,1.50,1.00
2017.06.06 08:43:44.023,0.6918,0.69194,1.87,1.00
2017.06.06 08:43:45.513,0.69183,0.69197,1.00,1.00
2017.06.06 08:43:46.233,0.69182,0.69197,1.12,1.00
2017.06.06 08:43:46.892,0.69181,0.69196,1.00,1.00
2017.06.06 08:43:47.427,0.69181,0.69195,1.00,1.00
2017.06.06 08:43:49.270,0.69181,0.69196,1.00,1.00
2017.06.06 08:43:50.854,0.69181,0.69194,1.00,1.00
2017.06.06 08:43:53.102,0.6918,0.69194,1.50,1.00
2017.06.06 08:43:54.087,0.6918,0.69195,1.50,1.00
2017.06.06 08:43:54.665,0.69181,0.69196,1.50,1.00
2017.06.06 08:43:55.325,0.6918,0.69196,2.25,1.00
2017.06.06 08:43:55.659,0.6918,0.69194,1.50,1.00
2017.06.06 08:44:01.222,0.6918,0.69194,1.87,1.00
2017.06.06 08:44:04.786,0.6918,0.69199,1.37,1.37
2017.06.06 08:44:08.253,0.6918,0.69199,1.12,1.37
2017.06.06 08:44:09.279,0.69181,0.69199,1.00,1.37
2017.06.06 08:44:14.878,0.69181,0.692,1.12,1.30
2017.06.06 08:44:16.024,0.69181,0.69196,1.87,1.00
2017.06.06 08:44:20.108,0.69182,0.69196,1.12,1.00
2017.06.06 08:44:26.378,0.69181,0.69195,1.87,1.00
2017.06.06 08:44:27.254,0.69182,0.69196,1.00,1.00
2017.06.06 08:44:31.054,0.69181,0.69196,1.00,1.00
2017.06.06 08:44:35.297,0.6918,0.69196,1.50,1.00
2017.06.06 08:44:36.481,0.69178,0.69192,1.00,1.00
2017.06.06 08:44:36.801,0.6918,0.69193,1.00,1.00
2017.06.06 08:44:39.772,0.6918,0.69195,1.00,1.00
2017.06.06 08:44:42.446,0.69179,0.69191,1.00,1.00
2017.06.06 08:44:42.922,0.69179,0.69193,1.50,1.00
2017.06.06 08:44:42.973,0.69179,0.69191,1.00,1.00
2017.06.06 08:44:43.960,0.69179,0.69192,1.00,1.00
2017.06.06 08:44:44.812,0.6918,0.69192,1.00,1.00
2017.06.06 08:44:44.913,0.69182,0.69195,1.00,1.00
2017.06.06 08:44:45.492,0.69181,0.69195,1.00,1.00
2017.06.06 08:44:45.652,0.69184,0.69196,1.00,1.00
2017.06.06 08:44:46.022,0.69184,0.69198,1.00,1.00
2017.06.06 08:44:46.082,0.69182,0.69198,1.12,1.00
2017.06.06 08:44:46.244,0.69185,0.69198,1.00,1.00
2017.06.06 08:44:47.009,0.69185,0.69199,1.00,1.00
2017.06.06 08:44:48.618,0.69185,0.69198,1.50,1.00
2017.06.06 08:44:51.664,0.69184,0.69198,1.00,1.00
2017.06.06 08:44:52.340,0.69183,0.69198,1.00,1.00
2017.06.06 08:44:58.333,0.69184,0.69198,1.37,1.00
2017.06.06 08:44:58.384,0.69186,0.692,1.50,1.00
2017.06.06 08:44:58.536,0.69186,0.69202,1.87,1.00
2017.06.06 08:44:59.354,0.69186,0.69202,1.50,1.00
2017.06.06 08:44:59.405,0.69187,0.692,1.00,1.00
2017.06.06 08:45:00.573,0.69187,0.692,1.87,1.00
2017.06.06 08:45:01.119,0.69187,0.69202,1.37,1.00
2017.06.06 08:45:01.497,0.69186,0.69202,1.00,1.00
2017.06.06 08:45:01.547,0.69186,0.692,1.00,1.00
2017.06.06 08:45:01.908,0.69186,0.69202,1.87,1.12
2017.06.06 08:45:01.958,0.69188,0.69202,1.12,1.12
2017.06.06 08:45:03.505,0.6919,0.69205,1.00,1.37
2017.06.06 08:45:03.556,0.69189,0.69205,1.50,1.00
2017.06.06 08:45:03.910,0.69189,0.69203,1.00,1.00
2017.06.06 08:45:04.353,0.69191,0.69203,1.00,1.00
2017.06.06 08:45:05.178,0.69189,0.69203,1.00,1.00
2017.06.06 08:45:07.846,0.6919,0.69203,1.00,1.00
2017.06.06 08:45:08.534,0.69191,0.69204,1.00,1.00
2017.06.06 08:45:09.076,0.6919,0.69204,1.00,1.00
2017.06.06 08:45:10.179,0.69189,0.69204,1.00,1.00
2017.06.06 08:45:12.829,0.69188,0.69204,1.50,1.00
2017.06.06 08:45:14.524,0.69188,0.69202,1.50,1.00
2017.06.06 08:45:15.548,0.69188,0.69201,1.00,1.00
2017.06.06 08:45:16.175,0.69188,0.69203,1.00,1.00
2017.06.06 08:45:17.895,0.69188,0.69205,1.00,1.87
2017.06.06 08:45:18.243,0.69189,0.69206,1.37,1.37
2017.06.06 08:45:24.850,0.69189,0.69205,1.00,1.12
2017.06.06 08:45:25.156,0.69187,0.69202,1.00,1.00
2017.06.06 08:45:25.576,0.69187,0.69204,1.50,1.00
2017.06.06 08:45:26.095,0.69188,0.69205,1.37,1.12
2017.06.06 08:45:26.916,0.6919,0.69204,1.00,1.00
2017.06.06 08:45:28.750,0.69186,0.69203,1.12,1.00
2017.06.06 08:45:28.975,0.69184,0.69199,1.12,1.00
2017.06.06 08:45:29.514,0.69182,0.69199,1.87,1.12
2017.06.06 08:45:31.597,0.69184,0.692,1.50,1.37
2017.06.06 08:45:31.749,0.69185,0.69202,1.50,1.00
2017.06.06 08:45:31.869,0.69187,0.69202,1.00,1.00
2017.06.06 08:45:32.152,0.69185,0.69202,1.12,1.00
2017.06.06 08:45:32.203,0.69183,0.69199,2.25,1.00
2017.06.06 08:45:32.253,0.69183,0.69199,2.25,1.00
2017.06.06 08:45:32.405,0.69183,0.69197,1.87,1.00
2017.06.06 08:45:33.165,0.69182,0.69199,1.37,1.00
2017.06.06 08:45:33.775,0.69182,0.69199,1.37,1.00
2017.06.06 08:45:34.824,0.69183,0.69199,1.12,1.00
2017.06.06 08:45:38.603,0.69185,0.69201,1.00,1.00
2017.06.06 08:45:39.137,0.69185,0.69201,1.37,1.00
2017.06.06 08:45:39.653,0.69185,0.69202,1.37,1.00
2017.06.06 08:45:40.605,0.69185,0.69202,1.12,1.00
2017.06.06 08:45:44.484,0.69186,0.69202,1.00,1.00
2017.06.06 08:45:44.992,0.69188,0.69203,1.00,1.00
2017.06.06 08:45:46.203,0.69188,0.69204,1.00,1.00
2017.06.06 08:45:49.156,0.69187,0.69204,1.87,1.00
2017.06.06 08:45:56.048,0.69188,0.69203,1.37,1.00
2017.06.06 08:45:56.303,0.69188,0.69203,1.12,1.00
2017.06.06 08:45:56.889,0.69188,0.69205,1.37,1.00
2017.06.06 08:45:57.370,0.69195,0.69209,1.00,1.12
2017.06.06 08:45:57.725,0.69197,0.69212,1.00,1.00
2017.06.06 08:45:59.852,0.69197,0.69214,1.12,1.00
2017.06.06 08:46:00.054,0.69198,0.69215,1.37,1.00
2017.06.06 08:46:00.820,0.69198,0.69215,1.00,1.00
2017.06.06 08:46:01.619,0.69198,0.69215,1.37,1.00
2017.06.06 08:46:05.681,0.69198,0.69215,1.37,1.00
2017.06.06 08:46:06.320,0.69197,0.69215,1.87,1.00
2017.06.06 08:46:11.898,0.69201,0.69215,1.00,1.00
2017.06.06 08:46:12.050,0.69202,0.69222,1.12,1.50
2017.06.06 08:46:12.101,0.692,0.69222,1.37,2.85
2017.06.06 08:46:12.428,0.69202,0.69217,1.00,1.00
2017.06.06 08:46:12.767,0.69201,0.69215,1.00,1.00
2017.06.06 08:46:13.140,0.69199,0.69215,1.50,1.00
2017.06.06 08:46:13.440,0.692,0.69217,1.50,1.12
2017.06.06 08:46:13.776,0.692,0.69214,1.12,1.00
2017.06.06 08:46:16.112,0.69198,0.69215,1.00,1.00
2017.06.06 08:46:16.264,0.69198,0.69213,1.00,1.00
2017.06.06 08:46:16.550,0.69199,0.69215,1.00,1.00
2017.06.06 08:46:20.343,0.69199,0.69215,1.00,1.37
2017.06.06 08:46:21.414,0.69198,0.69214,1.00,1.12
2017.06.06 08:46:27.558,0.69197,0.69214,1.00,1.37
2017.06.06 08:46:28.139,0.69196,0.69213,1.50,1.00
2017.06.06 08:46:28.747,0.69197,0.69214,1.50,1.00
2017.06.06 08:46:32.068,0.69197,0.69213,1.00,1.00
2017.06.06 08:46:32.909,0.69196,0.69213,1.00,1.12
2017.06.06 08:46:34.580,0.69195,0.69211,1.50,1.00
2017.06.06 08:46:35.149,0.69197,0.69211,1.00,1.12
2017.06.06 08:46:35.200,0.69195,0.69211,1.00,1.00
2017.06.06 08:46:36.169,0.69196,0.69211,1.00,1.00
2017.06.06 08:46:36.393,0.69196,0.69208,1.00,1.00
2017.06.06 08:46:37.152,0.69194,0.69208,1.00,1.00
2017.06.06 08:46:42.517,0.69193,0.69208,1.00,1.00
2017.06.06 08:46:43.613,0.69194,0.69206,1.12,1.00
2017.06.06 08:46:43.664,0.69195,0.69208,1.00,1.00
2017.06.06 08:46:44.209,0.69196,0.6921,1.00,1.00
2017.06.06 08:46:44.261,0.69196,0.69208,1.00,1.00
2017.06.06 08:46:44.606,0.69196,0.6921,1.00,1.00
2017.06.06 08:46:45.163,0.69197,0.6921,1.00,1.00
2017.06.06 08:46:46.357,0.69195,0.6921,1.12,1.00
2017.06.06 08:46:50.489,0.69195,0.6921,1.37,1.00
2017.06.06 08:46:50.540,0.69199,0.69215,1.00,1.00
2017.06.06 08:46:50.693,0.69199,0.69212,1.37,1.00
2017.06.06 08:46:52.311,0.69199,0.69214,1.37,1.00
2017.06.06 08:46:53.399,0.69198,0.69209,1.00,1.00
2017.06.06 08:46:53.652,0.69194,0.69209,1.00,1.00
2017.06.06 08:46:54.162,0.69194,0.69208,1.00,1.00
2017.06.06 08:46:54.365,0.69192,0.69206,1.00,1.00
2017.06.06 08:46:54.899,0.69191,0.69205,1.00,1.00
2017.06.06 08:46:55.567,0.6919,0.69205,1.00,1.00
2017.06.06 08:46:56.069,0.6919,0.69205,1.37,1.00
2017.06.06 08:46:56.372,0.69185,0.692,1.00,1.00
2017.06.06 08:46:56.483,0.69187,0.69201,1.00,1.00
2017.06.06 08:46:58.136,0.69187,0.69202,1.00,1.00
2017.06.06 08:46:58.641,0.69187,0.692,1.00,1.00
2017.06.06 08:46:59.248,0.69185,0.69198,1.12,1.00
2017.06.06 08:46:59.349,0.69183,0.69198,1.00,1.00
2017.06.06 08:46:59.469,0.69183,0.69196,1.00,1.00
2017.06.06 08:47:00.188,0.69183,0.69195,1.00,1.00
2017.06.06 08:47:00.846,0.69182,0.69195,1.00,1.00
2017.06.06 08:47:01.352,0.69181,0.69195,1.00,1.00
2017.06.06 08:47:04.929,0.69183,0.69195,1.00,1.00
2017.06.06 08:47:06.404,0.69183,0.69196,1.00,1.00
2017.06.06 08:47:08.391,0.69185,0.69196,1.00,1.00
2017.06.06 08:47:09.607,0.69185,0.69197,1.00,1.00
2017.06.06 08:47:13.405,0.69182,0.69195,1.12,1.00
2017.06.06 08:47:13.557,0.69182,0.69193,1.12,1.00
2017.06.06 08:47:13.608,0.6918,0.69193,1.00,1.00
2017.06.06 08:47:14.146,0.69178,0.69193,1.00,1.00
2017.06.06 08:47:16.016,0.69178,0.69192,1.00,1.00
2017.06.06 08:47:17.231,0.69177,0.69192,1.12,1.00
2017.06.06 08:47:18.937,0.69177,0.6919,1.00,1.00
2017.06.06 08:47:19.500,0.69177,0.69189,1.00,1.00
2017.06.06 08:47:20.151,0.69176,0.69189,1.00,1.00
2017.06.06 08:47:24.544,0.69175,0.69188,1.00,1.00
2017.06.06 08:47:24.848,0.69177,0.69189,1.00,1.00
2017.06.06 08:47:27.846,0.69175,0.69189,1.00,1.00
2017.06.06 08:47:34.984,0.69177,0.69189,1.00,1.00
2017.06.06 08:47:44.179,0.69177,0.69191,1.00,1.00
2017.06.06 08:47:44.729,0.69176,0.6919,1.00,1.00
2017.06.06 08:47:45.433,0.69177,0.6919,1.00,1.00
2017.06.06 08:47:59.513,0.69175,0.69188,1.37,1.00
2017.06.06 08:47:59.564,0.69174,0.69188,1.12,1.00
2017.06.06 08:47:59.767,0.69171,0.69185,1.37,1.00
2017.06.06 08:48:00.031,0.6917,0.69184,1.00,1.00
2017.06.06 08:48:04.881,0.6917,0.69183,1.00,1.00
2017.06.06 08:48:05.235,0.6917,0.69185,1.00,1.00
2017.06.06 08:48:05.540,0.69174,0.69188,1.00,1.12
2017.06.06 08:48:06.074,0.69175,0.69188,1.00,1.00
2017.06.06 08:48:06.834,0.69174,0.69188,1.00,1.00
2017.06.06 08:48:07.350,0.69173,0.69185,1.00,1.00
2017.06.06 08:48:07.551,0.69171,0.69184,1.00,1.00
2017.06.06 08:48:07.754,0.69168,0.69181,1.00,1.00
2017.06.06 08:48:08.260,0.69167,0.6918,1.00,1.00
2017.06.06 08:48:11.339,0.69165,0.69178,1.12,1.00
2017.06.06 08:48:11.644,0.69163,0.69176,1.00,1.00
2017.06.06 08:48:12.263,0.69161,0.69176,1.00,1.00
2017.06.06 08:48:12.415,0.69161,0.69174,1.00,1.00
2017.06.06 08:48:12.858,0.69158,0.69173,1.00,1.00
2017.06.06 08:48:14.069,0.69159,0.69173,1.12,1.00
2017.06.06 08:48:14.839,0.69159,0.69172,1.12,1.00
2017.06.06 08:48:15.270,0.69159,0.69174,1.12,1.00
2017.06.06 08:48:15.321,0.69161,0.69176,1.00,1.12
2017.06.06 08:48:15.627,0.69162,0.69176,1.37,1.00
2017.06.06 08:48:17.076,0.69162,0.69176,1.00,1.00
2017.06.06 08:48:17.482,0.69161,0.69174,1.00,1.00
2017.06.06 08:48:18.710,0.6916,0.69174,1.00,1.00
2017.06.06 08:48:19.043,0.69162,0.69174,1.00,1.00
2017.06.06 08:48:19.094,0.69162,0.69176,1.00,1.00
2017.06.06 08:48:19.642,0.6916,0.69175,1.00,1.00
2017.06.06 08:48:20.077,0.69162,0.69175,1.00,1.00
2017.06.06 08:48:23.144,0.69162,0.69177,1.00,1.00
2017.06.06 08:48:23.755,0.69162,0.69176,1.00,1.00
2017.06.06 08:48:24.413,0.69161,0.69176,1.00,1.00
2017.06.06 08:48:29.523,0.6916,0.69176,1.00,1.00
2017.06.06 08:48:30.458,0.69162,0.69175,1.00,1.00
2017.06.06 08:48:31.258,0.6916,0.69174,1.00,1.00
2017.06.06 08:48:32.066,0.6916,0.69173,1.00,1.00
2017.06.06 08:48:32.727,0.69159,0.69173,1.00,1.00
2017.06.06 08:48:39.044,0.69159,0.69171,1.00,1.00
2017.06.06 08:48:39.095,0.69157,0.69171,1.00,1.00
2017.06.06 08:48:39.638,0.69157,0.6917,1.00,1.00
2017.06.06 08:48:39.739,0.69155,0.6917,1.00,1.00
2017.06.06 08:48:41.182,0.69154,0.6917,1.00,1.00
2017.06.06 08:48:41.233,0.69154,0.69168,1.00,1.00
2017.06.06 08:48:41.772,0.69154,0.69169,1.00,1.00
2017.06.06 08:48:42.343,0.69154,0.6917,1.00,1.00
2017.06.06 08:48:43.004,0.69155,0.6917,1.00,1.00
2017.06.06 08:48:43.699,0.69154,0.6917,1.00,1.00
2017.06.06 08:48:44.918,0.69154,0.69168,1.00,1.00
2017.06.06 08:48:45.091,0.69152,0.69168,1.00,1.00
2017.06.06 08:48:45.143,0.69151,0.69165,1.37,1.00
2017.06.06 08:48:45.446,0.69147,0.69162,1.00,1.00
2017.06.06 08:48:46.543,0.69146,0.69159,1.00,1.00
2017.06.06 08:48:46.992,0.69146,0.69162,1.00,1.00
2017.06.06 08:48:47.630,0.69147,0.69162,1.00,1.00
2017.06.06 08:48:48.148,0.69148,0.69163,1.00,1.00
2017.06.06 08:48:50.171,0.69149,0.69163,1.00,1.00
2017.06.06 08:48:50.713,0.69149,0.69164,1.00,1.00
2017.06.06 08:48:51.337,0.69152,0.69167,1.00,1.37
2017.06.06 08:48:51.641,0.69155,0.69169,1.00,1.00
2017.06.06 08:48:51.894,0.69156,0.69171,1.00,1.00
2017.06.06 08:48:52.487,0.69156,0.69172,1.12,1.00
2017.06.06 08:48:52.589,0.69158,0.69172,1.00,1.00
2017.06.06 08:48:57.332,0.69159,0.69172,1.00,1.00
2017.06.06 08:48:59.323,0.69158,0.69172,1.00,1.00
2017.06.06 08:48:59.967,0.69159,0.69173,1.00,1.50
2017.06.06 08:49:01.922,0.69159,0.69175,1.37,1.00
2017.06.06 08:49:03.685,0.69162,0.69175,1.00,1.00
2017.06.06 08:49:03.978,0.69163,0.69177,1.00,1.00
2017.06.06 08:49:05.162,0.69162,0.69177,1.00,1.00
2017.06.06 08:49:09.328,0.69165,0.6918,1.00,1.12
2017.06.06 08:49:09.632,0.69169,0.69183,1.00,1.00
2017.06.06 08:49:10.076,0.69166,0.6918,1.00,1.00
2017.06.06 08:49:10.582,0.69166,0.69179,1.00,1.00
2017.06.06 08:49:11.112,0.69165,0.69179,1.00,1.00
2017.06.06 08:49:11.580,0.69163,0.69178,1.12,1.00
2017.06.06 08:49:12.768,0.69166,0.6918,1.00,1.00
2017.06.06 08:49:13.298,0.69166,0.69181,1.00,1.00
2017.06.06 08:49:13.635,0.69162,0.69176,1.00,1.00
2017.06.06 08:49:13.945,0.69165,0.69179,1.00,1.00
2017.06.06 08:49:15.205,0.69163,0.69179,1.37,1.00
2017.06.06 08:49:15.508,0.69162,0.69177,1.00,1.00
2017.06.06 08:49:16.083,0.69163,0.69179,1.12,1.00
2017.06.06 08:49:19.591,0.69163,0.69179,1.37,1.00
2017.06.06 08:49:20.183,0.69163,0.69179,1.00,1.00
2017.06.06 08:49:20.566,0.69165,0.69179,1.00,1.00
2017.06.06 08:49:20.668,0.69166,0.69182,1.37,1.87
2017.06.06 08:49:22.083,0.69167,0.69179,1.00,1.00
2017.06.06 08:49:22.470,0.69164,0.69178,1.12,1.00
2017.06.06 08:49:24.699,0.69163,0.69176,1.12,1.00
2017.06.06 08:49:24.801,0.69161,0.69177,1.50,1.00
2017.06.06 08:49:24.852,0.69161,0.69175,1.12,1.00
2017.06.06 08:49:31.889,0.69161,0.69173,1.00,1.00
2017.06.06 08:49:32.091,0.69159,0.69173,1.12,1.00
2017.06.06 08:49:32.445,0.69157,0.69173,1.12,1.00
2017.06.06 08:49:32.962,0.69157,0.69174,1.12,1.50
2017.06.06 08:49:33.605,0.69158,0.69174,1.00,1.00
2017.06.06 08:49:34.818,0.6916,0.69174,1.00,1.00
2017.06.06 08:49:38.039,0.6916,0.69175,1.12,1.00
2017.06.06 08:49:41.504,0.69159,0.69173,1.00,1.00
2017.06.06 08:49:42.093,0.69159,0.69171,1.00,1.00
2017.06.06 08:49:42.719,0.69158,0.69171,1.12,1.00
2017.06.06 08:49:42.769,0.69158,0.69173,1.12,1.00
2017.06.06 08:49:43.933,0.69157,0.69173,1.12,1.00
2017.06.06 08:49:44.483,0.69157,0.69172,1.12,1.00
2017.06.06 08:49:44.988,0.69158,0.69172,1.00,1.00
2017.06.06 08:49:45.819,0.69156,0.6917,1.12,1.00
2017.06.06 08:49:45.971,0.69154,0.6917,1.00,1.00
2017.06.06 08:49:46.778,0.69156,0.6917,1.00,1.00
2017.06.06 08:49:47.084,0.69155,0.69168,1.00,1.00
2017.06.06 08:49:47.236,0.69153,0.69167,1.12,1.00
2017.06.06 08:49:50.264,0.69154,0.69169,1.00,1.00
2017.06.06 08:49:50.591,0.69156,0.69168,1.00,1.00
2017.06.06 08:49:51.419,0.69155,0.69168,1.00,1.00
2017.06.06 08:49:52.054,0.69155,0.69169,1.00,1.00
2017.06.06 08:49:52.357,0.69152,0.69166,1.00,1.00
2017.06.06 08:49:53.326,0.69153,0.69168,1.00,1.00
2017.06.06 08:49:54.018,0.69154,0.69168,1.00,1.00
2017.06.06 08:49:54.068,0.69157,0.69169,1.00,1.00
2017.06.06 08:49:54.578,0.69156,0.6917,1.00,1.00
2017.06.06 08:49:58.113,0.69157,0.6917,1.00,1.00
2017.06.06 08:50:00.332,0.69154,0.6917,1.12,1.00
2017.06.06 08:50:00.382,0.69153,0.69167,1.00,1.00
2017.06.06 08:50:00.885,0.69154,0.69168,1.00,1.00
2017.06.06 08:50:02.087,0.69152,0.69165,1.00,1.00
2017.06.06 08:50:02.867,0.69151,0.69165,1.00,1.50
2017.06.06 08:50:03.529,0.6915,0.69165,1.00,1.00
2017.06.06 08:50:05.995,0.69151,0.69163,1.00,1.00
2017.06.06 08:50:06.525,0.6915,0.69163,1.00,1.00
2017.06.06 08:50:07.160,0.69149,0.69163,1.00,1.00
2017.06.06 08:50:12.044,0.69149,0.69161,1.00,1.00
2017.06.06 08:50:12.145,0.69145,0.6916,1.50,1.00
2017.06.06 08:50:12.816,0.69145,0.6916,1.00,1.00
2017.06.06 08:50:13.475,0.69146,0.6916,1.00,1.00
2017.06.06 08:50:18.098,0.69145,0.6916,1.00,1.00
2017.06.06 08:50:18.610,0.69146,0.6916,1.00,1.00
2017.06.06 08:50:20.480,0.69147,0.6916,1.00,1.00
2017.06.06 08:50:20.582,0.6915,0.69165,1.00,1.00
2017.06.06 08:50:20.633,0.69152,0.69166,1.00,1.00
2017.06.06 08:50:20.980,0.69149,0.69163,1.50,1.00
2017.06.06 08:50:21.521,0.69149,0.69163,1.00,1.00
2017.06.06 08:50:22.045,0.69148,0.69163,1.00,1.00
2017.06.06 08:50:22.474,0.69147,0.6916,1.00,1.00
2017.06.06 08:50:23.061,0.69145,0.6916,1.00,1.00
2017.06.06 08:50:24.591,0.69145,0.69159,1.12,1.00
2017.06.06 08:50:27.436,0.69145,0.69159,1.37,1.00
2017.06.06 08:50:28.046,0.69145,0.69159,1.00,1.00
2017.06.06 08:50:28.097,0.69146,0.69157,1.00,1.00
2017.06.06 08:50:28.149,0.69146,0.69159,1.00,1.00
2017.06.06 08:50:28.760,0.69145,0.69159,1.00,1.00
2017.06.06 08:50:32.044,0.69145,0.69158,1.00,1.00
2017.06.06 08:50:32.197,0.69144,0.69156,1.12,1.00
2017.06.06 08:50:32.784,0.69144,0.69157,1.00,1.00
2017.06.06 08:50:33.064,0.69142,0.69157,1.00,1.00
2017.06.06 08:50:34.098,0.69144,0.69157,1.00,1.00
2017.06.06 08:50:34.200,0.69142,0.69156,1.00,1.00
2017.06.06 08:50:37.731,0.69141,0.69156,1.00,1.00
2017.06.06 08:50:38.387,0.6914,0.69155,1.00,1.00
2017.06.06 08:50:38.786,0.6914,0.69153,1.00,1.00
2017.06.06 08:50:39.321,0.69141,0.69153,1.00,1.00
2017.06.06 08:50:42.088,0.69139,0.6915,1.00,1.00
2017.06.06 08:50:44.068,0.69138,0.6915,1.00,1.00
2017.06.06 08:50:45.161,0.69138,0.69153,1.00,1.00
2017.06.06 08:50:45.212,0.6914,0.69154,1.00,1.00
2017.06.06 08:50:51.705,0.6914,0.69153,1.00,1.00
2017.06.06 08:50:52.090,0.69138,0.6915,1.00,1.00
2017.06.06 08:50:52.601,0.69137,0.69151,1.00,1.00
2017.06.06 08:50:58.100,0.69135,0.69148,1.00,1.00
2017.06.06 08:50:58.443,0.69137,0.6915,1.00,1.00
2017.06.06 08:51:02.090,0.69136,0.6915,1.00,1.00
2017.06.06 08:51:02.394,0.69134,0.69148,1.00,1.00
2017.06.06 08:51:03.403,0.69135,0.69148,1.00,1.00
2017.06.06 08:51:05.453,0.69134,0.69148,1.00,1.00
2017.06.06 08:51:06.513,0.69134,0.69147,1.00,1.00
2017.06.06 08:51:07.121,0.69134,0.69148,1.00,1.00
2017.06.06 08:51:10.854,0.69136,0.69149,1.00,1.00
2017.06.06 08:51:11.361,0.69136,0.6915,1.00,1.00
2017.06.06 08:51:12.045,0.69136,0.69148,1.00,1.00
2017.06.06 08:51:12.146,0.69134,0.69148,1.00,1.00
2017.06.06 08:51:12.791,0.69134,0.69147,1.00,1.00
2017.06.06 08:51:19.363,0.69133,0.69147,1.00,1.00
2017.06.06 08:51:20.646,0.69132,0.69147,1.00,1.00
2017.06.06 08:51:22.088,0.69131,0.69144,1.00,1.00
2017.06.06 08:51:24.106,0.69131,0.69142,1.00,1.00
2017.06.06 08:51:31.943,0.69129,0.69142,1.00,1.00
2017.06.06 08:51:32.143,0.69129,0.6914,1.00,1.00
2017.06.06 08:51:32.245,0.69127,0.69141,1.00,1.00
2017.06.06 08:51:32.397,0.69129,0.69143,1.00,1.00
2017.06.06 08:51:32.729,0.69129,0.69141,1.00,1.00
2017.06.06 08:51:33.234,0.69127,0.69141,1.12,1.00
2017.06.06 08:51:34.488,0.69127,0.6914,1.00,1.00
2017.06.06 08:51:35.717,0.69128,0.69143,1.00,1.00
2017.06.06 08:51:36.298,0.69127,0.6914,1.00,1.00
2017.06.06 08:51:38.784,0.69126,0.6914,1.00,1.00
2017.06.06 08:51:39.708,0.69127,0.6914,1.00,1.00
2017.06.06 08:51:41.414,0.69127,0.69141,1.00,1.00
2017.06.06 08:51:42.160,0.69124,0.69138,1.12,1.00
2017.06.06 08:51:47.814,0.69123,0.69138,1.00,1.00
2017.06.06 08:51:48.325,0.69123,0.69137,1.00,1.00
2017.06.06 08:51:51.501,0.69122,0.69135,1.00,1.00
2017.06.06 08:51:52.252,0.69122,0.69136,1.00,1.00
2017.06.06 08:51:52.557,0.69124,0.69137,1.00,1.00
2017.06.06 08:51:53.297,0.69123,0.69137,1.00,1.00
2017.06.06 08:51:55.554,0.69123,0.69138,1.00,1.00
2017.06.06 08:51:58.104,0.6912,0.69136,1.12,1.00
2017.06.06 08:52:02.336,0.6912,0.69136,1.00,1.72
2017.06.06 08:52:03.711,0.6912,0.69136,1.00,1.00
2017.06.06 08:52:05.787,0.6912,0.69137,1.00,1.50
2017.06.06 08:52:05.940,0.69123,0.69138,1.00,1.00
2017.06.06 08:52:06.242,0.69125,0.69139,1.00,1.00
2017.06.06 08:52:07.395,0.69125,0.69138,1.00,1.00
2017.06.06 08:52:08.304,0.69124,0.69138,1.00,1.00
2017.06.06 08:52:09.855,0.69126,0.6914,1.00,1.00
2017.06.06 08:52:10.369,0.69125,0.6914,1.00,1.00
2017.06.06 08:52:11.022,0.69126,0.6914,1.00,1.00
2017.06.06 08:52:12.169,0.69127,0.6914,1.00,1.00
2017.06.06 08:52:12.671,0.69128,0.69141,1.00,1.00
2017.06.06 08:52:16.979,0.69127,0.6914,1.00,1.00
2017.06.06 08:52:17.613,0.69126,0.6914,1.00,1.00
2017.06.06 08:52:18.284,0.69125,0.6914,1.00,1.50
2017.06.06 08:52:19.733,0.69125,0.69138,1.00,1.00
2017.06.06 08:52:19.784,0.69123,0.69138,1.12,1.00
2017.06.06 08:52:19.885,0.69121,0.69137,1.00,1.00
2017.06.06 08:52:23.599,0.69121,0.69136,1.00,1.00
2017.06.06 08:52:24.930,0.69122,0.69136,1.00,1.87
2017.06.06 08:52:25.891,0.69121,0.69136,1.00,1.87
2017.06.06 08:52:26.707,0.69121,0.69137,1.00,1.00
2017.06.06 08:52:34.162,0.6912,0.69137,1.12,1.87
2017.06.06 08:52:34.774,0.69121,0.69136,1.00,1.00
2017.06.06 08:52:35.159,0.69119,0.69136,1.00,1.50
2017.06.06 08:52:35.663,0.69118,0.69135,1.00,1.50
2017.06.06 08:52:36.293,0.69118,0.69134,1.00,1.12
2017.06.06 08:52:39.941,0.6912,0.69134,1.00,1.50
2017.06.06 08:52:40.480,0.6912,0.69137,1.12,1.50
2017.06.06 08:52:40.873,0.6912,0.69135,1.00,1.00
2017.06.06 08:52:47.043,0.69121,0.69135,1.00,1.00
2017.06.06 08:52:48.061,0.69121,0.69137,1.00,1.00
2017.06.06 08:52:48.600,0.69121,0.69136,1.00,1.50
2017.06.06 08:52:56.256,0.69121,0.69137,1.00,1.50
2017.06.06 08:53:01.096,0.69121,0.69136,1.00,1.50
2017.06.06 08:53:01.609,0.6912,0.69135,1.00,1.00
2017.06.06 08:53:02.899,0.69121,0.69135,1.00,1.00
2017.06.06 08:53:05.880,0.69121,0.69138,1.00,1.87
2017.06.06 08:53:06.479,0.69123,0.69138,1.00,1.50
2017.06.06 08:53:07.774,0.69121,0.69138,1.00,1.87
2017.06.06 08:53:07.944,0.6912,0.69136,1.00,1.00
2017.06.06 08:53:10.230,0.6912,0.69134,1.00,1.00
2017.06.06 08:53:10.281,0.69117,0.69134,1.37,1.50
2017.06.06 08:53:10.601,0.69115,0.69132,1.00,1.50
2017.06.06 08:53:10.804,0.69114,0.6913,1.37,1.00
2017.06.06 08:53:10.855,0.69115,0.69132,1.00,1.12
2017.06.06 08:53:11.400,0.69117,0.69133,1.00,1.87
2017.06.06 08:53:11.996,0.69116,0.69133,1.00,1.50
2017.06.06 08:53:12.301,0.69116,0.69131,1.00,1.00
2017.06.06 08:53:21.103,0.69113,0.6913,1.50,1.50
2017.06.06 08:53:21.156,0.69113,0.69127,1.37,1.50
2017.06.06 08:53:21.684,0.69113,0.69127,1.00,1.50
2017.06.06 08:53:22.292,0.69112,0.69127,1.00,1.50
2017.06.06 08:53:25.455,0.6911,0.69127,1.00,1.50
2017.06.06 08:53:25.506,0.69109,0.69124,1.00,1.00
2017.06.06 08:53:25.558,0.69109,0.69126,1.00,1.50
2017.06.06 08:53:26.101,0.69109,0.69126,1.37,1.50
2017.06.06 08:53:32.508,0.6911,0.69125,1.00,1.00
2017.06.06 08:53:35.710,0.69109,0.69124,1.00,1.00
2017.06.06 08:53:36.967,0.6911,0.69125,1.00,1.00
2017.06.06 08:53:38.144,0.69108,0.69124,1.00,1.00
2017.06.06 08:53:38.774,0.69107,0.69123,1.00,1.00
2017.06.06 08:53:39.276,0.69108,0.69124,1.12,1.12
2017.06.06 08:53:40.324,0.69109,0.69124,1.12,1.12
2017.06.06 08:53:42.254,0.69109,0.69125,1.12,1.00
2017.06.06 08:53:43.110,0.6911,0.69125,1.12,1.00
2017.06.06 08:53:43.212,0.69113,0.69128,1.00,1.37
2017.06.06 08:53:43.313,0.69113,0.69129,1.00,1.00
2017.06.06 08:53:43.855,0.69113,0.69128,1.12,1.00
2017.06.06 08:53:44.399,0.69112,0.69128,1.00,1.00
2017.06.06 08:53:45.226,0.69111,0.69127,1.00,1.00
2017.06.06 08:53:45.580,0.69109,0.69126,1.12,1.50
2017.06.06 08:53:47.586,0.69109,0.69125,1.00,1.00
2017.06.06 08:53:48.218,0.69108,0.69124,1.00,1.00
2017.06.06 08:53:54.991,0.69108,0.69123,1.00,1.00
2017.06.06 08:53:55.517,0.69107,0.69122,1.00,1.00
2017.06.06 08:53:56.427,0.69107,0.69122,1.37,1.00
2017.06.06 08:53:56.529,0.69108,0.69124,1.12,1.00
2017.06.06 08:54:00.197,0.69108,0.69123,1.00,1.00
2017.06.06 08:54:01.199,0.69108,0.69124,1.00,1.00
2017.06.06 08:54:04.658,0.69108,0.69123,1.12,1.00
2017.06.06 08:54:05.199,0.69107,0.69123,1.00,1.00
2017.06.06 08:54:05.835,0.69106,0.69123,1.00,1.50
2017.06.06 08:54:05.996,0.69104,0.69121,1.37,1.50
2017.06.06 08:54:06.250,0.69102,0.69119,1.00,1.87
2017.06.06 08:54:06.968,0.69102,0.69118,1.12,1.00
2017.06.06 08:54:07.768,0.69102,0.69117,1.00,1.00
2017.06.06 08:54:09.366,0.69102,0.69117,1.00,1.37
2017.06.06 08:54:09.930,0.69102,0.69117,1.00,1.12
2017.06.06 08:54:10.376,0.691,0.69117,1.00,1.87
2017.06.06 08:54:10.529,0.691,0.69115,1.00,1.00
2017.06.06 08:54:11.296,0.69101,0.69116,1.00,1.12
2017.06.06 08:54:11.804,0.69102,0.69117,1.00,1.00
2017.06.06 08:54:13.380,0.69102,0.69118,1.00,1.00
2017.06.06 08:54:17.226,0.69101,0.69118,1.12,1.50
2017.06.06 08:54:20.720,0.69101,0.69116,1.00,1.00
2017.06.06 08:54:21.145,0.69101,0.69118,1.00,1.50
2017.06.06 08:54:21.969,0.69102,0.69119,1.00,1.50
2017.06.06 08:54:29.183,0.69105,0.69119,1.00,1.00
2017.06.06 08:54:29.385,0.69106,0.69122,1.00,1.00
2017.06.06 08:54:29.914,0.69106,0.69123,1.00,1.50
2017.06.06 08:54:30.446,0.69107,0.69121,1.00,1.00
2017.06.06 08:54:31.205,0.69107,0.69123,1.00,1.00
2017.06.06 08:54:35.344,0.69107,0.69124,1.12,1.87
2017.06.06 08:54:35.395,0.69109,0.69124,1.00,1.87
2017.06.06 08:54:36.192,0.6911,0.69124,1.00,1.00
2017.06.06 08:54:36.853,0.69109,0.69124,1.00,1.00
2017.06.06 08:54:38.086,0.69109,0.69125,1.00,1.00
2017.06.06 08:54:39.716,0.69108,0.69124,1.00,1.00
2017.06.06 08:54:40.154,0.69108,0.69122,1.00,1.00
2017.06.06 08:54:40.963,0.69108,0.69123,1.00,1.00
2017.06.06 08:54:42.233,0.69108,0.69124,1.12,1.00
2017.06.06 08:54:42.842,0.69108,0.69125,1.50,1.00
2017.06.06 08:54:43.996,0.6911,0.69125,1.00,1.00
2017.06.06 08:54:44.046,0.6911,0.69127,1.00,1.00
2017.06.06 08:54:44.624,0.69112,0.69127,1.37,1.00
2017.06.06 08:54:45.079,0.6911,0.69127,1.87,1.00
2017.06.06 08:54:45.131,0.69112,0.69127,1.00,1.00
2017.06.06 08:54:45.283,0.69113,0.69129,1.00,1.00
2017.06.06 08:54:47.042,0.69113,0.6913,1.87,1.00
2017.06.06 08:54:47.280,0.69115,0.6913,1.00,1.00
2017.06.06 08:54:48.898,0.69115,0.69131,1.00,1.12
2017.06.06 08:54:50.859,0.69114,0.69132,1.00,1.37
2017.06.06 08:54:51.440,0.69113,0.69131,1.87,1.12
2017.06.06 08:54:51.769,0.69113,0.69131,1.87,1.00
2017.06.06 08:54:52.428,0.69114,0.69132,1.87,1.00
2017.06.06 08:54:54.901,0.69114,0.69132,1.87,1.00
2017.06.06 08:54:56.538,0.69114,0.69131,1.00,1.00
2017.06.06 08:55:00.903,0.69116,0.69131,1.00,1.12
2017.06.06 08:55:03.383,0.69116,0.69132,1.00,1.00
2017.06.06 08:55:28.451,0.69117,0.69133,1.00,1.00
2017.06.06 08:55:28.755,0.69121,0.69138,1.00,1.50
2017.06.06 08:55:29.490,0.69123,0.69137,1.00,1.00
2017.06.06 08:55:30.451,0.69123,0.69139,1.00,1.00
2017.06.06 08:55:30.552,0.69121,0.69138,1.00,1.12
2017.06.06 08:55:31.368,0.69122,0.69136,1.00,1.00
2017.06.06 08:55:31.800,0.69121,0.69138,1.00,1.12
2017.06.06 08:55:32.372,0.69121,0.69137,1.00,1.00
2017.06.06 08:55:32.882,0.69121,0.69138,1.00,1.12
2017.06.06 08:55:33.519,0.69121,0.69138,1.00,1.37
2017.06.06 08:55:34.132,0.69121,0.69138,1.00,1.00
2017.06.06 08:55:34.658,0.69122,0.69137,1.00,1.12
2017.06.06 08:55:35.163,0.69121,0.69137,1.00,1.37
2017.06.06 08:55:36.803,0.69121,0.69137,1.00,1.12
2017.06.06 08:55:36.853,0.69123,0.69137,1.00,1.12
2017.06.06 08:55:38.503,0.69123,0.69139,1.00,1.12
2017.06.06 08:55:39.129,0.69124,0.6914,1.00,1.00
2017.06.06 08:55:45.451,0.69125,0.69141,1.00,1.00
2017.06.06 08:55:49.608,0.69124,0.6914,1.00,1.00
2017.06.06 08:55:52.794,0.69125,0.69141,1.00,1.00
2017.06.06 08:55:58.763,0.69127,0.69141,1.00,1.12
2017.06.06 08:56:02.440,0.69126,0.69141,1.00,1.12
2017.06.06 08:56:19.317,0.69127,0.69141,1.00,1.00
2017.06.06 08:56:19.419,0.69128,0.69143,1.00,1.00
2017.06.06 08:56:19.571,0.69129,0.69145,1.00,1.00
2017.06.06 08:56:20.450,0.69129,0.69146,1.00,1.00
2017.06.06 08:56:21.168,0.6913,0.69147,1.00,1.12
2017.06.06 08:56:21.972,0.69129,0.69146,1.00,1.00
2017.06.06 08:56:22.961,0.6913,0.69147,1.00,1.12
2017.06.06 08:56:30.863,0.69133,0.69149,1.87,1.37
2017.06.06 08:56:31.065,0.69135,0.69152,1.12,1.00
2017.06.06 08:56:31.940,0.69136,0.69152,1.00,1.00
2017.06.06 08:56:36.074,0.69136,0.69153,1.00,1.50
2017.06.06 08:56:38.641,0.69136,0.69152,1.00,1.00
2017.06.06 08:56:39.627,0.69136,0.69151,1.00,1.00
2017.06.06 08:56:42.237,0.69137,0.69151,1.00,1.00
2017.06.06 08:56:43.289,0.69134,0.6915,1.00,1.00
2017.06.06 08:56:43.535,0.69136,0.69151,1.00,1.00
2017.06.06 08:56:44.538,0.69136,0.69152,1.00,1.00
2017.06.06 08:56:48.059,0.69138,0.69153,1.00,1.12
2017.06.06 08:56:48.362,0.69144,0.69158,1.00,1.00
2017.06.06 08:56:48.798,0.69143,0.69159,1.00,1.37
2017.06.06 08:56:49.343,0.69142,0.69156,1.00,1.00
2017.06.06 08:56:52.433,0.69142,0.69159,1.00,1.00
2017.06.06 08:56:54.996,0.69145,0.69161,1.00,1.50
2017.06.06 08:56:55.300,0.69148,0.69163,1.00,1.00
2017.06.06 08:56:56.083,0.69148,0.69164,1.00,1.00
2017.06.06 08:56:56.861,0.69149,0.69165,1.00,1.12
2017.06.06 08:56:59.443,0.6915,0.69165,1.00,1.00
2017.06.06 08:57:00.408,0.69152,0.69165,1.00,1.00
2017.06.06 08:57:00.459,0.69151,0.69167,1.00,1.00
2017.06.06 08:57:00.662,0.69153,0.69167,1.00,1.00
2017.06.06 08:57:00.994,0.69154,0.69169,1.00,1.00
2017.06.06 08:57:02.554,0.69153,0.69169,1.00,1.00
2017.06.06 08:57:02.837,0.69155,0.69169,1.00,1.00
2017.06.06 08:57:03.466,0.69155,0.69169,1.00,1.37
2017.06.06 08:57:04.505,0.69155,0.69169,1.00,1.00
2017.06.06 08:57:04.708,0.69156,0.69172,1.00,1.00
2017.06.06 08:57:05.544,0.69157,0.69173,1.00,1.12
2017.06.06 08:57:05.646,0.69157,0.69171,1.00,1.00
2017.06.06 08:57:05.747,0.69157,0.69173,1.00,1.00
2017.06.06 08:57:06.712,0.69157,0.69172,1.00,1.00
2017.06.06 08:57:07.465,0.69157,0.69171,1.00,1.00
2017.06.06 08:57:08.348,0.69156,0.69171,1.00,1.00
2017.06.06 08:57:10.478,0.69156,0.6917,1.00,1.00
2017.06.06 08:57:11.065,0.69157,0.6917,1.00,1.00
2017.06.06 08:57:13.029,0.69157,0.69171,1.00,1.00
2017.06.06 08:57:15.433,0.69157,0.6917,1.00,1.00
2017.06.06 08:57:16.084,0.69158,0.69171,1.00,1.00
2017.06.06 08:57:16.454,0.69157,0.69173,1.00,1.00
2017.06.06 08:57:17.070,0.69158,0.69174,1.00,1.12
2017.06.06 08:57:20.473,0.69159,0.69174,1.00,1.12
2017.06.06 08:57:21.157,0.69159,0.69176,1.00,1.12
2017.06.06 08:57:22.920,0.69159,0.69176,1.00,1.37
2017.06.06 08:57:23.673,0.69159,0.69176,1.00,1.37
2017.06.06 08:57:26.819,0.69159,0.69176,1.00,1.37
2017.06.06 08:57:27.634,0.69159,0.69176,1.00,1.37
2017.06.06 08:57:30.114,0.69159,0.69174,1.00,1.00
2017.06.06 08:57:30.165,0.69157,0.69174,1.00,1.00
2017.06.06 08:57:34.242,0.69155,0.69172,1.37,1.12
2017.06.06 08:57:34.560,0.69153,0.6917,1.12,1.37
2017.06.06 08:57:45.192,0.69153,0.69169,1.12,1.12
2017.06.06 08:57:49.606,0.69155,0.6917,1.00,1.37
2017.06.06 08:57:50.116,0.69155,0.6917,1.00,1.12
2017.06.06 08:57:51.648,0.69154,0.69169,1.00,1.12
2017.06.06 08:57:51.951,0.69153,0.69167,1.00,1.12
2017.06.06 08:57:57.054,0.69151,0.69168,1.00,1.00
2017.06.06 08:57:57.751,0.69152,0.69169,1.00,1.12
2017.06.06 08:57:59.694,0.69153,0.6917,1.00,1.37
2017.06.06 08:58:00.250,0.69153,0.6917,1.00,1.37
2017.06.06 08:58:00.403,0.69153,0.6917,1.00,1.37
2017.06.06 08:58:01.053,0.69152,0.69169,1.00,1.12
2017.06.06 08:58:02.343,0.69152,0.69169,1.00,1.37
2017.06.06 08:58:02.444,0.6915,0.69167,1.00,1.37
2017.06.06 08:58:02.952,0.69149,0.69165,1.00,1.12
2017.06.06 08:58:03.227,0.69151,0.69166,1.00,1.00
2017.06.06 08:58:04.090,0.69151,0.69168,1.00,1.12
2017.06.06 08:58:05.225,0.69151,0.69168,1.00,1.37
2017.06.06 08:58:06.311,0.69152,0.69168,1.00,1.37
2017.06.06 08:58:10.478,0.69152,0.69168,1.00,1.00
2017.06.06 08:58:11.858,0.69153,0.69169,1.00,1.12
2017.06.06 08:58:11.960,0.69155,0.6917,1.00,1.12
2017.06.06 08:58:12.061,0.69155,0.69172,1.00,1.12
2017.06.06 08:58:12.314,0.69154,0.69168,1.12,1.00
2017.06.06 08:58:12.466,0.69151,0.69167,1.12,1.00
2017.06.06 08:58:12.597,0.69151,0.69167,1.12,1.37
2017.06.06 08:58:12.951,0.69152,0.69167,1.00,1.12
2017.06.06 08:58:14.818,0.69152,0.69167,1.00,1.37
2017.06.06 08:58:14.920,0.69149,0.69165,1.00,1.00
2017.06.06 08:58:15.415,0.69151,0.69166,1.00,1.12
2017.06.06 08:58:17.699,0.69151,0.69168,1.00,1.12
2017.06.06 08:58:18.248,0.69152,0.69169,1.00,1.37
2017.06.06 08:58:21.289,0.69154,0.69168,1.00,1.12
2017.06.06 08:58:22.200,0.69154,0.69168,1.00,1.37
2017.06.06 08:58:22.887,0.69153,0.69168,1.00,1.37
2017.06.06 08:58:25.628,0.69153,0.69168,1.00,1.00
2017.06.06 08:58:26.452,0.69153,0.69168,1.00,1.37
2017.06.06 08:58:30.062,0.69153,0.69168,1.00,1.12
2017.06.06 08:58:31.844,0.69152,0.69168,1.00,1.12
2017.06.06 08:58:32.170,0.69152,0.69168,1.00,1.37
2017.06.06 08:58:35.223,0.69151,0.69167,1.00,1.12
2017.06.06 08:58:35.527,0.69152,0.69166,1.00,1.37
2017.06.06 08:58:35.628,0.69155,0.69169,1.00,1.00
2017.06.06 08:58:36.540,0.69152,0.69168,1.37,1.37
2017.06.06 08:58:36.692,0.69152,0.69168,1.00,1.00
2017.06.06 08:58:36.793,0.69155,0.69169,1.00,1.12
2017.06.06 08:58:36.946,0.69157,0.69173,1.00,1.00
2017.06.06 08:58:38.782,0.69157,0.69173,1.12,1.37
2017.06.06 08:58:39.036,0.69157,0.69171,1.12,1.37
2017.06.06 08:58:39.289,0.69154,0.69171,1.00,1.37
2017.06.06 08:58:39.964,0.69154,0.69171,1.00,1.37
2017.06.06 08:58:40.759,0.69155,0.69171,1.00,1.12
2017.06.06 08:58:45.706,0.69158,0.69172,1.00,1.12
2017.06.06 08:58:46.220,0.69158,0.69174,1.00,1.12
2017.06.06 08:58:46.916,0.69158,0.69174,1.37,1.00
2017.06.06 08:58:50.213,0.69161,0.69177,1.00,1.12
2017.06.06 08:58:50.366,0.69163,0.69179,1.00,1.00
2017.06.06 08:58:50.767,0.69165,0.69181,1.00,1.00
2017.06.06 08:58:51.415,0.69165,0.69181,1.00,1.37
2017.06.06 08:58:51.669,0.69162,0.69178,1.12,1.00
2017.06.06 08:58:52.490,0.69163,0.69179,1.00,1.00
2017.06.06 08:58:53.245,0.69166,0.6918,1.00,1.00
2017.06.06 08:58:53.296,0.69164,0.6918,1.00,1.00
2017.06.06 08:58:54.228,0.69163,0.69179,1.00,1.00
2017.06.06 08:58:54.826,0.69165,0.69181,1.00,1.00
2017.06.06 08:58:55.129,0.69168,0.69183,1.00,1.12
2017.06.06 08:58:55.669,0.69166,0.69182,1.37,1.12
2017.06.06 08:58:56.189,0.69168,0.69182,1.00,1.00
2017.06.06 08:58:56.290,0.69168,0.69184,1.00,1.12
2017.06.06 08:58:56.545,0.69169,0.69185,1.37,1.12
2017.06.06 08:58:56.872,0.6917,0.69187,1.12,1.12
2017.06.06 08:58:57.024,0.69172,0.69188,1.00,1.37
2017.06.06 08:58:57.376,0.69173,0.69189,1.00,1.12
2017.06.06 08:58:59.504,0.69175,0.69191,1.00,1.37
2017.06.06 08:59:00.046,0.69174,0.6919,1.12,1.12
2017.06.06 08:59:00.474,0.69174,0.69188,1.12,1.00
2017.06.06 08:59:00.881,0.69174,0.69191,1.12,1.12
2017.06.06 08:59:02.402,0.69176,0.69191,1.00,1.12
2017.06.06 08:59:02.921,0.69175,0.6919,1.00,1.00
2017.06.06 08:59:03.577,0.69173,0.69189,1.37,1.00
2017.06.06 08:59:04.361,0.69175,0.69189,1.00,1.00
2017.06.06 08:59:04.868,0.69175,0.69189,1.00,1.37
2017.06.06 08:59:05.330,0.69175,0.69191,1.00,1.00
2017.06.06 08:59:05.432,0.69177,0.69193,1.00,1.37
2017.06.06 08:59:05.533,0.69175,0.69191,1.12,1.00
2017.06.06 08:59:05.585,0.69175,0.69191,1.12,1.37
2017.06.06 08:59:06.196,0.69174,0.6919,1.00,1.12
2017.06.06 08:59:06.503,0.69177,0.69193,1.00,1.37
2017.06.06 08:59:07.341,0.69179,0.69193,1.00,1.37
2017.06.06 08:59:12.285,0.69179,0.69195,1.00,1.37
2017.06.06 08:59:15.487,0.69179,0.69196,1.00,1.50
2017.06.06 08:59:16.120,0.6918,0.69197,1.00,1.37
2017.06.06 08:59:17.827,0.69179,0.69195,1.00,1.12
2017.06.06 08:59:21.757,0.6918,0.69196,1.00,1.12
2017.06.06 08:59:22.453,0.69179,0.69195,1.00,1.00
2017.06.06 08:59:24.261,0.69179,0.69195,1.00,1.37
2017.06.06 08:59:24.767,0.69178,0.69194,1.00,1.00
2017.06.06 08:59:25.458,0.69179,0.69195,1.00,1.37
2017.06.06 08:59:25.955,0.69176,0.69192,1.37,1.00
2017.06.06 08:59:26.258,0.69175,0.69189,1.12,1.00
2017.06.06 08:59:26.767,0.69176,0.6919,1.00,1.00
2017.06.06 08:59:27.498,0.69176,0.69192,1.00,1.37
2017.06.06 08:59:29.162,0.69176,0.69192,1.00,1.12
2017.06.06 08:59:29.892,0.69175,0.69191,1.00,1.00
2017.06.06 08:59:30.944,0.69174,0.69191,1.00,1.00
2017.06.06 08:59:31.056,0.69175,0.69193,1.00,1.00
2017.06.06 08:59:31.157,0.69175,0.69193,1.00,1.37
2017.06.06 08:59:31.353,0.69175,0.69193,1.00,1.00
2017.06.06 08:59:31.572,0.69179,0.69198,1.00,1.75
2017.06.06 08:59:31.901,0.6918,0.692,1.37,1.87
2017.06.06 08:59:32.306,0.69178,0.69198,1.37,2.25
2017.06.06 08:59:32.650,0.69179,0.69199,1.12,2.62
2017.06.06 08:59:32.751,0.69181,0.692,1.00,1.75
2017.06.06 08:59:32.802,0.69181,0.692,1.00,1.75
2017.06.06 08:59:33.305,0.69183,0.69202,1.00,1.37
2017.06.06 08:59:33.821,0.69182,0.69201,1.87,1.87
2017.06.06 08:59:37.026,0.69181,0.69201,1.37,1.37
2017.06.06 08:59:37.127,0.69181,0.69201,1.12,1.87
2017.06.06 08:59:38.418,0.69178,0.69198,2.62,1.72
2017.06.06 08:59:38.620,0.69178,0.69196,1.00,1.37
2017.06.06 08:59:39.141,0.69178,0.69196,1.00,1.12
2017.06.06 08:59:39.364,0.69178,0.69196,1.37,1.37
2017.06.06 08:59:39.617,0.69174,0.69192,3.37,1.12
2017.06.06 08:59:39.834,0.69177,0.69194,1.00,1.12
2017.06.06 08:59:39.936,0.69178,0.69196,1.00,1.87
2017.06.06 08:59:40.445,0.69178,0.69196,1.37,1.12
2017.06.06 08:59:41.594,0.69179,0.69197,1.87,1.00
2017.06.06 08:59:41.695,0.69179,0.69197,1.12,1.37
2017.06.06 08:59:41.847,0.69177,0.69197,1.12,1.50
2017.06.06 08:59:42.941,0.69177,0.69197,1.12,1.37
2017.06.06 08:59:43.043,0.69176,0.69196,1.37,2.25
2017.06.06 08:59:43.195,0.69176,0.69195,1.37,1.37
2017.06.06 08:59:43.917,0.69176,0.69195,1.37,1.37
2017.06.06 08:59:48.779,0.69175,0.69195,1.87,1.37
2017.06.06 08:59:49.142,0.69175,0.69196,1.37,1.37
2017.06.06 08:59:49.243,0.69177,0.69197,1.12,1.50
2017.06.06 08:59:49.822,0.69177,0.69197,1.12,1.37
2017.06.06 08:59:50.033,0.69173,0.69194,2.25,2.10
2017.06.06 08:59:50.243,0.69172,0.69192,1.00,1.50
2017.06.06 08:59:50.793,0.69171,0.69192,1.12,1.37
2017.06.06 08:59:50.945,0.69171,0.69192,1.50,1.37
2017.06.06 08:59:51.109,0.69172,0.69192,1.37,1.37
2017.06.06 08:59:51.412,0.69171,0.69192,1.12,2.25
2017.06.06 08:59:52.010,0.69169,0.69192,2.25,2.62
2017.06.06 08:59:52.061,0.6917,0.69192,1.37,2.62
2017.06.06 08:59:52.585,0.69171,0.69192,1.12,1.87
2017.06.06 08:59:52.742,0.69171,0.69192,1.12,1.12
2017.06.06 08:59:53.407,0.69171,0.69194,1.12,2.47
2017.06.06 08:59:53.955,0.69171,0.69194,1.12,3.22
2017.06.06 08:59:54.512,0.6917,0.69192,1.87,1.37
2017.06.06 08:59:55.530,0.6917,0.69193,1.37,2.25
2017.06.06 08:59:56.094,0.69171,0.69193,1.87,2.25
2017.06.06 08:59:56.296,0.69172,0.69192,1.00,1.00
2017.06.06 08:59:56.449,0.69175,0.69197,1.00,1.50
2017.06.06 08:59:56.762,0.69177,0.69197,1.37,1.37
2017.06.06 08:59:57.995,0.69177,0.69198,1.37,1.37
2017.06.06 08:59:58.501,0.69177,0.69198,1.50,1.50
2017.06.06 08:59:59.278,0.69175,0.69195,1.37,2.10
2017.06.06 08:59:59.430,0.69171,0.69193,1.87,1.75
