2016.01.19 19:00:00.228,0.64969,0.64995,1.00,1.00
2016.01.19 19:00:00.604,0.64969,0.64993,1.00,1.00
2016.01.19 19:00:00.726,0.64969,0.64995,1.00,1.00
2016.01.19 19:00:00.827,0.64969,0.64993,1.00,1.00
2016.01.19 19:00:01.010,0.64965,0.64993,1.00,1.00
2016.01.19 19:00:01.529,0.64966,0.64994,1.00,1.00
2016.01.19 19:00:02.149,0.64966,0.64992,1.00,1.00
2016.01.19 19:00:02.250,0.64964,0.64991,1.00,1.00
2016.01.19 19:00:02.820,0.64965,0.64991,1.00,1.00
2016.01.19 19:00:03.210,0.64963,0.64991,1.00,1.00
2016.01.19 19:00:03.261,0.64961,0.64989,1.00,1.00
2016.01.19 19:00:03.562,0.64959,0.64985,1.50,1.00
2016.01.19 19:00:04.274,0.64959,0.64984,1.00,1.00
2016.01.19 19:00:04.687,0.64959,0.64986,1.00,1.00
2016.01.19 19:00:04.787,0.6496,0.64988,1.50,1.00
2016.01.19 19:00:05.314,0.64959,0.64983,1.00,1.00
2016.01.19 19:00:06.304,0.6496,0.64983,1.00,1.00
2016.01.19 19:00:06.736,0.6496,0.64985,1.00,1.00
2016.01.19 19:00:07.244,0.6496,0.64986,1.50,1.00
2016.01.19 19:00:07.544,0.64959,0.64984,1.00,1.00
2016.01.19 19:00:09.935,0.64959,0.64985,1.00,1.00
2016.01.19 19:00:10.937,0.64959,0.64986,1.00,1.00
2016.01.19 19:00:13.447,0.64959,0.64988,1.00,1.00
2016.01.19 19:00:13.497,0.6496,0.64986,1.00,1.00
2016.01.19 19:00:15.660,0.6496,0.64988,1.00,1.00
2016.01.19 19:00:15.761,0.64961,0.6499,1.00,1.00
2016.01.19 19:00:15.826,0.64964,0.6499,1.00,1.00
2016.01.19 19:00:16.485,0.64965,0.6499,1.00,1.00
2016.01.19 19:00:16.815,0.64961,0.6499,1.00,1.00
2016.01.19 19:00:17.805,0.64964,0.6499,1.00,1.00
2016.01.19 19:00:17.915,0.64961,0.6499,1.00,1.00
2016.01.19 19:00:18.488,0.6496,0.6499,1.00,1.00
2016.01.19 19:00:19.512,0.64959,0.64988,1.00,1.00
2016.01.19 19:00:19.717,0.6496,0.6499,1.00,1.00
2016.01.19 19:00:20.104,0.6496,0.64987,1.00,1.00
2016.01.19 19:00:20.646,0.64959,0.64987,1.00,1.00
2016.01.19 19:00:21.198,0.6496,0.64988,1.00,1.00
2016.01.19 19:00:22.290,0.6496,0.64987,1.00,1.00
2016.01.19 19:00:22.849,0.6496,0.64988,1.00,1.00
2016.01.19 19:00:26.607,0.64959,0.64988,1.00,1.00
2016.01.19 19:00:26.930,0.6496,0.64985,1.00,1.00
2016.01.19 19:00:27.529,0.6496,0.64986,1.00,1.00
2016.01.19 19:00:28.032,0.64959,0.64986,1.00,1.00
2016.01.19 19:00:28.809,0.64959,0.64987,1.00,1.00
2016.01.19 19:00:29.135,0.64959,0.64985,1.00,1.00
2016.01.19 19:00:29.796,0.64955,0.64985,1.00,1.00
2016.01.19 19:00:30.212,0.64955,0.64982,1.00,1.00
2016.01.19 19:00:30.537,0.64959,0.64982,1.00,1.00
2016.01.19 19:00:32.105,0.6496,0.64982,1.00,1.00
2016.01.19 19:00:33.254,0.64959,0.64985,1.00,1.00
2016.01.19 19:00:33.357,0.64959,0.64987,1.00,1.00
2016.01.19 19:00:33.906,0.64959,0.64988,1.00,1.00
2016.01.19 19:00:34.415,0.64965,0.64988,1.00,1.00
2016.01.19 19:00:35.117,0.64965,0.64989,1.00,1.00
2016.01.19 19:00:35.634,0.64964,0.64989,1.00,1.00
2016.01.19 19:00:35.685,0.64964,0.64991,1.00,1.50
2016.01.19 19:00:35.996,0.64964,0.64993,1.00,1.50
2016.01.19 19:00:36.498,0.64965,0.64993,1.00,1.00
2016.01.19 19:00:37.058,0.64965,0.64992,1.00,1.00
2016.01.19 19:00:39.299,0.64969,0.64992,1.00,1.00
2016.01.19 19:00:39.766,0.64969,0.64996,1.00,1.00
2016.01.19 19:00:40.311,0.64969,0.64997,1.00,1.50
2016.01.19 19:00:40.362,0.64974,0.64997,1.00,1.00
2016.01.19 19:00:40.888,0.64974,0.64996,1.00,1.00
2016.01.19 19:00:40.938,0.6497,0.64996,1.00,1.00
2016.01.19 19:00:41.286,0.6497,0.64993,1.00,1.00
2016.01.19 19:00:41.467,0.64964,0.64993,1.00,1.00
2016.01.19 19:00:41.517,0.64964,0.64989,1.00,1.00
2016.01.19 19:00:41.918,0.64962,0.6499,1.00,1.00
2016.01.19 19:00:42.068,0.6496,0.6499,1.00,1.00
2016.01.19 19:00:43.435,0.64964,0.6499,1.00,1.00
2016.01.19 19:00:43.949,0.64964,0.64991,1.50,1.00
2016.01.19 19:00:44.478,0.64964,0.6499,1.00,1.00
2016.01.19 19:00:45.005,0.64964,0.64991,1.50,1.00
2016.01.19 19:00:45.407,0.64964,0.64993,1.00,1.00
2016.01.19 19:00:45.929,0.64964,0.64992,1.00,1.00
2016.01.19 19:00:47.434,0.64964,0.64993,1.50,1.00
2016.01.19 19:00:49.006,0.64964,0.64992,1.00,1.00
2016.01.19 19:00:49.616,0.64965,0.64991,1.00,1.00
2016.01.19 19:00:50.284,0.64964,0.64991,1.00,1.00
2016.01.19 19:00:50.985,0.64964,0.64992,1.00,1.00
2016.01.19 19:00:51.085,0.64964,0.6499,1.00,1.00
2016.01.19 19:00:51.622,0.64964,0.64989,1.00,1.00
2016.01.19 19:00:52.126,0.64962,0.64989,1.00,1.00
2016.01.19 19:00:52.615,0.6496,0.64987,1.00,1.00
2016.01.19 19:00:55.244,0.64961,0.64988,1.00,1.00
2016.01.19 19:00:57.345,0.64959,0.64988,1.50,1.00
2016.01.19 19:00:57.955,0.6496,0.64989,1.00,1.00
2016.01.19 19:00:59.326,0.64961,0.6499,1.00,1.00
2016.01.19 19:00:59.795,0.64964,0.64991,1.00,1.00
2016.01.19 19:01:00.101,0.64964,0.64989,1.00,1.00
2016.01.19 19:01:00.154,0.6496,0.64989,1.50,1.00
2016.01.19 19:01:00.652,0.64962,0.64989,1.00,1.00
2016.01.19 19:01:02.724,0.64961,0.6499,1.00,1.00
2016.01.19 19:01:03.277,0.64959,0.64988,1.50,1.00
2016.01.19 19:01:03.808,0.6496,0.64987,1.00,1.00
2016.01.19 19:01:03.859,0.6496,0.64989,1.00,1.00
2016.01.19 19:01:04.444,0.64959,0.64989,1.50,1.00
2016.01.19 19:01:04.594,0.64959,0.64987,1.00,1.00
2016.01.19 19:01:05.409,0.64959,0.64985,1.00,1.00
2016.01.19 19:01:05.662,0.64955,0.64984,1.50,1.00
2016.01.19 19:01:06.215,0.64954,0.64983,2.25,1.00
2016.01.19 19:01:06.960,0.64955,0.64984,1.00,1.00
2016.01.19 19:01:07.620,0.64956,0.64985,1.00,1.00
2016.01.19 19:01:08.215,0.64959,0.64985,1.00,1.00
2016.01.19 19:01:08.330,0.64956,0.64985,1.00,1.00
2016.01.19 19:01:08.405,0.64959,0.64985,1.00,1.00
2016.01.19 19:01:09.320,0.64956,0.64985,1.00,1.00
2016.01.19 19:01:09.677,0.64955,0.64982,1.00,1.00
2016.01.19 19:01:10.221,0.64954,0.64983,1.50,1.00
2016.01.19 19:01:10.920,0.64954,0.64982,1.00,1.00
2016.01.19 19:01:13.176,0.64954,0.64983,1.00,1.00
2016.01.19 19:01:16.914,0.64954,0.64984,1.50,1.00
2016.01.19 19:01:17.705,0.64955,0.64984,1.00,1.00
2016.01.19 19:01:18.929,0.64954,0.64984,1.50,1.00
2016.01.19 19:01:19.479,0.64954,0.64983,1.50,1.00
2016.01.19 19:01:20.324,0.64956,0.64984,1.00,1.00
2016.01.19 19:01:21.424,0.64956,0.64985,1.00,1.00
2016.01.19 19:01:23.403,0.64955,0.64985,1.00,1.50
2016.01.19 19:01:23.756,0.64957,0.64984,1.00,1.00
2016.01.19 19:01:24.332,0.64954,0.64983,1.00,1.00
2016.01.19 19:01:25.104,0.64954,0.64981,1.00,1.00
2016.01.19 19:01:25.505,0.64955,0.64983,1.00,1.00
2016.01.19 19:01:26.045,0.64954,0.64983,1.00,1.00
2016.01.19 19:01:26.554,0.64955,0.64983,1.00,1.00
2016.01.19 19:01:27.764,0.64954,0.64983,1.00,1.00
2016.01.19 19:01:30.224,0.64955,0.64983,1.00,1.00
2016.01.19 19:01:30.562,0.64956,0.64986,1.00,1.00
2016.01.19 19:01:31.229,0.64957,0.64986,1.00,1.00
2016.01.19 19:01:33.193,0.64956,0.64985,1.00,1.00
2016.01.19 19:01:35.286,0.64955,0.64984,1.00,1.00
2016.01.19 19:01:36.493,0.64956,0.64985,1.00,1.00
2016.01.19 19:01:37.813,0.64957,0.64986,1.00,1.00
2016.01.19 19:01:42.213,0.64956,0.64985,1.00,1.00
2016.01.19 19:01:42.928,0.64955,0.64984,1.00,1.00
2016.01.19 19:01:44.963,0.64957,0.64984,1.00,1.00
2016.01.19 19:01:45.733,0.64955,0.64984,1.00,1.00
2016.01.19 19:01:50.292,0.64957,0.64984,1.00,1.00
2016.01.19 19:01:51.062,0.64957,0.64986,1.00,1.00
2016.01.19 19:01:51.113,0.6496,0.64986,1.00,1.00
2016.01.19 19:01:51.644,0.64957,0.64986,1.00,1.00
2016.01.19 19:01:51.992,0.64956,0.64984,1.00,1.00
2016.01.19 19:01:52.365,0.64954,0.64982,1.00,1.00
2016.01.19 19:01:53.294,0.64955,0.64982,1.00,1.00
2016.01.19 19:01:53.679,0.64955,0.6498,1.00,1.00
2016.01.19 19:01:53.981,0.64959,0.64979,1.00,1.00
2016.01.19 19:01:54.031,0.64959,0.64983,1.00,1.00
2016.01.19 19:01:54.132,0.6496,0.64987,1.00,1.00
2016.01.19 19:01:54.182,0.64964,0.64987,1.00,1.00
2016.01.19 19:01:54.322,0.64964,0.6499,1.00,1.50
2016.01.19 19:01:55.125,0.64964,0.64991,1.00,1.50
2016.01.19 19:01:55.226,0.64962,0.64991,1.00,1.50
2016.01.19 19:01:55.340,0.6496,0.64989,1.00,1.00
2016.01.19 19:01:56.172,0.64964,0.64989,1.00,1.00
2016.01.19 19:01:56.223,0.64964,0.64991,1.00,1.50
2016.01.19 19:01:56.484,0.64962,0.64991,1.00,1.50
2016.01.19 19:01:56.535,0.64961,0.64988,1.00,1.00
2016.01.19 19:01:56.645,0.64959,0.64988,1.50,1.00
2016.01.19 19:01:56.865,0.6496,0.64985,1.00,1.00
2016.01.19 19:01:57.415,0.64959,0.64986,1.50,1.00
2016.01.19 19:01:57.926,0.6496,0.64986,1.00,1.00
2016.01.19 19:01:57.977,0.6496,0.64989,1.50,1.00
2016.01.19 19:01:58.178,0.64964,0.64991,1.00,1.50
2016.01.19 19:01:58.686,0.64964,0.6499,1.00,1.50
2016.01.19 19:01:59.290,0.64964,0.64989,1.00,1.00
2016.01.19 19:02:00.003,0.64964,0.64988,1.00,1.00
2016.01.19 19:02:00.723,0.64964,0.64991,1.00,1.00
2016.01.19 19:02:02.138,0.64964,0.64992,1.00,1.00
2016.01.19 19:02:02.704,0.64965,0.64992,1.00,1.00
2016.01.19 19:02:02.805,0.64964,0.6499,1.00,1.00
2016.01.19 19:02:03.883,0.64964,0.64991,1.50,1.00
2016.01.19 19:02:06.743,0.64964,0.6499,1.00,1.00
2016.01.19 19:02:08.189,0.64961,0.6499,1.00,1.00
2016.01.19 19:02:08.295,0.64959,0.64988,1.50,1.00
2016.01.19 19:02:08.976,0.6496,0.64989,1.00,1.00
2016.01.19 19:02:09.277,0.6496,0.64986,1.00,1.00
2016.01.19 19:02:09.713,0.6496,0.64989,1.50,1.00
2016.01.19 19:02:11.602,0.64961,0.6499,1.00,1.00
2016.01.19 19:02:11.820,0.64959,0.64988,1.50,1.00
2016.01.19 19:02:11.921,0.64957,0.64987,1.00,1.00
2016.01.19 19:02:12.103,0.64959,0.64987,1.00,1.00
2016.01.19 19:02:12.874,0.6496,0.64987,1.00,1.00
2016.01.19 19:02:13.424,0.6496,0.64986,1.00,1.00
2016.01.19 19:02:14.632,0.64959,0.64986,1.50,1.00
2016.01.19 19:02:19.142,0.6496,0.64986,1.00,1.00
2016.01.19 19:02:19.822,0.64959,0.64986,1.00,1.00
2016.01.19 19:02:20.934,0.64959,0.64988,1.50,1.00
2016.01.19 19:02:21.725,0.64959,0.64987,1.00,1.00
2016.01.19 19:02:23.100,0.6496,0.64987,1.00,1.00
2016.01.19 19:02:23.795,0.64959,0.64985,1.00,1.00
2016.01.19 19:02:23.902,0.64959,0.64987,1.00,1.00
2016.01.19 19:02:25.443,0.64959,0.64986,1.00,1.00
2016.01.19 19:02:25.964,0.64959,0.64987,1.00,1.00
2016.01.19 19:02:26.215,0.64962,0.64992,1.00,1.50
2016.01.19 19:02:27.127,0.64964,0.64992,1.00,1.00
2016.01.19 19:02:27.457,0.64962,0.64992,1.00,1.50
2016.01.19 19:02:29.535,0.64963,0.6499,1.00,1.00
2016.01.19 19:02:30.913,0.64965,0.6499,1.00,1.00
2016.01.19 19:02:31.492,0.64965,0.64991,1.00,1.00
2016.01.19 19:02:32.154,0.64965,0.64992,1.00,1.50
2016.01.19 19:02:32.691,0.64964,0.64992,1.00,1.00
2016.01.19 19:02:33.057,0.64966,0.64993,1.00,1.00
2016.01.19 19:02:33.552,0.64969,0.64993,1.00,1.00
2016.01.19 19:02:34.702,0.64969,0.64995,1.00,1.00
2016.01.19 19:02:35.406,0.64969,0.64996,1.50,1.00
2016.01.19 19:02:37.105,0.6497,0.64996,1.00,1.00
2016.01.19 19:02:37.716,0.6497,0.64995,1.00,1.00
2016.01.19 19:02:38.283,0.64969,0.64995,1.00,1.00
2016.01.19 19:02:43.753,0.64969,0.64997,1.00,1.00
2016.01.19 19:02:44.363,0.6497,0.64997,1.00,1.00
2016.01.19 19:02:45.021,0.6497,0.64998,1.00,1.00
2016.01.19 19:02:45.492,0.64969,0.64996,1.00,1.00
2016.01.19 19:02:46.105,0.64969,0.64995,1.00,1.00
2016.01.19 19:02:50.616,0.6497,0.64995,1.00,1.00
2016.01.19 19:02:50.883,0.64974,0.65,1.00,1.00
2016.01.19 19:02:51.165,0.64972,0.65001,1.00,1.00
2016.01.19 19:02:51.376,0.64971,0.64999,1.00,1.00
2016.01.19 19:02:51.762,0.64969,0.64992,1.00,1.00
2016.01.19 19:02:51.952,0.64969,0.64995,1.00,1.00
2016.01.19 19:02:53.602,0.64969,0.64994,1.00,1.00
2016.01.19 19:02:53.815,0.64965,0.64994,1.50,1.00
2016.01.19 19:02:54.344,0.64966,0.64994,1.00,1.00
2016.01.19 19:02:54.394,0.64965,0.64992,1.50,1.00
2016.01.19 19:02:55.384,0.64965,0.64994,1.50,1.00
2016.01.19 19:02:56.021,0.64965,0.64993,1.50,1.00
2016.01.19 19:02:56.292,0.64966,0.64996,1.00,1.00
2016.01.19 19:02:56.493,0.64967,0.64994,1.00,1.00
2016.01.19 19:02:56.942,0.64965,0.64994,1.00,1.00
2016.01.19 19:02:58.332,0.64964,0.64993,1.50,1.00
2016.01.19 19:03:00.198,0.64965,0.64993,1.00,1.00
2016.01.19 19:03:00.403,0.64965,0.64991,1.00,1.00
2016.01.19 19:03:01.301,0.64965,0.6499,1.00,1.00
2016.01.19 19:03:01.951,0.64964,0.6499,1.00,1.00
2016.01.19 19:03:02.437,0.64964,0.64992,1.00,1.00
2016.01.19 19:03:03.427,0.64964,0.64993,1.50,1.00
2016.01.19 19:03:08.532,0.64965,0.64993,1.00,1.00
2016.01.19 19:03:09.052,0.64965,0.64992,1.00,1.00
2016.01.19 19:03:09.892,0.64967,0.64994,1.00,1.00
2016.01.19 19:03:10.315,0.64969,0.64995,1.00,1.00
2016.01.19 19:03:11.115,0.6497,0.64995,1.00,1.00
2016.01.19 19:03:11.447,0.64969,0.64997,1.00,1.00
2016.01.19 19:03:12.068,0.64969,0.64998,1.50,1.00
2016.01.19 19:03:12.492,0.64974,0.64998,1.00,1.00
2016.01.19 19:03:13.075,0.64974,0.64999,1.00,1.00
2016.01.19 19:03:13.625,0.64974,0.64998,1.00,1.00
2016.01.19 19:03:13.811,0.64969,0.64998,1.50,1.00
2016.01.19 19:03:15.529,0.6497,0.64999,1.00,1.00
2016.01.19 19:03:17.253,0.64971,0.65,1.00,1.00
2016.01.19 19:03:17.447,0.64975,0.64999,1.00,1.00
2016.01.19 19:03:17.846,0.64975,0.65001,1.00,1.00
2016.01.19 19:03:18.047,0.64975,0.65004,1.50,1.00
2016.01.19 19:03:18.248,0.6498,0.65003,1.00,1.00
2016.01.19 19:03:18.508,0.6498,0.65007,1.00,1.50
2016.01.19 19:03:18.810,0.6498,0.65005,1.00,1.00
2016.01.19 19:03:19.423,0.6498,0.65007,1.00,1.00
2016.01.19 19:03:20.100,0.64979,0.65008,1.50,1.00
2016.01.19 19:03:21.238,0.64979,0.65006,1.00,1.00
2016.01.19 19:03:21.439,0.64976,0.65006,1.00,1.00
2016.01.19 19:03:21.543,0.64974,0.65,1.00,1.00
2016.01.19 19:03:22.072,0.64974,0.65001,1.00,1.00
2016.01.19 19:03:22.957,0.64974,0.65,1.00,1.00
2016.01.19 19:03:23.007,0.64971,0.65,1.00,1.50
2016.01.19 19:03:23.332,0.64971,0.64998,1.00,1.00
2016.01.19 19:03:23.851,0.6497,0.64998,1.00,1.00
2016.01.19 19:03:24.642,0.6497,0.64996,1.00,1.00
2016.01.19 19:03:25.489,0.64969,0.64996,1.50,1.00
2016.01.19 19:03:26.491,0.64972,0.65001,1.00,1.50
2016.01.19 19:03:27.523,0.64972,0.64999,1.00,1.00
2016.01.19 19:03:27.904,0.64975,0.65,1.00,1.00
2016.01.19 19:03:28.172,0.64975,0.65002,1.00,1.00
2016.01.19 19:03:28.441,0.64973,0.65002,1.00,1.00
2016.01.19 19:03:28.492,0.64973,0.65,1.00,1.00
2016.01.19 19:03:29.124,0.64974,0.65001,1.00,1.00
2016.01.19 19:03:30.451,0.64972,0.65001,1.00,1.00
2016.01.19 19:03:31.001,0.64972,0.65002,1.00,1.00
2016.01.19 19:03:31.530,0.64972,0.65001,1.00,1.00
2016.01.19 19:03:32.952,0.64974,0.65001,1.00,1.00
2016.01.19 19:03:33.350,0.64975,0.65004,1.00,1.50
2016.01.19 19:03:33.451,0.64977,0.65006,1.00,1.50
2016.01.19 19:03:33.811,0.6498,0.65004,1.00,1.00
2016.01.19 19:03:34.226,0.6498,0.65002,1.00,1.00
2016.01.19 19:03:34.276,0.64975,0.65002,1.00,1.00
2016.01.19 19:03:34.552,0.64976,0.65004,1.00,1.00
2016.01.19 19:03:34.602,0.6498,0.65004,1.00,1.00
2016.01.19 19:03:34.863,0.64976,0.65004,1.00,1.00
2016.01.19 19:03:35.151,0.64979,0.65004,1.00,1.00
2016.01.19 19:03:35.456,0.64976,0.65004,1.00,1.00
2016.01.19 19:03:36.033,0.64976,0.65003,1.00,1.00
2016.01.19 19:03:36.258,0.64979,0.65003,1.00,1.00
2016.01.19 19:03:38.288,0.64979,0.65004,1.00,1.00
2016.01.19 19:03:39.121,0.64975,0.65004,1.00,1.00
2016.01.19 19:03:39.293,0.64974,0.65002,1.00,1.00
2016.01.19 19:03:39.911,0.64974,0.65001,1.50,1.00
2016.01.19 19:03:41.562,0.64974,0.65003,1.50,1.00
2016.01.19 19:03:43.027,0.64974,0.65002,1.00,1.00
2016.01.19 19:03:43.431,0.64977,0.65005,1.00,1.00
2016.01.19 19:03:44.257,0.64978,0.65005,1.00,1.00
2016.01.19 19:03:46.333,0.64975,0.65004,1.50,1.00
2016.01.19 19:03:46.950,0.64975,0.65003,1.00,1.00
2016.01.19 19:03:47.485,0.64974,0.65003,1.50,1.00
2016.01.19 19:03:47.636,0.64974,0.65,1.00,1.00
2016.01.19 19:03:48.182,0.64974,0.64999,1.00,1.00
2016.01.19 19:03:48.286,0.64974,0.65002,1.00,1.00
2016.01.19 19:03:48.977,0.64974,0.65003,1.50,1.00
2016.01.19 19:03:50.691,0.64974,0.65002,1.00,1.00
2016.01.19 19:03:51.491,0.64974,0.65003,1.50,1.00
2016.01.19 19:03:51.681,0.64976,0.65003,1.00,1.00
2016.01.19 19:03:53.596,0.64975,0.65005,1.00,1.00
2016.01.19 19:03:53.979,0.64979,0.65005,1.00,1.00
2016.01.19 19:03:54.181,0.64975,0.65005,1.00,1.00
2016.01.19 19:03:55.449,0.64975,0.65004,1.50,1.00
2016.01.19 19:03:55.550,0.64974,0.65,1.00,1.00
2016.01.19 19:03:55.651,0.64971,0.65,1.00,1.00
2016.01.19 19:03:55.843,0.64974,0.65,1.00,1.00
2016.01.19 19:03:56.259,0.64974,0.64998,1.00,1.00
2016.01.19 19:03:58.544,0.64974,0.64999,1.00,1.00
2016.01.19 19:03:58.859,0.64974,0.65001,1.00,1.00
2016.01.19 19:04:01.368,0.64974,0.65003,1.50,1.00
2016.01.19 19:04:02.064,0.64974,0.65002,1.00,1.00
2016.01.19 19:04:02.131,0.64976,0.65003,1.00,1.00
2016.01.19 19:04:02.282,0.64975,0.65005,1.00,1.50
2016.01.19 19:04:02.332,0.6498,0.65005,1.00,1.50
2016.01.19 19:04:03.751,0.64975,0.65005,1.00,1.00
2016.01.19 19:04:04.269,0.64975,0.65004,1.00,1.00
2016.01.19 19:04:06.572,0.64975,0.65003,1.50,1.00
2016.01.19 19:04:06.914,0.64974,0.65001,1.00,1.00
2016.01.19 19:04:07.500,0.64974,0.65,1.00,1.00
2016.01.19 19:04:10.291,0.64974,0.65001,1.00,1.00
2016.01.19 19:04:10.392,0.6497,0.64999,1.00,1.00
2016.01.19 19:04:10.511,0.64973,0.65,1.00,1.00
2016.01.19 19:04:11.150,0.64971,0.65,1.00,1.00
2016.01.19 19:04:11.892,0.64972,0.65001,1.00,1.00
2016.01.19 19:04:12.349,0.64975,0.65001,1.00,1.00
2016.01.19 19:04:12.779,0.64971,0.65,1.00,1.00
2016.01.19 19:04:13.134,0.64974,0.65002,1.00,1.00
2016.01.19 19:04:13.550,0.64972,0.65001,1.00,1.00
2016.01.19 19:04:13.601,0.6497,0.64999,1.00,1.00
2016.01.19 19:04:13.949,0.64975,0.64999,1.00,1.00
2016.01.19 19:04:15.239,0.64975,0.65001,1.00,1.00
2016.01.19 19:04:15.931,0.64974,0.65002,1.00,1.00
2016.01.19 19:04:16.760,0.64974,0.64999,1.00,1.00
2016.01.19 19:04:16.973,0.6497,0.64999,1.00,1.00
2016.01.19 19:04:17.518,0.64969,0.64998,2.25,1.00
2016.01.19 19:04:17.994,0.64969,0.64996,2.25,1.00
2016.01.19 19:04:18.192,0.64969,0.64998,1.50,1.00
2016.01.19 19:04:19.730,0.64969,0.64997,1.00,1.00
2016.01.19 19:04:20.298,0.64969,0.64998,1.50,1.00
2016.01.19 19:04:22.051,0.6497,0.64998,1.00,1.00
2016.01.19 19:04:22.600,0.64969,0.64998,1.50,1.00
2016.01.19 19:04:23.140,0.64969,0.64996,1.00,1.00
2016.01.19 19:04:26.191,0.6497,0.64996,1.00,1.00
2016.01.19 19:04:26.342,0.64968,0.64995,1.00,1.00
2016.01.19 19:04:26.443,0.64965,0.64994,1.00,1.00
2016.01.19 19:04:26.559,0.64965,0.64992,1.00,1.00
2016.01.19 19:04:27.361,0.64964,0.64991,1.50,1.00
2016.01.19 19:04:29.649,0.64964,0.64992,1.00,1.00
2016.01.19 19:04:30.079,0.64965,0.6499,1.00,1.00
2016.01.19 19:04:30.589,0.64964,0.64989,1.00,1.00
2016.01.19 19:04:31.117,0.64965,0.64989,1.00,1.00
2016.01.19 19:04:32.490,0.64965,0.6499,1.00,1.00
2016.01.19 19:04:37.673,0.64965,0.64991,1.00,1.00
2016.01.19 19:04:38.131,0.64965,0.64989,1.00,1.00
2016.01.19 19:04:38.772,0.64964,0.64992,1.00,1.00
2016.01.19 19:04:39.492,0.64965,0.64992,1.00,1.00
2016.01.19 19:04:40.785,0.64965,0.64991,1.00,1.00
2016.01.19 19:04:41.628,0.64965,0.6499,1.00,1.00
2016.01.19 19:04:41.879,0.64964,0.64985,1.00,1.00
2016.01.19 19:04:42.030,0.6496,0.64985,1.00,1.00
2016.01.19 19:04:42.830,0.6496,0.64987,1.00,1.00
2016.01.19 19:04:43.401,0.6496,0.64989,1.00,1.00
2016.01.19 19:04:44.810,0.64961,0.6499,1.00,1.50
2016.01.19 19:04:45.335,0.6496,0.64989,1.50,1.00
2016.01.19 19:04:46.790,0.64962,0.6499,1.00,1.00
2016.01.19 19:04:47.316,0.64965,0.64991,1.00,1.00
2016.01.19 19:04:48.880,0.64965,0.64989,1.00,1.00
2016.01.19 19:04:49.070,0.64962,0.64989,1.00,1.00
2016.01.19 19:04:49.950,0.64964,0.64989,1.00,1.00
2016.01.19 19:04:52.621,0.64964,0.64991,1.00,1.50
2016.01.19 19:04:54.731,0.64964,0.64989,1.00,1.00
2016.01.19 19:04:56.660,0.64961,0.64989,1.00,1.00
2016.01.19 19:04:56.711,0.6496,0.64987,1.00,1.00
2016.01.19 19:04:56.923,0.6496,0.64989,1.50,1.00
2016.01.19 19:04:58.560,0.64964,0.64991,1.00,1.00
2016.01.19 19:05:00.221,0.64961,0.64989,1.00,1.00
2016.01.19 19:05:00.762,0.6496,0.6499,1.50,1.00
2016.01.19 19:05:01.452,0.64959,0.64987,1.50,1.00
2016.01.19 19:05:02.012,0.6496,0.64987,1.00,1.00
2016.01.19 19:05:03.070,0.6496,0.64986,1.00,1.00
2016.01.19 19:05:03.579,0.64959,0.64986,1.00,1.00
2016.01.19 19:05:12.006,0.64959,0.64988,1.50,1.00
2016.01.19 19:05:12.207,0.64964,0.64991,1.00,1.00
2016.01.19 19:05:12.421,0.64962,0.64992,1.00,1.00
2016.01.19 19:05:13.746,0.64961,0.6499,1.00,1.00
2016.01.19 19:05:14.098,0.64959,0.64986,1.50,1.00
2016.01.19 19:05:15.618,0.64959,0.64985,1.00,1.00
2016.01.19 19:05:15.668,0.64956,0.64985,1.00,1.00
2016.01.19 19:05:18.554,0.6496,0.64985,1.00,1.00
2016.01.19 19:05:19.547,0.64956,0.64985,1.00,1.00
2016.01.19 19:05:21.122,0.64956,0.64983,1.00,1.00
2016.01.19 19:05:21.323,0.64954,0.64983,1.00,1.50
2016.01.19 19:05:21.374,0.64951,0.6498,1.00,1.00
2016.01.19 19:05:21.687,0.6495,0.64978,1.00,1.00
2016.01.19 19:05:24.094,0.64949,0.64979,1.50,1.00
2016.01.19 19:05:24.464,0.64949,0.64977,1.50,1.00
2016.01.19 19:05:24.998,0.64949,0.64976,1.00,1.00
2016.01.19 19:05:25.173,0.64946,0.64976,1.00,1.00
2016.01.19 19:05:25.500,0.64949,0.64976,1.00,1.00
2016.01.19 19:05:26.113,0.64949,0.64977,1.00,1.50
2016.01.19 19:05:26.710,0.64949,0.64978,1.00,1.50
2016.01.19 19:05:27.400,0.64949,0.64977,1.00,1.00
2016.01.19 19:05:27.721,0.64949,0.64979,2.25,1.00
2016.01.19 19:05:27.923,0.64954,0.64979,1.00,1.00
2016.01.19 19:05:27.973,0.64954,0.64982,1.50,1.00
2016.01.19 19:05:28.511,0.64954,0.64983,1.50,1.00
2016.01.19 19:05:29.167,0.64954,0.64981,1.00,1.00
2016.01.19 19:05:29.691,0.64955,0.64982,1.00,1.00
2016.01.19 19:05:30.101,0.64953,0.64982,1.00,1.00
2016.01.19 19:05:30.252,0.64953,0.6498,1.00,1.00
2016.01.19 19:05:30.370,0.6495,0.64978,1.00,1.00
2016.01.19 19:05:30.980,0.64955,0.64978,1.00,1.00
2016.01.19 19:05:33.326,0.64949,0.64979,1.50,1.50
2016.01.19 19:05:33.631,0.64949,0.64975,1.00,1.00
2016.01.19 19:05:33.732,0.64944,0.64972,1.00,1.00
2016.01.19 19:05:34.467,0.64944,0.64973,1.00,1.00
2016.01.19 19:05:35.034,0.64944,0.64974,1.50,1.00
2016.01.19 19:05:35.177,0.6495,0.64974,1.00,1.00
2016.01.19 19:05:35.829,0.6495,0.64975,1.00,1.50
2016.01.19 19:05:36.920,0.64949,0.64975,1.00,1.00
2016.01.19 19:05:37.090,0.64949,0.64977,1.00,1.50
2016.01.19 19:05:37.543,0.64951,0.64978,1.00,1.00
2016.01.19 19:05:37.720,0.64949,0.64979,1.50,1.00
2016.01.19 19:05:41.430,0.64954,0.64979,1.00,1.00
2016.01.19 19:05:41.796,0.6495,0.64976,1.00,1.00
2016.01.19 19:05:42.486,0.64949,0.64975,1.00,1.00
2016.01.19 19:05:43.740,0.6495,0.64975,1.00,1.00
2016.01.19 19:05:43.940,0.64951,0.6498,1.00,1.00
2016.01.19 19:05:43.990,0.64954,0.6498,1.00,1.00
2016.01.19 19:05:44.041,0.64955,0.64983,1.00,1.00
2016.01.19 19:05:44.243,0.64954,0.64981,1.00,1.00
2016.01.19 19:05:44.796,0.64955,0.64981,1.00,1.00
2016.01.19 19:05:47.412,0.64955,0.64983,1.00,1.50
2016.01.19 19:05:48.063,0.64956,0.64983,1.00,1.50
2016.01.19 19:05:49.490,0.64955,0.64981,1.00,1.00
2016.01.19 19:05:50.690,0.64954,0.64981,1.00,1.00
2016.01.19 19:05:51.417,0.64952,0.64981,1.00,1.50
2016.01.19 19:05:51.620,0.6495,0.64979,1.00,1.00
2016.01.19 19:05:52.723,0.6495,0.64978,1.00,1.00
2016.01.19 19:05:52.824,0.64944,0.64973,1.50,1.00
2016.01.19 19:05:53.050,0.64942,0.64971,1.50,1.00
2016.01.19 19:05:53.379,0.64942,0.64969,1.00,1.00
2016.01.19 19:05:53.789,0.64945,0.6497,1.00,1.00
2016.01.19 19:05:55.361,0.64945,0.64972,1.00,1.00
2016.01.19 19:05:55.909,0.64945,0.64971,1.00,1.00
2016.01.19 19:05:57.739,0.64945,0.6497,1.00,1.00
2016.01.19 19:05:58.179,0.64945,0.64973,1.00,1.00
2016.01.19 19:05:58.719,0.64944,0.64973,1.50,1.00
2016.01.19 19:05:59.710,0.64945,0.64973,1.00,1.00
2016.01.19 19:06:00.269,0.64945,0.64972,1.50,1.00
2016.01.19 19:06:00.791,0.64944,0.64972,1.00,1.00
2016.01.19 19:06:01.074,0.64941,0.6497,1.00,1.00
2016.01.19 19:06:01.175,0.64941,0.64968,1.00,1.00
2016.01.19 19:06:02.620,0.6494,0.64968,1.00,1.00
2016.01.19 19:06:03.019,0.64941,0.6497,1.00,1.00
2016.01.19 19:06:06.981,0.6494,0.64969,1.50,1.00
2016.01.19 19:06:07.333,0.64939,0.64967,1.00,1.00
2016.01.19 19:06:07.905,0.64939,0.64965,1.00,1.00
2016.01.19 19:06:08.431,0.6494,0.64966,1.00,1.00
2016.01.19 19:06:10.737,0.6494,0.64965,1.00,1.00
2016.01.19 19:06:11.067,0.6494,0.64967,1.00,1.00
2016.01.19 19:06:12.139,0.64939,0.64967,1.00,1.00
2016.01.19 19:06:12.190,0.64939,0.64965,1.00,1.00
2016.01.19 19:06:13.368,0.64939,0.64966,1.00,1.00
2016.01.19 19:06:13.570,0.64937,0.64966,1.00,1.00
2016.01.19 19:06:13.620,0.6494,0.64967,1.00,1.00
2016.01.19 19:06:14.239,0.64938,0.64967,1.00,1.00
2016.01.19 19:06:15.016,0.64939,0.64968,1.00,1.50
2016.01.19 19:06:16.495,0.64939,0.64966,1.00,1.00
2016.01.19 19:06:18.873,0.6494,0.64967,1.00,1.00
2016.01.19 19:06:18.974,0.6494,0.64969,1.50,1.00
2016.01.19 19:06:20.549,0.6494,0.64967,1.50,1.00
2016.01.19 19:06:20.728,0.6494,0.64969,1.00,1.00
2016.01.19 19:06:22.709,0.64941,0.6497,1.00,1.50
2016.01.19 19:06:24.029,0.6494,0.64969,1.00,1.00
2016.01.19 19:06:24.689,0.6494,0.64967,1.00,1.00
2016.01.19 19:06:26.559,0.6494,0.64969,1.00,1.50
2016.01.19 19:06:28.020,0.64943,0.6497,1.00,1.00
2016.01.19 19:06:28.321,0.6494,0.64967,1.50,1.00
2016.01.19 19:06:30.959,0.64939,0.64967,1.00,1.00
2016.01.19 19:06:31.523,0.6494,0.64967,1.00,1.00
2016.01.19 19:06:33.709,0.64939,0.64969,1.50,1.00
2016.01.19 19:06:37.109,0.6494,0.64969,1.00,1.00
2016.01.19 19:06:37.546,0.64941,0.64971,1.00,1.00
2016.01.19 19:06:38.109,0.64941,0.6497,1.00,1.00
2016.01.19 19:06:43.321,0.64941,0.64968,1.00,1.00
2016.01.19 19:06:43.421,0.64939,0.64968,1.50,1.00
2016.01.19 19:06:44.120,0.64939,0.64967,1.00,1.00
2016.01.19 19:06:44.725,0.64938,0.64967,1.00,1.00
2016.01.19 19:06:48.490,0.64937,0.64966,1.00,1.00
2016.01.19 19:06:48.892,0.64937,0.64964,1.00,1.00
2016.01.19 19:06:49.731,0.64937,0.64966,1.00,1.00
2016.01.19 19:06:50.422,0.64937,0.64965,1.00,1.00
2016.01.19 19:06:52.740,0.64937,0.64966,1.00,1.00
2016.01.19 19:06:54.278,0.64939,0.64966,1.00,1.00
2016.01.19 19:06:55.045,0.64938,0.64965,1.00,1.00
2016.01.19 19:06:57.138,0.64938,0.64967,1.00,1.50
2016.01.19 19:06:57.688,0.64937,0.64966,1.00,1.50
2016.01.19 19:06:58.941,0.64935,0.64964,1.00,1.00
2016.01.19 19:06:59.232,0.6493,0.6496,1.00,1.00
2016.01.19 19:06:59.895,0.64933,0.64963,1.00,1.50
2016.01.19 19:07:00.267,0.64933,0.64961,1.00,1.00
2016.01.19 19:07:00.936,0.64933,0.6496,1.00,1.00
2016.01.19 19:07:02.198,0.64931,0.6496,1.00,1.00
2016.01.19 19:07:02.651,0.64932,0.64962,1.00,1.00
2016.01.19 19:07:02.852,0.64935,0.64963,1.50,1.00
2016.01.19 19:07:03.348,0.64935,0.64961,1.00,1.00
2016.01.19 19:07:03.948,0.64934,0.64961,1.00,1.50
2016.01.19 19:07:06.650,0.64932,0.64961,1.00,1.00
2016.01.19 19:07:07.369,0.64931,0.6496,1.00,1.00
2016.01.19 19:07:09.420,0.64931,0.64959,1.00,1.00
2016.01.19 19:07:11.878,0.6493,0.64959,1.00,1.50
2016.01.19 19:07:11.928,0.6493,0.64957,1.00,1.00
2016.01.19 19:07:12.159,0.64928,0.64957,1.00,1.00
2016.01.19 19:07:12.260,0.64926,0.64955,1.00,1.00
2016.01.19 19:07:12.893,0.64925,0.64954,1.50,1.00
2016.01.19 19:07:14.651,0.64926,0.64955,1.00,1.00
2016.01.19 19:07:14.998,0.6493,0.64956,1.00,1.00
2016.01.19 19:07:15.118,0.64928,0.64955,1.00,1.00
2016.01.19 19:07:17.269,0.64926,0.64956,1.00,1.50
2016.01.19 19:07:18.588,0.64925,0.64955,1.00,1.00
2016.01.19 19:07:19.688,0.64926,0.64956,1.00,1.50
2016.01.19 19:07:20.789,0.64927,0.64954,1.00,1.00
2016.01.19 19:07:21.336,0.64927,0.64953,1.00,1.00
2016.01.19 19:07:21.487,0.64917,0.64946,1.00,1.00
2016.01.19 19:07:21.620,0.64915,0.64942,1.00,1.00
2016.01.19 19:07:21.929,0.64919,0.64945,1.00,1.00
2016.01.19 19:07:22.604,0.64919,0.64944,1.00,1.00
2016.01.19 19:07:23.317,0.64919,0.64945,1.00,1.00
2016.01.19 19:07:25.217,0.6492,0.64945,1.00,1.00
2016.01.19 19:07:27.947,0.6492,0.64947,1.00,1.00
2016.01.19 19:07:27.997,0.64929,0.64947,1.00,1.00
2016.01.19 19:07:28.180,0.64929,0.64954,1.00,1.00
2016.01.19 19:07:28.231,0.64926,0.64954,1.00,1.00
2016.01.19 19:07:28.490,0.64923,0.64952,1.00,1.00
2016.01.19 19:07:28.737,0.64929,0.64952,1.00,1.00
2016.01.19 19:07:29.086,0.6493,0.64956,1.00,1.00
2016.01.19 19:07:29.753,0.64926,0.64956,1.00,1.50
2016.01.19 19:07:30.292,0.64926,0.64955,1.00,1.00
2016.01.19 19:07:31.819,0.64929,0.64955,1.00,1.00
2016.01.19 19:07:31.988,0.6493,0.64959,1.00,1.50
2016.01.19 19:07:34.248,0.64929,0.64958,1.50,1.00
2016.01.19 19:07:35.568,0.64929,0.64957,1.00,1.00
2016.01.19 19:07:36.807,0.64929,0.64955,1.00,1.00
2016.01.19 19:07:37.318,0.64928,0.64955,1.00,1.00
2016.01.19 19:07:37.368,0.64925,0.64954,1.00,1.00
2016.01.19 19:07:37.478,0.64921,0.6495,1.00,1.00
2016.01.19 19:07:38.050,0.64921,0.64948,1.00,1.00
2016.01.19 19:07:39.070,0.64921,0.64947,1.00,1.00
2016.01.19 19:07:39.529,0.64919,0.64947,1.00,1.50
2016.01.19 19:07:39.580,0.64919,0.64944,1.00,1.00
2016.01.19 19:07:40.598,0.64915,0.64944,1.50,1.00
2016.01.19 19:07:40.749,0.64917,0.64944,1.00,1.00
2016.01.19 19:07:41.275,0.64916,0.64943,1.00,1.00
2016.01.19 19:07:43.487,0.64917,0.64944,1.00,1.00
2016.01.19 19:07:45.027,0.64915,0.64943,1.00,1.00
2016.01.19 19:07:47.337,0.64915,0.64941,1.00,1.00
2016.01.19 19:07:48.437,0.64919,0.64941,1.00,1.00
2016.01.19 19:07:48.657,0.64919,0.64945,1.00,1.00
2016.01.19 19:07:48.708,0.64916,0.64945,1.00,1.00
2016.01.19 19:07:48.768,0.64916,0.64943,1.00,1.00
2016.01.19 19:07:49.170,0.64919,0.64943,1.00,1.00
2016.01.19 19:07:51.407,0.64919,0.64945,1.00,1.00
2016.01.19 19:07:51.847,0.64919,0.64943,1.00,1.00
2016.01.19 19:07:52.393,0.64919,0.64944,1.00,1.00
2016.01.19 19:07:52.947,0.64919,0.64942,1.00,1.00
2016.01.19 19:07:52.997,0.64915,0.64942,1.00,1.00
2016.01.19 19:07:53.199,0.64914,0.6494,1.00,1.00
2016.01.19 19:07:53.500,0.64914,0.64942,1.00,1.00
2016.01.19 19:07:53.745,0.64914,0.6494,1.00,1.00
2016.01.19 19:07:54.248,0.64915,0.64941,1.00,1.00
2016.01.19 19:07:54.298,0.64916,0.64943,1.00,1.00
2016.01.19 19:07:54.927,0.64919,0.64943,1.00,1.00
2016.01.19 19:07:55.949,0.64914,0.64942,1.00,1.00
2016.01.19 19:07:56.467,0.64915,0.64942,1.00,1.00
2016.01.19 19:07:56.798,0.64915,0.64944,1.00,1.00
2016.01.19 19:07:56.951,0.64915,0.6494,1.00,1.00
2016.01.19 19:07:57.618,0.64914,0.6494,1.00,1.00
2016.01.19 19:07:59.556,0.64914,0.64939,1.00,1.00
2016.01.19 19:08:02.862,0.64914,0.64938,1.00,1.00
2016.01.19 19:08:03.769,0.64909,0.64938,1.50,1.00
2016.01.19 19:08:04.213,0.64909,0.64933,1.00,1.00
2016.01.19 19:08:04.873,0.6491,0.64933,1.00,1.00
2016.01.19 19:08:05.377,0.64909,0.64933,1.00,1.00
2016.01.19 19:08:05.927,0.64909,0.64934,1.00,1.00
2016.01.19 19:08:07.247,0.6491,0.64934,1.00,1.00
2016.01.19 19:08:08.678,0.64909,0.64934,1.00,1.00
2016.01.19 19:08:08.837,0.64907,0.64934,1.00,1.00
2016.01.19 19:08:09.048,0.64911,0.64937,1.00,1.00
2016.01.19 19:08:09.387,0.64914,0.64939,1.00,1.00
2016.01.19 19:08:09.599,0.64909,0.64938,1.50,1.00
2016.01.19 19:08:09.667,0.64909,0.64936,1.50,1.00
2016.01.19 19:08:10.054,0.64914,0.64937,1.00,1.00
2016.01.19 19:08:10.155,0.64914,0.64941,1.00,1.50
2016.01.19 19:08:16.274,0.64914,0.64942,1.00,1.00
2016.01.19 19:08:16.535,0.64914,0.6494,1.00,1.00
2016.01.19 19:08:16.958,0.64914,0.64938,1.00,1.00
2016.01.19 19:08:17.546,0.64915,0.64937,1.00,1.00
2016.01.19 19:08:17.928,0.64914,0.6494,1.00,1.00
2016.01.19 19:08:18.622,0.64914,0.64938,1.00,1.00
2016.01.19 19:08:18.723,0.64909,0.64938,1.50,1.00
2016.01.19 19:08:19.019,0.64909,0.64935,1.00,1.00
2016.01.19 19:08:19.550,0.64909,0.64933,1.00,1.00
2016.01.19 19:08:21.445,0.64909,0.64935,1.00,1.00
2016.01.19 19:08:21.981,0.64909,0.64936,1.00,1.00
2016.01.19 19:08:22.032,0.64909,0.64934,1.00,1.00
2016.01.19 19:08:22.878,0.64909,0.64933,1.00,1.00
2016.01.19 19:08:22.978,0.64909,0.64935,1.00,1.00
2016.01.19 19:08:23.746,0.6491,0.64935,1.00,1.00
2016.01.19 19:08:25.946,0.6491,0.64933,1.00,1.00
2016.01.19 19:08:27.391,0.64909,0.64933,1.00,1.00
2016.01.19 19:08:27.492,0.64909,0.64935,1.00,1.00
2016.01.19 19:08:28.028,0.64909,0.64934,1.00,1.00
2016.01.19 19:08:28.707,0.64909,0.64935,1.00,1.00
2016.01.19 19:08:28.808,0.64914,0.64935,1.00,1.00
2016.01.19 19:08:28.916,0.64914,0.64943,1.50,1.00
2016.01.19 19:08:29.297,0.64912,0.64941,1.00,1.00
2016.01.19 19:08:29.659,0.64909,0.64936,1.00,1.00
2016.01.19 19:08:29.936,0.64909,0.64938,1.50,1.00
2016.01.19 19:08:30.437,0.6491,0.64938,1.00,1.00
2016.01.19 19:08:30.487,0.6491,0.64936,1.00,1.00
2016.01.19 19:08:30.812,0.6491,0.64938,1.00,1.00
2016.01.19 19:08:31.339,0.64906,0.64935,1.50,1.00
2016.01.19 19:08:31.591,0.64908,0.64937,1.00,1.00
2016.01.19 19:08:32.011,0.64909,0.64934,1.00,1.00
2016.01.19 19:08:32.816,0.64909,0.64937,1.00,1.00
2016.01.19 19:08:32.995,0.64911,0.64938,1.00,1.00
2016.01.19 19:08:33.317,0.64909,0.64938,1.50,1.00
2016.01.19 19:08:33.756,0.64907,0.64936,1.00,1.00
2016.01.19 19:08:34.637,0.64909,0.64936,1.00,1.00
2016.01.19 19:08:35.220,0.64907,0.64936,1.00,1.00
2016.01.19 19:08:35.627,0.64907,0.64934,1.00,1.00
2016.01.19 19:08:35.957,0.64909,0.64936,1.50,1.00
2016.01.19 19:08:36.221,0.64909,0.64938,1.00,1.00
2016.01.19 19:08:36.348,0.64906,0.64933,1.00,1.00
2016.01.19 19:08:36.550,0.64904,0.64933,1.50,1.00
2016.01.19 19:08:37.057,0.64905,0.64933,1.00,1.00
2016.01.19 19:08:37.212,0.64907,0.64934,1.00,1.00
2016.01.19 19:08:38.425,0.64908,0.64935,1.00,1.00
2016.01.19 19:08:38.725,0.64906,0.64935,1.00,1.00
2016.01.19 19:08:38.826,0.64904,0.64933,1.50,1.00
2016.01.19 19:08:39.132,0.64906,0.64933,1.00,1.00
2016.01.19 19:08:39.284,0.64904,0.64933,1.50,1.00
2016.01.19 19:08:40.336,0.64907,0.64934,1.00,1.00
2016.01.19 19:08:40.907,0.64906,0.64933,1.00,1.00
2016.01.19 19:08:41.176,0.6491,0.64939,1.00,1.00
2016.01.19 19:08:41.277,0.6491,0.64937,1.00,1.00
2016.01.19 19:08:41.471,0.64911,0.6494,1.00,1.00
2016.01.19 19:08:42.116,0.64911,0.64938,1.00,1.00
2016.01.19 19:08:42.562,0.64908,0.64937,1.00,1.00
2016.01.19 19:08:42.777,0.64906,0.64935,1.00,1.00
2016.01.19 19:08:43.304,0.64905,0.64934,1.50,1.00
2016.01.19 19:08:47.184,0.64904,0.64933,1.50,1.00
2016.01.19 19:08:47.692,0.64904,0.64932,1.00,1.00
2016.01.19 19:08:48.143,0.64904,0.6493,1.00,1.00
2016.01.19 19:08:48.726,0.64903,0.6493,1.00,1.00
2016.01.19 19:08:48.853,0.64901,0.6493,1.00,1.00
2016.01.19 19:08:51.015,0.64902,0.64929,1.00,1.00
2016.01.19 19:08:51.248,0.649,0.64927,1.50,1.00
2016.01.19 19:08:52.231,0.64902,0.64929,1.00,1.00
2016.01.19 19:08:52.764,0.64903,0.6493,1.00,1.00
2016.01.19 19:08:52.896,0.649,0.64928,1.00,1.00
2016.01.19 19:08:53.402,0.64901,0.64928,1.00,1.00
2016.01.19 19:08:53.512,0.64904,0.6493,1.00,1.00
2016.01.19 19:08:53.562,0.64904,0.64932,1.00,1.00
2016.01.19 19:08:53.666,0.64909,0.64936,1.00,1.00
2016.01.19 19:08:54.206,0.64908,0.64935,1.00,1.00
2016.01.19 19:08:54.605,0.64907,0.64933,1.00,1.00
2016.01.19 19:08:54.787,0.64902,0.64931,1.00,1.50
2016.01.19 19:08:54.986,0.64904,0.64931,1.00,1.00
2016.01.19 19:08:55.306,0.64906,0.64932,1.00,1.00
2016.01.19 19:08:55.551,0.64904,0.64932,1.00,1.00
2016.01.19 19:08:55.907,0.64902,0.64931,1.00,1.00
2016.01.19 19:08:56.490,0.64901,0.6493,1.00,1.00
2016.01.19 19:08:56.893,0.64902,0.64928,1.00,1.00
2016.01.19 19:08:56.994,0.64898,0.64925,1.00,1.00
2016.01.19 19:08:57.539,0.64897,0.64925,1.00,1.00
2016.01.19 19:08:57.919,0.64897,0.64927,1.00,1.50
2016.01.19 19:08:57.970,0.64901,0.64927,1.00,1.00
2016.01.19 19:08:58.479,0.64901,0.64928,1.00,1.00
2016.01.19 19:08:59.966,0.64899,0.64928,1.00,1.00
2016.01.19 19:09:00.252,0.64898,0.64926,1.00,1.00
2016.01.19 19:09:00.597,0.64902,0.64926,1.00,1.00
2016.01.19 19:09:00.851,0.64899,0.64926,1.00,1.50
2016.01.19 19:09:00.968,0.64901,0.64926,1.00,1.00
2016.01.19 19:09:01.161,0.64899,0.64926,1.00,1.00
2016.01.19 19:09:01.366,0.64901,0.64926,1.00,1.00
2016.01.19 19:09:01.572,0.64901,0.64928,1.00,1.00
2016.01.19 19:09:01.911,0.64899,0.64928,1.00,1.50
2016.01.19 19:09:01.961,0.64899,0.64926,1.00,1.00
2016.01.19 19:09:02.171,0.64897,0.64926,1.00,1.50
2016.01.19 19:09:02.351,0.64898,0.64924,1.00,1.00
2016.01.19 19:09:02.502,0.64894,0.64923,1.00,1.00
2016.01.19 19:09:02.833,0.64896,0.64924,1.00,1.00
2016.01.19 19:09:03.458,0.64898,0.64924,1.00,1.00
2016.01.19 19:09:04.116,0.64897,0.64924,1.00,1.50
2016.01.19 19:09:04.612,0.64899,0.64927,1.00,1.00
2016.01.19 19:09:04.713,0.64901,0.64928,1.00,1.00
2016.01.19 19:09:05.701,0.64901,0.64926,1.00,1.00
2016.01.19 19:09:05.801,0.64898,0.64925,1.00,1.00
2016.01.19 19:09:05.988,0.649,0.64926,1.00,1.00
2016.01.19 19:09:06.317,0.64897,0.64925,1.00,1.00
2016.01.19 19:09:06.519,0.64897,0.64923,1.00,1.00
2016.01.19 19:09:06.834,0.64899,0.64924,1.00,1.00
2016.01.19 19:09:07.149,0.64901,0.64924,1.00,1.00
2016.01.19 19:09:07.560,0.64899,0.64923,1.00,1.00
2016.01.19 19:09:08.064,0.64895,0.64923,1.00,1.00
2016.01.19 19:09:08.645,0.64896,0.64923,1.00,1.00
2016.01.19 19:09:10.039,0.64896,0.64922,1.00,1.00
2016.01.19 19:09:10.090,0.64896,0.64916,1.00,1.00
2016.01.19 19:09:10.190,0.64885,0.64914,1.00,1.50
2016.01.19 19:09:10.436,0.64889,0.64914,1.00,1.50
2016.01.19 19:09:10.738,0.6489,0.64916,1.00,1.00
2016.01.19 19:09:11.415,0.64889,0.64916,1.50,1.00
2016.01.19 19:09:11.947,0.6489,0.64916,1.00,1.00
2016.01.19 19:09:12.470,0.64889,0.64916,1.00,1.50
2016.01.19 19:09:12.586,0.64887,0.64916,1.00,1.50
2016.01.19 19:09:12.737,0.64887,0.64914,1.00,1.00
2016.01.19 19:09:13.582,0.64887,0.64912,1.00,1.00
2016.01.19 19:09:14.235,0.64885,0.64912,1.00,1.50
2016.01.19 19:09:14.286,0.64885,0.64909,1.00,1.00
2016.01.19 19:09:14.498,0.64881,0.64907,1.00,1.00
2016.01.19 19:09:14.677,0.64883,0.64907,1.00,1.00
2016.01.19 19:09:16.001,0.6488,0.64907,1.00,1.00
2016.01.19 19:09:16.508,0.6488,0.64906,1.00,1.00
2016.01.19 19:09:17.891,0.6488,0.64907,1.00,1.00
2016.01.19 19:09:18.412,0.64881,0.64907,1.00,1.00
2016.01.19 19:09:19.110,0.6488,0.64907,1.00,1.00
2016.01.19 19:09:19.323,0.6488,0.64909,1.00,1.50
2016.01.19 19:09:19.516,0.64878,0.64907,1.00,1.50
2016.01.19 19:09:19.855,0.64875,0.64904,1.00,1.00
2016.01.19 19:09:20.186,0.64878,0.64907,1.00,1.50
2016.01.19 19:09:20.517,0.6488,0.64909,1.00,1.00
2016.01.19 19:09:20.847,0.64879,0.64907,1.00,1.50
2016.01.19 19:09:21.422,0.64881,0.64907,1.00,1.00
2016.01.19 19:09:24.149,0.6488,0.64907,1.00,1.00
2016.01.19 19:09:25.230,0.6488,0.64905,1.00,1.00
2016.01.19 19:09:25.477,0.64875,0.64903,1.00,1.00
2016.01.19 19:09:25.722,0.64879,0.64903,1.00,1.00
2016.01.19 19:09:25.822,0.64879,0.64905,1.00,1.00
2016.01.19 19:09:26.210,0.6488,0.64907,1.00,1.00
2016.01.19 19:09:26.261,0.64886,0.64909,1.00,1.00
2016.01.19 19:09:26.730,0.64886,0.64906,1.00,1.00
2016.01.19 19:09:26.830,0.64884,0.64906,1.00,1.00
2016.01.19 19:09:26.886,0.64882,0.64906,1.00,1.00
2016.01.19 19:09:27.668,0.64884,0.64909,1.00,1.00
2016.01.19 19:09:27.768,0.64887,0.64911,1.00,1.00
2016.01.19 19:09:28.316,0.64886,0.64911,1.00,1.00
2016.01.19 19:09:28.681,0.64884,0.64908,1.00,1.00
2016.01.19 19:09:28.731,0.64884,0.6491,1.00,1.00
2016.01.19 19:09:28.782,0.64879,0.64907,1.00,1.00
2016.01.19 19:09:29.387,0.64879,0.64906,1.00,1.00
2016.01.19 19:09:29.981,0.64879,0.64907,1.00,1.00
2016.01.19 19:09:30.582,0.6488,0.64907,1.00,1.00
2016.01.19 19:09:31.369,0.64879,0.64908,1.50,1.50
2016.01.19 19:09:34.805,0.6488,0.64907,1.00,1.00
2016.01.19 19:09:37.555,0.64879,0.64907,1.00,1.50
2016.01.19 19:09:38.067,0.64878,0.64907,1.00,1.50
2016.01.19 19:09:38.247,0.64881,0.64907,1.00,1.00
2016.01.19 19:09:40.875,0.64882,0.64907,1.00,1.00
2016.01.19 19:09:41.002,0.64882,0.64909,1.00,1.00
2016.01.19 19:09:46.488,0.64881,0.6491,1.00,1.50
2016.01.19 19:09:46.690,0.64883,0.6491,1.00,1.00
2016.01.19 19:09:46.841,0.64887,0.64916,1.00,1.00
2016.01.19 19:09:46.941,0.6489,0.64916,1.00,1.00
2016.01.19 19:09:47.042,0.64894,0.64922,1.00,1.00
2016.01.19 19:09:47.707,0.64894,0.64923,1.00,1.50
2016.01.19 19:09:50.205,0.64895,0.64922,1.00,1.00
2016.01.19 19:09:51.872,0.64892,0.64921,1.00,1.00
2016.01.19 19:09:51.973,0.64892,0.64919,1.00,1.00
2016.01.19 19:09:52.921,0.64892,0.64917,1.00,1.00
2016.01.19 19:09:55.301,0.6489,0.64917,1.00,1.00
2016.01.19 19:09:55.926,0.64888,0.64916,1.00,1.00
2016.01.19 19:09:56.246,0.6489,0.64917,1.00,1.00
2016.01.19 19:09:56.976,0.6489,0.64919,1.00,1.50
2016.01.19 19:09:59.009,0.64891,0.64918,1.00,1.00
2016.01.19 19:10:00.588,0.64891,0.6492,1.00,2.25
2016.01.19 19:10:00.789,0.64894,0.6492,1.00,1.00
2016.01.19 19:10:00.890,0.64895,0.64922,1.00,1.00
2016.01.19 19:10:01.095,0.64897,0.64922,1.00,1.00
2016.01.19 19:10:01.424,0.64894,0.64922,1.00,1.00
2016.01.19 19:10:01.721,0.64895,0.64924,1.00,1.00
2016.01.19 19:10:02.080,0.64895,0.64922,1.00,1.00
2016.01.19 19:10:02.583,0.64894,0.64921,1.50,1.00
2016.01.19 19:10:03.126,0.64894,0.64922,1.00,1.50
2016.01.19 19:10:03.919,0.64895,0.64922,1.00,1.00
2016.01.19 19:10:04.506,0.64897,0.64922,1.00,1.00
2016.01.19 19:10:04.727,0.64895,0.64922,1.00,1.00
2016.01.19 19:10:05.142,0.64895,0.64924,1.00,1.50
2016.01.19 19:10:07.707,0.64896,0.64924,1.00,1.00
2016.01.19 19:10:08.055,0.64897,0.64926,1.00,1.50
2016.01.19 19:10:08.156,0.649,0.64926,1.00,1.00
2016.01.19 19:10:08.778,0.64902,0.64928,1.00,1.00
2016.01.19 19:10:09.262,0.64905,0.64928,1.00,1.00
2016.01.19 19:10:09.369,0.64903,0.64928,1.00,1.00
2016.01.19 19:10:10.236,0.64905,0.64928,1.00,1.00
2016.01.19 19:10:11.158,0.64902,0.64928,1.00,1.00
2016.01.19 19:10:11.208,0.64902,0.64925,1.00,1.00
2016.01.19 19:10:11.259,0.64899,0.64925,1.50,1.00
2016.01.19 19:10:11.764,0.64899,0.64924,1.00,1.00
2016.01.19 19:10:12.715,0.64899,0.64927,1.00,1.50
2016.01.19 19:10:14.201,0.64899,0.64924,1.00,1.00
2016.01.19 19:10:14.318,0.64897,0.64924,1.00,1.00
2016.01.19 19:10:14.369,0.64897,0.64919,1.00,1.00
2016.01.19 19:10:14.638,0.64895,0.64918,1.00,1.50
2016.01.19 19:10:14.990,0.64894,0.64921,1.00,1.50
2016.01.19 19:10:15.192,0.649,0.64923,1.00,1.00
2016.01.19 19:10:15.440,0.64899,0.64925,1.00,1.50
2016.01.19 19:10:16.310,0.64899,0.64927,1.50,1.00
2016.01.19 19:10:17.624,0.649,0.64927,1.00,1.00
2016.01.19 19:10:18.157,0.64899,0.64927,1.50,1.00
2016.01.19 19:10:18.717,0.64899,0.64926,1.50,1.00
2016.01.19 19:10:22.781,0.649,0.64928,1.00,1.50
2016.01.19 19:10:24.071,0.649,0.64926,1.00,1.00
2016.01.19 19:10:24.442,0.649,0.64923,1.00,1.00
2016.01.19 19:10:24.646,0.64897,0.64923,1.00,1.00
2016.01.19 19:10:24.983,0.649,0.64923,1.00,1.00
2016.01.19 19:10:25.245,0.64897,0.64923,1.00,1.00
2016.01.19 19:10:25.416,0.64899,0.64923,1.00,1.00
2016.01.19 19:10:25.575,0.64897,0.64923,1.00,1.00
2016.01.19 19:10:27.225,0.649,0.64923,1.00,1.00
2016.01.19 19:10:28.716,0.64899,0.64923,1.00,1.00
2016.01.19 19:10:30.046,0.64896,0.64923,1.00,1.50
2016.01.19 19:10:30.137,0.64894,0.64923,1.50,1.00
2016.01.19 19:10:30.467,0.64896,0.64923,1.00,1.00
2016.01.19 19:10:30.576,0.64894,0.64923,1.50,1.00
2016.01.19 19:10:30.685,0.64896,0.64923,1.00,1.50
2016.01.19 19:10:31.347,0.64898,0.64923,1.00,1.00
2016.01.19 19:10:32.015,0.64899,0.64923,1.00,1.00
2016.01.19 19:10:34.567,0.649,0.64923,1.00,1.00
2016.01.19 19:10:34.892,0.64896,0.64923,1.00,1.00
2016.01.19 19:10:36.296,0.64897,0.64923,1.00,1.00
2016.01.19 19:10:36.436,0.649,0.64923,1.00,1.00
2016.01.19 19:10:36.872,0.64897,0.64923,1.00,1.00
2016.01.19 19:10:36.973,0.64895,0.64923,1.00,1.00
2016.01.19 19:10:38.007,0.64895,0.64922,1.00,1.00
2016.01.19 19:10:41.766,0.64895,0.64921,1.00,1.00
2016.01.19 19:10:41.816,0.64894,0.64919,1.50,1.00
2016.01.19 19:10:42.166,0.64894,0.64917,1.00,1.00
2016.01.19 19:10:42.466,0.64891,0.64917,1.00,1.00
2016.01.19 19:10:42.951,0.64894,0.64917,1.00,1.00
2016.01.19 19:10:43.569,0.6489,0.64917,1.50,1.50
2016.01.19 19:10:44.116,0.64895,0.64917,1.00,1.50
2016.01.19 19:10:44.897,0.6489,0.64917,1.00,1.50
2016.01.19 19:10:44.996,0.64894,0.64917,1.00,1.50
2016.01.19 19:10:45.507,0.64894,0.64918,1.00,1.00
2016.01.19 19:10:46.866,0.64895,0.64918,1.00,1.00
2016.01.19 19:10:47.118,0.64889,0.64918,1.50,1.00
2016.01.19 19:10:50.383,0.64891,0.64918,1.00,1.50
2016.01.19 19:10:52.361,0.64889,0.64918,1.00,1.50
2016.01.19 19:10:52.487,0.64889,0.64916,1.00,1.50
2016.01.19 19:10:52.806,0.64887,0.64915,1.00,1.50
2016.01.19 19:10:52.922,0.64889,0.64915,1.00,1.50
2016.01.19 19:10:53.392,0.64887,0.64915,1.00,1.50
2016.01.19 19:10:53.959,0.64886,0.64915,1.00,1.50
2016.01.19 19:10:55.666,0.64889,0.64915,1.00,1.50
2016.01.19 19:10:58.047,0.64889,0.64916,1.00,1.00
2016.01.19 19:10:58.556,0.64891,0.64917,1.00,1.00
2016.01.19 19:10:59.266,0.6489,0.64917,1.00,1.00
2016.01.19 19:10:59.900,0.6489,0.64919,1.00,1.50
2016.01.19 19:11:00.001,0.64894,0.64919,1.00,1.00
2016.01.19 19:11:00.168,0.64894,0.64922,1.00,1.50
2016.01.19 19:11:00.419,0.64894,0.6492,1.00,1.00
2016.01.19 19:11:00.927,0.64895,0.6492,1.00,1.00
2016.01.19 19:11:01.531,0.64894,0.6492,1.00,1.00
2016.01.19 19:11:01.869,0.64895,0.64918,1.00,1.50
2016.01.19 19:11:01.935,0.6489,0.64918,1.00,1.50
2016.01.19 19:11:02.776,0.64894,0.64918,1.00,1.00
2016.01.19 19:11:03.087,0.64901,0.64918,1.00,1.00
2016.01.19 19:11:03.875,0.64901,0.64927,1.00,1.00
2016.01.19 19:11:04.150,0.64896,0.64925,1.00,1.00
2016.01.19 19:11:04.455,0.64899,0.64926,1.00,1.50
2016.01.19 19:11:05.057,0.649,0.64926,1.00,1.00
2016.01.19 19:11:05.336,0.64897,0.64926,1.00,1.50
2016.01.19 19:11:05.915,0.64898,0.64926,1.00,1.00
2016.01.19 19:11:06.116,0.649,0.64926,1.00,1.00
2016.01.19 19:11:06.764,0.64899,0.64926,1.00,1.00
2016.01.19 19:11:08.001,0.64899,0.64925,1.00,1.00
2016.01.19 19:11:08.319,0.64896,0.64923,1.00,1.00
2016.01.19 19:11:09.191,0.64894,0.64923,1.00,1.00
2016.01.19 19:11:09.845,0.64896,0.64925,1.00,1.50
2016.01.19 19:11:10.181,0.64894,0.64923,1.00,1.00
2016.01.19 19:11:10.666,0.64899,0.64923,1.00,1.00
2016.01.19 19:11:10.725,0.64899,0.64925,1.00,1.00
2016.01.19 19:11:11.505,0.649,0.64925,1.00,1.00
2016.01.19 19:11:12.202,0.64899,0.64926,1.50,1.50
2016.01.19 19:11:12.705,0.64899,0.64925,1.00,1.00
2016.01.19 19:11:13.255,0.64899,0.64926,1.00,1.50
2016.01.19 19:11:13.854,0.64899,0.64927,1.00,1.00
2016.01.19 19:11:14.513,0.64899,0.64928,1.50,1.50
2016.01.19 19:11:14.795,0.64903,0.64931,1.00,1.00
2016.01.19 19:11:15.138,0.64901,0.6493,1.00,1.00
2016.01.19 19:11:15.935,0.64904,0.6493,1.00,1.00
2016.01.19 19:11:16.494,0.64904,0.64931,1.00,1.00
2016.01.19 19:11:17.355,0.64904,0.64929,1.00,1.00
2016.01.19 19:11:17.889,0.64904,0.6493,1.00,1.00
2016.01.19 19:11:18.131,0.64905,0.64932,1.50,1.00
2016.01.19 19:11:18.232,0.64909,0.64932,1.50,1.00
2016.01.19 19:11:18.316,0.64911,0.6494,1.00,1.00
2016.01.19 19:11:18.367,0.64914,0.6494,1.00,1.00
2016.01.19 19:11:19.315,0.64915,0.6494,1.00,1.00
2016.01.19 19:11:20.844,0.64915,0.64941,1.00,1.00
2016.01.19 19:11:22.934,0.64915,0.6494,1.00,1.00
2016.01.19 19:11:23.495,0.64913,0.6494,1.00,1.00
2016.01.19 19:11:24.694,0.64914,0.64941,1.00,1.00
2016.01.19 19:11:24.914,0.64912,0.64939,1.00,1.00
2016.01.19 19:11:26.262,0.64913,0.6494,1.00,1.00
2016.01.19 19:11:26.362,0.64911,0.64941,1.00,1.00
2016.01.19 19:11:27.555,0.64911,0.6494,1.00,1.00
2016.01.19 19:11:28.141,0.6491,0.64939,1.00,1.00
2016.01.19 19:11:28.765,0.64912,0.64939,1.00,1.00
2016.01.19 19:11:30.526,0.64911,0.64941,1.00,1.00
2016.01.19 19:11:31.111,0.64911,0.6494,1.00,1.00
2016.01.19 19:11:32.174,0.64911,0.64938,1.00,1.00
2016.01.19 19:11:36.025,0.64911,0.6494,1.00,1.00
2016.01.19 19:11:37.200,0.64913,0.6494,1.00,1.00
2016.01.19 19:11:38.266,0.64913,0.64943,1.00,1.00
2016.01.19 19:11:39.571,0.64915,0.64944,1.00,1.00
2016.01.19 19:11:42.184,0.64917,0.64946,1.00,1.00
2016.01.19 19:11:43.951,0.64919,0.64948,1.00,1.00
2016.01.19 19:11:44.255,0.6492,0.64946,1.00,1.00
2016.01.19 19:11:48.233,0.6492,0.64947,1.50,1.00
2016.01.19 19:11:49.670,0.6492,0.64949,1.50,1.00
2016.01.19 19:11:50.438,0.6492,0.64948,1.00,1.00
2016.01.19 19:11:50.545,0.64921,0.6495,1.00,1.00
2016.01.19 19:11:50.696,0.64923,0.6495,1.00,1.00
2016.01.19 19:11:51.428,0.64922,0.64949,1.00,1.00
2016.01.19 19:11:51.644,0.64919,0.64948,1.50,1.00
2016.01.19 19:11:52.418,0.6492,0.64949,1.00,1.00
2016.01.19 19:11:53.102,0.64922,0.64951,1.00,1.00
2016.01.19 19:11:53.738,0.64921,0.6495,1.00,1.00
2016.01.19 19:11:55.104,0.64922,0.64949,1.00,1.00
2016.01.19 19:11:55.749,0.64921,0.6495,1.00,1.00
2016.01.19 19:11:57.361,0.64922,0.64949,1.00,1.00
2016.01.19 19:11:57.512,0.64919,0.64947,1.00,1.00
2016.01.19 19:11:58.060,0.64919,0.64948,1.00,1.00
2016.01.19 19:11:58.134,0.64921,0.64948,1.00,1.00
2016.01.19 19:11:59.676,0.64919,0.64948,1.00,1.00
2016.01.19 19:12:00.815,0.64917,0.64945,1.00,1.00
2016.01.19 19:12:01.150,0.64906,0.64935,1.00,1.00
2016.01.19 19:12:01.341,0.64903,0.6493,1.00,1.00
2016.01.19 19:12:01.798,0.64904,0.64933,1.00,1.00
2016.01.19 19:12:01.849,0.6491,0.64933,1.00,1.00
2016.01.19 19:12:01.984,0.6491,0.64935,1.00,1.00
2016.01.19 19:12:02.328,0.6491,0.64933,1.00,1.00
2016.01.19 19:12:02.577,0.64909,0.64936,1.00,1.00
2016.01.19 19:12:03.720,0.64907,0.64936,1.00,1.00
2016.01.19 19:12:03.770,0.64906,0.64933,1.00,1.00
2016.01.19 19:12:03.950,0.64904,0.64933,1.50,1.00
2016.01.19 19:12:04.321,0.64904,0.64931,1.00,1.00
2016.01.19 19:12:05.323,0.64904,0.64933,1.50,1.00
2016.01.19 19:12:06.725,0.64904,0.64934,1.50,1.00
2016.01.19 19:12:07.246,0.64905,0.64933,1.00,1.00
2016.01.19 19:12:07.800,0.64904,0.64933,1.00,1.00
2016.01.19 19:12:09.731,0.64904,0.64932,1.00,1.00
2016.01.19 19:12:11.484,0.64905,0.64934,1.00,1.50
2016.01.19 19:12:12.544,0.64907,0.64936,1.00,1.50
2016.01.19 19:12:12.876,0.64909,0.64938,1.00,1.50
2016.01.19 19:12:13.418,0.64909,0.64937,1.00,1.00
2016.01.19 19:12:14.070,0.6491,0.64938,1.50,1.00
2016.01.19 19:12:14.633,0.64909,0.64937,1.00,1.00
2016.01.19 19:12:15.389,0.64908,0.64937,1.00,1.00
2016.01.19 19:12:16.100,0.64909,0.64938,1.00,1.50
2016.01.19 19:12:16.744,0.6491,0.64939,1.00,1.00
2016.01.19 19:12:17.275,0.64912,0.64941,1.00,1.50
2016.01.19 19:12:17.604,0.64912,0.64939,1.00,1.00
2016.01.19 19:12:17.960,0.64912,0.64941,1.00,1.00
2016.01.19 19:12:19.034,0.64913,0.64942,1.00,1.50
2016.01.19 19:12:19.266,0.64911,0.6494,1.00,1.00
2016.01.19 19:12:19.814,0.64914,0.64941,1.00,1.00
2016.01.19 19:12:20.023,0.64912,0.64941,1.00,1.00
2016.01.19 19:12:20.506,0.64914,0.64941,1.00,1.00
2016.01.19 19:12:21.464,0.64914,0.64942,1.00,1.00
2016.01.19 19:12:22.457,0.64914,0.6494,1.00,1.00
2016.01.19 19:12:23.014,0.64914,0.64941,1.00,1.00
2016.01.19 19:12:23.494,0.64912,0.64941,1.00,1.00
2016.01.19 19:12:23.545,0.64912,0.64939,1.00,1.00
2016.01.19 19:12:24.115,0.64911,0.64938,1.00,1.00
2016.01.19 19:12:25.193,0.6491,0.64938,1.00,1.00
2016.01.19 19:12:26.354,0.64909,0.64938,1.50,1.00
2016.01.19 19:12:27.013,0.6491,0.64939,1.00,1.50
2016.01.19 19:12:29.589,0.6491,0.64938,1.50,1.00
2016.01.19 19:12:30.583,0.64911,0.64938,1.00,1.00
2016.01.19 19:12:32.704,0.64912,0.64938,1.00,1.00
2016.01.19 19:12:33.125,0.6491,0.64938,1.00,1.00
2016.01.19 19:12:36.963,0.64911,0.64938,1.00,1.00
2016.01.19 19:12:39.053,0.6491,0.64937,1.00,1.00
2016.01.19 19:12:41.143,0.6491,0.64938,1.00,1.00
2016.01.19 19:12:43.166,0.64912,0.64938,1.00,1.00
2016.01.19 19:12:43.701,0.6491,0.64938,1.00,1.00
2016.01.19 19:12:44.728,0.6491,0.64936,1.00,1.00
2016.01.19 19:12:45.096,0.64912,0.64937,1.00,1.00
2016.01.19 19:12:46.113,0.64914,0.64938,1.00,1.00
2016.01.19 19:12:46.862,0.64912,0.64938,1.00,1.00
2016.01.19 19:12:48.310,0.64911,0.64938,1.00,1.00
2016.01.19 19:12:48.360,0.64911,0.64936,1.00,1.00
2016.01.19 19:12:48.920,0.6491,0.64936,1.00,1.00
2016.01.19 19:12:49.862,0.64909,0.64936,1.00,1.00
2016.01.19 19:12:50.164,0.64906,0.64935,1.00,1.50
2016.01.19 19:12:50.273,0.64908,0.64935,1.00,1.50
2016.01.19 19:12:50.817,0.64907,0.64935,1.00,1.50
2016.01.19 19:12:51.128,0.64907,0.64933,1.00,1.00
2016.01.19 19:12:54.233,0.64908,0.64933,1.00,1.00
2016.01.19 19:12:55.617,0.64908,0.64934,1.00,1.00
2016.01.19 19:12:55.868,0.64908,0.64936,1.00,1.00
2016.01.19 19:12:56.232,0.64906,0.64935,1.00,1.50
2016.01.19 19:12:58.302,0.64908,0.64935,1.00,1.50
2016.01.19 19:13:10.194,0.64907,0.64935,1.00,1.00
2016.01.19 19:13:10.732,0.64905,0.64931,1.00,1.00
2016.01.19 19:13:12.575,0.64905,0.64935,1.00,1.50
2016.01.19 19:13:12.625,0.64905,0.64932,1.00,1.00
2016.01.19 19:13:12.942,0.64899,0.64926,1.00,1.00
2016.01.19 19:13:13.156,0.64896,0.64926,1.00,2.25
2016.01.19 19:13:13.619,0.64898,0.64925,1.00,1.50
2016.01.19 19:13:16.233,0.64897,0.64926,1.00,1.50
2016.01.19 19:13:16.606,0.649,0.64925,1.00,1.00
2016.01.19 19:13:16.657,0.649,0.64927,1.00,1.00
2016.01.19 19:13:17.210,0.64899,0.64926,1.00,1.00
2016.01.19 19:13:17.311,0.649,0.64929,1.00,1.00
2016.01.19 19:13:17.462,0.64903,0.6493,1.00,1.50
2016.01.19 19:13:17.772,0.64906,0.6493,1.00,1.00
2016.01.19 19:13:18.332,0.64906,0.64931,1.00,1.00
2016.01.19 19:13:18.588,0.64904,0.6493,1.00,1.00
2016.01.19 19:13:19.321,0.64904,0.64931,1.00,1.00
2016.01.19 19:13:20.217,0.64905,0.64931,1.00,1.00
2016.01.19 19:13:20.912,0.64905,0.64934,1.00,1.00
2016.01.19 19:13:22.343,0.64905,0.64931,1.00,1.00
2016.01.19 19:13:22.953,0.64904,0.64931,1.00,1.00
2016.01.19 19:13:23.932,0.64905,0.64931,1.00,1.00
2016.01.19 19:13:25.092,0.64905,0.64934,1.00,1.50
2016.01.19 19:13:25.532,0.64905,0.6493,1.00,1.00
2016.01.19 19:13:26.081,0.64905,0.64931,1.00,1.00
2016.01.19 19:13:26.792,0.64906,0.64931,1.00,1.00
2016.01.19 19:13:27.479,0.64903,0.64931,1.00,1.00
2016.01.19 19:13:29.694,0.64904,0.64931,1.00,1.00
2016.01.19 19:13:31.427,0.64904,0.6493,1.00,1.00
2016.01.19 19:13:31.721,0.64904,0.64933,1.00,1.00
2016.01.19 19:13:31.871,0.64908,0.64937,1.00,1.50
2016.01.19 19:13:32.202,0.64902,0.64931,1.00,1.00
2016.01.19 19:13:32.656,0.64909,0.64936,1.00,1.00
2016.01.19 19:13:32.757,0.6491,0.64939,1.00,1.50
2016.01.19 19:13:32.857,0.64912,0.64939,1.00,1.00
2016.01.19 19:13:33.178,0.64913,0.64942,1.00,1.50
2016.01.19 19:13:34.491,0.64913,0.6494,1.00,1.00
2016.01.19 19:13:34.541,0.64911,0.6494,1.00,1.50
2016.01.19 19:13:35.377,0.6491,0.64939,1.00,1.00
2016.01.19 19:13:35.482,0.64912,0.64941,1.00,1.50
2016.01.19 19:13:37.496,0.6491,0.64939,1.00,1.00
2016.01.19 19:13:39.442,0.64911,0.6494,1.00,1.00
2016.01.19 19:13:39.779,0.64911,0.64936,1.00,1.00
2016.01.19 19:13:40.329,0.64909,0.64935,1.00,1.00
2016.01.19 19:13:41.171,0.64909,0.64936,1.00,1.50
2016.01.19 19:13:41.222,0.64907,0.64935,1.00,1.00
2016.01.19 19:13:41.752,0.64906,0.64935,1.00,1.00
2016.01.19 19:13:44.062,0.64905,0.64934,1.00,1.00
2016.01.19 19:13:45.053,0.64907,0.64936,1.00,1.50
2016.01.19 19:13:45.602,0.6491,0.64936,1.00,1.00
2016.01.19 19:13:46.131,0.6491,0.64935,1.00,1.00
2016.01.19 19:13:48.522,0.6491,0.64936,1.00,1.00
2016.01.19 19:13:48.632,0.6491,0.64939,1.00,1.00
2016.01.19 19:13:50.183,0.6491,0.64936,1.00,1.00
2016.01.19 19:13:52.926,0.6491,0.64939,1.00,1.00
2016.01.19 19:13:53.027,0.6491,0.64937,1.00,1.00
2016.01.19 19:13:53.215,0.64906,0.64935,1.00,1.00
2016.01.19 19:13:53.316,0.64909,0.64937,1.00,1.00
2016.01.19 19:13:53.417,0.64907,0.64936,1.00,1.00
2016.01.19 19:13:53.568,0.64907,0.64933,1.00,1.00
2016.01.19 19:13:53.669,0.64901,0.6493,1.00,1.50
2016.01.19 19:13:53.719,0.64901,0.64926,1.00,1.00
2016.01.19 19:13:53.770,0.64897,0.64926,1.00,1.50
2016.01.19 19:13:53.972,0.64897,0.64924,1.00,1.50
2016.01.19 19:13:54.377,0.64901,0.64925,1.00,1.00
2016.01.19 19:13:54.477,0.64901,0.6493,1.00,1.50
2016.01.19 19:13:55.027,0.64902,0.6493,1.00,1.00
2016.01.19 19:13:56.163,0.64899,0.64928,1.00,1.00
2016.01.19 19:13:56.264,0.64899,0.64926,1.00,1.00
2016.01.19 19:13:56.884,0.64898,0.64925,1.00,1.00
2016.01.19 19:13:57.286,0.64896,0.64925,1.00,1.00
2016.01.19 19:13:57.592,0.64895,0.64922,1.00,1.00
2016.01.19 19:14:00.231,0.64896,0.64923,1.00,1.00
2016.01.19 19:14:00.976,0.64896,0.6492,1.00,1.00
2016.01.19 19:14:01.026,0.64893,0.6492,1.00,1.00
2016.01.19 19:14:03.196,0.64893,0.64923,1.00,1.00
2016.01.19 19:14:03.246,0.64895,0.64922,1.00,1.00
2016.01.19 19:14:04.155,0.64895,0.64921,1.00,1.00
2016.01.19 19:14:07.380,0.64892,0.64921,1.00,1.50
2016.01.19 19:14:09.312,0.64892,0.6492,1.00,1.00
2016.01.19 19:14:10.022,0.64891,0.6492,1.00,1.00
2016.01.19 19:14:10.562,0.64891,0.64919,1.00,1.00
2016.01.19 19:14:10.748,0.64891,0.64917,1.00,1.00
2016.01.19 19:14:10.799,0.64888,0.64917,1.00,1.00
2016.01.19 19:14:11.150,0.64891,0.6492,1.00,1.50
2016.01.19 19:14:11.492,0.64896,0.64923,1.00,1.00
2016.01.19 19:14:12.030,0.64896,0.64921,1.00,1.00
2016.01.19 19:14:12.998,0.64895,0.64921,1.00,1.00
2016.01.19 19:14:13.338,0.64882,0.64911,1.00,1.00
2016.01.19 19:14:13.582,0.64883,0.64908,1.00,1.00
2016.01.19 19:14:13.790,0.64881,0.64908,1.00,1.00
2016.01.19 19:14:13.981,0.64878,0.64907,1.00,1.00
2016.01.19 19:14:14.531,0.64878,0.64906,1.00,1.00
2016.01.19 19:14:15.067,0.64878,0.64905,1.00,1.00
2016.01.19 19:14:15.705,0.64878,0.64907,1.00,1.50
2016.01.19 19:14:16.750,0.64881,0.64908,1.00,1.50
2016.01.19 19:14:17.561,0.64881,0.64906,1.00,1.00
2016.01.19 19:14:18.774,0.64881,0.64905,1.00,1.00
2016.01.19 19:14:19.431,0.64881,0.64906,1.00,1.00
2016.01.19 19:14:19.593,0.64879,0.64906,1.00,1.00
2016.01.19 19:14:20.140,0.64879,0.64905,1.00,1.00
2016.01.19 19:14:20.422,0.64879,0.64908,1.00,1.00
2016.01.19 19:14:20.578,0.64879,0.64905,1.00,1.00
2016.01.19 19:14:21.741,0.64879,0.64906,1.00,1.00
2016.01.19 19:14:22.451,0.6488,0.64906,1.00,1.00
2016.01.19 19:14:22.982,0.64879,0.64908,1.00,1.00
2016.01.19 19:14:23.032,0.64882,0.64909,1.00,1.00
2016.01.19 19:14:23.551,0.6488,0.6491,1.00,2.25
2016.01.19 19:14:24.381,0.6488,0.64906,1.00,1.00
2016.01.19 19:14:24.723,0.64882,0.64906,1.00,1.00
2016.01.19 19:14:25.437,0.64875,0.64903,1.00,1.00
2016.01.19 19:14:25.488,0.64875,0.649,1.00,1.00
2016.01.19 19:14:25.591,0.64875,0.64902,1.00,1.00
2016.01.19 19:14:25.692,0.64872,0.64902,1.00,1.50
2016.01.19 19:14:25.894,0.64875,0.64903,1.00,1.50
2016.01.19 19:14:26.230,0.64877,0.64903,1.00,1.00
2016.01.19 19:14:26.632,0.6488,0.64905,1.00,1.00
2016.01.19 19:14:27.211,0.64881,0.64905,1.00,1.00
2016.01.19 19:14:27.291,0.64879,0.64905,1.00,1.00
2016.01.19 19:14:28.172,0.64876,0.64905,1.00,1.00
2016.01.19 19:14:28.823,0.64875,0.64905,1.00,1.50
2016.01.19 19:14:30.495,0.64876,0.64903,1.00,1.00
2016.01.19 19:14:30.752,0.64876,0.64905,1.00,1.00
2016.01.19 19:14:31.127,0.64876,0.64902,1.00,1.00
2016.01.19 19:14:31.569,0.64873,0.649,1.00,1.00
2016.01.19 19:14:31.720,0.64874,0.64903,1.00,1.50
2016.01.19 19:14:31.921,0.64877,0.64904,1.00,1.00
2016.01.19 19:14:32.247,0.64873,0.64902,1.00,1.00
2016.01.19 19:14:32.350,0.64875,0.64902,1.00,1.00
2016.01.19 19:14:33.011,0.64873,0.649,1.00,1.00
2016.01.19 19:14:33.675,0.64874,0.649,1.00,1.00
2016.01.19 19:14:36.559,0.64872,0.649,1.00,1.00
2016.01.19 19:14:36.760,0.6487,0.64899,1.00,1.00
2016.01.19 19:14:36.861,0.64872,0.64898,1.00,1.00
2016.01.19 19:14:37.370,0.64872,0.64899,1.00,1.00
2016.01.19 19:14:38.011,0.64872,0.64894,1.00,1.00
2016.01.19 19:14:38.213,0.64868,0.64893,1.00,1.00
2016.01.19 19:14:38.497,0.64868,0.64895,1.00,1.00
2016.01.19 19:14:38.648,0.6487,0.64895,1.00,1.00
2016.01.19 19:14:38.956,0.64872,0.64895,1.00,1.00
2016.01.19 19:14:39.280,0.6487,0.64895,1.00,1.00
2016.01.19 19:14:40.157,0.6487,0.64898,1.00,1.00
2016.01.19 19:14:40.937,0.64871,0.64898,1.00,1.00
2016.01.19 19:14:41.667,0.64871,0.649,1.00,1.50
2016.01.19 19:14:41.718,0.64874,0.649,1.00,1.00
2016.01.19 19:14:42.360,0.64872,0.649,1.00,1.00
2016.01.19 19:14:42.862,0.64873,0.649,1.00,1.00
2016.01.19 19:14:43.393,0.64872,0.64899,1.00,1.00
2016.01.19 19:14:44.182,0.64872,0.64896,1.00,1.00
2016.01.19 19:14:44.383,0.6487,0.64896,1.00,1.00
2016.01.19 19:14:45.391,0.6487,0.64898,1.00,1.00
2016.01.19 19:14:46.761,0.64871,0.64898,1.00,1.00
2016.01.19 19:14:47.006,0.64873,0.64898,1.00,1.00
2016.01.19 19:14:47.722,0.64871,0.64898,1.00,1.00
2016.01.19 19:14:49.351,0.64871,0.64896,1.00,1.00
2016.01.19 19:14:50.280,0.6487,0.64896,1.00,1.00
2016.01.19 19:14:50.561,0.6487,0.64898,1.00,1.00
2016.01.19 19:14:50.612,0.64872,0.64899,1.00,1.00
2016.01.19 19:14:50.734,0.6487,0.64899,1.00,1.50
2016.01.19 19:14:51.552,0.6487,0.64896,1.00,1.00
2016.01.19 19:14:51.991,0.6487,0.64899,1.00,1.50
2016.01.19 19:14:52.980,0.6487,0.64895,1.00,1.00
2016.01.19 19:14:55.291,0.6487,0.64896,1.00,1.00
2016.01.19 19:14:55.593,0.64868,0.64896,1.00,1.00
2016.01.19 19:14:55.940,0.6487,0.64898,1.00,1.00
2016.01.19 19:14:56.305,0.6487,0.64896,1.00,1.00
2016.01.19 19:14:57.160,0.6487,0.6489,1.00,1.00
2016.01.19 19:14:58.591,0.6487,0.64896,1.00,1.50
2016.01.19 19:14:59.410,0.64868,0.64895,1.00,1.00
2016.01.19 19:14:59.727,0.64868,0.64893,1.00,1.00
2016.01.19 19:15:00.182,0.64866,0.64893,1.00,1.00
2016.01.19 19:15:00.621,0.64868,0.64893,1.00,1.00
2016.01.19 19:15:01.054,0.64868,0.64895,1.00,1.00
2016.01.19 19:15:02.222,0.64868,0.64896,1.00,1.50
2016.01.19 19:15:03.071,0.64869,0.64896,1.00,2.25
2016.01.19 19:15:03.667,0.64869,0.64895,1.00,1.00
2016.01.19 19:15:03.968,0.64866,0.64893,1.00,1.50
2016.01.19 19:15:04.091,0.64856,0.64885,1.00,1.00
2016.01.19 19:15:04.252,0.64859,0.64885,1.00,1.50
2016.01.19 19:15:05.133,0.64857,0.64884,1.00,1.00
2016.01.19 19:15:05.284,0.64859,0.64885,1.00,1.00
2016.01.19 19:15:05.572,0.64857,0.64885,1.00,1.00
2016.01.19 19:15:05.723,0.64855,0.64884,1.00,1.00
2016.01.19 19:15:06.012,0.64858,0.64885,1.00,2.25
2016.01.19 19:15:06.780,0.64857,0.64885,1.00,1.00
2016.01.19 19:15:07.113,0.64859,0.64885,1.00,1.00
2016.01.19 19:15:07.415,0.64857,0.64881,1.00,1.00
2016.01.19 19:15:07.565,0.64852,0.64881,1.00,1.50
2016.01.19 19:15:08.180,0.64852,0.6488,1.00,1.00
2016.01.19 19:15:09.553,0.64853,0.6488,1.00,1.50
2016.01.19 19:15:10.928,0.64853,0.64881,1.00,1.00
2016.01.19 19:15:11.079,0.64856,0.64884,1.00,1.00
2016.01.19 19:15:11.630,0.64857,0.64885,1.00,1.00
2016.01.19 19:15:11.881,0.64854,0.64883,1.00,1.00
2016.01.19 19:15:12.532,0.64853,0.64882,1.00,1.00
2016.01.19 19:15:12.894,0.64853,0.6488,1.00,1.00
2016.01.19 19:15:13.471,0.64853,0.64882,1.00,1.00
2016.01.19 19:15:14.262,0.64856,0.64883,1.00,1.00
2016.01.19 19:15:15.408,0.64853,0.64881,1.00,1.00
2016.01.19 19:15:15.612,0.64855,0.64881,1.00,1.50
2016.01.19 19:15:16.143,0.64855,0.6488,1.00,1.00
2016.01.19 19:15:18.853,0.64855,0.64881,1.00,1.00
2016.01.19 19:15:21.712,0.64855,0.64882,1.00,1.00
2016.01.19 19:15:24.462,0.64855,0.64881,1.00,1.00
2016.01.19 19:15:25.125,0.64854,0.64881,1.00,1.00
2016.01.19 19:15:25.455,0.64856,0.64882,1.00,1.00
2016.01.19 19:15:25.835,0.64854,0.6488,1.00,1.00
2016.01.19 19:15:28.092,0.64854,0.64881,1.00,1.00
2016.01.19 19:15:28.805,0.64853,0.64881,1.00,1.00
2016.01.19 19:15:30.916,0.64854,0.64881,1.00,1.00
2016.01.19 19:15:31.941,0.64854,0.64875,1.00,1.00
2016.01.19 19:15:32.079,0.64849,0.64875,1.00,1.50
2016.01.19 19:15:32.201,0.64847,0.64874,1.00,1.00
2016.01.19 19:15:32.302,0.64844,0.64871,1.00,1.00
2016.01.19 19:15:33.059,0.64843,0.6487,1.00,1.00
2016.01.19 19:15:33.617,0.64843,0.64871,1.00,1.00
2016.01.19 19:15:34.628,0.64843,0.6487,1.00,1.00
2016.01.19 19:15:37.403,0.64845,0.6487,1.00,1.00
2016.01.19 19:15:37.729,0.64848,0.6487,1.00,1.00
2016.01.19 19:15:38.309,0.64848,0.64874,1.00,1.00
2016.01.19 19:15:40.352,0.64848,0.64873,1.00,1.00
2016.01.19 19:15:40.552,0.64847,0.64876,1.00,1.50
2016.01.19 19:15:40.681,0.64849,0.64875,1.00,1.50
2016.01.19 19:15:41.182,0.64849,0.64876,1.00,1.50
2016.01.19 19:15:42.269,0.64849,0.64875,1.00,1.00
2016.01.19 19:15:42.320,0.64846,0.64875,1.00,1.50
2016.01.19 19:15:42.471,0.64843,0.6487,1.00,1.00
2016.01.19 19:15:43.711,0.64843,0.64874,1.00,1.00
2016.01.19 19:15:45.612,0.64841,0.64872,1.00,1.00
2016.01.19 19:15:46.398,0.64845,0.64874,1.00,1.50
2016.01.19 19:15:47.096,0.64846,0.64875,1.00,1.00
2016.01.19 19:15:47.625,0.64845,0.64875,1.00,1.00
2016.01.19 19:15:47.962,0.64847,0.64875,1.00,1.00
2016.01.19 19:15:48.298,0.64845,0.64873,1.00,1.00
2016.01.19 19:15:48.399,0.64846,0.64876,1.00,1.50
2016.01.19 19:15:48.500,0.64848,0.64876,1.00,1.00
2016.01.19 19:15:48.646,0.64848,0.64878,1.00,1.00
2016.01.19 19:15:48.696,0.6485,0.64879,1.00,1.00
2016.01.19 19:15:49.257,0.64851,0.64879,1.00,1.00
2016.01.19 19:15:49.702,0.64849,0.64878,1.00,1.50
2016.01.19 19:15:49.871,0.64849,0.64876,1.00,1.00
2016.01.19 19:15:50.453,0.64847,0.64874,1.00,1.00
2016.01.19 19:15:51.123,0.64844,0.64873,1.00,1.00
2016.01.19 19:15:51.631,0.64844,0.6487,1.00,1.00
2016.01.19 19:15:51.742,0.64844,0.64873,1.00,1.00
2016.01.19 19:15:53.862,0.64847,0.64875,1.00,1.50
2016.01.19 19:15:54.410,0.64848,0.64875,1.00,1.00
2016.01.19 19:15:54.658,0.64845,0.64874,1.00,1.00
2016.01.19 19:15:54.861,0.64842,0.64871,1.00,1.50
2016.01.19 19:15:55.191,0.64844,0.6487,1.00,1.00
2016.01.19 19:15:55.953,0.64843,0.6487,1.00,1.00
2016.01.19 19:15:56.063,0.6484,0.64869,1.00,1.00
2016.01.19 19:15:56.171,0.64838,0.64868,1.00,1.00
2016.01.19 19:15:56.913,0.64839,0.64868,1.00,1.00
2016.01.19 19:15:56.964,0.64842,0.64868,1.00,1.00
2016.01.19 19:15:58.083,0.64842,0.64866,1.00,1.00
2016.01.19 19:15:58.234,0.64842,0.64869,1.00,1.00
2016.01.19 19:16:00.572,0.64842,0.64871,1.50,1.50
2016.01.19 19:16:00.674,0.64847,0.64871,1.00,1.00
2016.01.19 19:16:00.825,0.64847,0.64873,1.00,1.00
2016.01.19 19:16:01.684,0.64847,0.64875,1.00,1.00
2016.01.19 19:16:01.890,0.64847,0.64871,1.00,1.00
2016.01.19 19:16:02.041,0.64849,0.64876,1.00,1.50
2016.01.19 19:16:02.351,0.64849,0.64874,1.00,1.00
2016.01.19 19:16:02.852,0.6485,0.64875,1.00,1.00
2016.01.19 19:16:03.879,0.64849,0.64871,1.00,1.00
2016.01.19 19:16:04.079,0.64847,0.64871,1.00,1.00
2016.01.19 19:16:04.984,0.64847,0.64872,1.00,1.00
2016.01.19 19:16:05.161,0.64847,0.6487,1.00,1.00
2016.01.19 19:16:06.151,0.64847,0.64872,1.00,1.00
2016.01.19 19:16:08.160,0.64847,0.64869,1.00,1.00
2016.01.19 19:16:08.341,0.64845,0.64869,1.00,1.00
2016.01.19 19:16:09.641,0.64849,0.64869,1.00,1.00
2016.01.19 19:16:10.031,0.64849,0.64871,1.00,1.00
2016.01.19 19:16:10.616,0.64849,0.64872,1.00,1.00
2016.01.19 19:16:12.610,0.64849,0.64869,1.00,1.00
2016.01.19 19:16:17.228,0.64846,0.64869,1.00,1.00
2016.01.19 19:16:17.735,0.64846,0.64867,1.00,1.00
2016.01.19 19:16:17.964,0.64846,0.64869,1.00,1.00
2016.01.19 19:16:18.570,0.64846,0.64868,1.00,1.00
2016.01.19 19:16:19.380,0.64846,0.64867,1.00,1.00
2016.01.19 19:16:19.513,0.64846,0.64869,1.00,1.00
2016.01.19 19:16:19.956,0.64846,0.64866,1.00,1.00
2016.01.19 19:16:20.057,0.64846,0.64868,1.00,1.00
2016.01.19 19:16:20.261,0.64847,0.6487,1.00,1.00
2016.01.19 19:16:23.271,0.64838,0.6486,1.00,1.00
2016.01.19 19:16:23.473,0.6482,0.64849,1.00,1.00
2016.01.19 19:16:23.531,0.6482,0.64845,1.00,1.00
2016.01.19 19:16:23.849,0.64824,0.64845,1.00,1.00
2016.01.19 19:16:24.851,0.64824,0.64846,1.00,1.50
2016.01.19 19:16:26.127,0.64826,0.64849,1.00,1.00
2016.01.19 19:16:26.275,0.64829,0.64852,1.00,1.00
2016.01.19 19:16:26.781,0.64829,0.6485,1.00,1.00
2016.01.19 19:16:27.111,0.64828,0.64845,1.00,1.00
2016.01.19 19:16:27.220,0.64828,0.64848,1.00,1.00
2016.01.19 19:16:27.447,0.64828,0.6485,1.00,1.00
2016.01.19 19:16:28.052,0.64828,0.64849,1.00,1.00
2016.01.19 19:16:28.561,0.64826,0.6485,1.00,1.00
2016.01.19 19:16:28.762,0.64826,0.64847,1.00,1.00
2016.01.19 19:16:29.798,0.64828,0.64847,1.00,1.00
2016.01.19 19:16:30.131,0.64826,0.64847,1.00,1.00
2016.01.19 19:16:30.181,0.64816,0.64836,1.00,1.00
2016.01.19 19:16:30.382,0.64794,0.64821,1.00,1.00
2016.01.19 19:16:30.493,0.64793,0.64814,1.00,1.00
2016.01.19 19:16:30.543,0.64784,0.64814,1.00,1.00
2016.01.19 19:16:30.744,0.64786,0.64814,1.00,1.00
2016.01.19 19:16:31.046,0.64794,0.64817,1.00,1.00
2016.01.19 19:16:31.559,0.64793,0.64817,1.00,1.00
2016.01.19 19:16:31.861,0.64801,0.64826,1.00,1.00
2016.01.19 19:16:32.361,0.64802,0.64828,1.00,1.00
2016.01.19 19:16:32.579,0.64802,0.64826,1.00,1.00
2016.01.19 19:16:32.912,0.64805,0.64827,1.00,1.00
2016.01.19 19:16:33.460,0.64805,0.64828,1.00,1.00
2016.01.19 19:16:35.800,0.64805,0.64829,1.00,1.00
2016.01.19 19:16:36.156,0.64802,0.64826,1.00,1.00
2016.01.19 19:16:36.458,0.64808,0.64833,1.00,1.00
2016.01.19 19:16:36.509,0.64812,0.64833,1.00,1.00
2016.01.19 19:16:37.451,0.64812,0.64836,1.00,1.50
2016.01.19 19:16:37.859,0.64812,0.64832,1.00,1.00
2016.01.19 19:16:37.971,0.64812,0.64835,1.00,1.00
2016.01.19 19:16:38.122,0.64814,0.64835,1.00,1.00
2016.01.19 19:16:38.237,0.64814,0.64837,1.00,1.00
2016.01.19 19:16:38.440,0.64814,0.6484,1.00,1.00
2016.01.19 19:16:38.642,0.64814,0.64838,1.00,1.00
2016.01.19 19:16:39.246,0.64815,0.64839,1.00,1.00
2016.01.19 19:16:40.951,0.64815,0.64837,1.00,1.00
2016.01.19 19:16:42.687,0.64814,0.64837,1.00,1.00
2016.01.19 19:16:43.067,0.64816,0.64837,1.00,1.00
2016.01.19 19:16:43.347,0.64814,0.64837,1.00,1.00
2016.01.19 19:16:43.765,0.64818,0.64837,1.00,1.00
2016.01.19 19:16:44.166,0.64815,0.64838,1.00,1.00
2016.01.19 19:16:44.216,0.64817,0.64838,1.00,1.00
2016.01.19 19:16:44.267,0.64819,0.64842,1.00,1.00
2016.01.19 19:16:44.367,0.64819,0.64844,1.00,1.00
2016.01.19 19:16:44.593,0.64819,0.64842,1.00,1.00
2016.01.19 19:16:45.385,0.64819,0.64841,1.00,1.00
2016.01.19 19:16:45.487,0.64817,0.64841,1.00,1.00
2016.01.19 19:16:47.036,0.64817,0.64839,1.00,1.00
2016.01.19 19:16:47.472,0.64817,0.64842,1.00,1.00
2016.01.19 19:16:47.975,0.64817,0.64841,1.00,1.00
2016.01.19 19:16:48.524,0.64817,0.64842,1.00,1.00
2016.01.19 19:16:48.874,0.64817,0.6484,1.00,1.00
2016.01.19 19:16:49.230,0.64819,0.6484,1.00,1.00
2016.01.19 19:16:49.347,0.64819,0.64844,1.00,1.00
2016.01.19 19:16:49.926,0.64819,0.64843,1.00,1.00
2016.01.19 19:16:50.100,0.64819,0.64841,1.00,1.00
2016.01.19 19:16:50.509,0.64819,0.64843,1.00,1.00
2016.01.19 19:16:51.048,0.64819,0.64842,1.00,1.00
2016.01.19 19:16:51.812,0.64815,0.64842,1.50,1.00
2016.01.19 19:16:52.183,0.64813,0.64836,1.00,1.00
2016.01.19 19:16:54.185,0.64813,0.64838,1.00,1.00
2016.01.19 19:16:54.729,0.64813,0.64836,1.00,1.00
2016.01.19 19:16:55.340,0.64812,0.64837,1.00,1.00
2016.01.19 19:16:56.126,0.64812,0.64833,1.00,1.00
2016.01.19 19:16:56.226,0.6481,0.64833,1.00,1.00
2016.01.19 19:16:56.377,0.6481,0.64836,1.00,1.00
2016.01.19 19:16:56.494,0.6481,0.64833,1.00,1.00
2016.01.19 19:16:56.996,0.6481,0.64834,1.00,1.00
2016.01.19 19:16:57.406,0.6481,0.64832,1.00,1.00
2016.01.19 19:16:57.751,0.64808,0.64831,1.00,1.00
2016.01.19 19:16:59.181,0.64808,0.6483,1.00,1.00
2016.01.19 19:16:59.703,0.64808,0.64831,1.00,1.00
2016.01.19 19:16:59.854,0.64806,0.64831,1.00,1.00
2016.01.19 19:17:00.118,0.64809,0.64831,1.00,1.50
2016.01.19 19:17:00.420,0.6481,0.64829,1.00,1.00
2016.01.19 19:17:00.721,0.6481,0.64827,1.00,1.00
2016.01.19 19:17:01.009,0.64805,0.64827,1.00,1.00
2016.01.19 19:17:01.210,0.64805,0.64829,1.00,1.00
2016.01.19 19:17:01.908,0.64806,0.64829,1.00,1.00
2016.01.19 19:17:02.309,0.64806,0.64831,1.00,1.50
2016.01.19 19:17:03.369,0.64806,0.64832,1.00,1.00
2016.01.19 19:17:03.420,0.64809,0.64834,1.00,1.00
2016.01.19 19:17:04.213,0.64809,0.64835,1.00,1.00
2016.01.19 19:17:04.792,0.6481,0.64835,1.00,1.00
2016.01.19 19:17:06.247,0.6481,0.64836,1.00,1.50
2016.01.19 19:17:08.309,0.6481,0.64835,1.00,1.00
2016.01.19 19:17:09.422,0.64812,0.64835,1.00,1.00
2016.01.19 19:17:09.724,0.64816,0.6484,1.00,1.00
2016.01.19 19:17:10.236,0.64816,0.64839,1.00,1.00
2016.01.19 19:17:12.040,0.64816,0.6484,1.00,1.50
2016.01.19 19:17:12.277,0.64815,0.64836,1.00,1.00
2016.01.19 19:17:12.629,0.64815,0.64839,1.00,1.00
2016.01.19 19:17:14.645,0.64815,0.64838,1.00,1.00
2016.01.19 19:17:14.746,0.64815,0.6484,1.00,1.50
2016.01.19 19:17:15.290,0.64815,0.64839,1.00,1.00
2016.01.19 19:17:15.932,0.64815,0.6484,1.00,1.50
2016.01.19 19:17:15.982,0.64818,0.6484,1.00,1.00
2016.01.19 19:17:16.500,0.64818,0.64841,1.00,1.00
2016.01.19 19:17:16.651,0.6482,0.64844,1.00,1.00
2016.01.19 19:17:16.701,0.64823,0.64844,1.00,1.00
2016.01.19 19:17:16.859,0.64826,0.64851,1.00,1.00
2016.01.19 19:17:17.010,0.64828,0.64852,1.00,1.00
2016.01.19 19:17:17.060,0.64829,0.64854,1.00,1.00
2016.01.19 19:17:17.489,0.64829,0.64851,1.00,1.00
2016.01.19 19:17:17.890,0.64828,0.64849,1.00,1.00
2016.01.19 19:17:18.075,0.64826,0.64849,1.00,1.00
2016.01.19 19:17:18.599,0.64826,0.64852,1.00,1.00
2016.01.19 19:17:19.130,0.64826,0.64851,1.00,1.00
2016.01.19 19:17:19.343,0.64831,0.64855,1.00,1.00
2016.01.19 19:17:19.844,0.64831,0.64856,1.00,1.50
2016.01.19 19:17:20.154,0.64833,0.64854,1.00,1.00
2016.01.19 19:17:20.367,0.64833,0.64856,1.00,1.00
2016.01.19 19:17:20.665,0.6483,0.64855,1.00,1.00
2016.01.19 19:17:21.197,0.6483,0.64856,1.00,1.00
2016.01.19 19:17:21.743,0.64835,0.64856,1.00,1.00
2016.01.19 19:17:24.158,0.64832,0.64856,1.00,1.00
2016.01.19 19:17:24.259,0.64832,0.64851,1.00,1.00
2016.01.19 19:17:24.360,0.6483,0.64851,1.00,1.00
2016.01.19 19:17:24.906,0.64828,0.64851,1.00,1.00
2016.01.19 19:17:25.281,0.6483,0.64851,1.00,1.00
2016.01.19 19:17:25.331,0.6483,0.64854,1.00,1.00
2016.01.19 19:17:26.616,0.64829,0.64854,1.00,1.00
2016.01.19 19:17:27.861,0.64831,0.64854,1.00,1.00
2016.01.19 19:17:28.403,0.64831,0.64855,1.00,1.00
2016.01.19 19:17:28.863,0.64833,0.64856,1.00,1.00
2016.01.19 19:17:28.964,0.64833,0.64858,1.00,1.00
2016.01.19 19:17:32.719,0.64833,0.64857,1.00,1.00
2016.01.19 19:17:33.289,0.64834,0.64858,1.00,1.00
2016.01.19 19:17:33.470,0.64834,0.6486,1.00,1.00
2016.01.19 19:17:33.910,0.64838,0.64865,1.00,1.00
2016.01.19 19:17:34.011,0.64835,0.64862,1.00,1.00
2016.01.19 19:17:34.312,0.64842,0.64866,1.00,1.00
2016.01.19 19:17:34.639,0.64845,0.64866,1.00,1.00
2016.01.19 19:17:34.740,0.64843,0.6487,1.50,1.00
2016.01.19 19:17:34.790,0.64843,0.64868,1.00,1.00
2016.01.19 19:17:36.739,0.64843,0.64866,1.00,1.00
2016.01.19 19:17:38.168,0.64843,0.64868,1.00,1.00
2016.01.19 19:17:40.017,0.64844,0.64868,1.00,1.00
2016.01.19 19:17:40.538,0.64844,0.64869,1.00,1.00
2016.01.19 19:17:43.557,0.64843,0.64869,1.00,1.00
2016.01.19 19:17:44.243,0.64843,0.64868,1.00,1.00
2016.01.19 19:17:44.544,0.64846,0.64868,1.00,1.00
2016.01.19 19:17:45.143,0.64846,0.64869,1.00,1.00
2016.01.19 19:17:46.109,0.64847,0.64872,1.00,1.00
2016.01.19 19:17:50.268,0.64847,0.64869,1.00,1.00
2016.01.19 19:17:51.404,0.64845,0.64869,1.00,1.00
2016.01.19 19:17:51.784,0.64842,0.64869,1.50,1.00
2016.01.19 19:17:51.834,0.64842,0.64867,1.00,1.00
2016.01.19 19:18:04.679,0.64842,0.64868,1.00,1.00
2016.01.19 19:18:08.736,0.64841,0.64868,1.00,1.00
2016.01.19 19:18:09.078,0.64841,0.64866,1.00,1.00
2016.01.19 19:18:09.298,0.64841,0.64868,1.00,1.00
2016.01.19 19:18:11.198,0.64841,0.64867,1.00,1.00
2016.01.19 19:18:11.516,0.64841,0.64865,1.00,1.00
2016.01.19 19:18:11.844,0.64841,0.64863,1.00,1.00
2016.01.19 19:18:12.378,0.64841,0.64862,1.00,1.00
2016.01.19 19:18:12.629,0.64837,0.64862,1.00,1.00
2016.01.19 19:18:13.193,0.64838,0.64862,1.00,1.00
2016.01.19 19:18:13.558,0.64841,0.64862,1.00,1.00
2016.01.19 19:18:14.148,0.64841,0.64863,1.00,1.00
2016.01.19 19:18:14.696,0.64841,0.64864,1.00,1.00
2016.01.19 19:18:15.014,0.64841,0.64862,1.00,1.00
2016.01.19 19:18:17.680,0.64841,0.64863,1.00,1.00
2016.01.19 19:18:17.731,0.64837,0.64863,1.00,1.00
2016.01.19 19:18:18.033,0.64837,0.6486,1.00,1.00
2016.01.19 19:18:18.419,0.64835,0.6486,1.00,1.00
2016.01.19 19:18:18.558,0.64835,0.64856,1.00,1.00
2016.01.19 19:18:18.825,0.64833,0.64856,1.00,1.50
2016.01.19 19:18:19.213,0.64833,0.64854,1.00,1.00
2016.01.19 19:18:19.315,0.64831,0.64856,1.00,1.50
2016.01.19 19:18:19.839,0.64832,0.64856,1.00,1.00
2016.01.19 19:18:20.287,0.64835,0.64856,1.00,1.00
2016.01.19 19:18:20.539,0.64838,0.64861,1.00,1.00
2016.01.19 19:18:21.064,0.64839,0.6486,1.00,1.00
2016.01.19 19:18:21.115,0.64839,0.64863,1.00,1.00
2016.01.19 19:18:21.923,0.6484,0.64862,1.00,1.00
2016.01.19 19:18:22.665,0.64838,0.64862,1.00,1.00
2016.01.19 19:18:23.708,0.64838,0.6486,1.00,1.00
2016.01.19 19:18:25.507,0.64838,0.64862,1.00,1.00
2016.01.19 19:18:25.769,0.64836,0.64861,1.00,1.00
2016.01.19 19:18:27.777,0.64838,0.64861,1.00,1.00
2016.01.19 19:18:28.238,0.64838,0.64863,1.00,1.00
2016.01.19 19:18:28.682,0.64838,0.64865,1.00,1.00
2016.01.19 19:18:29.363,0.64841,0.64865,1.00,1.00
2016.01.19 19:18:30.995,0.64844,0.64865,1.00,1.00
2016.01.19 19:18:31.552,0.64844,0.64866,1.00,1.00
2016.01.19 19:18:36.577,0.64844,0.64865,1.00,1.00
2016.01.19 19:18:37.088,0.64844,0.64866,1.00,1.00
2016.01.19 19:18:37.637,0.64841,0.64865,1.00,1.00
2016.01.19 19:18:37.794,0.64838,0.64863,1.00,1.00
2016.01.19 19:18:38.147,0.64838,0.6486,1.00,1.00
2016.01.19 19:18:38.248,0.64838,0.64862,1.00,1.00
2016.01.19 19:18:38.638,0.6484,0.64863,1.00,1.00
2016.01.19 19:18:39.244,0.6484,0.64861,1.00,1.00
2016.01.19 19:18:40.580,0.6484,0.64864,1.00,1.00
2016.01.19 19:18:40.681,0.6484,0.64862,1.00,1.00
2016.01.19 19:18:41.417,0.6484,0.6486,1.00,1.00
2016.01.19 19:18:41.928,0.64838,0.6486,1.00,1.00
2016.01.19 19:18:42.305,0.64838,0.64863,1.00,1.00
2016.01.19 19:18:42.792,0.6484,0.64864,1.00,1.00
2016.01.19 19:18:43.450,0.6484,0.64865,1.00,1.00
2016.01.19 19:18:44.278,0.6484,0.64863,1.00,1.00
2016.01.19 19:18:44.810,0.64839,0.64863,1.00,1.00
2016.01.19 19:18:45.469,0.64839,0.64862,1.00,1.00
2016.01.19 19:18:45.721,0.64836,0.6486,1.00,1.00
2016.01.19 19:18:45.821,0.64836,0.64857,1.00,1.00
2016.01.19 19:18:46.560,0.64834,0.64857,1.00,1.00
2016.01.19 19:18:46.611,0.64834,0.64859,1.00,1.00
2016.01.19 19:18:47.201,0.64831,0.64859,1.00,1.00
2016.01.19 19:18:47.252,0.64831,0.64857,1.00,1.00
2016.01.19 19:18:47.862,0.64831,0.64858,1.00,1.00
2016.01.19 19:18:48.499,0.64833,0.6486,1.00,1.00
2016.01.19 19:18:49.168,0.64833,0.64861,1.00,1.00
2016.01.19 19:18:49.478,0.64833,0.64858,1.00,1.00
2016.01.19 19:18:50.223,0.64833,0.64857,1.00,1.00
2016.01.19 19:18:50.769,0.64834,0.64858,1.00,1.00
2016.01.19 19:18:51.758,0.64834,0.6486,1.00,1.00
2016.01.19 19:18:51.992,0.64834,0.64858,1.00,1.00
2016.01.19 19:18:52.668,0.64834,0.64861,1.00,1.00
2016.01.19 19:18:53.277,0.64835,0.6486,1.00,1.00
2016.01.19 19:18:53.474,0.64837,0.6486,1.00,1.00
2016.01.19 19:18:53.981,0.64837,0.64861,1.00,1.00
2016.01.19 19:18:54.546,0.64837,0.64859,1.00,1.00
2016.01.19 19:18:55.981,0.64837,0.6486,1.00,1.00
2016.01.19 19:18:56.032,0.64835,0.6486,1.00,1.00
2016.01.19 19:18:56.200,0.64835,0.64863,1.00,1.00
2016.01.19 19:18:56.627,0.64835,0.64861,1.00,1.00
2016.01.19 19:18:59.545,0.64836,0.64861,1.00,1.00
2016.01.19 19:18:59.937,0.64835,0.64859,1.00,1.00
2016.01.19 19:19:00.671,0.64832,0.64856,1.00,1.00
2016.01.19 19:19:01.085,0.6483,0.64856,1.00,1.00
2016.01.19 19:19:01.600,0.6483,0.64857,1.50,1.00
2016.01.19 19:19:01.919,0.6483,0.64854,1.00,1.00
2016.01.19 19:19:02.219,0.6483,0.64859,1.50,1.00
2016.01.19 19:19:02.880,0.64831,0.6486,1.00,1.00
2016.01.19 19:19:03.654,0.64833,0.64862,1.00,1.00
2016.01.19 19:19:04.017,0.64832,0.64859,1.50,1.00
2016.01.19 19:19:04.406,0.6483,0.64859,1.00,1.00
2016.01.19 19:19:04.706,0.64833,0.6486,1.00,1.00
2016.01.19 19:19:04.831,0.64831,0.6486,1.50,1.00
2016.01.19 19:19:04.881,0.64836,0.64865,1.00,1.50
2016.01.19 19:19:05.188,0.64836,0.64863,1.00,1.00
2016.01.19 19:19:05.726,0.64835,0.64862,1.00,1.00
2016.01.19 19:19:06.606,0.64837,0.64864,1.00,1.00
2016.01.19 19:19:07.377,0.64835,0.64864,1.00,1.00
2016.01.19 19:19:07.629,0.64833,0.64863,1.00,1.00
2016.01.19 19:19:07.752,0.64831,0.6486,1.00,1.00
2016.01.19 19:19:08.316,0.6483,0.6486,1.00,1.00
2016.01.19 19:19:10.017,0.64832,0.64859,1.00,1.00
2016.01.19 19:19:10.157,0.6483,0.6486,1.00,1.00
2016.01.19 19:19:10.369,0.64832,0.64862,1.00,1.00
2016.01.19 19:19:11.777,0.64831,0.6486,1.50,1.00
2016.01.19 19:19:12.436,0.6483,0.64859,1.50,1.00
2016.01.19 19:19:12.660,0.64831,0.64861,1.00,1.00
2016.01.19 19:19:12.766,0.64831,0.64858,1.00,1.00
2016.01.19 19:19:12.876,0.64831,0.64861,1.00,1.00
2016.01.19 19:19:13.426,0.6483,0.64859,1.50,1.00
2016.01.19 19:19:13.962,0.64831,0.64858,1.00,1.00
2016.01.19 19:19:14.552,0.6483,0.64859,1.50,1.00
2016.01.19 19:19:14.879,0.64831,0.64861,1.00,1.00
2016.01.19 19:19:15.076,0.6483,0.64859,1.50,1.00
2016.01.19 19:19:15.612,0.64831,0.6486,1.00,1.00
2016.01.19 19:19:16.233,0.6483,0.64859,1.50,1.00
2016.01.19 19:19:16.932,0.64829,0.64858,1.00,1.00
2016.01.19 19:19:17.455,0.6483,0.64858,1.00,1.00
2016.01.19 19:19:17.652,0.64826,0.64856,1.00,1.00
2016.01.19 19:19:18.075,0.64828,0.64857,1.00,1.00
2016.01.19 19:19:18.390,0.64827,0.64854,1.00,1.00
2016.01.19 19:19:18.486,0.64826,0.64856,1.50,1.00
2016.01.19 19:19:18.706,0.64827,0.64854,1.00,1.00
2016.01.19 19:19:19.293,0.64826,0.64856,1.00,1.00
2016.01.19 19:19:20.149,0.64828,0.64856,1.00,1.00
2016.01.19 19:19:20.250,0.64825,0.64854,1.00,1.00
2016.01.19 19:19:20.467,0.64823,0.6485,1.50,1.00
2016.01.19 19:19:20.949,0.64822,0.64848,1.00,1.00
2016.01.19 19:19:21.174,0.64822,0.64851,1.00,1.00
2016.01.19 19:19:21.886,0.64822,0.6485,1.50,1.00
2016.01.19 19:19:22.458,0.64822,0.64851,1.50,1.00
2016.01.19 19:19:23.206,0.64822,0.64852,1.50,1.00
2016.01.19 19:19:24.356,0.64824,0.64853,1.50,1.00
2016.01.19 19:19:24.925,0.64823,0.64852,1.00,1.00
2016.01.19 19:19:26.114,0.64824,0.64853,1.00,1.00
2016.01.19 19:19:28.078,0.64824,0.64851,1.00,1.00
2016.01.19 19:19:29.486,0.64822,0.64851,1.00,1.00
2016.01.19 19:19:30.038,0.64821,0.6485,1.00,1.00
2016.01.19 19:19:30.569,0.64822,0.64849,1.00,1.00
2016.01.19 19:19:30.721,0.64818,0.64847,1.00,1.00
2016.01.19 19:19:30.818,0.64816,0.64845,1.50,1.00
2016.01.19 19:19:31.120,0.6482,0.64847,1.00,1.00
2016.01.19 19:19:31.371,0.64821,0.6485,1.00,1.00
2016.01.19 19:19:31.576,0.64821,0.64848,1.00,1.00
2016.01.19 19:19:31.794,0.64824,0.64852,1.00,1.00
2016.01.19 19:19:31.945,0.64826,0.64853,1.00,1.00
2016.01.19 19:19:32.146,0.64824,0.64852,1.50,1.00
2016.01.19 19:19:33.037,0.64825,0.64854,2.25,1.00
2016.01.19 19:19:33.138,0.64828,0.64855,1.00,1.00
2016.01.19 19:19:33.481,0.64825,0.64854,1.50,1.00
2016.01.19 19:19:36.375,0.64826,0.64854,1.00,1.00
2016.01.19 19:19:36.541,0.64828,0.64856,1.00,1.00
2016.01.19 19:19:36.854,0.6483,0.64856,1.00,1.00
2016.01.19 19:19:36.905,0.64832,0.64861,1.00,1.00
2016.01.19 19:19:37.056,0.64835,0.64861,1.00,1.00
2016.01.19 19:19:37.680,0.64835,0.64862,1.00,1.00
2016.01.19 19:19:38.318,0.64835,0.64864,1.50,1.00
2016.01.19 19:19:38.433,0.64838,0.64867,1.00,1.00
2016.01.19 19:19:39.044,0.64838,0.64868,1.00,1.00
2016.01.19 19:19:39.587,0.64838,0.64869,1.50,1.00
2016.01.19 19:19:39.909,0.64844,0.64874,1.00,1.00
2016.01.19 19:19:40.365,0.64841,0.64871,1.00,1.00
2016.01.19 19:19:40.695,0.64843,0.64873,1.50,1.00
2016.01.19 19:19:42.275,0.64842,0.6487,1.00,1.00
2016.01.19 19:19:45.106,0.6484,0.64869,1.00,1.00
2016.01.19 19:19:45.475,0.64838,0.64865,1.00,1.00
2016.01.19 19:19:45.777,0.6483,0.64857,1.00,1.00
2016.01.19 19:19:46.245,0.64827,0.64855,1.50,1.00
2016.01.19 19:19:46.978,0.64829,0.64858,1.00,1.00
2016.01.19 19:19:47.548,0.6483,0.64857,1.00,1.00
2016.01.19 19:19:49.744,0.64829,0.64857,1.00,1.00
2016.01.19 19:19:49.978,0.64831,0.64859,1.00,1.00
2016.01.19 19:19:50.685,0.6483,0.64858,1.00,1.00
2016.01.19 19:19:51.015,0.64833,0.64861,1.00,1.00
2016.01.19 19:19:51.065,0.64833,0.64863,1.00,1.00
2016.01.19 19:19:51.675,0.64832,0.64862,1.50,1.00
2016.01.19 19:19:53.046,0.64833,0.64863,1.00,1.00
2016.01.19 19:19:53.656,0.64834,0.64862,1.00,1.00
2016.01.19 19:19:54.287,0.64834,0.64861,1.00,1.00
2016.01.19 19:19:54.587,0.64836,0.64865,1.00,1.00
2016.01.19 19:19:54.787,0.64834,0.64863,1.00,1.00
2016.01.19 19:19:55.039,0.64835,0.64865,1.50,1.00
2016.01.19 19:19:55.357,0.64837,0.64865,1.00,1.00
2016.01.19 19:19:55.589,0.64835,0.64865,1.50,1.00
2016.01.19 19:19:56.347,0.64838,0.64867,1.00,1.00
2016.01.19 19:19:56.650,0.64837,0.64865,1.00,1.00
2016.01.19 19:19:57.206,0.64838,0.64867,1.00,1.00
2016.01.19 19:19:57.578,0.64834,0.64863,1.00,1.00
2016.01.19 19:19:57.884,0.64832,0.64859,1.00,1.00
2016.01.19 19:19:57.995,0.64832,0.64861,1.00,1.00
2016.01.19 19:19:58.509,0.64832,0.6486,1.00,1.00
2016.01.19 19:19:58.758,0.6483,0.64856,1.00,1.00
2016.01.19 19:19:59.098,0.64828,0.64856,1.00,1.00
2016.01.19 19:19:59.604,0.64829,0.64856,1.50,1.00
2016.01.19 19:19:59.655,0.64833,0.64862,1.00,1.00
2016.01.19 19:19:59.977,0.64831,0.64858,1.00,1.00
2016.01.19 19:20:00.096,0.64831,0.6486,1.00,1.00
2016.01.19 19:20:00.197,0.64839,0.64866,1.00,1.00
2016.01.19 19:20:00.508,0.64834,0.6486,1.00,1.00
2016.01.19 19:20:00.558,0.64831,0.6486,1.00,1.00
2016.01.19 19:20:00.710,0.64831,0.64856,1.00,1.00
2016.01.19 19:20:00.847,0.64829,0.64856,1.00,1.00
2016.01.19 19:20:01.579,0.64829,0.64857,1.00,1.00
2016.01.19 19:20:02.112,0.64827,0.64856,1.00,1.00
2016.01.19 19:20:03.017,0.64827,0.64855,1.00,1.00
2016.01.19 19:20:04.338,0.64827,0.64856,1.00,1.00
2016.01.19 19:20:04.844,0.64828,0.64857,1.00,1.00
2016.01.19 19:20:06.331,0.64827,0.64856,1.50,1.00
2016.01.19 19:20:06.847,0.64826,0.64855,1.50,1.00
2016.01.19 19:20:07.403,0.64826,0.64854,1.00,1.00
2016.01.19 19:20:07.454,0.64828,0.64855,1.00,1.00
2016.01.19 19:20:07.888,0.64822,0.6485,1.00,1.00
2016.01.19 19:20:07.989,0.64817,0.64844,1.00,1.00
2016.01.19 19:20:08.040,0.64815,0.64844,1.50,1.00
2016.01.19 19:20:08.319,0.64815,0.64842,1.50,1.00
2016.01.19 19:20:08.652,0.64815,0.64839,1.00,1.00
2016.01.19 19:20:09.255,0.64813,0.64839,1.00,1.00
2016.01.19 19:20:09.356,0.64811,0.64839,1.00,1.00
2016.01.19 19:20:14.398,0.64812,0.64841,1.00,1.50
2016.01.19 19:20:14.919,0.64811,0.6484,1.00,1.00
2016.01.19 19:20:15.069,0.64809,0.64838,1.50,1.00
2016.01.19 19:20:15.528,0.64809,0.64836,1.00,1.00
2016.01.19 19:20:16.818,0.64809,0.64838,1.00,1.00
2016.01.19 19:20:17.996,0.6481,0.64839,1.00,1.00
2016.01.19 19:20:20.307,0.64809,0.64838,1.00,1.00
2016.01.19 19:20:22.524,0.64811,0.64838,1.00,1.00
2016.01.19 19:20:22.651,0.64811,0.6484,1.00,1.00
2016.01.19 19:20:23.157,0.64812,0.64841,1.00,1.50
2016.01.19 19:20:23.208,0.6481,0.64839,1.00,1.00
2016.01.19 19:20:23.567,0.64812,0.6484,1.00,1.00
2016.01.19 19:20:24.153,0.64812,0.64841,1.00,1.50
2016.01.19 19:20:24.785,0.64813,0.6484,1.00,1.00
2016.01.19 19:20:25.307,0.64812,0.64841,1.00,1.50
2016.01.19 19:20:25.953,0.64813,0.6484,1.00,1.00
2016.01.19 19:20:26.686,0.64812,0.64841,1.00,1.50
2016.01.19 19:20:28.161,0.64813,0.6484,1.00,1.00
2016.01.19 19:20:28.495,0.64815,0.64842,1.00,1.00
2016.01.19 19:20:28.812,0.64813,0.6484,1.00,1.00
2016.01.19 19:20:28.915,0.64811,0.6484,1.00,1.50
2016.01.19 19:20:31.198,0.64813,0.6484,1.00,1.50
2016.01.19 19:20:31.567,0.64815,0.64841,1.00,1.00
2016.01.19 19:20:32.057,0.64814,0.64836,1.00,1.00
2016.01.19 19:20:32.108,0.64812,0.64836,1.00,1.00
2016.01.19 19:20:32.646,0.6481,0.64835,1.00,1.00
2016.01.19 19:20:32.870,0.64818,0.64846,1.00,3.75
2016.01.19 19:20:33.071,0.64819,0.64849,1.00,1.00
2016.01.19 19:20:33.287,0.64822,0.64851,1.00,2.25
2016.01.19 19:20:35.376,0.64821,0.6485,1.00,1.00
2016.01.19 19:20:36.807,0.64821,0.64848,1.00,1.00
2016.01.19 19:20:37.687,0.64822,0.64849,1.00,1.00
2016.01.19 19:20:38.598,0.64819,0.64848,1.00,1.00
2016.01.19 19:20:39.134,0.64816,0.64844,1.00,1.00
2016.01.19 19:20:39.394,0.64814,0.64843,1.00,1.00
2016.01.19 19:20:39.977,0.64815,0.64844,1.00,1.00
2016.01.19 19:20:40.137,0.64818,0.64847,1.00,1.00
2016.01.19 19:20:40.640,0.64818,0.64848,1.00,1.00
2016.01.19 19:20:41.648,0.64818,0.64846,1.00,1.00
2016.01.19 19:20:41.908,0.64815,0.64845,1.00,1.50
2016.01.19 19:20:42.220,0.64817,0.64845,1.00,1.50
2016.01.19 19:20:42.878,0.64816,0.64844,1.00,1.00
2016.01.19 19:20:43.339,0.64819,0.64845,1.00,1.00
2016.01.19 19:20:43.390,0.64819,0.64849,1.00,1.00
2016.01.19 19:20:44.148,0.64818,0.64849,1.00,1.00
2016.01.19 19:20:44.631,0.64816,0.64845,1.00,1.00
2016.01.19 19:20:46.303,0.64812,0.64843,1.00,1.00
2016.01.19 19:20:46.944,0.64813,0.64844,1.00,1.00
2016.01.19 19:20:47.677,0.64813,0.64841,1.00,1.00
2016.01.19 19:20:48.136,0.64815,0.64841,1.00,1.00
2016.01.19 19:20:49.482,0.64816,0.64846,1.00,1.50
2016.01.19 19:20:49.582,0.64818,0.64846,1.00,1.00
2016.01.19 19:20:49.786,0.64816,0.64846,1.00,1.50
2016.01.19 19:20:50.212,0.64816,0.64841,1.00,1.00
2016.01.19 19:20:50.718,0.64814,0.64841,1.00,1.00
2016.01.19 19:20:51.214,0.64814,0.64844,1.00,1.00
2016.01.19 19:20:51.315,0.64814,0.64841,1.00,1.00
2016.01.19 19:20:53.001,0.64815,0.64841,1.00,1.00
2016.01.19 19:20:53.569,0.64814,0.64841,1.00,1.50
2016.01.19 19:20:54.157,0.64813,0.6484,1.00,1.00
2016.01.19 19:20:54.706,0.64814,0.6484,1.00,1.00
2016.01.19 19:20:56.276,0.64815,0.6484,1.00,1.00
2016.01.19 19:20:56.523,0.64816,0.64845,1.00,1.50
2016.01.19 19:20:57.348,0.64817,0.64846,1.00,2.25
2016.01.19 19:20:57.727,0.64817,0.64844,1.00,1.00
2016.01.19 19:20:58.170,0.64815,0.64844,1.00,1.00
2016.01.19 19:20:58.545,0.64814,0.64842,1.00,1.00
2016.01.19 19:20:59.074,0.64814,0.64841,1.00,1.00
2016.01.19 19:20:59.477,0.64811,0.6484,1.00,1.50
2016.01.19 19:20:59.980,0.64811,0.64841,1.00,1.00
2016.01.19 19:21:00.031,0.6481,0.64839,1.50,1.00
2016.01.19 19:21:00.383,0.64811,0.64841,1.00,1.00
2016.01.19 19:21:00.804,0.64813,0.64842,1.00,1.00
2016.01.19 19:21:01.183,0.64815,0.64842,1.00,1.00
2016.01.19 19:21:02.155,0.64815,0.64844,1.50,1.00
2016.01.19 19:21:02.767,0.64815,0.6484,1.00,1.00
2016.01.19 19:21:02.867,0.64812,0.6484,1.00,1.00
2016.01.19 19:21:03.018,0.64809,0.64836,1.00,1.00
2016.01.19 19:21:03.363,0.64809,0.64831,1.00,1.00
2016.01.19 19:21:03.888,0.64809,0.64832,1.00,1.00
2016.01.19 19:21:04.256,0.64806,0.64831,1.00,1.00
2016.01.19 19:21:04.356,0.64804,0.64831,1.00,1.00
2016.01.19 19:21:07.058,0.64802,0.64831,1.00,1.00
2016.01.19 19:21:07.526,0.64799,0.64828,1.00,1.00
2016.01.19 19:21:08.059,0.648,0.64829,1.00,1.00
2016.01.19 19:21:08.598,0.64799,0.64828,1.00,1.00
2016.01.19 19:21:10.733,0.64801,0.64828,1.00,1.00
2016.01.19 19:21:10.951,0.64804,0.64833,1.50,1.00
2016.01.19 19:21:11.052,0.64805,0.64831,1.00,1.00
2016.01.19 19:21:11.154,0.64802,0.64831,1.00,1.00
2016.01.19 19:21:11.254,0.64804,0.64834,1.00,1.00
2016.01.19 19:21:11.373,0.64802,0.64832,1.00,1.00
2016.01.19 19:21:11.877,0.64801,0.64831,1.00,1.00
2016.01.19 19:21:13.008,0.64802,0.64832,1.00,1.00
2016.01.19 19:21:13.347,0.64804,0.64832,1.00,1.00
2016.01.19 19:21:13.908,0.64803,0.64831,1.00,1.00
2016.01.19 19:21:14.238,0.64805,0.64832,1.00,1.00
2016.01.19 19:21:14.462,0.64804,0.64834,1.50,1.00
2016.01.19 19:21:14.663,0.64804,0.64831,1.00,1.00
2016.01.19 19:21:15.196,0.64805,0.64833,1.00,1.00
2016.01.19 19:21:15.719,0.64804,0.64832,1.00,1.00
2016.01.19 19:21:15.770,0.64804,0.64829,1.00,1.00
2016.01.19 19:21:17.312,0.64804,0.64831,1.00,1.00
2016.01.19 19:21:17.413,0.64801,0.6483,1.00,1.00
2016.01.19 19:21:17.514,0.64804,0.64831,1.00,1.00
2016.01.19 19:21:17.818,0.64805,0.64829,1.00,1.00
2016.01.19 19:21:17.869,0.648,0.64829,1.00,1.00
2016.01.19 19:21:17.976,0.64799,0.64826,1.00,1.00
2016.01.19 19:21:18.192,0.64799,0.64828,1.00,1.00
2016.01.19 19:21:18.620,0.64799,0.64826,1.00,1.00
2016.01.19 19:21:18.966,0.64796,0.64826,2.25,1.00
2016.01.19 19:21:19.356,0.648,0.64826,1.00,1.00
2016.01.19 19:21:19.611,0.64796,0.64824,1.00,1.00
2016.01.19 19:21:19.712,0.64794,0.64824,3.00,1.00
2016.01.19 19:21:19.816,0.64796,0.64825,1.00,1.00
2016.01.19 19:21:19.973,0.64794,0.64824,2.25,1.00
2016.01.19 19:21:20.073,0.64797,0.64824,1.00,1.00
2016.01.19 19:21:20.274,0.64795,0.64824,1.50,1.00
2016.01.19 19:21:20.954,0.64795,0.64823,1.00,1.00
2016.01.19 19:21:22.680,0.64795,0.64824,1.00,1.00
2016.01.19 19:21:22.831,0.64796,0.64826,1.50,1.00
2016.01.19 19:21:25.190,0.64798,0.64827,1.00,1.00
2016.01.19 19:21:26.889,0.64796,0.64825,1.00,1.00
2016.01.19 19:21:27.190,0.64795,0.64822,1.00,1.00
2016.01.19 19:21:27.503,0.64798,0.64825,1.00,1.00
2016.01.19 19:21:27.654,0.64798,0.64827,1.00,1.00
2016.01.19 19:21:28.725,0.648,0.64829,1.00,1.00
2016.01.19 19:21:31.062,0.648,0.64828,1.00,1.00
2016.01.19 19:21:31.597,0.64801,0.64828,1.00,1.00
2016.01.19 19:21:31.916,0.64801,0.6483,1.00,1.00
2016.01.19 19:21:33.769,0.64803,0.6483,1.00,1.00
2016.01.19 19:21:33.820,0.64803,0.64832,1.00,1.00
2016.01.19 19:21:36.916,0.64802,0.64832,1.00,1.00
2016.01.19 19:21:37.204,0.64799,0.64829,2.25,1.00
2016.01.19 19:21:37.864,0.64801,0.64831,1.00,1.00
2016.01.19 19:21:38.224,0.64804,0.64833,1.50,1.00
2016.01.19 19:21:40.827,0.64806,0.64833,1.00,1.00
2016.01.19 19:21:41.615,0.6481,0.64835,1.00,1.00
2016.01.19 19:21:41.715,0.6481,0.64837,1.00,1.00
2016.01.19 19:21:42.265,0.64809,0.64837,1.00,1.00
2016.01.19 19:21:44.341,0.6481,0.64837,1.50,1.00
2016.01.19 19:21:44.441,0.64814,0.64838,1.00,1.00
2016.01.19 19:21:44.767,0.6482,0.64839,1.00,1.00
2016.01.19 19:21:44.818,0.6482,0.64842,1.00,1.00
2016.01.19 19:21:44.919,0.6482,0.64844,1.00,1.00
2016.01.19 19:21:45.430,0.64819,0.64843,1.00,1.00
2016.01.19 19:21:45.480,0.64819,0.64841,1.00,1.00
2016.01.19 19:21:45.582,0.64819,0.64843,1.00,1.00
2016.01.19 19:21:45.645,0.64814,0.64843,1.50,1.00
2016.01.19 19:21:45.696,0.64814,0.6484,1.00,1.00
2016.01.19 19:21:46.215,0.64814,0.64841,1.00,1.00
2016.01.19 19:21:46.554,0.64814,0.64839,1.00,1.00
2016.01.19 19:21:48.306,0.64814,0.6484,1.00,1.00
2016.01.19 19:21:49.496,0.64815,0.6484,1.00,1.00
2016.01.19 19:21:50.007,0.64814,0.64839,1.00,1.00
2016.01.19 19:21:50.725,0.64814,0.6484,1.00,1.00
2016.01.19 19:21:51.365,0.64815,0.6484,1.00,1.00
2016.01.19 19:21:51.784,0.64819,0.64841,1.00,1.00
2016.01.19 19:21:51.835,0.64815,0.64841,1.00,1.00
2016.01.19 19:21:52.356,0.64814,0.64842,1.00,1.00
2016.01.19 19:21:52.864,0.64815,0.64842,1.00,1.00
2016.01.19 19:21:53.375,0.64819,0.64841,1.00,1.00
2016.01.19 19:21:54.776,0.64814,0.64841,1.00,1.00
2016.01.19 19:21:55.040,0.6482,0.64841,1.00,1.00
2016.01.19 19:21:55.244,0.64814,0.64841,1.00,1.00
2016.01.19 19:21:55.904,0.64815,0.6484,1.00,1.00
2016.01.19 19:21:58.546,0.64814,0.6484,1.00,1.00
2016.01.19 19:21:58.636,0.6482,0.6484,1.00,1.00
2016.01.19 19:21:58.687,0.6482,0.64842,1.00,1.00
2016.01.19 19:21:59.106,0.64819,0.64844,1.00,1.00
2016.01.19 19:21:59.455,0.64819,0.64846,1.00,1.00
2016.01.19 19:22:00.175,0.6482,0.64845,1.00,1.00
2016.01.19 19:22:00.524,0.6482,0.64847,1.00,1.00
2016.01.19 19:22:00.847,0.6482,0.64845,1.00,1.00
2016.01.19 19:22:01.954,0.64824,0.64845,1.00,1.00
2016.01.19 19:22:02.055,0.64819,0.64845,1.00,1.00
2016.01.19 19:22:02.957,0.64819,0.64847,1.00,1.00
2016.01.19 19:22:03.496,0.64819,0.64848,1.50,1.00
2016.01.19 19:22:03.816,0.64819,0.64846,1.00,1.00
2016.01.19 19:22:04.356,0.64819,0.64845,1.00,1.00
2016.01.19 19:22:05.059,0.64822,0.64845,1.00,1.00
2016.01.19 19:22:05.477,0.64825,0.64845,1.00,1.00
2016.01.19 19:22:07.146,0.64825,0.64847,1.00,1.00
2016.01.19 19:22:07.857,0.64824,0.64847,1.00,1.00
2016.01.19 19:22:09.229,0.64824,0.64845,1.00,1.00
2016.01.19 19:22:09.744,0.64824,0.64846,1.00,1.00
2016.01.19 19:22:10.415,0.64824,0.64847,1.00,1.00
2016.01.19 19:22:11.666,0.64824,0.64848,1.00,1.00
2016.01.19 19:22:12.286,0.64824,0.64847,1.00,1.00
2016.01.19 19:22:12.866,0.64824,0.64846,1.00,1.00
2016.01.19 19:22:13.289,0.64822,0.64846,1.00,1.00
2016.01.19 19:22:14.705,0.64822,0.64844,1.00,1.00
2016.01.19 19:22:16.730,0.64822,0.64845,1.00,1.00
2016.01.19 19:22:17.288,0.64822,0.64844,1.00,1.00
2016.01.19 19:22:17.850,0.64822,0.64845,1.00,1.00
2016.01.19 19:22:18.753,0.64824,0.64845,1.00,1.00
2016.01.19 19:22:18.921,0.64826,0.64848,1.00,1.00
2016.01.19 19:22:19.885,0.64827,0.64849,1.00,1.00
2016.01.19 19:22:20.139,0.64826,0.64851,1.00,1.00
2016.01.19 19:22:20.644,0.64826,0.64849,1.00,1.00
2016.01.19 19:22:22.095,0.64826,0.64848,1.00,1.00
2016.01.19 19:22:22.776,0.64824,0.64848,1.00,1.00
2016.01.19 19:22:22.968,0.64824,0.64846,1.00,1.00
2016.01.19 19:22:23.473,0.64825,0.64845,1.00,1.00
2016.01.19 19:22:23.675,0.64825,0.64848,1.00,1.00
2016.01.19 19:22:26.400,0.64825,0.64847,1.00,1.00
2016.01.19 19:22:27.167,0.64825,0.64844,1.00,1.00
2016.01.19 19:22:27.744,0.64823,0.64845,1.00,1.00
2016.01.19 19:22:28.525,0.64822,0.64845,1.00,1.00
2016.01.19 19:22:28.707,0.6482,0.64844,1.00,1.00
2016.01.19 19:22:28.808,0.6482,0.64842,1.00,1.00
2016.01.19 19:22:28.909,0.64822,0.64846,1.00,1.00
2016.01.19 19:22:29.426,0.64823,0.64845,1.00,1.00
2016.01.19 19:22:29.911,0.64823,0.64843,1.00,1.00
2016.01.19 19:22:30.011,0.64821,0.64843,1.00,1.00
2016.01.19 19:22:30.338,0.6482,0.64841,1.00,1.00
2016.01.19 19:22:32.316,0.6482,0.64839,1.00,1.00
2016.01.19 19:22:32.366,0.64818,0.64839,1.00,1.00
2016.01.19 19:22:33.425,0.64818,0.64838,1.00,1.00
2016.01.19 19:22:33.969,0.64817,0.64838,1.00,1.00
2016.01.19 19:22:36.085,0.64817,0.64839,1.00,1.00
2016.01.19 19:22:36.723,0.6482,0.64844,1.00,1.00
2016.01.19 19:22:36.826,0.64822,0.64844,1.00,1.00
2016.01.19 19:22:37.381,0.64822,0.64845,1.00,1.00
2016.01.19 19:22:38.828,0.64822,0.64846,1.00,1.00
2016.01.19 19:22:39.606,0.64822,0.64845,1.00,1.00
2016.01.19 19:22:40.793,0.64823,0.64845,1.00,1.00
2016.01.19 19:22:41.574,0.64824,0.64845,1.00,1.00
2016.01.19 19:22:41.675,0.64824,0.64847,1.00,1.00
2016.01.19 19:22:41.866,0.64822,0.64847,1.00,1.00
2016.01.19 19:22:42.654,0.64822,0.64844,1.00,1.00
2016.01.19 19:22:43.424,0.64822,0.64846,1.00,1.00
2016.01.19 19:22:43.757,0.64822,0.6484,1.00,1.00
2016.01.19 19:22:44.272,0.64821,0.6484,1.00,1.00
2016.01.19 19:22:45.749,0.64821,0.64843,1.00,1.00
2016.01.19 19:22:46.092,0.64823,0.64843,1.00,1.00
2016.01.19 19:22:46.395,0.64823,0.64846,1.00,1.00
2016.01.19 19:22:49.254,0.64823,0.64845,1.00,1.00
2016.01.19 19:22:50.349,0.64826,0.64845,1.00,1.00
2016.01.19 19:22:50.503,0.64826,0.64847,1.00,1.00
2016.01.19 19:22:50.604,0.64832,0.6485,1.00,1.00
2016.01.19 19:22:50.705,0.64835,0.64858,1.00,1.00
2016.01.19 19:22:51.044,0.64835,0.6486,1.00,1.00
2016.01.19 19:22:51.964,0.64837,0.6486,1.00,1.00
2016.01.19 19:22:52.310,0.64836,0.64857,1.00,1.00
2016.01.19 19:22:53.137,0.64834,0.64857,1.00,1.00
2016.01.19 19:22:55.858,0.64834,0.6485,1.00,1.00
2016.01.19 19:22:55.960,0.6483,0.6485,1.00,1.00
2016.01.19 19:22:56.307,0.64833,0.64853,1.00,1.00
2016.01.19 19:22:56.357,0.6483,0.64853,1.00,1.00
2016.01.19 19:22:56.734,0.6483,0.64855,1.00,1.00
2016.01.19 19:22:56.997,0.64829,0.64852,1.00,1.00
2016.01.19 19:22:57.181,0.64831,0.64855,1.00,1.00
2016.01.19 19:22:57.432,0.64833,0.64855,1.00,1.00
2016.01.19 19:22:57.935,0.64833,0.64854,1.00,1.00
2016.01.19 19:22:58.194,0.64833,0.64856,1.00,1.00
2016.01.19 19:22:58.921,0.64833,0.64855,1.00,1.00
2016.01.19 19:22:59.815,0.64833,0.64853,1.00,1.00
2016.01.19 19:22:59.916,0.64831,0.64853,1.00,1.00
2016.01.19 19:23:00.169,0.64829,0.64852,1.00,1.00
2016.01.19 19:23:00.320,0.64827,0.64851,1.00,1.00
2016.01.19 19:23:00.470,0.64826,0.64846,1.00,1.00
2016.01.19 19:23:00.623,0.64823,0.64846,1.00,1.00
2016.01.19 19:23:01.271,0.64824,0.64846,1.00,1.00
2016.01.19 19:23:01.372,0.64826,0.64849,1.00,1.00
2016.01.19 19:23:01.512,0.64828,0.64849,1.00,1.00
2016.01.19 19:23:01.613,0.64828,0.64853,1.00,1.00
2016.01.19 19:23:02.062,0.64831,0.64857,1.00,1.00
2016.01.19 19:23:03.262,0.64831,0.64854,1.00,1.00
2016.01.19 19:23:03.567,0.64831,0.64852,1.00,1.00
2016.01.19 19:23:03.895,0.64831,0.64847,1.00,1.00
2016.01.19 19:23:04.166,0.64829,0.64847,1.00,1.00
2016.01.19 19:23:04.266,0.64826,0.64847,1.00,1.00
2016.01.19 19:23:06.232,0.64826,0.64848,1.00,1.00
2016.01.19 19:23:06.843,0.64827,0.64848,1.00,1.00
2016.01.19 19:23:07.403,0.64827,0.64849,1.00,1.00
2016.01.19 19:23:08.033,0.64827,0.64848,1.00,1.00
2016.01.19 19:23:09.086,0.64826,0.64848,1.00,1.00
2016.01.19 19:23:09.587,0.64826,0.64847,1.00,1.00
2016.01.19 19:23:09.843,0.64828,0.6485,1.00,1.00
2016.01.19 19:23:09.949,0.64828,0.64852,1.00,1.00
2016.01.19 19:23:10.092,0.64828,0.64854,1.00,1.00
2016.01.19 19:23:10.143,0.6483,0.64854,1.00,1.00
2016.01.19 19:23:10.294,0.6483,0.64856,1.00,1.00
2016.01.19 19:23:10.363,0.64828,0.64856,1.00,1.00
2016.01.19 19:23:10.489,0.64828,0.64854,1.00,1.00
2016.01.19 19:23:10.835,0.64832,0.64856,1.00,1.00
2016.01.19 19:23:11.441,0.64833,0.64856,1.00,1.00
2016.01.19 19:23:11.491,0.64833,0.64858,1.00,1.00
2016.01.19 19:23:11.705,0.64833,0.64856,1.00,1.00
2016.01.19 19:23:11.755,0.6483,0.64856,1.00,1.00
2016.01.19 19:23:11.806,0.6483,0.64852,1.00,1.00
2016.01.19 19:23:12.143,0.64829,0.64849,1.00,1.00
2016.01.19 19:23:12.531,0.64819,0.64848,1.50,1.00
2016.01.19 19:23:14.885,0.6482,0.64849,1.00,1.00
2016.01.19 19:23:14.995,0.64822,0.64849,1.00,1.00
2016.01.19 19:23:15.334,0.64819,0.64848,1.50,1.00
2016.01.19 19:23:15.879,0.6482,0.64849,1.00,1.00
2016.01.19 19:23:16.000,0.64821,0.64851,1.00,1.00
2016.01.19 19:23:16.204,0.64823,0.6485,1.00,1.00
2016.01.19 19:23:16.355,0.64821,0.64851,1.00,1.00
2016.01.19 19:23:16.455,0.6482,0.64849,1.00,1.00
2016.01.19 19:23:16.757,0.64817,0.64843,1.00,1.00
2016.01.19 19:23:17.003,0.64816,0.64845,1.00,1.00
2016.01.19 19:23:17.443,0.64818,0.64847,1.00,1.00
2016.01.19 19:23:17.976,0.64818,0.64845,1.00,1.00
2016.01.19 19:23:18.235,0.64814,0.64843,1.50,1.00
2016.01.19 19:23:18.756,0.64814,0.64842,1.00,1.00
2016.01.19 19:23:19.094,0.64813,0.6484,1.00,1.00
2016.01.19 19:23:19.208,0.64813,0.64842,1.00,1.00
2016.01.19 19:23:19.668,0.64815,0.64842,1.00,1.00
2016.01.19 19:23:20.274,0.64815,0.6484,1.00,1.00
2016.01.19 19:23:20.749,0.64817,0.64845,1.00,1.00
2016.01.19 19:23:20.950,0.64816,0.64843,1.00,1.00
2016.01.19 19:23:22.924,0.64815,0.64842,1.00,1.00
2016.01.19 19:23:23.610,0.64814,0.64842,1.00,1.00
2016.01.19 19:23:25.471,0.64813,0.64842,1.00,1.00
2016.01.19 19:23:25.903,0.64818,0.64847,1.00,1.00
2016.01.19 19:23:26.577,0.64819,0.64848,1.00,1.00
2016.01.19 19:23:26.925,0.64825,0.64854,1.00,1.00
2016.01.19 19:23:27.329,0.64819,0.64847,1.00,1.00
2016.01.19 19:23:27.581,0.64816,0.64846,1.00,1.00
2016.01.19 19:23:28.131,0.64817,0.64846,1.50,1.00
2016.01.19 19:23:28.181,0.64819,0.64846,1.00,1.00
2016.01.19 19:23:28.232,0.64821,0.6485,1.00,1.00
2016.01.19 19:23:28.333,0.64823,0.6485,1.00,1.00
2016.01.19 19:23:28.873,0.64822,0.64851,1.00,1.00
2016.01.19 19:23:29.182,0.64825,0.64852,1.00,1.00
2016.01.19 19:23:29.233,0.64823,0.64852,1.00,1.00
2016.01.19 19:23:29.404,0.6482,0.64847,1.00,1.00
2016.01.19 19:23:29.515,0.64818,0.64847,1.00,1.00
2016.01.19 19:23:29.738,0.64822,0.64849,1.00,1.00
2016.01.19 19:23:30.274,0.64821,0.64848,1.00,1.00
2016.01.19 19:23:30.393,0.64819,0.64848,1.00,1.00
2016.01.19 19:23:30.544,0.64821,0.64848,1.00,1.00
2016.01.19 19:23:30.868,0.64818,0.64845,1.00,1.00
2016.01.19 19:23:31.069,0.64818,0.64847,1.00,1.00
2016.01.19 19:23:31.713,0.64815,0.64844,1.50,1.00
2016.01.19 19:23:32.254,0.64818,0.64845,1.00,1.00
2016.01.19 19:23:32.555,0.64821,0.64845,1.00,1.00
2016.01.19 19:23:33.090,0.64821,0.64844,1.00,1.00
2016.01.19 19:23:33.474,0.64821,0.64842,1.00,1.00
2016.01.19 19:23:34.214,0.64818,0.64841,1.00,1.00
2016.01.19 19:23:36.554,0.64818,0.64842,1.00,1.00
2016.01.19 19:23:38.800,0.64821,0.64841,1.00,1.00
2016.01.19 19:23:38.864,0.64821,0.64845,1.00,1.00
2016.01.19 19:23:39.367,0.64821,0.64846,1.00,1.00
2016.01.19 19:23:40.063,0.64822,0.64846,1.00,1.00
2016.01.19 19:23:42.057,0.64822,0.64843,1.00,1.00
2016.01.19 19:23:43.325,0.64822,0.64845,1.00,1.00
2016.01.19 19:23:43.930,0.64822,0.64844,1.00,1.00
2016.01.19 19:23:45.085,0.64821,0.64844,1.00,1.00
2016.01.19 19:23:45.136,0.64822,0.64846,1.00,1.00
2016.01.19 19:23:45.237,0.6482,0.64846,1.00,1.00
2016.01.19 19:23:45.387,0.64821,0.64848,1.00,1.00
2016.01.19 19:23:45.438,0.64823,0.64848,1.00,1.00
2016.01.19 19:23:45.903,0.64824,0.64851,1.00,1.00
2016.01.19 19:23:46.162,0.64824,0.64849,1.00,1.00
2016.01.19 19:23:46.773,0.64824,0.64848,1.00,1.00
2016.01.19 19:23:47.565,0.64824,0.64851,1.00,1.00
2016.01.19 19:23:47.665,0.64824,0.64849,1.00,1.00
2016.01.19 19:23:48.233,0.64824,0.64848,1.00,1.00
2016.01.19 19:23:48.969,0.64826,0.64848,1.00,1.00
2016.01.19 19:23:49.402,0.64824,0.64849,1.00,1.00
2016.01.19 19:23:49.922,0.64823,0.64848,1.00,1.00
2016.01.19 19:23:50.044,0.64825,0.64848,1.00,1.00
2016.01.19 19:23:50.414,0.64825,0.64851,1.00,1.00
2016.01.19 19:23:52.643,0.64826,0.64851,1.00,1.00
2016.01.19 19:23:53.819,0.64827,0.64851,1.00,1.00
2016.01.19 19:23:54.079,0.64827,0.64854,1.00,1.00
2016.01.19 19:23:54.198,0.64829,0.64854,1.00,1.00
2016.01.19 19:23:54.703,0.6483,0.64856,1.00,1.00
2016.01.19 19:23:55.384,0.6483,0.64855,1.00,1.00
2016.01.19 19:23:55.917,0.64831,0.64858,1.00,1.00
2016.01.19 19:23:56.153,0.64831,0.64856,1.00,1.00
2016.01.19 19:23:56.755,0.6483,0.64856,1.00,1.00
2016.01.19 19:23:57.093,0.6483,0.64853,1.00,1.00
2016.01.19 19:23:57.643,0.6483,0.64854,1.00,1.00
2016.01.19 19:23:58.002,0.6483,0.64856,1.00,1.00
2016.01.19 19:23:58.490,0.6483,0.64858,1.00,1.00
2016.01.19 19:23:58.992,0.6483,0.64857,1.00,1.00
2016.01.19 19:23:59.093,0.64832,0.64857,1.00,1.00
2016.01.19 19:23:59.597,0.64831,0.64856,1.00,1.00
2016.01.19 19:23:59.997,0.64834,0.64856,1.00,1.00
2016.01.19 19:24:00.098,0.64837,0.64865,1.00,1.00
2016.01.19 19:24:00.601,0.64837,0.64864,1.00,1.00
2016.01.19 19:24:00.753,0.64837,0.64862,1.00,1.00
2016.01.19 19:24:01.102,0.64837,0.64865,1.00,1.00
2016.01.19 19:24:02.073,0.64837,0.64864,1.00,1.00
2016.01.19 19:24:02.696,0.64838,0.64865,1.00,1.00
2016.01.19 19:24:03.261,0.64837,0.64865,1.00,1.00
2016.01.19 19:24:03.508,0.64838,0.64867,1.00,1.00
2016.01.19 19:24:03.659,0.6484,0.64867,1.00,1.00
2016.01.19 19:24:03.724,0.64841,0.6487,1.00,1.00
2016.01.19 19:24:04.053,0.64841,0.64867,1.00,1.00
2016.01.19 19:24:04.410,0.6484,0.64869,1.50,1.00
2016.01.19 19:24:04.518,0.6484,0.64867,1.00,1.00
2016.01.19 19:24:04.957,0.64842,0.64868,1.00,1.00
2016.01.19 19:24:05.271,0.64844,0.64868,1.00,1.00
2016.01.19 19:24:05.523,0.64844,0.6487,1.50,1.00
2016.01.19 19:24:05.923,0.64846,0.6487,1.00,1.00
2016.01.19 19:24:06.373,0.64846,0.64868,1.00,1.00
2016.01.19 19:24:06.424,0.64844,0.64868,1.00,1.00
2016.01.19 19:24:06.583,0.64842,0.64867,1.00,1.00
2016.01.19 19:24:06.763,0.64844,0.64867,1.00,1.00
2016.01.19 19:24:06.914,0.64844,0.64869,1.00,1.00
2016.01.19 19:24:07.070,0.64844,0.64866,1.00,1.00
2016.01.19 19:24:07.902,0.64844,0.64869,1.00,1.00
2016.01.19 19:24:08.469,0.64845,0.6487,1.00,1.00
2016.01.19 19:24:08.519,0.64848,0.6487,1.00,1.00
2016.01.19 19:24:09.023,0.64849,0.6487,1.00,1.00
2016.01.19 19:24:10.322,0.64849,0.64871,1.00,1.00
2016.01.19 19:24:10.704,0.64851,0.64871,1.00,1.00
2016.01.19 19:24:10.754,0.64848,0.64871,1.00,1.00
2016.01.19 19:24:12.321,0.64848,0.64872,1.00,1.00
2016.01.19 19:24:13.272,0.64849,0.64872,1.00,1.00
2016.01.19 19:24:14.330,0.64851,0.64872,1.00,1.00
2016.01.19 19:24:14.431,0.64853,0.64879,1.00,1.00
2016.01.19 19:24:14.724,0.64855,0.64879,1.00,1.00
2016.01.19 19:24:15.026,0.64865,0.64881,1.00,1.00
2016.01.19 19:24:15.076,0.64865,0.64886,1.00,1.00
2016.01.19 19:24:15.303,0.64863,0.64885,1.00,1.00
2016.01.19 19:24:15.506,0.64862,0.64881,1.00,1.00
2016.01.19 19:24:16.083,0.64862,0.64882,1.00,1.00
2016.01.19 19:24:16.592,0.64863,0.64882,1.00,1.00
2016.01.19 19:24:17.173,0.64863,0.64885,1.00,1.00
2016.01.19 19:24:17.486,0.64864,0.64883,1.00,1.00
2016.01.19 19:24:17.699,0.64864,0.64887,1.00,1.00
2016.01.19 19:24:18.029,0.64864,0.6489,1.00,1.50
2016.01.19 19:24:18.344,0.64867,0.6489,1.00,1.00
2016.01.19 19:24:18.655,0.64871,0.64891,1.00,1.00
2016.01.19 19:24:18.940,0.64871,0.64894,1.00,1.00
2016.01.19 19:24:19.452,0.64872,0.64895,1.00,1.00
2016.01.19 19:24:19.873,0.6487,0.64895,1.00,1.00
2016.01.19 19:24:19.923,0.6487,0.64893,1.00,1.00
2016.01.19 19:24:20.225,0.64868,0.6489,1.00,1.00
2016.01.19 19:24:20.644,0.64864,0.6489,1.00,1.00
2016.01.19 19:24:20.810,0.64863,0.64883,1.00,1.00
2016.01.19 19:24:21.219,0.64863,0.64887,1.00,1.00
2016.01.19 19:24:21.471,0.64862,0.64885,1.00,1.00
2016.01.19 19:24:21.780,0.64861,0.64883,1.00,1.00
2016.01.19 19:24:21.881,0.64859,0.64883,1.00,1.00
2016.01.19 19:24:23.100,0.64857,0.64883,1.00,1.00
2016.01.19 19:24:23.201,0.64857,0.64881,1.00,1.00
2016.01.19 19:24:23.251,0.64855,0.64881,1.00,1.00
2016.01.19 19:24:23.352,0.64855,0.64878,1.00,1.00
2016.01.19 19:24:24.112,0.64857,0.64878,1.00,1.00
2016.01.19 19:24:26.105,0.64856,0.64878,1.00,1.00
2016.01.19 19:24:26.642,0.64856,0.64879,1.00,1.00
2016.01.19 19:24:27.153,0.64858,0.64879,1.00,1.00
2016.01.19 19:24:27.419,0.64875,0.64901,1.00,1.00
2016.01.19 19:24:27.570,0.64879,0.64902,1.00,1.00
2016.01.19 19:24:27.908,0.64881,0.64903,1.00,1.00
2016.01.19 19:24:27.959,0.64881,0.64906,1.00,1.00
2016.01.19 19:24:28.496,0.64882,0.64905,1.00,1.00
2016.01.19 19:24:28.834,0.64882,0.649,1.00,1.00
2016.01.19 19:24:29.162,0.64882,0.64898,1.00,1.00
2016.01.19 19:24:29.262,0.64874,0.64898,1.00,1.00
2016.01.19 19:24:30.465,0.64874,0.64897,1.00,1.00
2016.01.19 19:24:30.616,0.64871,0.64897,1.00,1.00
2016.01.19 19:24:30.723,0.64871,0.64894,1.00,1.00
2016.01.19 19:24:31.332,0.64871,0.64895,1.00,1.00
2016.01.19 19:24:31.862,0.64875,0.64896,1.00,1.00
2016.01.19 19:24:31.913,0.64875,0.649,1.00,1.00
2016.01.19 19:24:32.027,0.64875,0.64898,1.00,1.00
2016.01.19 19:24:32.292,0.64872,0.64898,1.00,1.00
2016.01.19 19:24:32.449,0.64875,0.64899,1.00,1.00
2016.01.19 19:24:32.902,0.64875,0.64895,1.00,1.00
2016.01.19 19:24:33.471,0.64875,0.64897,1.00,1.00
2016.01.19 19:24:33.771,0.64875,0.64895,1.00,1.00
2016.01.19 19:24:34.632,0.64875,0.64897,1.00,1.00
2016.01.19 19:24:35.533,0.64875,0.64898,1.00,1.00
2016.01.19 19:24:37.979,0.64875,0.64897,1.00,1.00
2016.01.19 19:24:38.191,0.64875,0.64895,1.00,1.00
2016.01.19 19:24:38.372,0.64875,0.64898,1.00,1.00
2016.01.19 19:24:40.242,0.64875,0.64899,1.00,1.00
2016.01.19 19:24:40.775,0.64875,0.64898,1.00,1.00
2016.01.19 19:24:42.111,0.64875,0.64899,1.00,1.00
2016.01.19 19:24:42.917,0.64875,0.64898,1.00,1.00
2016.01.19 19:24:43.262,0.6488,0.64898,1.00,1.00
2016.01.19 19:24:43.363,0.64884,0.64908,1.00,1.00
2016.01.19 19:24:43.763,0.64884,0.64911,1.00,1.00
2016.01.19 19:24:44.693,0.64887,0.64911,1.00,1.00
2016.01.19 19:24:44.998,0.64887,0.64914,1.00,1.00
2016.01.19 19:24:45.659,0.64887,0.64913,1.00,1.00
2016.01.19 19:24:49.954,0.64887,0.64912,1.00,1.00
2016.01.19 19:24:50.901,0.6489,0.64912,1.00,1.00
2016.01.19 19:24:52.604,0.6489,0.64911,1.00,1.00
2016.01.19 19:24:52.655,0.64888,0.64911,1.00,1.00
2016.01.19 19:24:53.292,0.64888,0.6491,1.00,1.00
2016.01.19 19:24:53.371,0.64888,0.64912,1.00,1.00
2016.01.19 19:24:53.924,0.64889,0.64917,1.00,1.00
2016.01.19 19:24:54.081,0.64891,0.64919,1.00,1.00
2016.01.19 19:24:54.405,0.64896,0.64919,1.00,1.00
2016.01.19 19:24:54.853,0.64894,0.64919,1.00,1.00
2016.01.19 19:24:55.054,0.64892,0.64918,1.00,1.00
2016.01.19 19:24:55.155,0.64892,0.64913,1.00,1.00
2016.01.19 19:24:55.255,0.64892,0.64915,1.00,1.00
2016.01.19 19:24:55.356,0.64892,0.64913,1.00,1.00
2016.01.19 19:24:55.911,0.64892,0.64914,1.00,1.00
2016.01.19 19:24:58.432,0.64892,0.64913,1.00,1.00
2016.01.19 19:24:58.966,0.64892,0.64914,1.00,1.00
2016.01.19 19:24:59.862,0.64892,0.64915,1.00,1.00
2016.01.19 19:25:00.559,0.64892,0.64916,1.00,1.00
2016.01.19 19:25:03.685,0.64893,0.64916,1.00,1.00
2016.01.19 19:25:03.735,0.64895,0.6492,1.00,1.00
2016.01.19 19:25:03.836,0.64895,0.64917,1.00,1.00
2016.01.19 19:25:03.886,0.64893,0.64917,1.00,1.00
2016.01.19 19:25:04.402,0.64893,0.64916,1.00,1.00
2016.01.19 19:25:04.814,0.64893,0.64918,1.00,1.00
2016.01.19 19:25:05.391,0.64893,0.64917,1.00,1.00
2016.01.19 19:25:07.993,0.64896,0.64917,1.00,1.00
2016.01.19 19:25:08.156,0.64896,0.6492,1.00,1.00
2016.01.19 19:25:08.690,0.64895,0.64918,1.00,1.00
2016.01.19 19:25:09.802,0.64895,0.64916,1.00,1.00
2016.01.19 19:25:11.963,0.64895,0.64915,1.00,1.00
2016.01.19 19:25:12.014,0.64892,0.64915,1.00,1.00
2016.01.19 19:25:12.624,0.64892,0.64914,1.00,1.00
2016.01.19 19:25:13.433,0.64892,0.64916,1.00,1.00
2016.01.19 19:25:13.484,0.64894,0.64916,1.00,1.00
2016.01.19 19:25:13.534,0.64894,0.64919,1.00,1.00
2016.01.19 19:25:13.658,0.64896,0.64919,1.00,1.00
2016.01.19 19:25:13.987,0.64894,0.64918,1.00,1.00
2016.01.19 19:25:14.577,0.64894,0.64917,1.00,1.00
2016.01.19 19:25:15.063,0.64893,0.64914,1.00,1.00
2016.01.19 19:25:15.694,0.64893,0.64915,1.00,1.00
2016.01.19 19:25:16.410,0.64893,0.64918,1.00,1.00
2016.01.19 19:25:17.161,0.64893,0.64916,1.00,1.00
2016.01.19 19:25:17.212,0.6489,0.64916,1.00,1.00
2016.01.19 19:25:17.262,0.6489,0.64914,1.00,1.00
2016.01.19 19:25:20.217,0.6489,0.64912,1.00,1.00
2016.01.19 19:25:20.267,0.64888,0.64912,1.00,1.00
2016.01.19 19:25:20.478,0.64888,0.6491,1.00,1.00
2016.01.19 19:25:20.881,0.64888,0.64912,1.00,1.00
2016.01.19 19:25:21.864,0.64888,0.6491,1.00,1.00
2016.01.19 19:25:22.270,0.64886,0.6491,1.00,1.00
2016.01.19 19:25:22.535,0.64886,0.64908,1.00,1.00
2016.01.19 19:25:22.585,0.64884,0.64908,1.00,1.00
2016.01.19 19:25:23.423,0.64884,0.64909,1.00,1.00
2016.01.19 19:25:24.014,0.64885,0.64909,1.00,1.00
2016.01.19 19:25:27.315,0.64884,0.64909,1.00,1.00
2016.01.19 19:25:27.365,0.64884,0.64906,1.00,1.00
2016.01.19 19:25:29.047,0.64884,0.64908,1.00,1.00
2016.01.19 19:25:29.198,0.64882,0.64908,1.00,1.00
2016.01.19 19:25:29.248,0.64879,0.64897,1.00,1.00
2016.01.19 19:25:29.299,0.64875,0.64897,1.00,1.00
2016.01.19 19:25:29.399,0.64873,0.64897,1.00,1.00
2016.01.19 19:25:29.678,0.64872,0.64895,1.00,1.00
2016.01.19 19:25:29.964,0.64869,0.64893,1.00,1.00
2016.01.19 19:25:30.887,0.64869,0.64897,1.00,1.00
2016.01.19 19:25:31.432,0.64871,0.64898,1.00,1.00
2016.01.19 19:25:31.989,0.6487,0.64898,1.50,1.00
2016.01.19 19:25:32.398,0.64874,0.64899,1.00,1.00
2016.01.19 19:25:33.412,0.64874,0.64898,1.00,1.00
2016.01.19 19:25:35.513,0.64874,0.64896,1.00,1.00
2016.01.19 19:25:36.426,0.64872,0.64896,1.00,1.00
2016.01.19 19:25:36.934,0.64872,0.64895,1.00,1.00
2016.01.19 19:25:37.153,0.64872,0.64893,1.00,1.00
2016.01.19 19:25:38.283,0.64871,0.64893,1.00,1.00
2016.01.19 19:25:38.803,0.6487,0.64893,1.00,1.00
2016.01.19 19:25:39.030,0.6487,0.64896,1.00,1.00
2016.01.19 19:25:39.134,0.64868,0.64896,1.00,1.00
2016.01.19 19:25:39.285,0.64869,0.64892,1.00,1.00
2016.01.19 19:25:39.453,0.64867,0.64892,1.00,1.00
2016.01.19 19:25:39.792,0.64867,0.64895,1.00,1.00
2016.01.19 19:25:41.744,0.64868,0.64895,1.00,1.00
2016.01.19 19:25:41.845,0.6487,0.64896,1.00,1.00
2016.01.19 19:25:42.423,0.6487,0.64897,1.00,1.00
2016.01.19 19:25:43.083,0.6487,0.64896,1.00,1.00
2016.01.19 19:25:44.112,0.6487,0.64894,1.00,1.00
2016.01.19 19:25:45.016,0.64871,0.64894,1.00,1.00
2016.01.19 19:25:49.143,0.64871,0.64895,1.00,1.00
2016.01.19 19:25:49.522,0.64867,0.64896,1.50,1.00
2016.01.19 19:25:53.643,0.64868,0.64896,1.00,1.00
2016.01.19 19:25:54.162,0.64868,0.64897,1.50,1.00
2016.01.19 19:25:54.778,0.64869,0.64897,1.00,1.00
2016.01.19 19:25:57.402,0.64868,0.64897,1.50,1.00
2016.01.19 19:25:58.292,0.6487,0.64897,1.00,1.00
2016.01.19 19:25:58.392,0.64871,0.649,1.50,1.00
2016.01.19 19:25:58.443,0.64873,0.649,1.00,1.00
2016.01.19 19:25:58.493,0.64875,0.64903,1.00,1.00
2016.01.19 19:25:58.722,0.64875,0.64901,1.00,1.00
2016.01.19 19:25:58.823,0.64873,0.64901,1.00,1.00
2016.01.19 19:25:58.874,0.64873,0.64898,1.00,1.00
2016.01.19 19:25:58.925,0.64871,0.64898,1.00,1.00
2016.01.19 19:25:59.076,0.64871,0.64896,1.00,1.00
2016.01.19 19:25:59.126,0.64869,0.64896,1.00,1.00
2016.01.19 19:25:59.752,0.64869,0.64895,1.00,1.00
2016.01.19 19:26:00.043,0.64869,0.64897,1.00,1.00
2016.01.19 19:26:00.094,0.64872,0.64897,1.00,1.00
2016.01.19 19:26:00.144,0.64872,0.64901,1.50,1.50
2016.01.19 19:26:00.471,0.64872,0.64899,1.50,1.00
2016.01.19 19:26:02.148,0.6487,0.64898,1.00,1.00
2016.01.19 19:26:02.249,0.6487,0.64894,1.00,1.00
2016.01.19 19:26:02.350,0.6487,0.64898,1.00,1.00
2016.01.19 19:26:02.535,0.64873,0.64898,1.00,1.00
2016.01.19 19:26:02.585,0.64873,0.649,1.00,1.00
2016.01.19 19:26:02.686,0.64871,0.64896,1.00,1.00
2016.01.19 19:26:02.941,0.64875,0.64903,1.50,1.00
2016.01.19 19:26:03.459,0.64875,0.64902,1.00,1.00
2016.01.19 19:26:03.803,0.64876,0.64905,1.00,1.00
2016.01.19 19:26:03.903,0.64874,0.64902,1.50,1.00
2016.01.19 19:26:07.108,0.64875,0.64902,1.00,1.00
2016.01.19 19:26:07.215,0.64876,0.64905,1.00,1.00
2016.01.19 19:26:07.842,0.64876,0.64904,1.00,1.00
2016.01.19 19:26:07.943,0.64875,0.64902,1.00,1.00
2016.01.19 19:26:08.332,0.64873,0.649,1.00,1.00
2016.01.19 19:26:13.673,0.64873,0.64902,1.50,1.00
2016.01.19 19:26:14.039,0.64875,0.64903,1.00,1.00
2016.01.19 19:26:14.429,0.64874,0.64901,1.50,1.00
2016.01.19 19:26:14.552,0.64874,0.64903,1.00,1.00
2016.01.19 19:26:14.721,0.64876,0.64902,1.00,1.00
2016.01.19 19:26:14.772,0.64875,0.64904,1.00,1.00
2016.01.19 19:26:14.883,0.64877,0.64904,1.00,1.00
2016.01.19 19:26:15.302,0.6488,0.64905,1.00,1.00
2016.01.19 19:26:15.453,0.6488,0.64909,1.50,1.00
2016.01.19 19:26:19.218,0.6488,0.64907,1.50,1.00
2016.01.19 19:26:20.383,0.6488,0.64905,1.00,1.00
2016.01.19 19:26:20.436,0.64878,0.64905,1.50,1.00
2016.01.19 19:26:20.711,0.64878,0.64903,1.00,1.00
2016.01.19 19:26:21.041,0.64878,0.64905,1.00,1.00
2016.01.19 19:26:21.262,0.64881,0.64909,1.00,1.00
2016.01.19 19:26:21.788,0.64881,0.6491,1.00,1.50
2016.01.19 19:26:22.286,0.64884,0.64913,1.00,1.00
2016.01.19 19:26:22.636,0.64886,0.64913,1.00,1.00
2016.01.19 19:26:24.281,0.64883,0.64912,1.50,1.00
2016.01.19 19:26:24.782,0.64883,0.64911,1.00,1.00
2016.01.19 19:26:24.833,0.64881,0.6491,1.00,1.00
2016.01.19 19:26:25.221,0.64881,0.64908,1.50,1.00
2016.01.19 19:26:26.322,0.64881,0.6491,1.50,1.00
2016.01.19 19:26:26.432,0.64883,0.64911,1.00,1.00
2016.01.19 19:26:26.734,0.64888,0.64915,1.00,1.00
2016.01.19 19:26:27.250,0.64888,0.64913,1.00,1.00
2016.01.19 19:26:27.446,0.64888,0.64915,1.50,1.00
2016.01.19 19:26:27.642,0.64888,0.64912,1.00,1.00
2016.01.19 19:26:27.774,0.64888,0.64914,1.00,1.00
2016.01.19 19:26:28.347,0.64888,0.64915,1.50,1.00
2016.01.19 19:26:28.448,0.64888,0.64913,1.00,1.00
2016.01.19 19:26:29.021,0.64888,0.64914,1.00,1.00
2016.01.19 19:26:29.581,0.64888,0.64913,1.00,1.00
2016.01.19 19:26:30.176,0.64886,0.64913,1.00,1.00
2016.01.19 19:26:31.103,0.64888,0.64913,1.00,1.00
2016.01.19 19:26:31.304,0.64892,0.64919,1.00,1.00
2016.01.19 19:26:31.505,0.64894,0.64922,1.00,1.00
2016.01.19 19:26:32.067,0.64893,0.64921,1.00,1.00
2016.01.19 19:26:33.801,0.64893,0.6492,1.00,1.00
2016.01.19 19:26:34.335,0.64891,0.6492,1.50,1.00
2016.01.19 19:26:34.587,0.64888,0.64916,1.00,1.00
2016.01.19 19:26:34.911,0.6489,0.64917,1.00,1.00
2016.01.19 19:26:35.273,0.64893,0.6492,1.00,1.00
2016.01.19 19:26:36.011,0.64893,0.64922,1.00,1.00
2016.01.19 19:26:37.651,0.64893,0.6492,1.00,1.00
2016.01.19 19:26:38.475,0.64894,0.6492,1.00,1.00
2016.01.19 19:26:39.017,0.64892,0.64918,1.00,1.00
2016.01.19 19:26:39.583,0.64892,0.64917,1.00,1.00
2016.01.19 19:26:40.278,0.6489,0.64917,1.00,1.00
2016.01.19 19:26:40.404,0.64887,0.64912,1.00,1.00
2016.01.19 19:26:40.655,0.64891,0.64918,1.00,1.00
2016.01.19 19:26:40.861,0.64891,0.64916,1.00,1.00
2016.01.19 19:26:41.203,0.64888,0.64915,1.00,1.50
2016.01.19 19:26:41.354,0.64888,0.64911,1.00,1.00
2016.01.19 19:26:41.455,0.64885,0.64911,1.00,1.00
2016.01.19 19:26:41.656,0.64885,0.64909,1.00,1.00
2016.01.19 19:26:41.882,0.64885,0.64911,1.00,1.50
2016.01.19 19:26:42.475,0.64884,0.6491,1.00,1.50
2016.01.19 19:26:42.711,0.64884,0.64908,1.00,1.00
2016.01.19 19:26:42.762,0.64881,0.64908,1.50,1.00
2016.01.19 19:26:43.223,0.6488,0.64906,1.00,1.00
2016.01.19 19:26:43.860,0.64879,0.64906,1.50,1.50
2016.01.19 19:26:44.175,0.64882,0.64909,1.50,1.00
2016.01.19 19:26:44.851,0.64883,0.6491,1.50,1.00
2016.01.19 19:26:45.182,0.64886,0.64911,1.00,1.00
2016.01.19 19:26:45.462,0.64883,0.6491,1.50,1.50
2016.01.19 19:26:46.273,0.64885,0.6491,1.00,1.00
2016.01.19 19:26:46.373,0.64886,0.64914,1.00,1.00
2016.01.19 19:26:46.674,0.64887,0.64916,1.00,1.00
2016.01.19 19:26:47.903,0.64889,0.64916,1.00,1.00
2016.01.19 19:26:49.633,0.6489,0.64916,1.00,1.00
2016.01.19 19:26:49.785,0.6489,0.64919,1.00,1.00
2016.01.19 19:26:50.378,0.6489,0.64918,1.00,1.00
2016.01.19 19:26:50.428,0.64888,0.64915,1.00,1.00
2016.01.19 19:26:50.797,0.64888,0.64913,1.00,1.00
2016.01.19 19:26:51.011,0.64888,0.64916,1.00,1.00
2016.01.19 19:26:51.061,0.6489,0.64916,1.00,1.00
2016.01.19 19:26:51.491,0.64893,0.64916,1.00,1.00
2016.01.19 19:26:51.541,0.64893,0.6492,1.00,1.00
2016.01.19 19:26:51.644,0.64893,0.64918,1.00,1.00
2016.01.19 19:26:53.272,0.64893,0.6492,1.00,1.00
2016.01.19 19:26:53.859,0.64893,0.64921,1.00,1.00
2016.01.19 19:26:54.420,0.64893,0.6492,1.00,1.00
2016.01.19 19:26:55.690,0.64893,0.64919,1.00,1.00
2016.01.19 19:26:56.325,0.64893,0.6492,1.00,1.00
2016.01.19 19:26:57.560,0.64893,0.64921,1.00,1.00
2016.01.19 19:26:57.661,0.64895,0.64921,1.00,1.00
2016.01.19 19:26:57.829,0.64895,0.64923,1.00,1.00
2016.01.19 19:26:58.030,0.64898,0.64924,1.00,1.00
2016.01.19 19:26:58.151,0.64899,0.64929,1.00,1.00
2016.01.19 19:26:58.252,0.64898,0.64926,1.50,1.00
2016.01.19 19:26:58.585,0.64898,0.64923,1.00,1.00
2016.01.19 19:26:59.138,0.64898,0.64924,1.00,1.00
2016.01.19 19:27:01.263,0.64897,0.64924,1.00,1.00
2016.01.19 19:27:04.629,0.64898,0.64923,1.00,1.00
2016.01.19 19:27:04.720,0.64898,0.64925,1.00,1.00
2016.01.19 19:27:05.851,0.64899,0.64929,1.00,1.00
2016.01.19 19:27:06.048,0.64901,0.64927,1.00,1.00
2016.01.19 19:27:06.570,0.64901,0.64928,1.00,1.00
2016.01.19 19:27:06.884,0.64903,0.64928,1.00,1.00
2016.01.19 19:27:06.935,0.64903,0.6493,1.50,1.00
2016.01.19 19:27:07.057,0.64903,0.64932,1.00,1.00
2016.01.19 19:27:07.505,0.64909,0.64938,1.00,1.00
2016.01.19 19:27:08.021,0.64908,0.64936,1.00,1.00
2016.01.19 19:27:08.535,0.64909,0.64937,1.00,1.00
2016.01.19 19:27:08.914,0.64908,0.64935,1.00,1.00
2016.01.19 19:27:09.261,0.64906,0.64932,1.00,1.00
2016.01.19 19:27:09.685,0.64906,0.6493,1.00,1.00
2016.01.19 19:27:10.035,0.64902,0.64929,1.00,1.00
2016.01.19 19:27:10.221,0.64903,0.64931,1.00,1.00
2016.01.19 19:27:10.758,0.64903,0.64932,1.50,1.00
2016.01.19 19:27:12.308,0.64903,0.64931,1.00,1.00
2016.01.19 19:27:12.841,0.64904,0.6493,1.00,1.00
2016.01.19 19:27:12.891,0.64904,0.64928,1.00,1.00
2016.01.19 19:27:14.453,0.64901,0.64927,1.00,1.00
2016.01.19 19:27:14.505,0.64901,0.64925,1.00,1.00
2016.01.19 19:27:14.807,0.64899,0.64923,1.00,1.00
2016.01.19 19:27:15.421,0.64899,0.64924,1.00,1.00
2016.01.19 19:27:15.746,0.64899,0.64922,1.00,1.00
2016.01.19 19:27:15.847,0.649,0.64924,1.00,1.00
2016.01.19 19:27:15.972,0.64903,0.64924,1.00,1.00
2016.01.19 19:27:16.073,0.64903,0.64927,1.00,1.00
2016.01.19 19:27:18.001,0.64901,0.64927,1.00,1.00
2016.01.19 19:27:18.152,0.64901,0.64922,1.00,1.00
2016.01.19 19:27:18.962,0.64899,0.64922,1.00,1.00
2016.01.19 19:27:19.020,0.64899,0.64924,1.00,1.00
2016.01.19 19:27:21.040,0.64902,0.64924,1.00,1.00
2016.01.19 19:27:21.141,0.64902,0.64926,1.00,1.00
2016.01.19 19:27:21.718,0.64902,0.64927,1.00,1.00
2016.01.19 19:27:23.642,0.64901,0.64927,1.00,1.00
2016.01.19 19:27:24.112,0.64899,0.64926,1.00,1.50
2016.01.19 19:27:24.212,0.64899,0.64923,1.00,1.00
2016.01.19 19:27:24.747,0.64899,0.64924,1.00,1.00
2016.01.19 19:27:25.321,0.649,0.64924,1.00,1.00
2016.01.19 19:27:25.523,0.649,0.64926,1.00,1.00
2016.01.19 19:27:25.870,0.64895,0.64921,1.00,1.00
2016.01.19 19:27:25.972,0.64892,0.64921,1.00,2.25
2016.01.19 19:27:26.087,0.64892,0.64919,1.00,1.00
2016.01.19 19:27:26.188,0.64895,0.64923,1.00,1.00
2016.01.19 19:27:26.290,0.64898,0.64922,1.00,1.00
2016.01.19 19:27:26.821,0.64898,0.64923,1.00,1.00
2016.01.19 19:27:28.070,0.64898,0.64925,1.00,1.50
2016.01.19 19:27:28.745,0.64898,0.64922,1.00,1.00
2016.01.19 19:27:30.823,0.64898,0.64921,1.00,1.00
2016.01.19 19:27:31.441,0.64898,0.64922,1.00,1.00
2016.01.19 19:27:32.076,0.64897,0.64922,1.00,1.00
2016.01.19 19:27:32.470,0.64897,0.64919,1.00,1.00
2016.01.19 19:27:32.672,0.64897,0.64922,1.00,1.00
2016.01.19 19:27:32.911,0.64897,0.64924,1.00,1.00
2016.01.19 19:27:33.488,0.64897,0.64923,1.00,1.00
2016.01.19 19:27:33.539,0.64897,0.64925,1.00,1.50
2016.01.19 19:27:36.400,0.64897,0.64924,1.00,1.00
2016.01.19 19:27:38.236,0.64899,0.64924,1.00,1.00
2016.01.19 19:27:39.479,0.64899,0.64925,1.00,2.25
2016.01.19 19:27:39.752,0.64895,0.64923,1.00,1.50
2016.01.19 19:27:39.852,0.64895,0.64919,1.00,1.00
2016.01.19 19:27:41.682,0.64893,0.64917,1.00,1.00
2016.01.19 19:27:41.984,0.64896,0.64917,1.00,1.00
2016.01.19 19:27:43.138,0.64896,0.64919,1.00,1.00
2016.01.19 19:27:50.261,0.64896,0.64921,1.00,1.50
2016.01.19 19:27:50.730,0.64897,0.64923,1.00,1.00
2016.01.19 19:27:52.145,0.64897,0.64921,1.00,1.00
2016.01.19 19:27:52.682,0.64896,0.6492,1.00,1.00
2016.01.19 19:27:53.105,0.64896,0.64918,1.00,1.00
2016.01.19 19:27:53.155,0.64893,0.64918,1.00,1.00
2016.01.19 19:27:53.926,0.64893,0.64919,1.00,1.00
2016.01.19 19:27:54.211,0.64895,0.64919,1.00,1.00
2016.01.19 19:27:57.299,0.64895,0.6492,1.00,1.00
2016.01.19 19:27:57.894,0.64895,0.64917,1.00,1.00
2016.01.19 19:27:58.624,0.64893,0.64917,1.00,1.00
2016.01.19 19:27:59.249,0.64895,0.64917,1.00,1.00
2016.01.19 19:28:00.631,0.64895,0.64919,1.00,1.00
2016.01.19 19:28:02.029,0.64895,0.6492,1.00,1.50
2016.01.19 19:28:03.554,0.64895,0.64915,1.00,1.00
2016.01.19 19:28:03.605,0.64891,0.64915,1.00,1.00
2016.01.19 19:28:03.906,0.64891,0.64913,1.00,1.00
2016.01.19 19:28:04.201,0.64889,0.64914,1.00,1.00
2016.01.19 19:28:04.252,0.64889,0.64912,1.00,1.00
2016.01.19 19:28:04.480,0.64883,0.64911,1.00,1.00
2016.01.19 19:28:04.924,0.64885,0.6491,1.00,1.00
2016.01.19 19:28:05.793,0.64886,0.64911,1.00,1.00
2016.01.19 19:28:05.995,0.64886,0.64913,1.00,1.00
2016.01.19 19:28:06.979,0.64886,0.64912,1.00,1.00
2016.01.19 19:28:07.511,0.64886,0.64911,1.00,1.00
2016.01.19 19:28:08.171,0.64886,0.64912,1.00,1.00
2016.01.19 19:28:10.200,0.64886,0.64913,1.00,1.00
2016.01.19 19:28:10.810,0.64887,0.64914,1.00,1.00
2016.01.19 19:28:11.303,0.64889,0.64914,1.00,1.00
2016.01.19 19:28:12.543,0.64887,0.64914,1.00,1.00
2016.01.19 19:28:12.838,0.64886,0.64909,1.00,1.00
2016.01.19 19:28:13.161,0.64884,0.64905,1.00,1.00
2016.01.19 19:28:13.909,0.64884,0.64906,1.00,1.00
2016.01.19 19:28:14.833,0.64884,0.64907,1.00,1.00
2016.01.19 19:28:15.583,0.64885,0.64907,1.00,1.00
2016.01.19 19:28:15.861,0.64881,0.64907,1.00,1.00
2016.01.19 19:28:16.460,0.64881,0.64908,1.00,1.00
2016.01.19 19:28:16.659,0.64881,0.64905,1.00,1.00
2016.01.19 19:28:17.171,0.6488,0.64905,1.00,1.00
2016.01.19 19:28:17.759,0.6488,0.64904,1.00,1.00
2016.01.19 19:28:17.809,0.64878,0.64904,1.00,1.00
2016.01.19 19:28:18.323,0.64877,0.64903,1.00,1.00
2016.01.19 19:28:18.424,0.64877,0.64906,1.50,1.00
2016.01.19 19:28:18.524,0.6488,0.64906,1.00,1.00
2016.01.19 19:28:19.163,0.6488,0.64907,1.00,1.00
2016.01.19 19:28:19.823,0.6488,0.64906,1.00,1.00
2016.01.19 19:28:20.080,0.64878,0.64906,1.00,1.00
2016.01.19 19:28:28.840,0.64877,0.64906,1.50,1.50
2016.01.19 19:28:28.891,0.64877,0.64904,1.50,1.00
2016.01.19 19:28:29.780,0.64877,0.64903,1.00,1.00
2016.01.19 19:28:30.211,0.64877,0.64905,1.00,1.00
2016.01.19 19:28:30.315,0.64879,0.64905,1.00,1.00
2016.01.19 19:28:30.830,0.64879,0.64906,1.00,1.00
2016.01.19 19:28:31.089,0.6488,0.64908,1.50,1.00
2016.01.19 19:28:33.431,0.64883,0.64908,1.00,1.00
2016.01.19 19:28:34.368,0.64883,0.64907,1.00,1.00
2016.01.19 19:28:34.690,0.64885,0.64909,1.00,1.00
2016.01.19 19:28:35.199,0.64885,0.6491,1.00,1.00
2016.01.19 19:28:35.689,0.64885,0.64906,1.00,1.00
2016.01.19 19:28:36.151,0.64885,0.64908,1.00,1.00
2016.01.19 19:28:36.658,0.64885,0.64909,1.00,1.00
2016.01.19 19:28:36.709,0.64885,0.64907,1.00,1.00
2016.01.19 19:28:37.403,0.64884,0.64906,1.00,1.00
2016.01.19 19:28:38.134,0.64883,0.64906,1.00,1.00
2016.01.19 19:28:38.768,0.64883,0.64905,1.00,1.00
2016.01.19 19:28:39.280,0.64881,0.64904,1.00,1.00
2016.01.19 19:28:39.785,0.64881,0.64905,1.00,1.00
2016.01.19 19:28:40.310,0.64881,0.64903,1.00,1.00
2016.01.19 19:28:41.080,0.64881,0.64901,1.00,1.00
2016.01.19 19:28:41.464,0.64881,0.64903,1.00,1.00
2016.01.19 19:28:41.565,0.64881,0.64905,1.00,1.00
2016.01.19 19:28:41.738,0.64881,0.64903,1.00,1.00
2016.01.19 19:28:42.009,0.64881,0.64905,1.00,1.00
2016.01.19 19:28:42.210,0.64881,0.64903,1.00,1.00
2016.01.19 19:28:45.069,0.64882,0.64903,1.00,1.00
2016.01.19 19:28:45.170,0.64882,0.64905,1.00,1.00
2016.01.19 19:28:46.273,0.64882,0.64904,1.00,1.00
2016.01.19 19:28:46.837,0.64882,0.64905,1.00,1.00
2016.01.19 19:28:47.269,0.64882,0.64903,1.00,1.00
2016.01.19 19:28:50.881,0.64882,0.64904,1.00,1.00
2016.01.19 19:28:51.398,0.64882,0.64905,1.00,1.00
2016.01.19 19:28:51.732,0.64884,0.64905,1.00,1.00
2016.01.19 19:28:51.883,0.64887,0.64912,1.00,1.00
2016.01.19 19:28:52.084,0.64887,0.64909,1.00,1.00
2016.01.19 19:28:52.585,0.64886,0.64909,1.00,1.00
2016.01.19 19:28:53.536,0.64886,0.64907,1.00,1.00
2016.01.19 19:28:54.422,0.64884,0.64907,1.00,1.00
2016.01.19 19:28:55.208,0.64884,0.64906,1.00,1.00
2016.01.19 19:28:55.798,0.64884,0.64907,1.00,1.00
2016.01.19 19:28:55.849,0.64886,0.64907,1.00,1.00
2016.01.19 19:28:57.223,0.64886,0.64909,1.00,1.00
2016.01.19 19:28:57.844,0.64886,0.64911,1.00,1.00
2016.01.19 19:28:58.347,0.64887,0.64914,1.00,1.00
2016.01.19 19:28:59.118,0.64887,0.6491,1.00,1.00
2016.01.19 19:28:59.530,0.64889,0.6491,1.00,1.00
2016.01.19 19:29:00.648,0.64888,0.6491,1.00,1.00
2016.01.19 19:29:00.799,0.64886,0.6491,1.00,1.00
2016.01.19 19:29:02.301,0.64888,0.6491,1.00,1.00
2016.01.19 19:29:02.924,0.64888,0.64909,1.00,1.00
2016.01.19 19:29:03.453,0.64887,0.64908,1.00,1.00
2016.01.19 19:29:04.405,0.64887,0.6491,1.00,1.00
2016.01.19 19:29:04.956,0.64887,0.64911,1.00,1.00
2016.01.19 19:29:06.818,0.64887,0.6491,1.00,1.00
2016.01.19 19:29:08.490,0.64888,0.6491,1.00,1.00
2016.01.19 19:29:09.715,0.64887,0.6491,1.00,1.00
2016.01.19 19:29:09.816,0.64885,0.64907,1.00,1.00
2016.01.19 19:29:10.748,0.64884,0.64907,1.00,1.00
2016.01.19 19:29:11.433,0.64883,0.64907,1.00,1.00
2016.01.19 19:29:11.534,0.6488,0.64907,1.50,1.00
2016.01.19 19:29:11.799,0.6488,0.64903,1.00,1.00
2016.01.19 19:29:12.372,0.64882,0.64905,1.00,1.00
2016.01.19 19:29:12.571,0.64882,0.64907,1.00,1.00
2016.01.19 19:29:14.524,0.64882,0.64909,1.00,1.00
2016.01.19 19:29:14.575,0.64884,0.64909,1.00,1.00
2016.01.19 19:29:14.988,0.64887,0.64909,1.00,1.00
2016.01.19 19:29:15.649,0.64887,0.6491,1.00,1.00
2016.01.19 19:29:15.749,0.6489,0.64914,1.00,1.00
2016.01.19 19:29:16.158,0.64893,0.64914,1.00,1.00
2016.01.19 19:29:16.768,0.64893,0.64915,1.00,1.00
2016.01.19 19:29:17.939,0.64891,0.64915,1.00,1.00
2016.01.19 19:29:20.897,0.64891,0.64914,1.00,1.00
2016.01.19 19:29:21.815,0.64891,0.64912,1.00,1.00
2016.01.19 19:29:21.865,0.64889,0.64912,1.00,1.00
2016.01.19 19:29:22.028,0.64889,0.6491,1.00,1.00
2016.01.19 19:29:22.296,0.64885,0.64909,1.00,1.00
2016.01.19 19:29:23.317,0.64885,0.64911,1.00,1.00
2016.01.19 19:29:23.698,0.64889,0.64912,1.00,1.00
2016.01.19 19:29:23.798,0.64889,0.64915,1.00,1.00
2016.01.19 19:29:24.175,0.64891,0.64914,1.00,1.00
2016.01.19 19:29:26.067,0.64891,0.64915,1.00,1.00
2016.01.19 19:29:26.765,0.64891,0.64914,1.00,1.00
2016.01.19 19:29:27.103,0.64891,0.64912,1.00,1.00
2016.01.19 19:29:27.654,0.64891,0.64913,1.00,1.00
2016.01.19 19:29:29.057,0.64893,0.64913,1.00,1.00
2016.01.19 19:29:29.158,0.64894,0.64915,1.00,1.00
2016.01.19 19:29:29.390,0.64896,0.64916,1.00,1.00
2016.01.19 19:29:29.617,0.64897,0.64919,1.00,1.00
2016.01.19 19:29:29.959,0.64897,0.64921,1.00,1.00
2016.01.19 19:29:30.459,0.64899,0.64921,1.00,1.00
2016.01.19 19:29:30.610,0.64899,0.64923,1.00,1.00
2016.01.19 19:29:31.218,0.64899,0.64922,1.00,1.00
2016.01.19 19:29:32.374,0.64899,0.6492,1.00,1.00
2016.01.19 19:29:33.999,0.64897,0.6492,1.00,1.00
2016.01.19 19:29:35.451,0.64899,0.64925,1.00,1.00
2016.01.19 19:29:35.602,0.64901,0.64925,1.00,1.00
2016.01.19 19:29:35.889,0.64901,0.64928,1.00,1.00
2016.01.19 19:29:36.234,0.64903,0.64927,1.00,1.00
2016.01.19 19:29:36.548,0.64906,0.64927,1.00,1.00
2016.01.19 19:29:36.737,0.64906,0.6493,1.00,1.00
2016.01.19 19:29:37.488,0.64906,0.64929,1.00,1.00
2016.01.19 19:29:37.709,0.64904,0.64928,1.00,1.00
2016.01.19 19:29:37.948,0.64904,0.64926,1.00,1.00
2016.01.19 19:29:38.292,0.649,0.64926,1.00,1.00
2016.01.19 19:29:39.267,0.649,0.64925,1.00,1.00
2016.01.19 19:29:39.745,0.649,0.64923,1.00,1.00
2016.01.19 19:29:39.958,0.649,0.64925,1.00,1.00
2016.01.19 19:29:40.727,0.649,0.64922,1.00,1.00
2016.01.19 19:29:42.038,0.649,0.64924,1.00,1.00
2016.01.19 19:29:42.158,0.649,0.64926,1.00,1.00
2016.01.19 19:29:42.267,0.649,0.64928,1.00,1.00
2016.01.19 19:29:42.340,0.64903,0.64928,1.00,1.00
2016.01.19 19:29:43.084,0.64905,0.64928,1.00,1.00
2016.01.19 19:29:43.597,0.64905,0.64927,1.00,1.00
2016.01.19 19:29:43.777,0.64905,0.64929,1.00,1.00
2016.01.19 19:29:43.887,0.64905,0.64927,1.00,1.00
2016.01.19 19:29:44.231,0.64905,0.64925,1.00,1.00
2016.01.19 19:29:45.402,0.64904,0.64925,1.00,1.00
2016.01.19 19:29:45.593,0.64901,0.64925,1.00,1.00
2016.01.19 19:29:46.118,0.64901,0.64923,1.00,1.00
2016.01.19 19:29:46.682,0.649,0.64923,1.00,1.00
2016.01.19 19:29:48.427,0.649,0.64924,1.00,1.00
2016.01.19 19:29:49.497,0.649,0.64925,1.00,1.00
2016.01.19 19:29:49.877,0.64902,0.64926,1.00,1.00
2016.01.19 19:29:50.047,0.64903,0.64928,1.00,1.00
2016.01.19 19:29:50.097,0.64905,0.64928,1.00,1.00
2016.01.19 19:29:50.403,0.64908,0.64931,1.00,1.00
2016.01.19 19:29:50.663,0.64908,0.64933,1.00,1.00
2016.01.19 19:29:51.178,0.64913,0.64936,1.00,1.00
2016.01.19 19:29:51.287,0.64913,0.6494,1.00,1.00
2016.01.19 19:29:51.917,0.64913,0.64938,1.00,1.00
2016.01.19 19:29:52.256,0.64913,0.64932,1.00,1.00
2016.01.19 19:29:52.407,0.64913,0.64936,1.00,1.00
2016.01.19 19:29:52.609,0.64913,0.64939,1.00,1.00
2016.01.19 19:29:52.867,0.64912,0.64936,1.00,1.00
2016.01.19 19:29:53.450,0.64912,0.64937,1.00,1.00
2016.01.19 19:29:54.478,0.64914,0.64939,1.00,1.00
2016.01.19 19:29:54.897,0.64914,0.64942,1.00,1.00
2016.01.19 19:29:55.513,0.64916,0.64942,1.00,1.00
2016.01.19 19:29:55.814,0.64918,0.64943,1.00,1.00
2016.01.19 19:29:56.116,0.64922,0.64947,1.00,1.00
2016.01.19 19:29:56.217,0.64922,0.64949,1.00,1.00
2016.01.19 19:29:56.738,0.64921,0.64949,1.00,1.00
2016.01.19 19:29:56.809,0.64923,0.64949,1.00,1.00
2016.01.19 19:29:57.157,0.64925,0.6495,1.00,1.00
2016.01.19 19:29:59.627,0.64925,0.64948,1.00,1.00
2016.01.19 19:29:59.963,0.64925,0.64944,1.00,1.00
2016.01.19 19:30:00.507,0.64925,0.64943,1.00,1.00
2016.01.19 19:30:00.724,0.64919,0.64939,1.00,1.00
2016.01.19 19:30:00.902,0.64916,0.64939,1.00,1.00
2016.01.19 19:30:01.078,0.64914,0.64936,1.00,1.00
2016.01.19 19:30:01.488,0.64914,0.64939,1.00,1.00
2016.01.19 19:30:03.689,0.64914,0.64937,1.00,1.00
2016.01.19 19:30:05.148,0.64914,0.64939,1.00,1.00
2016.01.19 19:30:05.448,0.64914,0.64937,1.00,1.00
2016.01.19 19:30:05.558,0.64914,0.64939,1.00,1.00
2016.01.19 19:30:06.658,0.64914,0.64938,1.00,1.00
2016.01.19 19:30:07.104,0.6492,0.64946,1.00,1.50
2016.01.19 19:30:07.361,0.6492,0.64944,1.00,1.00
2016.01.19 19:30:08.454,0.64921,0.64944,1.00,1.00
2016.01.19 19:30:09.848,0.64921,0.64943,1.00,1.00
2016.01.19 19:30:10.148,0.64919,0.64943,1.00,1.00
2016.01.19 19:30:10.340,0.64919,0.6494,1.00,1.00
2016.01.19 19:30:10.471,0.64916,0.6494,1.00,1.00
2016.01.19 19:30:10.949,0.64915,0.64942,1.00,1.00
2016.01.19 19:30:11.488,0.64918,0.64943,1.00,1.00
2016.01.19 19:30:12.019,0.64919,0.64943,1.00,1.00
2016.01.19 19:30:14.741,0.64918,0.64943,1.00,1.00
2016.01.19 19:30:15.069,0.64917,0.6494,1.00,1.00
2016.01.19 19:30:15.839,0.64917,0.64941,1.00,1.00
2016.01.19 19:30:16.092,0.64918,0.64944,1.00,1.00
2016.01.19 19:30:16.693,0.64919,0.64944,1.00,1.00
2016.01.19 19:30:18.419,0.64921,0.64944,1.00,1.00
2016.01.19 19:30:18.697,0.64924,0.64948,1.00,1.00
2016.01.19 19:30:19.202,0.64923,0.64949,1.00,1.00
2016.01.19 19:30:19.409,0.64926,0.64949,1.00,1.00
2016.01.19 19:30:19.510,0.64923,0.6495,1.00,1.50
2016.01.19 19:30:19.560,0.64922,0.64947,1.00,1.00
2016.01.19 19:30:19.901,0.64922,0.64945,1.00,1.50
2016.01.19 19:30:20.450,0.64921,0.64945,1.00,1.00
2016.01.19 19:30:20.501,0.64919,0.64945,1.00,1.00
2016.01.19 19:30:22.040,0.64921,0.64945,1.00,1.50
2016.01.19 19:30:22.300,0.64921,0.64947,1.00,1.00
2016.01.19 19:30:22.622,0.64918,0.64945,1.00,1.00
2016.01.19 19:30:22.700,0.64916,0.64945,1.50,1.00
2016.01.19 19:30:22.982,0.64916,0.64943,1.00,1.00
2016.01.19 19:30:23.809,0.64915,0.64943,1.00,1.00
2016.01.19 19:30:24.133,0.64915,0.64941,1.00,1.00
2016.01.19 19:30:24.184,0.64915,0.64944,1.00,1.00
2016.01.19 19:30:25.462,0.64918,0.64944,1.00,1.00
2016.01.19 19:30:30.638,0.64918,0.64943,1.00,1.00
2016.01.19 19:30:33.868,0.64918,0.64945,1.00,1.50
2016.01.19 19:30:34.301,0.6492,0.64947,1.00,1.00
2016.01.19 19:30:34.808,0.64921,0.64948,1.00,1.00
2016.01.19 19:30:35.461,0.64921,0.64949,1.00,1.00
2016.01.19 19:30:36.832,0.64921,0.64948,1.00,1.00
2016.01.19 19:30:37.134,0.64928,0.64955,1.00,1.00
2016.01.19 19:30:39.254,0.64928,0.64954,1.00,1.00
2016.01.19 19:30:39.911,0.64928,0.64953,1.00,1.00
2016.01.19 19:30:40.537,0.64928,0.64951,1.00,1.00
2016.01.19 19:30:40.703,0.64926,0.6495,1.00,1.50
2016.01.19 19:30:40.855,0.64924,0.6495,1.00,1.50
2016.01.19 19:30:40.905,0.64924,0.64948,1.00,1.00
2016.01.19 19:30:41.263,0.64924,0.64946,1.00,1.00
2016.01.19 19:30:41.490,0.64922,0.64946,1.00,1.00
2016.01.19 19:30:44.424,0.64922,0.64944,1.00,1.00
2016.01.19 19:30:44.480,0.64919,0.64944,1.00,1.00
2016.01.19 19:30:45.035,0.64919,0.64943,1.00,1.00
2016.01.19 19:30:45.562,0.64922,0.64943,1.00,1.00
2016.01.19 19:30:45.744,0.64922,0.64945,1.00,1.00
2016.01.19 19:30:50.144,0.64922,0.64943,1.00,1.00
2016.01.19 19:30:50.951,0.64921,0.64943,1.00,1.00
2016.01.19 19:30:51.231,0.64921,0.64946,1.00,1.00
2016.01.19 19:30:52.121,0.64921,0.64945,1.00,1.00
2016.01.19 19:30:54.565,0.64921,0.64944,1.00,1.00
2016.01.19 19:30:57.149,0.64921,0.64945,1.00,1.00
2016.01.19 19:30:57.731,0.64921,0.64943,1.00,1.00
2016.01.19 19:30:58.460,0.64919,0.64943,1.00,1.00
2016.01.19 19:31:00.229,0.64921,0.64943,1.00,1.00
2016.01.19 19:31:05.955,0.64921,0.64944,1.00,1.00
2016.01.19 19:31:07.959,0.64921,0.64946,1.00,1.00
2016.01.19 19:31:18.207,0.6492,0.64946,1.00,1.00
2016.01.19 19:31:18.816,0.6492,0.64945,1.00,1.00
2016.01.19 19:31:25.245,0.64919,0.64945,1.00,1.50
2016.01.19 19:31:25.418,0.64919,0.64942,1.00,1.00
2016.01.19 19:31:25.747,0.64918,0.6494,1.00,1.00
2016.01.19 19:31:27.410,0.64918,0.64939,1.00,1.00
2016.01.19 19:31:27.728,0.64918,0.64936,1.00,1.00
2016.01.19 19:31:28.802,0.64913,0.64936,1.00,1.00
2016.01.19 19:31:29.486,0.64912,0.64936,1.00,1.00
2016.01.19 19:31:30.059,0.64914,0.64936,1.00,1.00
2016.01.19 19:31:30.586,0.64914,0.64935,1.00,1.00
2016.01.19 19:31:31.601,0.64912,0.64935,1.00,1.00
2016.01.19 19:31:33.165,0.64913,0.64935,1.00,1.00
2016.01.19 19:31:33.770,0.64916,0.64935,1.00,1.00
2016.01.19 19:31:33.821,0.64916,0.64938,1.00,1.00
2016.01.19 19:31:33.921,0.64916,0.64941,1.00,1.00
2016.01.19 19:31:34.075,0.64919,0.64941,1.00,1.00
2016.01.19 19:31:34.292,0.64919,0.64944,1.00,1.00
2016.01.19 19:31:34.900,0.64919,0.64945,1.00,1.00
2016.01.19 19:31:36.650,0.64921,0.64945,1.00,1.00
2016.01.19 19:31:45.546,0.64921,0.64944,1.00,1.00
2016.01.19 19:31:46.120,0.64921,0.64943,1.00,1.00
2016.01.19 19:31:46.262,0.64919,0.64943,1.00,1.00
2016.01.19 19:31:47.210,0.64921,0.64943,1.00,1.00
2016.01.19 19:31:47.306,0.64921,0.64945,1.00,1.00
2016.01.19 19:31:48.213,0.64921,0.64944,1.00,1.00
2016.01.19 19:31:50.853,0.64921,0.64945,1.00,1.00
2016.01.19 19:31:51.383,0.64921,0.64944,1.00,1.00
2016.01.19 19:31:51.991,0.64922,0.64944,1.00,1.00
2016.01.19 19:31:52.833,0.64922,0.64947,1.00,1.00
2016.01.19 19:31:55.261,0.64922,0.64946,1.00,1.00
2016.01.19 19:31:55.462,0.64921,0.64944,1.00,1.00
2016.01.19 19:31:55.679,0.64919,0.64944,1.00,1.00
2016.01.19 19:31:56.566,0.64919,0.64942,1.00,1.00
2016.01.19 19:31:57.077,0.64918,0.64941,1.00,1.00
2016.01.19 19:31:57.659,0.64916,0.64941,1.00,1.00
2016.01.19 19:31:57.719,0.64918,0.64941,1.00,1.00
2016.01.19 19:31:58.307,0.64918,0.64942,1.00,1.00
2016.01.19 19:31:58.725,0.6492,0.64944,1.00,1.00
2016.01.19 19:32:00.428,0.6492,0.64945,1.00,1.00
2016.01.19 19:32:00.729,0.64917,0.64941,1.00,1.00
2016.01.19 19:32:03.066,0.64917,0.64942,1.00,1.00
2016.01.19 19:32:04.057,0.64917,0.64944,1.00,1.00
2016.01.19 19:32:04.228,0.6492,0.64944,1.00,1.00
2016.01.19 19:32:06.347,0.6492,0.64945,1.00,1.50
2016.01.19 19:32:06.694,0.6492,0.64942,1.00,1.00
2016.01.19 19:32:07.307,0.6492,0.64943,1.00,1.00
2016.01.19 19:32:09.463,0.64917,0.64943,1.00,1.00
2016.01.19 19:32:09.563,0.64915,0.64939,1.00,1.00
2016.01.19 19:32:09.834,0.64913,0.64939,1.00,1.00
2016.01.19 19:32:10.354,0.64913,0.64938,1.00,1.00
2016.01.19 19:32:11.838,0.64913,0.6494,1.00,1.00
2016.01.19 19:32:13.926,0.64913,0.64938,1.00,1.00
2016.01.19 19:32:16.379,0.64913,0.64939,1.00,1.00
2016.01.19 19:32:16.892,0.64913,0.64938,1.00,1.00
2016.01.19 19:32:17.564,0.64913,0.64936,1.00,1.00
2016.01.19 19:32:18.135,0.64913,0.64937,1.00,1.00
2016.01.19 19:32:18.539,0.64915,0.64938,1.00,1.00
2016.01.19 19:32:18.589,0.64915,0.6494,1.00,1.00
2016.01.19 19:32:18.690,0.64914,0.64937,1.00,1.00
2016.01.19 19:32:18.767,0.64914,0.64939,1.00,1.00
2016.01.19 19:32:19.252,0.64915,0.64942,1.00,1.00
2016.01.19 19:32:19.302,0.64917,0.64942,1.00,1.00
2016.01.19 19:32:19.453,0.64919,0.64945,1.00,1.00
2016.01.19 19:32:19.960,0.6492,0.64945,1.00,1.00
2016.01.19 19:32:25.372,0.6492,0.64944,1.00,1.00
2016.01.19 19:32:25.883,0.64919,0.64942,1.00,1.00
2016.01.19 19:32:28.676,0.64917,0.64941,1.00,1.00
2016.01.19 19:32:28.886,0.64916,0.64939,1.00,1.00
2016.01.19 19:32:29.219,0.64914,0.6494,1.00,1.00
2016.01.19 19:32:29.930,0.64914,0.64939,1.00,1.00
2016.01.19 19:32:30.970,0.64912,0.64939,1.00,1.00
2016.01.19 19:32:32.112,0.64912,0.64938,1.00,1.00
2016.01.19 19:32:32.626,0.64912,0.64936,1.00,1.00
2016.01.19 19:32:33.188,0.64912,0.64937,1.00,1.00
2016.01.19 19:32:33.506,0.6491,0.64935,1.00,1.00
2016.01.19 19:32:34.222,0.6491,0.64934,1.00,1.00
2016.01.19 19:32:35.493,0.64913,0.64938,1.00,1.00
2016.01.19 19:32:36.035,0.64913,0.64939,1.00,1.00
2016.01.19 19:32:36.475,0.64914,0.64941,1.50,1.50
2016.01.19 19:32:36.858,0.64916,0.64941,1.00,1.00
2016.01.19 19:32:37.396,0.64917,0.64943,1.00,1.00
2016.01.19 19:32:38.847,0.64919,0.64943,1.00,1.00
2016.01.19 19:32:39.132,0.6492,0.64945,1.00,1.00
2016.01.19 19:32:39.658,0.6492,0.64946,1.00,1.00
2016.01.19 19:32:45.496,0.6492,0.64944,1.00,1.00
2016.01.19 19:32:47.959,0.64922,0.64944,1.00,1.00
2016.01.19 19:32:48.061,0.64922,0.64946,1.00,1.00
2016.01.19 19:32:49.265,0.64922,0.64947,1.00,1.00
2016.01.19 19:32:49.676,0.64922,0.6495,1.00,1.00
2016.01.19 19:32:49.727,0.64925,0.6495,1.00,1.00
2016.01.19 19:32:50.465,0.64925,0.64949,1.00,1.00
2016.01.19 19:32:51.107,0.64925,0.64951,1.00,1.00
2016.01.19 19:32:51.157,0.64927,0.64951,1.00,1.00
2016.01.19 19:32:51.437,0.64927,0.64953,1.00,1.00
2016.01.19 19:32:51.689,0.64927,0.64951,1.00,1.00
2016.01.19 19:32:52.006,0.64926,0.64948,1.00,1.00
2016.01.19 19:32:52.871,0.64926,0.64947,1.00,1.00
2016.01.19 19:32:55.068,0.64925,0.64947,1.00,1.00
2016.01.19 19:32:55.395,0.64925,0.64945,1.00,1.00
2016.01.19 19:32:55.728,0.64922,0.64945,1.00,1.00
2016.01.19 19:32:56.727,0.64922,0.64946,1.00,1.00
2016.01.19 19:32:57.501,0.64922,0.64945,1.00,1.00
2016.01.19 19:32:58.035,0.64922,0.64946,1.00,1.00
2016.01.19 19:32:58.920,0.64922,0.64948,1.00,1.00
2016.01.19 19:33:02.309,0.64923,0.64948,1.00,1.00
2016.01.19 19:33:02.410,0.64925,0.64949,1.00,1.00
2016.01.19 19:33:02.878,0.64925,0.64952,1.00,1.00
2016.01.19 19:33:03.029,0.64927,0.64952,1.00,1.00
2016.01.19 19:33:03.230,0.64927,0.64954,1.00,1.00
2016.01.19 19:33:03.953,0.6493,0.64954,1.00,1.00
2016.01.19 19:33:04.483,0.6493,0.64955,1.00,1.00
2016.01.19 19:33:05.026,0.64931,0.64956,1.00,1.00
2016.01.19 19:33:05.332,0.64933,0.64961,1.00,1.00
2016.01.19 19:33:05.543,0.64932,0.64954,1.00,1.00
2016.01.19 19:33:06.261,0.64932,0.64956,1.00,1.00
2016.01.19 19:33:06.627,0.64933,0.64959,1.00,1.00
2016.01.19 19:33:06.946,0.64932,0.64956,1.00,1.00
2016.01.19 19:33:07.491,0.64931,0.64956,1.00,1.00
2016.01.19 19:33:08.045,0.64931,0.64953,1.00,1.00
2016.01.19 19:33:08.481,0.64928,0.64953,1.00,1.00
2016.01.19 19:33:08.531,0.64928,0.6495,1.00,1.00
2016.01.19 19:33:08.849,0.64926,0.64948,1.00,1.00
2016.01.19 19:33:09.207,0.64924,0.64948,1.00,1.00
2016.01.19 19:33:09.751,0.64924,0.64949,1.00,1.00
2016.01.19 19:33:13.815,0.64924,0.64948,1.00,1.00
2016.01.19 19:33:14.107,0.64922,0.64948,1.00,1.00
2016.01.19 19:33:14.208,0.64922,0.64946,1.00,1.00
2016.01.19 19:33:15.189,0.64921,0.64946,1.00,1.00
2016.01.19 19:33:19.843,0.64923,0.64947,1.00,1.00
2016.01.19 19:33:19.944,0.64923,0.64949,1.00,1.00
2016.01.19 19:33:20.953,0.64925,0.6495,1.00,1.50
2016.01.19 19:33:21.708,0.64926,0.6495,1.00,1.00
2016.01.19 19:33:22.167,0.64929,0.6495,1.00,1.00
2016.01.19 19:33:23.897,0.6493,0.6495,1.00,1.00
2016.01.19 19:33:23.987,0.64927,0.6495,1.00,1.00
2016.01.19 19:33:25.204,0.64927,0.64952,1.00,1.00
2016.01.19 19:33:25.770,0.64927,0.64953,1.00,1.00
2016.01.19 19:33:29.384,0.64927,0.64952,1.00,1.00
2016.01.19 19:33:29.894,0.64927,0.64951,1.00,1.00
2016.01.19 19:33:30.639,0.64927,0.64953,1.00,1.00
2016.01.19 19:33:31.225,0.64931,0.64953,1.00,1.00
2016.01.19 19:33:31.275,0.64931,0.64955,1.00,1.00
2016.01.19 19:33:31.376,0.64933,0.64959,1.00,1.00
2016.01.19 19:33:32.045,0.64933,0.64958,1.00,1.00
2016.01.19 19:33:32.146,0.64933,0.64956,1.00,1.00
2016.01.19 19:33:32.423,0.6493,0.64954,1.00,1.00
2016.01.19 19:33:33.688,0.64929,0.64954,1.00,1.00
2016.01.19 19:33:34.196,0.64932,0.64955,1.00,1.00
2016.01.19 19:33:35.215,0.64932,0.64956,1.00,1.00
2016.01.19 19:33:35.874,0.64932,0.64957,1.00,1.00
2016.01.19 19:33:36.499,0.64933,0.64957,1.00,1.00
2016.01.19 19:33:36.817,0.64931,0.64953,1.00,1.00
2016.01.19 19:33:37.353,0.64931,0.64955,1.00,1.00
2016.01.19 19:33:37.568,0.64934,0.64957,1.50,1.00
2016.01.19 19:33:37.668,0.64936,0.64962,1.00,1.00
2016.01.19 19:33:38.203,0.64936,0.64961,1.00,1.00
2016.01.19 19:33:38.304,0.64935,0.64959,1.00,1.00
2016.01.19 19:33:38.405,0.64933,0.64958,1.00,1.00
2016.01.19 19:33:38.514,0.64933,0.64956,1.00,1.00
2016.01.19 19:33:40.824,0.64933,0.64957,1.00,1.00
2016.01.19 19:33:44.344,0.64935,0.64957,1.00,1.00
2016.01.19 19:33:44.896,0.64935,0.64959,1.00,1.00
2016.01.19 19:33:45.116,0.64936,0.64965,1.00,1.00
2016.01.19 19:33:45.333,0.64938,0.64965,1.00,1.00
2016.01.19 19:33:45.875,0.64937,0.64964,1.00,1.00
2016.01.19 19:33:46.217,0.64937,0.64962,1.00,1.00
2016.01.19 19:33:47.300,0.64936,0.64962,1.00,1.00
2016.01.19 19:33:47.870,0.64936,0.6496,1.00,1.00
2016.01.19 19:33:48.355,0.64936,0.64958,1.00,1.00
2016.01.19 19:33:48.957,0.64936,0.64961,1.00,1.00
2016.01.19 19:33:52.040,0.64935,0.64961,1.00,1.00
2016.01.19 19:33:52.091,0.64935,0.64959,1.00,1.00
2016.01.19 19:33:52.918,0.64935,0.6496,1.00,1.00
2016.01.19 19:33:54.904,0.64935,0.64957,1.00,1.00
2016.01.19 19:33:55.594,0.64935,0.64958,1.00,1.00
2016.01.19 19:33:55.694,0.64931,0.64957,1.00,1.00
2016.01.19 19:33:55.795,0.64929,0.64952,1.00,1.00
2016.01.19 19:33:56.773,0.64929,0.64953,1.00,1.00
2016.01.19 19:34:06.930,0.64931,0.64954,1.00,1.00
2016.01.19 19:34:07.003,0.64931,0.64956,1.00,1.00
2016.01.19 19:34:08.004,0.64933,0.64956,1.00,1.00
2016.01.19 19:34:08.213,0.64935,0.64961,1.00,1.00
2016.01.19 19:34:09.097,0.64937,0.64962,1.00,1.00
2016.01.19 19:34:09.407,0.64939,0.64962,1.00,1.00
2016.01.19 19:34:09.458,0.64939,0.64965,1.00,1.00
2016.01.19 19:34:09.558,0.64938,0.64962,1.00,1.00
2016.01.19 19:34:15.952,0.64937,0.64962,1.00,1.00
2016.01.19 19:34:19.123,0.64937,0.6496,1.00,1.00
2016.01.19 19:34:19.661,0.64935,0.6496,1.00,1.00
2016.01.19 19:34:21.177,0.64936,0.6496,1.00,1.00
2016.01.19 19:34:21.228,0.64936,0.64962,1.00,1.00
2016.01.19 19:34:21.744,0.64937,0.64961,1.00,1.00
2016.01.19 19:34:22.184,0.64937,0.64959,1.00,1.00
2016.01.19 19:34:22.535,0.64937,0.64956,1.00,1.00
2016.01.19 19:34:22.886,0.64937,0.64959,1.00,1.00
2016.01.19 19:34:23.205,0.64935,0.64963,1.00,1.00
2016.01.19 19:34:23.771,0.64935,0.64962,1.00,1.00
2016.01.19 19:34:24.430,0.64935,0.64963,1.00,1.00
2016.01.19 19:34:24.533,0.64935,0.64961,1.00,1.00
2016.01.19 19:34:29.565,0.64935,0.6496,1.00,1.00
2016.01.19 19:34:29.615,0.64933,0.6496,1.00,1.00
2016.01.19 19:34:30.103,0.64933,0.64962,1.50,1.00
2016.01.19 19:34:31.345,0.64936,0.64962,1.00,1.00
2016.01.19 19:34:32.742,0.64936,0.64963,1.00,1.00
2016.01.19 19:34:33.393,0.64938,0.64963,1.00,1.00
2016.01.19 19:34:33.513,0.64938,0.64966,1.00,1.00
2016.01.19 19:34:38.133,0.64938,0.64965,1.00,1.00
2016.01.19 19:34:39.233,0.64938,0.64966,1.00,1.00
2016.01.19 19:34:39.334,0.64941,0.64966,1.00,1.00
2016.01.19 19:34:40.039,0.64941,0.64967,1.00,1.00
2016.01.19 19:34:44.292,0.64941,0.64966,1.00,1.00
2016.01.19 19:34:50.364,0.64939,0.64965,1.00,1.00
2016.01.19 19:34:51.113,0.64939,0.64964,1.00,1.00
2016.01.19 19:34:51.450,0.64937,0.64964,1.00,1.00
2016.01.19 19:34:51.889,0.64934,0.64961,1.00,1.00
2016.01.19 19:34:52.343,0.64933,0.64956,1.00,1.00
2016.01.19 19:34:52.577,0.64933,0.6496,1.00,1.00
2016.01.19 19:34:52.954,0.64931,0.6496,1.50,1.00
2016.01.19 19:34:53.004,0.64931,0.64958,1.00,1.00
2016.01.19 19:34:53.530,0.64931,0.64957,1.00,1.00
2016.01.19 19:34:53.893,0.64928,0.64953,1.00,1.00
2016.01.19 19:34:54.332,0.64928,0.64955,1.50,1.00
2016.01.19 19:34:54.652,0.64928,0.64957,1.50,1.00
2016.01.19 19:34:55.262,0.64929,0.64956,1.00,1.00
2016.01.19 19:34:55.782,0.64928,0.64957,1.50,1.00
2016.01.19 19:34:55.972,0.6493,0.64954,1.00,1.00
2016.01.19 19:34:56.225,0.6493,0.64957,1.00,1.00
2016.01.19 19:34:56.912,0.6493,0.64958,1.00,1.00
2016.01.19 19:34:57.137,0.64932,0.64958,1.00,1.00
2016.01.19 19:34:58.282,0.6493,0.64956,1.00,1.00
2016.01.19 19:34:58.892,0.6493,0.64955,1.00,1.00
2016.01.19 19:35:00.194,0.64928,0.64955,1.50,1.00
2016.01.19 19:35:00.322,0.64932,0.64957,1.00,1.00
2016.01.19 19:35:00.494,0.64932,0.64959,1.00,1.00
2016.01.19 19:35:00.904,0.64932,0.64957,1.00,1.00
2016.01.19 19:35:02.555,0.64932,0.64958,1.00,1.00
2016.01.19 19:35:03.874,0.64932,0.64959,1.00,1.00
2016.01.19 19:35:04.276,0.64932,0.64956,1.00,1.00
2016.01.19 19:35:10.118,0.64931,0.64956,1.00,1.00
2016.01.19 19:35:10.634,0.64931,0.64955,1.00,1.00
2016.01.19 19:35:10.977,0.64927,0.64951,1.00,1.00
2016.01.19 19:35:11.623,0.64926,0.6495,1.00,1.00
2016.01.19 19:35:12.127,0.64926,0.64949,1.00,1.00
2016.01.19 19:35:12.666,0.64926,0.6495,1.00,1.00
2016.01.19 19:35:13.274,0.64925,0.64951,1.00,1.00
2016.01.19 19:35:16.845,0.64924,0.64951,1.00,1.50
2016.01.19 19:35:17.175,0.64925,0.64949,1.00,1.00
2016.01.19 19:35:17.975,0.64925,0.6495,1.00,1.00
2016.01.19 19:35:18.833,0.64925,0.64951,1.00,1.50
2016.01.19 19:35:20.404,0.64925,0.6495,1.00,1.00
2016.01.19 19:35:21.005,0.64925,0.64951,1.00,1.00
2016.01.19 19:35:21.681,0.64925,0.64952,1.00,1.00
2016.01.19 19:35:21.803,0.64925,0.64954,1.50,1.00
2016.01.19 19:35:22.141,0.64926,0.64952,1.00,1.00
2016.01.19 19:35:22.671,0.64927,0.64952,1.00,1.00
2016.01.19 19:35:24.433,0.64927,0.64954,1.00,1.00
2016.01.19 19:35:24.584,0.64926,0.64951,1.00,1.00
2016.01.19 19:35:24.792,0.64924,0.6495,1.00,1.00
2016.01.19 19:35:25.564,0.64924,0.64951,1.00,1.00
2016.01.19 19:35:25.615,0.64924,0.64948,1.00,1.00
2016.01.19 19:35:25.770,0.64924,0.64951,1.00,2.25
2016.01.19 19:35:25.984,0.64927,0.64954,1.00,1.00
2016.01.19 19:35:26.451,0.64928,0.64956,1.00,1.50
2016.01.19 19:35:27.169,0.64928,0.64955,1.00,1.00
2016.01.19 19:35:28.075,0.64928,0.64953,1.00,1.00
2016.01.19 19:35:28.176,0.64926,0.64953,1.00,1.00
2016.01.19 19:35:28.276,0.64924,0.64953,1.50,1.00
2016.01.19 19:35:28.405,0.64924,0.64949,1.00,1.00
2016.01.19 19:35:30.493,0.64924,0.6495,1.00,1.00
2016.01.19 19:35:40.613,0.64924,0.64948,1.00,1.00
2016.01.19 19:35:40.973,0.64927,0.6495,1.00,1.50
2016.01.19 19:35:41.074,0.64925,0.6495,1.00,1.00
2016.01.19 19:35:41.611,0.64926,0.64951,1.00,1.00
2016.01.19 19:35:41.713,0.64926,0.64953,1.00,1.00
2016.01.19 19:35:43.779,0.64928,0.64953,1.00,1.00
2016.01.19 19:35:48.777,0.64927,0.64953,1.00,1.00
2016.01.19 19:35:50.288,0.64928,0.64952,1.00,1.00
2016.01.19 19:35:50.412,0.64928,0.64955,1.00,1.00
2016.01.19 19:35:52.164,0.64928,0.64953,1.00,1.00
2016.01.19 19:35:52.494,0.64928,0.64951,1.00,1.00
2016.01.19 19:35:54.143,0.64928,0.64952,1.00,1.00
2016.01.19 19:35:54.754,0.64927,0.64952,1.00,1.00
2016.01.19 19:35:55.747,0.64925,0.64952,1.00,1.00
2016.01.19 19:35:55.949,0.64922,0.64951,1.00,1.00
2016.01.19 19:35:56.131,0.64921,0.64946,1.00,1.00
2016.01.19 19:35:56.808,0.64921,0.64949,1.00,1.00
2016.01.19 19:35:57.252,0.64921,0.64947,1.00,1.00
2016.01.19 19:35:57.403,0.64919,0.64947,1.50,1.00
2016.01.19 19:35:57.454,0.64919,0.64945,1.00,1.00
2016.01.19 19:35:58.687,0.64921,0.64945,1.00,1.00
2016.01.19 19:35:59.092,0.64923,0.64945,1.00,1.00
2016.01.19 19:36:04.157,0.64923,0.64946,1.00,1.00
2016.01.19 19:36:07.124,0.64923,0.64948,1.00,1.00
2016.01.19 19:36:08.329,0.64922,0.64948,1.00,1.00
2016.01.19 19:36:08.930,0.64922,0.64949,1.50,1.00
2016.01.19 19:36:11.008,0.64922,0.6495,1.00,1.00
2016.01.19 19:36:11.059,0.64924,0.6495,1.00,1.00
2016.01.19 19:36:11.310,0.64925,0.64953,1.00,1.00
2016.01.19 19:36:11.743,0.64925,0.64949,1.00,1.00
2016.01.19 19:36:11.843,0.64923,0.64949,1.00,1.00
2016.01.19 19:36:11.927,0.64926,0.64949,1.00,1.00
2016.01.19 19:36:12.523,0.64926,0.64953,1.00,1.00
2016.01.19 19:36:14.687,0.64927,0.64953,1.00,1.00
2016.01.19 19:36:16.474,0.64927,0.64951,1.00,1.00
2016.01.19 19:36:17.029,0.64925,0.64951,1.00,1.00
2016.01.19 19:36:18.743,0.64923,0.64951,1.00,1.00
2016.01.19 19:36:18.794,0.64923,0.64949,1.00,1.00
2016.01.19 19:36:19.233,0.64922,0.64947,1.00,1.00
2016.01.19 19:36:22.852,0.64922,0.64944,1.00,1.00
2016.01.19 19:36:22.903,0.6492,0.64944,1.00,1.00
2016.01.19 19:36:23.501,0.64919,0.64945,1.00,1.00
2016.01.19 19:36:23.601,0.64919,0.64947,1.00,1.00
2016.01.19 19:36:23.652,0.64917,0.64944,1.50,1.00
2016.01.19 19:36:26.154,0.64918,0.64945,1.00,1.00
2016.01.19 19:36:26.657,0.64919,0.64946,1.50,1.50
2016.01.19 19:36:27.253,0.64916,0.64944,1.00,1.00
2016.01.19 19:36:27.909,0.64917,0.64945,1.00,1.00
2016.01.19 19:36:30.992,0.64917,0.64946,1.50,1.00
2016.01.19 19:36:34.219,0.64917,0.64945,1.00,1.00
2016.01.19 19:36:34.745,0.64917,0.64946,1.50,1.00
2016.01.19 19:36:35.221,0.64917,0.64944,1.50,1.00
2016.01.19 19:36:36.162,0.64917,0.64942,1.00,1.00
2016.01.19 19:36:37.822,0.64917,0.64939,1.00,1.00
2016.01.19 19:36:37.873,0.64915,0.64939,1.00,1.00
2016.01.19 19:36:38.375,0.64914,0.64941,1.50,1.00
2016.01.19 19:36:39.036,0.64915,0.64942,1.00,1.00
2016.01.19 19:36:45.388,0.6492,0.64942,1.00,1.00
2016.01.19 19:36:45.439,0.64921,0.64946,1.00,1.50
2016.01.19 19:36:45.746,0.64922,0.6495,1.00,1.00
2016.01.19 19:36:46.087,0.64922,0.64947,1.00,1.00
2016.01.19 19:36:46.356,0.6492,0.64946,1.00,1.00
2016.01.19 19:36:46.941,0.6492,0.64945,1.00,1.00
2016.01.19 19:36:46.991,0.64922,0.64945,1.00,1.00
2016.01.19 19:36:47.142,0.64922,0.64949,1.00,1.00
2016.01.19 19:36:47.284,0.64922,0.64947,1.00,1.00
2016.01.19 19:36:47.385,0.6492,0.64946,1.00,1.00
2016.01.19 19:36:48.110,0.64919,0.64946,1.00,1.50
2016.01.19 19:36:48.161,0.64916,0.64938,1.00,1.00
2016.01.19 19:36:48.434,0.64913,0.64937,1.00,1.00
2016.01.19 19:36:48.820,0.64913,0.64935,1.00,1.00
2016.01.19 19:36:51.233,0.64913,0.64937,1.00,1.00
2016.01.19 19:36:53.253,0.64914,0.64937,1.00,1.00
2016.01.19 19:36:54.807,0.64913,0.64937,1.00,1.00
2016.01.19 19:36:55.172,0.64911,0.64937,1.00,1.00
2016.01.19 19:36:55.938,0.64911,0.64936,1.00,1.00
2016.01.19 19:36:56.597,0.6491,0.64936,1.00,1.00
2016.01.19 19:36:57.135,0.64911,0.64937,1.00,1.00
2016.01.19 19:36:59.482,0.64911,0.64936,1.00,1.00
2016.01.19 19:37:00.278,0.64913,0.64936,1.00,1.00
2016.01.19 19:37:00.378,0.64913,0.64939,1.00,1.00
2016.01.19 19:37:00.813,0.64911,0.64936,1.00,1.00
2016.01.19 19:37:01.266,0.64911,0.64934,1.00,1.00
2016.01.19 19:37:04.147,0.64909,0.64934,1.00,1.00
2016.01.19 19:37:04.213,0.64909,0.64932,1.00,1.00
2016.01.19 19:37:05.830,0.64908,0.64932,1.00,1.00
2016.01.19 19:37:06.546,0.64908,0.64931,1.00,1.00
2016.01.19 19:37:06.741,0.64908,0.64933,1.00,1.00
2016.01.19 19:37:06.852,0.64908,0.64936,1.00,1.00
2016.01.19 19:37:07.080,0.64908,0.64933,1.00,1.00
2016.01.19 19:37:09.931,0.64908,0.64934,1.00,1.00
2016.01.19 19:37:11.812,0.64906,0.64934,1.00,1.50
2016.01.19 19:37:11.913,0.64906,0.64932,1.00,1.50
2016.01.19 19:37:12.487,0.64906,0.6493,1.00,1.00
2016.01.19 19:37:13.082,0.64905,0.6493,1.00,1.00
2016.01.19 19:37:13.588,0.64905,0.64931,1.00,1.00
2016.01.19 19:37:15.543,0.64905,0.64932,1.00,1.00
2016.01.19 19:37:15.868,0.64908,0.64932,1.00,1.00
2016.01.19 19:37:16.971,0.64908,0.64933,1.00,1.00
2016.01.19 19:37:18.196,0.64908,0.64931,1.00,1.00
2016.01.19 19:37:18.525,0.64911,0.64936,1.00,1.00
2016.01.19 19:37:19.090,0.64912,0.64936,1.00,1.00
2016.01.19 19:37:22.590,0.64912,0.64935,1.00,1.00
2016.01.19 19:37:22.691,0.64912,0.64937,1.00,1.00
2016.01.19 19:37:23.242,0.64912,0.6494,1.00,1.00
2016.01.19 19:37:23.697,0.64915,0.6494,1.00,1.00
2016.01.19 19:37:24.213,0.64915,0.64941,1.00,1.00
2016.01.19 19:37:25.311,0.64915,0.64942,1.00,1.00
2016.01.19 19:37:27.466,0.64917,0.64942,1.00,1.00
2016.01.19 19:37:27.982,0.64917,0.64941,1.00,1.00
2016.01.19 19:37:28.907,0.64918,0.64941,1.00,1.00
2016.01.19 19:37:29.209,0.64921,0.64946,1.00,1.00
2016.01.19 19:37:29.915,0.64921,0.64947,1.00,1.00
2016.01.19 19:37:29.965,0.64923,0.64947,1.00,1.00
2016.01.19 19:37:30.208,0.64923,0.64949,1.00,1.00
2016.01.19 19:37:33.162,0.64923,0.64951,1.00,1.00
2016.01.19 19:37:33.271,0.64925,0.64954,1.00,1.00
2016.01.19 19:37:33.527,0.64928,0.64953,1.00,1.00
2016.01.19 19:37:33.922,0.64927,0.6495,1.00,1.00
2016.01.19 19:37:33.973,0.64925,0.6495,1.00,1.00
2016.01.19 19:37:34.241,0.64925,0.64952,1.00,1.00
2016.01.19 19:37:37.448,0.64927,0.64952,1.00,1.00
2016.01.19 19:37:37.778,0.64927,0.64956,1.50,1.00
2016.01.19 19:37:38.287,0.64928,0.64956,1.00,1.00
2016.01.19 19:37:38.338,0.64931,0.64956,1.00,1.00
2016.01.19 19:37:39.194,0.64931,0.64955,1.00,1.00
2016.01.19 19:37:39.912,0.6493,0.64954,1.00,1.00
2016.01.19 19:37:40.516,0.6493,0.64953,1.00,1.00
2016.01.19 19:37:41.502,0.6493,0.64954,1.00,1.00
2016.01.19 19:37:42.491,0.6493,0.64953,1.00,1.00
2016.01.19 19:37:42.603,0.6493,0.64955,1.00,1.00
2016.01.19 19:37:42.849,0.6493,0.64952,1.00,1.00
2016.01.19 19:37:44.188,0.6493,0.64955,1.00,1.00
2016.01.19 19:37:45.244,0.6493,0.64956,1.00,1.50
2016.01.19 19:37:45.351,0.6493,0.64954,1.00,1.00
2016.01.19 19:37:46.145,0.64931,0.64954,1.00,1.00
2016.01.19 19:37:47.331,0.64931,0.64956,1.00,1.00
2016.01.19 19:37:47.381,0.64933,0.64956,1.00,1.00
2016.01.19 19:37:47.707,0.64936,0.64957,1.00,1.00
2016.01.19 19:37:47.853,0.64939,0.64961,1.00,1.50
2016.01.19 19:37:48.225,0.64939,0.64964,1.00,1.00
2016.01.19 19:37:49.772,0.64943,0.64966,1.00,1.00
2016.01.19 19:37:49.872,0.64944,0.64971,1.00,1.00
2016.01.19 19:37:50.332,0.64944,0.64968,1.00,1.00
2016.01.19 19:37:50.682,0.64944,0.64962,1.00,1.00
2016.01.19 19:37:50.782,0.64939,0.64962,1.00,1.00
2016.01.19 19:37:50.956,0.64937,0.64962,1.00,1.00
2016.01.19 19:37:51.951,0.64937,0.64959,1.00,1.00
2016.01.19 19:37:53.711,0.64937,0.64962,1.00,1.00
2016.01.19 19:37:54.266,0.64938,0.64962,1.00,1.00
2016.01.19 19:37:56.931,0.64938,0.6496,1.00,1.00
2016.01.19 19:38:01.446,0.64937,0.6496,1.00,1.00
2016.01.19 19:38:01.652,0.64937,0.64962,1.00,1.00
2016.01.19 19:38:04.125,0.6494,0.64962,1.00,1.00
2016.01.19 19:38:04.175,0.6494,0.64964,1.00,1.00
2016.01.19 19:38:06.910,0.6494,0.64963,1.00,1.00
2016.01.19 19:38:10.540,0.6494,0.64961,1.00,1.00
2016.01.19 19:38:10.905,0.6494,0.64963,1.00,1.00
2016.01.19 19:38:11.113,0.64941,0.64968,1.00,1.00
2016.01.19 19:38:11.214,0.64941,0.6497,1.00,1.00
2016.01.19 19:38:11.421,0.6494,0.64967,1.50,1.00
2016.01.19 19:38:11.731,0.64943,0.64967,1.00,1.00
2016.01.19 19:38:12.216,0.64945,0.64967,1.00,1.00
2016.01.19 19:38:13.641,0.64946,0.64971,1.00,1.00
2016.01.19 19:38:13.742,0.6495,0.64972,1.00,1.00
2016.01.19 19:38:13.972,0.64948,0.64977,1.50,1.00
2016.01.19 19:38:14.072,0.64948,0.6497,1.00,1.00
2016.01.19 19:38:14.273,0.64946,0.6497,1.50,1.00
2016.01.19 19:38:14.825,0.64946,0.64971,1.00,1.00
2016.01.19 19:38:15.203,0.64946,0.64974,1.00,1.00
2016.01.19 19:38:15.656,0.6495,0.64974,1.00,1.00
2016.01.19 19:38:16.298,0.6495,0.64973,1.00,1.00
2016.01.19 19:38:16.847,0.6495,0.64974,1.00,1.00
2016.01.19 19:38:17.397,0.6495,0.64975,1.00,1.00
2016.01.19 19:38:17.711,0.64953,0.64976,1.00,1.00
2016.01.19 19:38:17.961,0.6495,0.64976,1.00,1.00
2016.01.19 19:38:18.062,0.6495,0.64974,1.00,1.00
2016.01.19 19:38:18.264,0.6495,0.64976,1.00,1.00
2016.01.19 19:38:18.714,0.6495,0.64973,1.00,1.00
2016.01.19 19:38:19.033,0.6495,0.64976,1.00,1.00
2016.01.19 19:38:19.234,0.64952,0.64976,1.00,1.00
2016.01.19 19:38:19.602,0.6495,0.64974,1.00,1.00
2016.01.19 19:38:19.936,0.64947,0.6497,1.00,1.00
2016.01.19 19:38:21.760,0.64947,0.64972,1.00,1.00
2016.01.19 19:38:21.810,0.64949,0.64972,1.00,1.00
2016.01.19 19:38:22.458,0.64949,0.64974,1.00,1.00
2016.01.19 19:38:22.558,0.64949,0.64976,1.00,1.00
2016.01.19 19:38:23.160,0.64949,0.64975,1.00,1.00
2016.01.19 19:38:24.532,0.64949,0.64973,1.00,1.00
2016.01.19 19:38:24.683,0.64947,0.64973,1.00,1.00
2016.01.19 19:38:24.734,0.64947,0.6497,1.00,1.00
2016.01.19 19:38:24.994,0.64945,0.64969,1.00,1.00
2016.01.19 19:38:27.150,0.64945,0.64968,1.00,1.00
2016.01.19 19:38:27.725,0.64944,0.64968,1.00,1.00
2016.01.19 19:38:29.321,0.64946,0.64972,1.00,1.00
2016.01.19 19:38:29.680,0.64946,0.64974,1.00,1.00
2016.01.19 19:38:30.130,0.64946,0.6497,1.00,1.00
2016.01.19 19:38:30.565,0.64944,0.64971,1.50,1.50
2016.01.19 19:38:34.410,0.64944,0.6497,1.00,1.00
2016.01.19 19:38:35.815,0.64946,0.6497,1.00,1.00
2016.01.19 19:38:35.865,0.64946,0.64972,1.00,1.00
2016.01.19 19:38:37.396,0.64946,0.64974,1.00,1.00
2016.01.19 19:38:37.501,0.64946,0.6497,1.00,1.00
2016.01.19 19:38:37.710,0.64944,0.64971,1.00,1.50
2016.01.19 19:38:37.930,0.64944,0.64968,1.00,1.00
2016.01.19 19:38:38.369,0.64944,0.6497,1.00,1.00
2016.01.19 19:38:40.129,0.64944,0.64968,1.00,1.00
2016.01.19 19:38:44.201,0.64943,0.64968,1.00,1.00
2016.01.19 19:38:44.551,0.64945,0.64967,1.00,1.00
2016.01.19 19:38:45.279,0.64945,0.64968,1.00,1.00
2016.01.19 19:38:45.990,0.64945,0.64969,1.00,1.00
2016.01.19 19:38:46.320,0.64942,0.64969,1.00,1.00
2016.01.19 19:38:47.444,0.64942,0.6497,1.00,1.00
2016.01.19 19:38:47.970,0.64942,0.64967,1.00,1.00
2016.01.19 19:38:48.376,0.64945,0.64966,1.00,1.00
2016.01.19 19:38:48.490,0.64945,0.64968,1.00,1.00
2016.01.19 19:38:49.041,0.64945,0.64966,1.00,1.00
2016.01.19 19:38:49.142,0.64942,0.64966,1.00,1.00
2016.01.19 19:38:49.620,0.64941,0.64964,1.00,1.00
2016.01.19 19:38:50.150,0.6494,0.64966,1.00,1.50
2016.01.19 19:38:53.770,0.6494,0.64964,1.00,1.00
2016.01.19 19:38:57.218,0.6494,0.64966,1.00,2.25
2016.01.19 19:38:57.612,0.64942,0.64967,1.00,1.00
2016.01.19 19:38:57.662,0.64942,0.64969,1.00,1.00
2016.01.19 19:38:57.725,0.64944,0.64969,1.00,1.00
2016.01.19 19:38:57.839,0.64944,0.64971,1.00,1.50
2016.01.19 19:38:58.593,0.64944,0.6497,1.00,1.50
2016.01.19 19:39:00.041,0.64944,0.64968,1.00,1.00
2016.01.19 19:39:00.572,0.64944,0.64969,1.00,1.00
2016.01.19 19:39:01.233,0.64944,0.64968,1.00,1.00
2016.01.19 19:39:03.281,0.64943,0.64968,1.00,1.00
2016.01.19 19:39:03.670,0.64942,0.64966,1.00,1.00
2016.01.19 19:39:05.155,0.6494,0.64966,1.00,1.00
2016.01.19 19:39:05.671,0.6494,0.64967,1.50,1.00
2016.01.19 19:39:05.869,0.6494,0.64969,1.50,1.00
2016.01.19 19:39:05.970,0.64942,0.64969,1.00,1.00
2016.01.19 19:39:06.658,0.64942,0.64966,1.00,1.00
2016.01.19 19:39:10.709,0.64942,0.64968,1.00,1.00
2016.01.19 19:39:11.289,0.64942,0.64967,1.00,1.00
2016.01.19 19:39:13.143,0.64942,0.64969,1.00,1.00
2016.01.19 19:39:17.552,0.64942,0.64971,1.00,1.50
2016.01.19 19:39:18.020,0.64944,0.64972,1.00,1.00
2016.01.19 19:39:18.401,0.64946,0.64973,1.00,1.00
2016.01.19 19:39:19.863,0.64946,0.6497,1.00,1.00
2016.01.19 19:39:20.139,0.64944,0.6497,1.00,1.00
2016.01.19 19:39:23.915,0.64947,0.6497,1.00,1.00
2016.01.19 19:39:24.429,0.64947,0.64971,1.00,1.00
2016.01.19 19:39:24.480,0.64947,0.64973,1.00,1.00
2016.01.19 19:39:27.539,0.64947,0.64972,1.00,1.00
2016.01.19 19:39:30.545,0.64947,0.64973,1.00,1.00
2016.01.19 19:39:31.200,0.64946,0.64973,1.00,1.00
2016.01.19 19:39:36.809,0.64946,0.64971,1.00,1.00
2016.01.19 19:39:39.240,0.64946,0.6497,1.00,1.00
2016.01.19 19:39:40.902,0.64943,0.6497,1.00,1.50
2016.01.19 19:39:41.003,0.64943,0.64968,1.00,1.00
2016.01.19 19:39:41.552,0.64942,0.64968,1.00,1.00
2016.01.19 19:39:41.864,0.64944,0.64968,1.00,1.00
2016.01.19 19:39:43.306,0.64944,0.64967,1.00,1.00
2016.01.19 19:39:43.928,0.64944,0.64969,1.00,1.00
2016.01.19 19:39:49.318,0.64944,0.6497,1.00,1.00
2016.01.19 19:39:49.369,0.64944,0.64965,1.00,1.00
2016.01.19 19:39:49.808,0.64946,0.6497,1.00,1.50
2016.01.19 19:39:54.945,0.64946,0.64969,1.00,1.00
2016.01.19 19:39:58.668,0.64946,0.6497,1.00,1.00
2016.01.19 19:39:58.724,0.64944,0.6497,1.00,1.00
2016.01.19 19:39:58.779,0.64944,0.64968,1.00,1.00
2016.01.19 19:39:58.930,0.64941,0.64968,1.00,1.00
2016.01.19 19:39:59.324,0.64944,0.64969,1.00,1.00
2016.01.19 19:40:03.550,0.64944,0.64965,1.00,1.00
2016.01.19 19:40:03.711,0.64942,0.64965,1.00,1.00
2016.01.19 19:40:04.489,0.64941,0.64965,1.00,1.00
2016.01.19 19:40:06.415,0.64943,0.64965,1.00,1.00
2016.01.19 19:40:07.898,0.64946,0.64965,1.00,1.00
2016.01.19 19:40:07.998,0.64946,0.64969,1.00,1.00
2016.01.19 19:40:08.239,0.64946,0.64971,1.00,1.50
2016.01.19 19:40:13.010,0.64946,0.6497,1.00,1.00
2016.01.19 19:40:13.611,0.64946,0.64971,1.00,1.50
2016.01.19 19:40:14.154,0.64947,0.64971,1.00,1.00
2016.01.19 19:40:22.649,0.64947,0.64972,1.00,1.00
2016.01.19 19:40:22.935,0.64945,0.64971,1.00,1.00
2016.01.19 19:40:25.179,0.64945,0.6497,1.00,1.00
2016.01.19 19:40:27.910,0.64943,0.6497,1.00,1.00
2016.01.19 19:40:29.719,0.64943,0.64972,1.50,1.00
2016.01.19 19:40:30.832,0.64943,0.64971,1.50,1.00
2016.01.19 19:40:33.540,0.64943,0.6497,1.00,1.00
2016.01.19 19:40:34.113,0.64943,0.64971,1.00,1.50
2016.01.19 19:40:34.900,0.64943,0.6497,1.00,1.00
2016.01.19 19:40:35.433,0.64943,0.64969,1.00,1.00
2016.01.19 19:40:35.948,0.64943,0.64968,1.00,1.00
2016.01.19 19:40:37.879,0.64943,0.64966,1.00,1.00
2016.01.19 19:40:37.989,0.64943,0.64968,1.00,1.00
2016.01.19 19:40:41.349,0.64943,0.64969,1.00,1.00
2016.01.19 19:40:42.086,0.64943,0.64966,1.00,1.00
2016.01.19 19:40:42.159,0.64943,0.64969,1.00,1.00
2016.01.19 19:40:52.239,0.64943,0.64968,1.00,1.00
2016.01.19 19:40:52.981,0.64943,0.64966,1.00,1.00
2016.01.19 19:40:53.155,0.64943,0.64968,1.00,1.00
2016.01.19 19:40:54.438,0.64943,0.64967,1.00,1.00
2016.01.19 19:40:55.320,0.64943,0.6497,1.00,1.50
2016.01.19 19:40:55.480,0.64943,0.64965,1.00,1.00
2016.01.19 19:40:56.283,0.64943,0.64966,1.00,1.00
2016.01.19 19:40:57.708,0.64943,0.64965,1.00,1.00
2016.01.19 19:40:58.538,0.64939,0.64965,1.00,1.00
2016.01.19 19:40:58.884,0.64936,0.64964,1.00,1.00
2016.01.19 19:40:58.985,0.64936,0.64962,1.00,1.00
2016.01.19 19:40:59.389,0.64936,0.64959,1.00,1.00
2016.01.19 19:40:59.440,0.64934,0.64959,1.00,1.00
2016.01.19 19:40:59.499,0.64934,0.64957,1.00,1.00
2016.01.19 19:41:01.958,0.64934,0.64959,1.00,1.00
2016.01.19 19:41:02.896,0.64937,0.64959,1.00,1.00
2016.01.19 19:41:02.946,0.64937,0.64961,1.00,1.00
2016.01.19 19:41:02.997,0.64939,0.64961,1.00,1.00
2016.01.19 19:41:03.097,0.64941,0.64966,1.00,1.50
2016.01.19 19:41:03.460,0.64941,0.64964,1.00,1.00
2016.01.19 19:41:06.150,0.64942,0.64964,1.00,1.00
2016.01.19 19:41:06.254,0.64942,0.64966,1.00,1.00
2016.01.19 19:41:08.019,0.64942,0.64967,1.00,1.00
2016.01.19 19:41:10.829,0.64942,0.64966,1.00,1.00
2016.01.19 19:41:11.379,0.64942,0.64965,1.00,1.00
2016.01.19 19:41:11.891,0.64941,0.64964,1.00,1.00
2016.01.19 19:41:11.992,0.64941,0.64966,1.00,1.00
2016.01.19 19:41:12.042,0.64943,0.64966,1.00,1.00
2016.01.19 19:41:12.193,0.64945,0.6497,1.00,1.50
2016.01.19 19:41:12.714,0.64944,0.6497,1.00,1.00
2016.01.19 19:41:13.366,0.64944,0.64969,1.00,1.00
2016.01.19 19:41:14.515,0.64945,0.64969,1.00,1.00
2016.01.19 19:41:14.616,0.64945,0.64971,1.00,1.00
2016.01.19 19:41:14.666,0.64947,0.64971,1.00,1.00
2016.01.19 19:41:15.540,0.64945,0.64971,1.00,1.00
2016.01.19 19:41:15.711,0.64945,0.64969,1.00,1.00
2016.01.19 19:41:15.862,0.64943,0.64969,1.00,1.00
2016.01.19 19:41:16.698,0.64943,0.64967,1.00,1.00
2016.01.19 19:41:16.915,0.64941,0.64967,1.00,1.00
2016.01.19 19:41:18.061,0.64941,0.64964,1.00,1.00
2016.01.19 19:41:18.308,0.64941,0.64967,1.00,1.00
2016.01.19 19:41:18.746,0.64939,0.64967,1.00,1.00
2016.01.19 19:41:18.796,0.64939,0.64964,1.00,1.00
2016.01.19 19:41:19.233,0.64939,0.64962,1.00,1.00
2016.01.19 19:41:22.809,0.64936,0.64962,1.00,1.00
2016.01.19 19:41:24.105,0.64934,0.64962,1.00,1.00
2016.01.19 19:41:24.249,0.64934,0.6496,1.00,1.00
2016.01.19 19:41:24.707,0.64935,0.64962,1.00,1.00
2016.01.19 19:41:25.289,0.64936,0.64962,1.00,1.00
2016.01.19 19:41:25.390,0.64939,0.64962,1.00,1.00
2016.01.19 19:41:25.940,0.64939,0.64963,1.00,1.00
2016.01.19 19:41:28.768,0.64939,0.64964,1.00,1.00
2016.01.19 19:41:29.271,0.64939,0.64965,1.00,1.00
2016.01.19 19:41:29.641,0.64939,0.64963,1.00,1.00
2016.01.19 19:41:32.702,0.64936,0.64963,1.00,1.00
2016.01.19 19:41:32.938,0.64936,0.6496,1.00,1.00
2016.01.19 19:41:33.453,0.64936,0.64961,1.00,1.00
2016.01.19 19:41:41.897,0.64938,0.64961,1.00,1.00
2016.01.19 19:41:42.099,0.64939,0.64965,1.00,1.00
2016.01.19 19:41:43.124,0.64936,0.64965,1.00,1.00
2016.01.19 19:41:46.358,0.64936,0.64963,1.00,1.00
2016.01.19 19:41:46.508,0.64941,0.6497,1.00,1.00
2016.01.19 19:41:47.275,0.64942,0.64971,1.00,1.00
2016.01.19 19:41:49.987,0.64943,0.64972,1.00,1.00
2016.01.19 19:41:51.687,0.64945,0.64972,1.00,1.00
2016.01.19 19:41:53.147,0.64943,0.64972,1.00,1.00
2016.01.19 19:41:54.608,0.64943,0.6497,1.00,1.00
2016.01.19 19:41:54.717,0.64941,0.6497,1.50,1.00
2016.01.19 19:41:55.376,0.64944,0.6497,1.00,1.00
2016.01.19 19:41:55.477,0.64941,0.64968,1.50,1.00
2016.01.19 19:41:56.041,0.6494,0.64965,1.00,1.00
2016.01.19 19:41:56.412,0.64939,0.64963,1.00,1.00
2016.01.19 19:41:56.463,0.64935,0.64963,1.00,1.00
2016.01.19 19:41:57.229,0.64936,0.64963,1.00,1.00
2016.01.19 19:41:57.610,0.64941,0.64963,1.00,1.00
2016.01.19 19:41:59.930,0.64941,0.64965,1.00,1.00
2016.01.19 19:42:00.131,0.64941,0.64967,1.00,1.00
2016.01.19 19:42:00.501,0.64946,0.64968,1.00,1.00
2016.01.19 19:42:00.658,0.64946,0.64971,1.00,1.00
2016.01.19 19:42:00.912,0.64946,0.64969,1.00,1.00
2016.01.19 19:42:01.434,0.64944,0.64968,1.00,1.00
2016.01.19 19:42:01.901,0.64945,0.64971,1.00,1.00
2016.01.19 19:42:02.512,0.64945,0.64972,1.00,1.00
2016.01.19 19:42:03.272,0.64945,0.64973,1.00,1.00
2016.01.19 19:42:03.518,0.64945,0.6497,1.00,1.00
2016.01.19 19:42:08.047,0.64945,0.64971,1.00,1.00
2016.01.19 19:42:08.405,0.6495,0.64977,1.00,1.00
2016.01.19 19:42:09.216,0.64951,0.64977,1.00,1.00
2016.01.19 19:42:10.708,0.64953,0.64979,1.00,1.00
2016.01.19 19:42:11.987,0.64953,0.6498,1.00,1.00
2016.01.19 19:42:12.289,0.64955,0.64981,1.00,1.00
2016.01.19 19:42:12.564,0.64958,0.64987,1.00,1.00
2016.01.19 19:42:12.665,0.64961,0.64986,1.00,1.00
2016.01.19 19:42:12.757,0.64961,0.64988,1.00,1.00
2016.01.19 19:42:12.994,0.64964,0.64988,1.00,1.00
2016.01.19 19:42:14.315,0.64964,0.64987,1.00,1.00
2016.01.19 19:42:14.365,0.64962,0.64987,1.00,1.00
2016.01.19 19:42:14.519,0.64962,0.64985,1.00,1.00
2016.01.19 19:42:14.957,0.64962,0.64983,1.00,1.00
2016.01.19 19:42:15.585,0.64959,0.64983,1.00,1.00
2016.01.19 19:42:16.136,0.6496,0.64982,1.00,1.00
2016.01.19 19:42:20.828,0.64958,0.64982,1.00,1.00
2016.01.19 19:42:21.015,0.64958,0.64979,1.00,1.00
2016.01.19 19:42:21.996,0.64958,0.6498,1.00,1.00
2016.01.19 19:42:22.547,0.64958,0.64979,1.00,1.00
2016.01.19 19:42:22.674,0.64956,0.64979,1.00,1.00
2016.01.19 19:42:23.456,0.64955,0.64979,1.00,1.00
2016.01.19 19:42:24.229,0.64955,0.64978,1.00,1.00
2016.01.19 19:42:25.407,0.64955,0.64977,1.00,1.00
2016.01.19 19:42:25.947,0.64954,0.64977,1.00,1.00
2016.01.19 19:42:30.696,0.64954,0.64976,1.00,1.00
2016.01.19 19:42:31.252,0.64954,0.64978,1.00,1.00
2016.01.19 19:42:31.862,0.64954,0.64977,1.00,1.00
2016.01.19 19:42:32.121,0.6495,0.64978,1.00,1.00
2016.01.19 19:42:32.232,0.6495,0.64976,1.00,1.00
2016.01.19 19:42:32.996,0.6495,0.64974,1.00,1.00
2016.01.19 19:42:33.513,0.6495,0.64973,1.00,1.00
2016.01.19 19:42:36.219,0.6495,0.64972,1.00,1.00
2016.01.19 19:42:36.813,0.6495,0.64969,1.00,1.00
2016.01.19 19:42:36.965,0.64944,0.64969,1.50,1.00
2016.01.19 19:42:38.072,0.64944,0.64967,1.00,1.00
2016.01.19 19:42:38.389,0.64944,0.64971,1.00,1.00
2016.01.19 19:42:38.536,0.64942,0.64971,1.50,1.00
2016.01.19 19:42:38.637,0.64942,0.64968,1.00,1.00
2016.01.19 19:42:40.476,0.64942,0.64967,1.00,1.00
2016.01.19 19:42:41.136,0.64942,0.64966,1.00,1.00
2016.01.19 19:42:42.129,0.64942,0.64964,1.00,1.00
2016.01.19 19:42:42.329,0.64936,0.64964,1.00,1.00
2016.01.19 19:42:42.380,0.64938,0.64961,1.00,1.00
2016.01.19 19:42:42.681,0.64938,0.64956,1.00,1.00
2016.01.19 19:42:42.897,0.64938,0.64958,1.00,1.00
2016.01.19 19:42:44.466,0.64938,0.64957,1.00,1.00
2016.01.19 19:42:44.567,0.64933,0.64957,1.00,1.00
2016.01.19 19:42:46.175,0.64932,0.64957,1.00,1.00
2016.01.19 19:42:46.689,0.64933,0.64957,1.00,1.00
2016.01.19 19:42:46.896,0.64933,0.64959,1.00,1.00
2016.01.19 19:42:47.490,0.64932,0.64959,1.00,1.00
2016.01.19 19:42:47.541,0.64936,0.64959,1.00,1.00
2016.01.19 19:42:47.642,0.64936,0.64961,1.00,1.00
2016.01.19 19:42:48.204,0.64938,0.64961,1.00,1.00
2016.01.19 19:42:48.406,0.6494,0.64966,1.00,1.00
2016.01.19 19:42:52.449,0.64937,0.64966,1.50,1.00
2016.01.19 19:42:52.500,0.64937,0.64961,1.00,1.00
2016.01.19 19:42:53.543,0.64936,0.64961,1.00,1.00
2016.01.19 19:42:53.945,0.64936,0.64963,1.50,1.00
2016.01.19 19:42:54.487,0.64936,0.6496,1.00,1.00
2016.01.19 19:42:54.793,0.64932,0.6495,1.00,1.00
2016.01.19 19:42:54.844,0.64927,0.6495,1.00,1.00
2016.01.19 19:42:55.575,0.64929,0.64953,1.00,1.00
2016.01.19 19:42:55.867,0.64927,0.64952,1.00,1.00
2016.01.19 19:42:56.236,0.64929,0.64952,1.00,1.00
2016.01.19 19:42:56.566,0.64926,0.64951,1.00,1.00
2016.01.19 19:42:56.666,0.64926,0.64949,1.00,1.00
2016.01.19 19:42:57.100,0.64926,0.64951,1.00,1.00
2016.01.19 19:42:57.151,0.64929,0.64951,1.00,1.00
2016.01.19 19:42:57.202,0.64927,0.64951,1.00,1.00
2016.01.19 19:42:57.809,0.64927,0.6495,1.00,1.00
2016.01.19 19:42:57.860,0.64927,0.64952,1.00,1.00
2016.01.19 19:43:00.509,0.6493,0.64955,1.00,1.00
2016.01.19 19:43:02.586,0.6493,0.64954,1.00,1.00
2016.01.19 19:43:02.697,0.6493,0.64956,1.00,1.00
2016.01.19 19:43:03.202,0.64931,0.64957,1.00,1.00
2016.01.19 19:43:05.248,0.64933,0.6496,1.00,1.00
2016.01.19 19:43:05.777,0.64933,0.64958,1.00,1.00
2016.01.19 19:43:06.436,0.64933,0.64957,1.00,1.00
2016.01.19 19:43:06.986,0.64933,0.64958,1.00,1.00
2016.01.19 19:43:07.036,0.64931,0.64958,1.00,1.00
2016.01.19 19:43:07.137,0.64933,0.64958,1.00,1.00
2016.01.19 19:43:07.646,0.64933,0.64957,1.00,1.00
2016.01.19 19:43:08.416,0.64933,0.64958,1.00,1.00
2016.01.19 19:43:08.517,0.6493,0.64958,1.00,1.00
2016.01.19 19:43:08.668,0.64926,0.64955,1.50,1.00
2016.01.19 19:43:08.820,0.64926,0.6495,1.00,1.00
2016.01.19 19:43:09.178,0.64923,0.64949,1.00,1.00
2016.01.19 19:43:09.329,0.64923,0.64946,1.00,1.00
2016.01.19 19:43:09.678,0.64922,0.64948,1.00,1.00
2016.01.19 19:43:14.609,0.64922,0.64947,1.00,1.00
2016.01.19 19:43:14.796,0.64922,0.64944,1.00,1.00
2016.01.19 19:43:15.106,0.64928,0.64944,1.00,1.00
2016.01.19 19:43:15.157,0.64929,0.64955,1.00,1.00
2016.01.19 19:43:16.446,0.64929,0.64956,1.00,1.00
2016.01.19 19:43:17.876,0.64929,0.64957,1.00,1.00
2016.01.19 19:43:18.427,0.64929,0.64956,1.00,1.00
2016.01.19 19:43:19.274,0.64929,0.64954,1.00,1.00
2016.01.19 19:43:20.653,0.64928,0.64954,1.00,1.00
2016.01.19 19:43:21.273,0.64928,0.64953,1.00,1.00
2016.01.19 19:43:21.870,0.64926,0.64952,1.00,1.00
2016.01.19 19:43:22.120,0.64923,0.64949,1.00,1.00
2016.01.19 19:43:22.527,0.6492,0.64949,1.50,1.00
2016.01.19 19:43:22.678,0.64923,0.64949,1.00,1.00
2016.01.19 19:43:23.204,0.64923,0.6495,1.00,1.00
2016.01.19 19:43:23.866,0.64924,0.6495,1.00,1.00
2016.01.19 19:43:24.146,0.64925,0.64952,1.50,1.00
2016.01.19 19:43:24.626,0.64927,0.64951,1.00,1.00
2016.01.19 19:43:24.827,0.64927,0.64955,1.00,1.00
2016.01.19 19:43:24.928,0.64927,0.64953,1.00,1.00
2016.01.19 19:43:25.028,0.64927,0.64956,1.50,1.00
2016.01.19 19:43:25.575,0.64929,0.64956,1.00,1.00
2016.01.19 19:43:27.556,0.64927,0.64956,1.50,1.00
2016.01.19 19:43:29.667,0.64929,0.64956,1.00,1.00
2016.01.19 19:43:30.013,0.64929,0.64954,1.00,1.00
2016.01.19 19:43:30.966,0.64929,0.64953,1.00,1.00
2016.01.19 19:43:31.635,0.64927,0.64953,1.00,1.00
2016.01.19 19:43:32.157,0.64925,0.64953,1.00,1.00
2016.01.19 19:43:32.207,0.64924,0.64948,1.00,1.00
2016.01.19 19:43:32.780,0.64924,0.64947,1.00,1.00
2016.01.19 19:43:33.552,0.64923,0.64947,1.00,1.00
2016.01.19 19:43:33.973,0.64921,0.64947,1.00,1.00
2016.01.19 19:43:34.174,0.64918,0.64945,1.00,1.00
2016.01.19 19:43:37.566,0.64918,0.64943,1.00,1.00
2016.01.19 19:43:38.098,0.64916,0.64943,1.00,1.00
2016.01.19 19:43:38.334,0.64914,0.64939,1.00,1.00
2016.01.19 19:43:39.215,0.64914,0.64938,1.50,1.00
2016.01.19 19:43:42.235,0.64913,0.64938,1.00,1.00
2016.01.19 19:43:42.990,0.64913,0.64937,1.00,1.00
2016.01.19 19:43:43.947,0.64913,0.64938,1.00,1.00
2016.01.19 19:43:44.484,0.64914,0.64938,1.00,1.00
2016.01.19 19:43:45.945,0.64914,0.6494,1.00,1.00
2016.01.19 19:43:49.227,0.64914,0.64941,1.00,1.00
2016.01.19 19:43:50.802,0.64915,0.64941,1.00,1.00
2016.01.19 19:43:51.977,0.64915,0.6494,1.00,1.00
2016.01.19 19:43:52.732,0.64915,0.64939,1.50,1.00
2016.01.19 19:43:54.102,0.64915,0.6494,1.00,1.00
2016.01.19 19:43:57.154,0.64915,0.64939,1.00,1.00
2016.01.19 19:43:57.305,0.64913,0.64939,1.00,1.00
2016.01.19 19:43:57.846,0.64913,0.64937,1.00,1.00
2016.01.19 19:43:58.476,0.64913,0.64938,1.00,1.00
2016.01.19 19:43:59.235,0.64913,0.64939,1.00,1.00
2016.01.19 19:44:00.177,0.64915,0.64939,1.00,1.00
2016.01.19 19:44:00.479,0.64915,0.64941,1.00,1.00
2016.01.19 19:44:01.086,0.64915,0.6494,1.00,1.00
2016.01.19 19:44:01.696,0.64915,0.64942,1.00,1.00
2016.01.19 19:44:01.984,0.64918,0.64942,1.00,1.00
2016.01.19 19:44:02.336,0.64919,0.64945,1.50,1.00
2016.01.19 19:44:02.877,0.64917,0.6494,1.00,1.00
2016.01.19 19:44:03.415,0.64916,0.64939,1.00,1.00
2016.01.19 19:44:05.615,0.64916,0.6494,1.00,1.00
2016.01.19 19:44:07.497,0.64916,0.64941,1.00,1.00
2016.01.19 19:44:07.806,0.64919,0.64943,1.00,1.00
2016.01.19 19:44:07.957,0.64921,0.64947,1.00,1.00
2016.01.19 19:44:08.059,0.64924,0.64947,1.00,1.00
2016.01.19 19:44:08.478,0.64924,0.64949,1.00,1.00
2016.01.19 19:44:08.695,0.64925,0.64951,1.00,1.00
2016.01.19 19:44:09.198,0.64925,0.64952,1.00,1.00
2016.01.19 19:44:09.357,0.64927,0.64954,1.00,1.00
2016.01.19 19:44:09.727,0.64927,0.64957,1.00,1.00
2016.01.19 19:44:10.182,0.6493,0.64957,1.00,1.00
2016.01.19 19:44:10.748,0.64931,0.64957,1.00,1.00
2016.01.19 19:44:11.326,0.6493,0.64957,1.00,1.00
2016.01.19 19:44:12.325,0.6493,0.64958,1.00,1.00
2016.01.19 19:44:12.815,0.6493,0.64956,1.00,1.00
2016.01.19 19:44:13.315,0.6493,0.64958,1.00,1.00
2016.01.19 19:44:14.867,0.6493,0.64956,1.00,1.00
2016.01.19 19:44:16.755,0.6493,0.64957,1.00,1.00
2016.01.19 19:44:17.277,0.6493,0.64951,1.00,1.00
2016.01.19 19:44:17.385,0.6493,0.64954,1.00,1.00
2016.01.19 19:44:17.536,0.64928,0.64952,1.00,1.00
2016.01.19 19:44:19.035,0.64928,0.64951,1.00,1.00
2016.01.19 19:44:19.214,0.64924,0.64951,1.50,1.00
2016.01.19 19:44:19.768,0.64924,0.64952,1.00,1.00
2016.01.19 19:44:21.601,0.64924,0.64949,1.00,1.00
2016.01.19 19:44:21.799,0.64924,0.64951,1.00,1.00
2016.01.19 19:44:22.458,0.64924,0.64953,1.50,1.00
2016.01.19 19:44:22.630,0.64927,0.64953,1.00,1.00
2016.01.19 19:44:22.781,0.64927,0.64955,1.00,1.00
2016.01.19 19:44:23.400,0.64927,0.64954,1.00,1.00
2016.01.19 19:44:26.880,0.64927,0.64952,1.00,1.00
2016.01.19 19:44:27.325,0.6493,0.64952,1.00,1.00
2016.01.19 19:44:27.835,0.6493,0.64954,1.00,1.00
2016.01.19 19:44:28.439,0.6493,0.64955,1.00,1.00
2016.01.19 19:44:32.426,0.64927,0.64955,1.00,1.50
2016.01.19 19:44:32.565,0.64927,0.64952,1.00,1.00
2016.01.19 19:44:32.892,0.64925,0.64952,1.00,1.00
2016.01.19 19:44:33.224,0.64925,0.64949,1.00,1.00
2016.01.19 19:44:35.457,0.64924,0.64949,1.00,1.00
2016.01.19 19:44:35.675,0.64924,0.64951,1.00,1.00
2016.01.19 19:44:35.787,0.64922,0.64949,1.00,1.00
2016.01.19 19:44:36.089,0.64922,0.64946,1.00,1.00
2016.01.19 19:44:36.303,0.64922,0.64948,1.00,1.00
2016.01.19 19:44:36.854,0.64922,0.6495,1.00,1.00
2016.01.19 19:44:37.872,0.64923,0.6495,1.00,1.50
2016.01.19 19:44:37.973,0.64923,0.64948,1.00,1.00
2016.01.19 19:44:38.176,0.64924,0.64951,1.00,1.00
2016.01.19 19:44:41.385,0.64925,0.64952,1.00,1.00
2016.01.19 19:44:41.936,0.64925,0.6495,1.00,1.00
2016.01.19 19:44:42.544,0.64927,0.6495,1.00,1.00
2016.01.19 19:44:42.594,0.64927,0.64953,1.00,1.00
2016.01.19 19:44:42.645,0.64929,0.64953,1.00,1.00
2016.01.19 19:44:42.695,0.64929,0.64955,1.00,1.00
2016.01.19 19:44:43.205,0.6493,0.64955,1.00,1.00
2016.01.19 19:44:44.243,0.6493,0.64953,1.00,1.00
2016.01.19 19:44:44.392,0.64928,0.64953,1.00,1.00
2016.01.19 19:44:44.927,0.64928,0.64952,1.00,1.00
2016.01.19 19:44:47.046,0.64926,0.64952,1.00,1.00
2016.01.19 19:44:47.321,0.64923,0.6495,1.00,1.50
2016.01.19 19:44:47.422,0.64923,0.64947,1.00,1.00
2016.01.19 19:44:47.897,0.6492,0.64947,1.00,1.00
2016.01.19 19:44:47.948,0.6492,0.64945,1.00,1.00
2016.01.19 19:44:48.247,0.64918,0.64944,1.00,1.00
2016.01.19 19:44:48.652,0.64917,0.64942,1.00,1.00
2016.01.19 19:44:49.055,0.64921,0.64942,1.00,1.00
2016.01.19 19:44:49.206,0.64921,0.64949,1.00,1.00
2016.01.19 19:44:49.403,0.64921,0.64947,1.00,1.00
2016.01.19 19:44:51.086,0.64921,0.64948,1.00,1.00
2016.01.19 19:44:52.695,0.64921,0.64947,1.00,1.00
2016.01.19 19:44:55.994,0.64921,0.64948,1.00,1.00
2016.01.19 19:44:58.874,0.64921,0.64946,1.00,1.00
2016.01.19 19:45:00.065,0.64921,0.64947,1.00,1.00
2016.01.19 19:45:00.853,0.64921,0.64948,1.00,1.00
2016.01.19 19:45:01.061,0.64916,0.64945,1.50,1.50
2016.01.19 19:45:01.212,0.64916,0.64942,1.00,1.00
2016.01.19 19:45:01.578,0.6492,0.64942,1.00,1.00
2016.01.19 19:45:01.628,0.6492,0.64944,1.00,1.00
2016.01.19 19:45:01.875,0.64916,0.64945,1.50,1.00
2016.01.19 19:45:01.935,0.64916,0.64943,1.50,1.00
2016.01.19 19:45:02.942,0.64914,0.64942,1.50,1.00
2016.01.19 19:45:03.427,0.64912,0.64941,1.00,1.00
2016.01.19 19:45:03.478,0.64909,0.64936,1.50,1.00
2016.01.19 19:45:04.143,0.64909,0.64937,1.00,1.00
2016.01.19 19:45:05.135,0.64908,0.64937,1.00,1.00
2016.01.19 19:45:05.444,0.6491,0.64939,1.00,1.00
2016.01.19 19:45:05.778,0.64909,0.64937,1.00,1.00
2016.01.19 19:45:08.095,0.64909,0.64935,1.00,1.00
2016.01.19 19:45:08.800,0.64909,0.64933,1.00,1.00
2016.01.19 19:45:09.858,0.64909,0.64932,1.00,1.00
2016.01.19 19:45:09.909,0.64907,0.64932,1.00,1.00
2016.01.19 19:45:10.625,0.64907,0.64935,1.00,1.50
2016.01.19 19:45:13.045,0.64907,0.64933,1.00,1.00
2016.01.19 19:45:13.576,0.64907,0.64932,1.00,1.00
2016.01.19 19:45:14.133,0.64907,0.64933,1.00,1.00
2016.01.19 19:45:15.834,0.64909,0.64933,1.00,1.00
2016.01.19 19:45:15.935,0.64909,0.64936,1.00,1.00
2016.01.19 19:45:16.257,0.64908,0.64934,1.00,1.00
2016.01.19 19:45:18.508,0.6491,0.64934,1.00,1.00
2016.01.19 19:45:18.837,0.64909,0.64937,1.00,1.00
2016.01.19 19:45:19.469,0.64909,0.64936,1.00,1.00
2016.01.19 19:45:19.570,0.64909,0.64933,1.00,1.00
2016.01.19 19:45:19.917,0.64908,0.6493,1.00,1.50
2016.01.19 19:45:20.056,0.64904,0.6493,1.00,1.00
2016.01.19 19:45:20.355,0.64902,0.64929,1.00,1.00
2016.01.19 19:45:20.894,0.64901,0.64929,1.00,1.50
2016.01.19 19:45:21.616,0.649,0.64929,1.00,1.00
2016.01.19 19:45:21.666,0.64899,0.64921,1.00,1.00
2016.01.19 19:45:21.875,0.64897,0.64921,1.00,1.00
2016.01.19 19:45:22.008,0.64896,0.64919,1.00,1.00
2016.01.19 19:45:22.058,0.64893,0.64919,1.00,1.00
2016.01.19 19:45:22.176,0.64893,0.64916,1.00,1.00
2016.01.19 19:45:22.776,0.64892,0.64916,1.00,1.00
2016.01.19 19:45:23.968,0.6489,0.64916,1.00,1.00
2016.01.19 19:45:31.663,0.6489,0.64913,1.00,1.00
2016.01.19 19:45:31.744,0.6489,0.64915,1.00,1.00
2016.01.19 19:45:32.747,0.64889,0.64915,1.00,1.00
2016.01.19 19:45:32.847,0.64887,0.64912,1.00,1.00
2016.01.19 19:45:33.003,0.64885,0.64913,1.00,1.00
2016.01.19 19:45:33.608,0.64885,0.64912,1.50,1.00
2016.01.19 19:45:33.988,0.64885,0.6491,1.50,1.00
2016.01.19 19:45:34.545,0.64885,0.64909,1.00,1.00
2016.01.19 19:45:36.804,0.64885,0.6491,1.00,1.00
2016.01.19 19:45:36.935,0.64882,0.64909,1.00,1.00
2016.01.19 19:45:38.757,0.64881,0.64909,1.00,1.50
2016.01.19 19:45:38.807,0.64881,0.64906,1.00,1.00
2016.01.19 19:45:39.146,0.64891,0.64914,1.00,1.00
2016.01.19 19:45:39.247,0.64892,0.6492,1.00,1.00
2016.01.19 19:45:40.790,0.64892,0.64918,1.00,1.00
2016.01.19 19:45:41.555,0.64891,0.64918,1.00,1.50
2016.01.19 19:45:42.092,0.64889,0.64918,1.50,1.50
2016.01.19 19:45:42.921,0.6489,0.64918,1.00,1.00
2016.01.19 19:45:44.174,0.6489,0.64917,1.00,1.00
2016.01.19 19:45:44.678,0.6489,0.64918,1.00,1.00
2016.01.19 19:45:45.286,0.64889,0.64918,1.00,1.50
2016.01.19 19:45:46.264,0.64889,0.64917,1.00,1.00
2016.01.19 19:45:46.806,0.64889,0.64918,1.50,1.50
2016.01.19 19:45:47.015,0.64892,0.64918,1.00,1.50
2016.01.19 19:45:47.066,0.6489,0.64918,1.00,1.00
2016.01.19 19:45:49.243,0.6489,0.64916,1.00,1.00
2016.01.19 19:45:50.247,0.6489,0.64917,1.50,1.00
2016.01.19 19:45:50.598,0.64893,0.64917,1.00,1.00
2016.01.19 19:45:52.575,0.64893,0.64918,1.00,1.00
2016.01.19 19:45:52.687,0.64893,0.6492,1.00,1.00
2016.01.19 19:45:53.523,0.64892,0.6492,1.00,1.00
2016.01.19 19:45:54.637,0.64894,0.6492,1.00,1.00
2016.01.19 19:45:56.316,0.64895,0.64921,1.00,1.00
2016.01.19 19:45:56.517,0.64895,0.64923,1.00,1.00
2016.01.19 19:45:56.825,0.64895,0.64919,1.00,1.00
2016.01.19 19:45:57.352,0.64897,0.64919,1.00,1.00
2016.01.19 19:45:57.452,0.64895,0.64919,1.00,1.00
2016.01.19 19:45:57.997,0.64897,0.64919,1.00,1.00
2016.01.19 19:45:58.048,0.64898,0.64921,1.00,1.00
2016.01.19 19:45:58.149,0.64899,0.64924,1.00,1.00
2016.01.19 19:45:59.113,0.649,0.64924,1.00,1.00
2016.01.19 19:45:59.214,0.64902,0.64929,1.00,1.00
2016.01.19 19:45:59.264,0.64904,0.64929,1.00,1.00
2016.01.19 19:45:59.471,0.64904,0.64932,1.00,1.00
2016.01.19 19:45:59.579,0.64904,0.64929,1.00,1.00
2016.01.19 19:46:00.502,0.64904,0.64931,1.00,1.00
2016.01.19 19:46:01.153,0.64902,0.6493,1.00,1.00
2016.01.19 19:46:01.254,0.64901,0.64926,1.00,1.00
2016.01.19 19:46:01.703,0.649,0.64924,1.00,1.00
2016.01.19 19:46:02.037,0.64903,0.64925,1.00,1.00
2016.01.19 19:46:02.365,0.649,0.64925,1.00,1.00
2016.01.19 19:46:03.559,0.649,0.64926,1.00,1.00
2016.01.19 19:46:03.796,0.64901,0.64929,1.00,1.00
2016.01.19 19:46:04.097,0.64902,0.64931,1.00,1.00
2016.01.19 19:46:04.611,0.64903,0.6493,1.00,1.00
2016.01.19 19:46:04.744,0.64901,0.6493,1.50,1.00
2016.01.19 19:46:05.225,0.64903,0.6493,1.00,1.00
2016.01.19 19:46:05.570,0.64901,0.64927,1.00,1.00
2016.01.19 19:46:05.772,0.64899,0.64928,1.50,1.00
2016.01.19 19:46:07.667,0.649,0.64928,1.50,1.00
2016.01.19 19:46:08.524,0.64902,0.64928,1.00,1.00
2016.01.19 19:46:08.725,0.64904,0.64932,1.50,1.00
2016.01.19 19:46:09.242,0.64904,0.64931,1.50,1.00
2016.01.19 19:46:09.810,0.64904,0.64929,1.00,1.00
2016.01.19 19:46:09.910,0.649,0.64929,1.50,1.00
2016.01.19 19:46:09.961,0.649,0.64927,1.00,1.00
2016.01.19 19:46:10.405,0.64905,0.64928,1.00,1.00
2016.01.19 19:46:10.933,0.64905,0.64931,1.00,1.00
2016.01.19 19:46:11.556,0.64905,0.6493,1.00,1.00
2016.01.19 19:46:13.256,0.64905,0.64931,1.00,1.00
2016.01.19 19:46:14.193,0.64905,0.64929,1.00,1.00
2016.01.19 19:46:14.405,0.64899,0.64929,2.25,1.00
2016.01.19 19:46:15.182,0.64899,0.64928,1.50,1.00
2016.01.19 19:46:16.334,0.64899,0.64927,1.50,1.00
2016.01.19 19:46:16.796,0.64904,0.64928,1.00,1.00
2016.01.19 19:46:16.897,0.64904,0.64931,1.00,1.00
2016.01.19 19:46:17.788,0.64904,0.6493,1.00,1.00
2016.01.19 19:46:18.302,0.64904,0.64931,1.50,1.00
2016.01.19 19:46:18.833,0.64904,0.64933,1.50,1.00
2016.01.19 19:46:19.690,0.64905,0.64933,1.00,1.00
2016.01.19 19:46:20.092,0.64904,0.64931,1.50,1.00
2016.01.19 19:46:20.292,0.64904,0.64933,1.50,1.00
2016.01.19 19:46:20.644,0.64904,0.64931,2.25,1.00
2016.01.19 19:46:22.032,0.64905,0.64931,1.00,1.00
2016.01.19 19:46:23.124,0.64905,0.64933,1.50,1.00
2016.01.19 19:46:23.225,0.64904,0.64931,1.00,1.00
2016.01.19 19:46:24.150,0.64904,0.6493,1.00,1.00
2016.01.19 19:46:24.454,0.64906,0.64933,1.00,1.00
2016.01.19 19:46:26.556,0.64906,0.64934,1.00,1.00
2016.01.19 19:46:26.757,0.64908,0.64936,1.00,1.00
2016.01.19 19:46:27.306,0.64907,0.64935,1.00,1.00
2016.01.19 19:46:27.826,0.64907,0.64932,1.00,1.00
2016.01.19 19:46:28.559,0.64907,0.64933,1.00,1.00
2016.01.19 19:46:29.063,0.64907,0.64935,1.00,1.50
2016.01.19 19:46:29.661,0.64907,0.64933,1.00,1.00
2016.01.19 19:46:31.082,0.64907,0.64934,1.50,1.00
2016.01.19 19:46:34.910,0.64909,0.64936,1.00,1.00
2016.01.19 19:46:37.203,0.64909,0.64935,1.50,1.00
2016.01.19 19:46:37.731,0.64909,0.64934,1.00,1.00
2016.01.19 19:46:38.673,0.64907,0.64934,1.00,1.00
2016.01.19 19:46:39.221,0.64906,0.64934,1.00,1.00
2016.01.19 19:46:39.427,0.64906,0.64932,1.00,1.00
2016.01.19 19:46:39.883,0.64909,0.64932,1.00,1.00
2016.01.19 19:46:41.118,0.64906,0.64932,1.00,1.00
2016.01.19 19:46:42.604,0.64906,0.64928,1.00,1.00
2016.01.19 19:46:42.914,0.64906,0.64914,1.00,1.00
2016.01.19 19:46:42.964,0.64906,0.6492,1.00,1.00
2016.01.19 19:46:43.184,0.64906,0.64918,1.00,1.00
2016.01.19 19:46:43.525,0.64893,0.64919,1.00,1.00
2016.01.19 19:46:43.758,0.64891,0.64919,1.00,1.00
2016.01.19 19:46:44.701,0.64891,0.64912,1.00,1.00
2016.01.19 19:46:44.794,0.64891,0.64915,1.00,1.00
2016.01.19 19:46:45.359,0.64891,0.64916,1.00,1.00
2016.01.19 19:46:45.489,0.64891,0.64918,1.00,1.00
2016.01.19 19:46:46.039,0.64891,0.64917,1.00,1.00
2016.01.19 19:46:46.663,0.64891,0.64916,1.00,1.00
2016.01.19 19:46:49.523,0.64891,0.64915,1.00,1.00
2016.01.19 19:46:55.464,0.64891,0.64917,1.00,1.00
2016.01.19 19:46:56.014,0.64892,0.64919,1.00,1.00
2016.01.19 19:46:56.347,0.64894,0.64919,1.00,1.00
2016.01.19 19:46:58.324,0.64894,0.64918,1.00,1.00
2016.01.19 19:46:58.965,0.64893,0.64917,1.00,1.00
2016.01.19 19:46:59.664,0.64893,0.6492,1.00,1.00
2016.01.19 19:47:00.282,0.64893,0.64921,1.00,1.00
2016.01.19 19:47:00.695,0.64896,0.64921,1.00,1.00
2016.01.19 19:47:01.073,0.64896,0.64919,1.00,1.00
2016.01.19 19:47:01.344,0.64894,0.64919,1.00,1.00
2016.01.19 19:47:01.513,0.64894,0.64921,1.00,1.00
2016.01.19 19:47:01.623,0.64894,0.64918,1.00,1.00
2016.01.19 19:47:01.824,0.64892,0.64918,1.00,1.00
2016.01.19 19:47:02.283,0.64892,0.6492,1.00,1.00
2016.01.19 19:47:02.807,0.64892,0.64919,1.00,1.00
2016.01.19 19:47:04.672,0.64892,0.64918,1.00,1.00
2016.01.19 19:47:08.580,0.64892,0.64919,1.00,1.00
2016.01.19 19:47:09.228,0.64892,0.6492,1.00,1.00
2016.01.19 19:47:09.945,0.64891,0.6492,1.50,1.00
2016.01.19 19:47:10.691,0.64893,0.6492,1.00,1.00
2016.01.19 19:47:11.986,0.64893,0.64919,1.00,1.00
2016.01.19 19:47:13.504,0.64893,0.64917,1.00,1.00
2016.01.19 19:47:13.843,0.64893,0.64913,1.00,1.00
2016.01.19 19:47:13.996,0.64885,0.6491,1.00,1.00
2016.01.19 19:47:14.295,0.64885,0.64908,1.00,1.00
2016.01.19 19:47:14.960,0.64884,0.64908,1.00,1.00
2016.01.19 19:47:17.431,0.64882,0.64908,1.00,1.00
2016.01.19 19:47:17.718,0.64882,0.64906,1.00,1.00
2016.01.19 19:47:17.768,0.6488,0.64906,1.00,1.00
2016.01.19 19:47:17.869,0.64876,0.64905,1.50,1.50
2016.01.19 19:47:17.920,0.64876,0.649,1.00,1.00
2016.01.19 19:47:18.020,0.64876,0.64904,1.00,1.00
2016.01.19 19:47:18.071,0.64878,0.64904,1.00,1.00
2016.01.19 19:47:18.727,0.64878,0.64903,1.00,1.00
2016.01.19 19:47:20.001,0.64878,0.64899,1.00,1.00
2016.01.19 19:47:20.169,0.64876,0.64899,1.00,1.00
2016.01.19 19:47:20.220,0.64878,0.64901,1.00,1.00
2016.01.19 19:47:20.435,0.64879,0.64905,1.00,1.00
2016.01.19 19:47:20.636,0.64881,0.64904,1.00,1.00
2016.01.19 19:47:20.686,0.64879,0.64904,1.00,1.00
2016.01.19 19:47:21.280,0.64879,0.64905,1.00,1.00
2016.01.19 19:47:21.331,0.64881,0.64906,1.00,1.00
2016.01.19 19:47:21.432,0.64881,0.64908,1.00,1.00
2016.01.19 19:47:21.532,0.64881,0.64906,1.00,1.00
2016.01.19 19:47:21.583,0.64879,0.64906,1.50,1.00
2016.01.19 19:47:21.862,0.64879,0.64903,1.00,1.00
2016.01.19 19:47:22.273,0.64877,0.64903,1.00,1.00
2016.01.19 19:47:22.538,0.64875,0.64898,1.00,1.00
2016.01.19 19:47:23.148,0.64875,0.64899,1.00,1.00
2016.01.19 19:47:24.062,0.64875,0.649,1.00,1.00
2016.01.19 19:47:24.663,0.64876,0.64901,1.00,1.00
2016.01.19 19:47:25.713,0.64876,0.649,1.00,1.00
2016.01.19 19:47:28.792,0.64876,0.64899,1.00,1.00
2016.01.19 19:47:29.342,0.64877,0.64903,1.00,1.00
2016.01.19 19:47:30.772,0.64877,0.64904,1.00,1.00
2016.01.19 19:47:31.228,0.64877,0.64902,1.00,1.00
2016.01.19 19:47:31.839,0.64877,0.64901,1.00,1.00
2016.01.19 19:47:32.753,0.64877,0.64904,1.00,1.00
2016.01.19 19:47:34.401,0.64878,0.64904,1.00,1.00
2016.01.19 19:47:35.174,0.64878,0.64903,1.00,1.00
2016.01.19 19:47:35.831,0.64881,0.64903,1.00,1.00
2016.01.19 19:47:35.982,0.64881,0.64905,1.00,1.00
2016.01.19 19:47:38.582,0.64881,0.64904,1.00,1.00
2016.01.19 19:47:41.222,0.64881,0.64905,1.00,1.00
2016.01.19 19:47:41.467,0.64881,0.64907,1.00,1.00
2016.01.19 19:47:41.568,0.64881,0.64905,1.00,1.00
2016.01.19 19:47:41.870,0.64879,0.64903,1.50,1.00
2016.01.19 19:47:42.213,0.64879,0.64901,1.00,1.00
2016.01.19 19:47:42.726,0.6488,0.64902,1.00,1.00
2016.01.19 19:47:43.172,0.64882,0.64903,1.00,1.00
2016.01.19 19:47:43.781,0.64882,0.64904,1.00,1.00
2016.01.19 19:47:44.510,0.64876,0.64904,1.00,1.00
2016.01.19 19:47:44.561,0.64876,0.64899,1.00,1.00
2016.01.19 19:47:44.853,0.64872,0.64897,1.00,1.00
2016.01.19 19:47:46.392,0.64872,0.64896,1.00,1.00
2016.01.19 19:47:46.924,0.64871,0.64896,1.00,1.00
2016.01.19 19:47:50.131,0.64871,0.64898,1.00,1.00
2016.01.19 19:47:53.248,0.64871,0.64899,1.00,1.00
2016.01.19 19:47:53.858,0.64871,0.64898,1.00,1.00
2016.01.19 19:47:55.963,0.64871,0.64896,1.00,1.00
2016.01.19 19:47:56.269,0.64869,0.64894,1.00,1.00
2016.01.19 19:47:56.829,0.64868,0.6489,1.00,1.00
2016.01.19 19:47:57.392,0.64868,0.64893,1.00,1.00
2016.01.19 19:47:57.520,0.6487,0.64893,1.00,1.00
2016.01.19 19:47:58.074,0.64871,0.64892,1.00,1.00
2016.01.19 19:47:58.175,0.64871,0.64894,1.00,1.00
2016.01.19 19:47:58.276,0.64871,0.64891,1.00,1.00
2016.01.19 19:47:59.023,0.64868,0.64891,1.00,1.00
2016.01.19 19:47:59.074,0.64866,0.64888,1.00,1.00
2016.01.19 19:47:59.576,0.64865,0.64888,1.00,1.00
2016.01.19 19:47:59.900,0.64865,0.64886,1.00,1.00
2016.01.19 19:48:00.507,0.64864,0.64886,1.00,1.00
2016.01.19 19:48:00.837,0.64864,0.64884,1.00,1.00
2016.01.19 19:48:01.463,0.64864,0.64886,1.00,1.00
2016.01.19 19:48:02.782,0.64864,0.64885,1.00,1.00
2016.01.19 19:48:03.476,0.64864,0.64886,1.00,1.00
2016.01.19 19:48:03.577,0.64859,0.64886,1.00,1.00
2016.01.19 19:48:03.628,0.64857,0.64886,1.50,1.50
2016.01.19 19:48:03.678,0.64857,0.64882,1.00,1.00
2016.01.19 19:48:04.007,0.64864,0.64891,1.00,1.50
2016.01.19 19:48:04.193,0.64862,0.6489,1.00,1.00
2016.01.19 19:48:04.244,0.64861,0.64887,1.00,1.00
2016.01.19 19:48:04.295,0.64859,0.64887,1.00,1.00
2016.01.19 19:48:04.445,0.64859,0.64883,1.00,1.00
2016.01.19 19:48:04.982,0.64859,0.64884,1.00,1.00
2016.01.19 19:48:05.091,0.64859,0.64886,1.00,1.00
2016.01.19 19:48:06.631,0.6486,0.64889,1.00,1.00
2016.01.19 19:48:09.595,0.6486,0.64888,1.00,1.00
2016.01.19 19:48:09.646,0.64859,0.64886,1.00,1.00
2016.01.19 19:48:10.397,0.64859,0.64885,1.50,1.00
2016.01.19 19:48:12.021,0.64859,0.64888,1.50,1.00
2016.01.19 19:48:12.122,0.64862,0.64888,1.00,1.00
2016.01.19 19:48:12.468,0.64865,0.64891,1.00,1.00
2016.01.19 19:48:14.355,0.64865,0.64889,1.00,1.00
2016.01.19 19:48:15.981,0.64865,0.64888,1.50,1.00
2016.01.19 19:48:16.759,0.64864,0.64888,1.50,1.00
2016.01.19 19:48:17.420,0.64865,0.64891,1.00,1.00
2016.01.19 19:48:17.923,0.64866,0.64891,1.00,1.00
2016.01.19 19:48:18.654,0.64866,0.64892,1.00,1.00
2016.01.19 19:48:19.865,0.64866,0.64891,1.00,1.00
2016.01.19 19:48:20.172,0.64869,0.64893,1.00,1.00
2016.01.19 19:48:20.728,0.64869,0.64894,1.00,1.00
2016.01.19 19:48:21.261,0.6487,0.64896,1.50,1.00
2016.01.19 19:48:21.911,0.64871,0.64896,1.00,1.00
2016.01.19 19:48:22.070,0.64873,0.64897,1.00,1.00
2016.01.19 19:48:22.802,0.64873,0.64899,1.00,1.00
2016.01.19 19:48:23.702,0.64873,0.64902,1.50,1.00
2016.01.19 19:48:23.859,0.64883,0.64902,1.00,1.00
2016.01.19 19:48:23.909,0.64885,0.6491,1.00,1.00
2016.01.19 19:48:24.273,0.64885,0.64907,1.00,1.00
2016.01.19 19:48:24.478,0.64882,0.64907,1.00,1.00
2016.01.19 19:48:25.125,0.64882,0.64908,1.00,1.00
2016.01.19 19:48:25.682,0.64882,0.64907,1.00,1.00
2016.01.19 19:48:27.531,0.64882,0.64905,1.00,1.00
2016.01.19 19:48:29.842,0.64882,0.64907,1.00,1.00
2016.01.19 19:48:31.631,0.64883,0.64907,1.00,1.00
2016.01.19 19:48:36.626,0.64889,0.64909,1.00,1.00
2016.01.19 19:48:36.795,0.64889,0.64912,1.00,1.00
2016.01.19 19:48:36.882,0.64889,0.6491,1.00,1.00
2016.01.19 19:48:37.033,0.64891,0.64913,1.00,1.00
2016.01.19 19:48:39.740,0.64891,0.64912,1.00,1.00
2016.01.19 19:48:39.841,0.64893,0.64912,1.00,1.00
2016.01.19 19:48:39.891,0.64893,0.64917,1.00,1.00
2016.01.19 19:48:40.072,0.64893,0.64914,1.00,1.00
2016.01.19 19:48:40.998,0.64893,0.64916,1.00,1.00
2016.01.19 19:48:41.329,0.64894,0.64918,1.00,1.00
2016.01.19 19:48:41.592,0.64897,0.64918,1.00,1.00
2016.01.19 19:48:41.744,0.64898,0.64921,1.00,1.00
2016.01.19 19:48:42.056,0.64897,0.64919,1.00,1.00
2016.01.19 19:48:42.156,0.64895,0.64919,1.00,1.00
2016.01.19 19:48:42.472,0.64893,0.64919,1.00,1.00
2016.01.19 19:48:42.522,0.64893,0.64916,1.00,1.00
2016.01.19 19:48:45.022,0.64893,0.64917,1.00,1.00
2016.01.19 19:48:45.560,0.64892,0.64917,1.00,1.00
2016.01.19 19:48:45.872,0.64888,0.64912,1.00,1.00
2016.01.19 19:48:46.279,0.64888,0.64909,1.00,1.00
2016.01.19 19:48:46.780,0.64888,0.6491,1.00,1.00
2016.01.19 19:48:46.939,0.64888,0.64913,1.00,1.00
2016.01.19 19:48:47.119,0.64888,0.64911,1.00,1.00
2016.01.19 19:48:48.101,0.64888,0.64912,1.00,1.00
2016.01.19 19:48:49.018,0.64888,0.64913,1.00,1.00
2016.01.19 19:48:49.554,0.64888,0.64914,1.00,1.00
2016.01.19 19:48:49.856,0.64888,0.64912,1.00,1.00
2016.01.19 19:48:50.170,0.6489,0.64914,1.00,1.00
2016.01.19 19:48:50.442,0.6489,0.64917,1.00,1.00
2016.01.19 19:48:50.542,0.64893,0.64917,1.00,1.00
2016.01.19 19:48:51.173,0.64891,0.64917,1.00,1.00
2016.01.19 19:48:51.969,0.64893,0.64917,1.00,1.00
2016.01.19 19:48:55.360,0.64893,0.64918,1.00,1.00
2016.01.19 19:48:55.650,0.64891,0.64919,1.00,1.00
2016.01.19 19:48:57.011,0.64892,0.64919,1.00,1.00
2016.01.19 19:48:57.581,0.64892,0.64917,1.00,1.00
2016.01.19 19:48:58.770,0.64892,0.64918,1.00,1.00
2016.01.19 19:48:59.870,0.64892,0.64919,1.00,1.00
2016.01.19 19:49:00.356,0.64892,0.64917,1.00,1.00
2016.01.19 19:49:00.874,0.64892,0.64918,1.00,1.00
2016.01.19 19:49:05.606,0.64889,0.64915,1.00,1.00
2016.01.19 19:49:05.908,0.64883,0.64909,1.00,1.00
2016.01.19 19:49:06.478,0.64884,0.6491,1.00,1.00
2016.01.19 19:49:13.112,0.64884,0.64908,1.00,1.00
2016.01.19 19:49:18.369,0.64884,0.64907,1.00,1.00
2016.01.19 19:49:22.530,0.64884,0.64908,1.00,1.00
2016.01.19 19:49:23.080,0.64884,0.64907,1.00,1.00
2016.01.19 19:49:23.195,0.64884,0.64909,1.00,1.00
2016.01.19 19:49:30.689,0.64884,0.6491,1.00,1.00
2016.01.19 19:49:30.789,0.64883,0.64908,1.00,1.00
2016.01.19 19:49:31.881,0.64883,0.6491,1.00,1.00
2016.01.19 19:49:33.859,0.64883,0.64911,1.00,1.00
2016.01.19 19:49:34.189,0.64883,0.64909,1.00,1.00
2016.01.19 19:49:34.722,0.64883,0.6491,1.00,1.00
2016.01.19 19:49:47.618,0.64883,0.64907,1.00,1.00
2016.01.19 19:49:47.955,0.64883,0.64901,1.00,1.00
2016.01.19 19:49:48.469,0.64875,0.64902,1.50,1.00
2016.01.19 19:49:49.919,0.64875,0.64901,1.00,1.00
2016.01.19 19:49:50.631,0.64875,0.649,1.00,1.00
2016.01.19 19:49:52.141,0.64875,0.64901,1.00,1.00
2016.01.19 19:49:54.430,0.64875,0.64902,1.00,1.00
2016.01.19 19:49:56.079,0.64875,0.649,1.00,1.00
2016.01.19 19:49:56.482,0.64875,0.64897,1.00,1.00
2016.01.19 19:49:57.009,0.64874,0.64897,1.00,1.00
2016.01.19 19:49:57.179,0.64875,0.64899,1.50,1.00
2016.01.19 19:49:58.250,0.64879,0.64899,1.00,1.00
2016.01.19 19:50:00.044,0.64879,0.649,1.00,1.00
2016.01.19 19:50:00.593,0.64879,0.64903,1.00,1.00
2016.01.19 19:50:01.140,0.64878,0.64902,1.00,1.00
2016.01.19 19:50:01.469,0.64878,0.64904,1.00,1.00
2016.01.19 19:50:05.123,0.64878,0.64903,1.00,1.00
2016.01.19 19:50:06.933,0.6488,0.64903,1.00,1.00
2016.01.19 19:50:08.106,0.6488,0.64902,1.00,1.00
2016.01.19 19:50:10.954,0.64882,0.64901,1.00,1.00
2016.01.19 19:50:11.173,0.64882,0.64903,1.00,1.00
2016.01.19 19:50:11.923,0.64882,0.64904,1.00,1.00
2016.01.19 19:50:12.443,0.64882,0.64903,1.00,1.00
2016.01.19 19:50:13.049,0.64882,0.64902,1.00,1.00
2016.01.19 19:50:13.608,0.64881,0.64902,1.00,1.00
2016.01.19 19:50:15.442,0.64881,0.64903,1.00,1.00
2016.01.19 19:50:17.534,0.64881,0.649,1.00,1.00
2016.01.19 19:50:17.685,0.64878,0.64901,1.00,1.00
2016.01.19 19:50:17.964,0.64878,0.64899,1.00,1.00
2016.01.19 19:50:18.192,0.64878,0.64901,1.00,1.00
2016.01.19 19:50:28.642,0.64878,0.649,1.00,1.00
2016.01.19 19:50:28.794,0.64881,0.649,1.00,1.00
2016.01.19 19:50:28.864,0.64881,0.64903,1.00,1.00
2016.01.19 19:50:29.523,0.64881,0.64904,1.00,1.00
2016.01.19 19:50:30.140,0.64881,0.64905,1.00,1.00
2016.01.19 19:50:30.445,0.64882,0.64907,1.00,1.00
2016.01.19 19:50:30.495,0.64885,0.64907,1.00,1.00
2016.01.19 19:50:31.854,0.64885,0.64908,1.00,1.00
2016.01.19 19:50:34.272,0.64885,0.64909,1.00,1.00
2016.01.19 19:50:35.293,0.64886,0.64909,1.00,1.00
2016.01.19 19:50:42.282,0.64886,0.6491,1.00,1.00
2016.01.19 19:50:42.904,0.64882,0.6491,1.00,1.00
2016.01.19 19:50:43.052,0.64882,0.64908,1.00,1.00
2016.01.19 19:50:43.864,0.64881,0.64907,1.00,1.00
2016.01.19 19:50:44.212,0.64881,0.64905,1.00,1.00
2016.01.19 19:50:45.143,0.64881,0.64906,1.00,1.00
2016.01.19 19:50:45.818,0.64881,0.64907,1.00,1.00
2016.01.19 19:50:46.175,0.64879,0.64908,1.00,1.00
2016.01.19 19:50:46.275,0.64882,0.64907,1.00,1.00
2016.01.19 19:50:46.695,0.64883,0.64909,1.00,1.00
2016.01.19 19:50:57.058,0.64883,0.6491,1.00,1.00
2016.01.19 19:50:57.952,0.64884,0.6491,1.00,1.00
2016.01.19 19:50:59.792,0.64884,0.64911,1.00,1.00
2016.01.19 19:51:00.344,0.64884,0.64912,1.00,1.00
2016.01.19 19:51:04.061,0.64884,0.64911,1.00,1.00
2016.01.19 19:51:04.682,0.64884,0.6491,1.00,1.00
2016.01.19 19:51:05.273,0.64884,0.64911,1.00,1.00
2016.01.19 19:51:05.845,0.64884,0.6491,1.00,1.00
2016.01.19 19:51:07.957,0.64884,0.64911,1.00,1.00
2016.01.19 19:51:08.494,0.64884,0.64912,1.00,1.00
2016.01.19 19:51:10.461,0.64884,0.6491,1.00,1.00
2016.01.19 19:51:11.433,0.64884,0.64912,1.00,1.00
2016.01.19 19:51:11.915,0.64887,0.64911,1.00,1.00
2016.01.19 19:51:12.532,0.64887,0.64912,1.00,1.00
2016.01.19 19:51:15.061,0.64887,0.64913,1.00,1.00
2016.01.19 19:51:16.718,0.64888,0.64915,1.00,1.00
2016.01.19 19:51:16.768,0.64892,0.64915,1.00,1.00
2016.01.19 19:51:17.064,0.64894,0.64918,1.00,1.00
2016.01.19 19:51:17.164,0.64893,0.6492,1.00,1.00
2016.01.19 19:51:17.315,0.64891,0.6492,1.00,1.00
2016.01.19 19:51:17.824,0.64892,0.6492,1.00,1.00
2016.01.19 19:51:18.075,0.64895,0.64921,1.00,1.00
2016.01.19 19:51:18.866,0.64894,0.64922,1.50,1.00
2016.01.19 19:51:19.246,0.64894,0.6492,1.50,1.00
2016.01.19 19:51:19.822,0.64895,0.6492,1.00,1.00
2016.01.19 19:51:20.583,0.64895,0.64916,1.00,1.00
2016.01.19 19:51:20.671,0.64893,0.64916,1.00,1.00
2016.01.19 19:51:20.823,0.6489,0.64914,1.00,1.00
2016.01.19 19:51:21.007,0.6489,0.64917,1.50,1.00
2016.01.19 19:51:21.057,0.64892,0.64917,1.00,1.00
2016.01.19 19:51:21.226,0.64892,0.64919,1.50,1.00
2016.01.19 19:51:21.771,0.64892,0.64918,1.00,1.00
2016.01.19 19:51:23.033,0.64894,0.64919,1.00,1.00
2016.01.19 19:51:23.335,0.64895,0.64921,1.00,1.00
2016.01.19 19:51:23.762,0.64897,0.64922,1.00,1.00
2016.01.19 19:51:23.990,0.64901,0.64927,1.00,1.00
2016.01.19 19:51:24.091,0.64899,0.64926,1.00,1.00
2016.01.19 19:51:24.242,0.64898,0.64923,1.00,1.00
2016.01.19 19:51:24.451,0.64896,0.64922,1.00,1.00
2016.01.19 19:51:24.853,0.64895,0.64918,1.00,1.00
2016.01.19 19:51:25.222,0.64895,0.64922,1.00,1.00
2016.01.19 19:51:25.613,0.64898,0.64923,1.00,1.00
2016.01.19 19:51:25.663,0.64899,0.64926,1.00,1.00
2016.01.19 19:51:26.192,0.64898,0.64925,1.00,1.00
2016.01.19 19:51:26.502,0.649,0.64925,1.00,1.00
2016.01.19 19:51:27.051,0.64899,0.64925,1.00,1.00
2016.01.19 19:51:27.497,0.64904,0.64928,1.00,1.00
2016.01.19 19:51:28.421,0.64903,0.64928,1.00,1.00
2016.01.19 19:51:28.954,0.64905,0.64927,1.00,1.00
2016.01.19 19:51:29.177,0.64903,0.64928,1.00,1.00
2016.01.19 19:51:29.831,0.64903,0.64927,1.00,1.00
2016.01.19 19:51:30.352,0.64902,0.64925,1.00,1.00
2016.01.19 19:51:31.032,0.649,0.64925,1.50,1.00
2016.01.19 19:51:31.392,0.64903,0.64925,1.00,1.00
2016.01.19 19:51:31.643,0.649,0.64923,1.00,1.00
2016.01.19 19:51:31.787,0.64902,0.64923,1.00,1.00
2016.01.19 19:51:31.971,0.64902,0.64925,1.00,1.00
2016.01.19 19:51:32.254,0.64898,0.64922,1.00,1.00
2016.01.19 19:51:32.690,0.64899,0.64924,1.00,1.00
2016.01.19 19:51:33.081,0.64901,0.64924,1.00,1.00
2016.01.19 19:51:33.762,0.64901,0.64925,1.00,1.00
2016.01.19 19:51:34.161,0.64903,0.64925,1.00,1.00
2016.01.19 19:51:36.841,0.64903,0.64927,1.00,1.00
2016.01.19 19:51:37.003,0.64907,0.64927,1.00,1.00
2016.01.19 19:51:37.104,0.64907,0.64931,1.00,1.00
2016.01.19 19:51:37.255,0.64909,0.64931,1.00,1.00
2016.01.19 19:51:37.772,0.64909,0.64932,1.00,1.00
2016.01.19 19:51:38.209,0.64909,0.64934,1.00,1.00
2016.01.19 19:51:38.432,0.64909,0.64936,1.00,1.00
2016.01.19 19:51:38.563,0.64909,0.64934,1.00,1.00
2016.01.19 19:51:38.935,0.64909,0.64932,1.00,1.00
2016.01.19 19:51:40.143,0.64909,0.64934,1.00,1.00
2016.01.19 19:51:40.432,0.64911,0.64934,1.00,1.00
2016.01.19 19:51:41.040,0.64911,0.64933,1.00,1.00
2016.01.19 19:51:41.856,0.64911,0.64932,1.00,1.00
2016.01.19 19:51:42.897,0.64911,0.64934,1.00,1.00
2016.01.19 19:51:43.031,0.64911,0.64931,1.00,1.00
2016.01.19 19:51:44.433,0.64911,0.64934,1.00,1.00
2016.01.19 19:51:45.435,0.64911,0.64936,1.00,1.00
2016.01.19 19:51:45.536,0.64914,0.64936,1.00,1.00
2016.01.19 19:51:46.157,0.64914,0.64935,1.00,1.00
2016.01.19 19:51:49.771,0.64914,0.64934,1.00,1.00
2016.01.19 19:51:50.744,0.64916,0.64934,1.00,1.00
2016.01.19 19:51:50.845,0.64916,0.64937,1.00,1.00
2016.01.19 19:51:51.043,0.64916,0.64939,1.00,1.00
2016.01.19 19:51:51.145,0.64916,0.64937,1.00,1.00
2016.01.19 19:51:51.513,0.64914,0.64936,1.00,1.00
2016.01.19 19:51:52.461,0.64914,0.64938,1.00,1.00
2016.01.19 19:51:52.682,0.64914,0.64936,1.00,1.00
2016.01.19 19:51:53.222,0.64912,0.64937,1.00,1.00
2016.01.19 19:51:55.102,0.64912,0.64938,1.00,1.00
2016.01.19 19:51:55.404,0.64915,0.64939,1.00,1.00
2016.01.19 19:51:57.893,0.64915,0.64938,1.00,1.00
2016.01.19 19:51:58.195,0.64914,0.64935,1.00,1.00
2016.01.19 19:51:58.559,0.64914,0.64933,1.00,1.00
2016.01.19 19:51:58.966,0.64914,0.64937,1.00,1.00
2016.01.19 19:51:59.611,0.64914,0.64935,1.00,1.00
2016.01.19 19:52:02.497,0.64914,0.64936,1.00,1.00
2016.01.19 19:52:04.807,0.64914,0.64935,1.00,1.00
2016.01.19 19:52:07.201,0.64914,0.64936,1.00,1.00
2016.01.19 19:52:09.291,0.64914,0.64938,1.00,1.00
2016.01.19 19:52:09.979,0.64914,0.64937,1.00,1.00
2016.01.19 19:52:10.171,0.64914,0.64932,1.00,1.00
2016.01.19 19:52:10.717,0.64914,0.64931,1.00,1.00
2016.01.19 19:52:11.426,0.6491,0.64931,1.00,1.00
2016.01.19 19:52:12.128,0.64909,0.64931,1.00,1.00
2016.01.19 19:52:15.912,0.64906,0.64931,1.00,1.00
2016.01.19 19:52:16.063,0.64903,0.6493,1.00,1.50
2016.01.19 19:52:16.113,0.64903,0.64923,1.00,1.00
2016.01.19 19:52:16.298,0.64901,0.64923,1.00,1.00
2016.01.19 19:52:16.550,0.64901,0.64925,1.00,1.00
2016.01.19 19:52:16.651,0.64904,0.64925,1.00,1.00
2016.01.19 19:52:17.244,0.64905,0.6493,1.00,1.00
2016.01.19 19:52:17.450,0.64905,0.64927,1.00,1.00
2016.01.19 19:52:18.464,0.64905,0.6493,1.00,1.00
2016.01.19 19:52:19.074,0.64905,0.64929,1.00,1.00
2016.01.19 19:52:19.239,0.64907,0.64929,1.00,1.00
2016.01.19 19:52:21.705,0.6491,0.64929,1.00,1.00
2016.01.19 19:52:21.755,0.6491,0.64931,1.00,1.00
2016.01.19 19:52:22.401,0.6491,0.6493,1.00,1.00
2016.01.19 19:52:22.455,0.64907,0.6493,1.00,1.00
2016.01.19 19:52:22.606,0.64907,0.64928,1.00,1.00
2016.01.19 19:52:23.480,0.64907,0.64929,1.00,1.00
2016.01.19 19:52:24.911,0.64907,0.64927,1.00,1.00
2016.01.19 19:52:25.164,0.64907,0.64929,1.00,1.00
2016.01.19 19:52:26.273,0.64906,0.64929,1.00,1.00
2016.01.19 19:52:26.819,0.64907,0.64929,1.00,1.00
2016.01.19 19:52:28.539,0.64907,0.64927,1.00,1.00
2016.01.19 19:52:29.150,0.64907,0.64926,1.00,1.00
2016.01.19 19:52:30.960,0.64907,0.64928,1.00,1.00
2016.01.19 19:52:31.221,0.6491,0.6493,1.00,1.00
2016.01.19 19:52:32.524,0.6491,0.64931,1.00,1.00
2016.01.19 19:52:33.071,0.64911,0.6493,1.00,1.00
2016.01.19 19:52:34.170,0.64911,0.64931,1.00,1.00
2016.01.19 19:52:34.271,0.64911,0.64933,1.00,1.00
2016.01.19 19:52:34.770,0.64909,0.64933,1.00,1.00
2016.01.19 19:52:35.211,0.64911,0.64933,1.00,1.00
2016.01.19 19:52:35.930,0.64911,0.64932,1.00,1.00
2016.01.19 19:52:35.980,0.64909,0.64932,1.00,1.00
2016.01.19 19:52:39.610,0.6491,0.64932,1.00,1.00
2016.01.19 19:52:40.186,0.6491,0.64933,1.00,1.00
2016.01.19 19:52:40.860,0.6491,0.64931,1.00,1.00
2016.01.19 19:52:41.624,0.6491,0.64932,1.00,1.00
2016.01.19 19:52:42.241,0.64912,0.64932,1.00,1.00
2016.01.19 19:52:42.944,0.64912,0.64933,1.00,1.00
2016.01.19 19:52:43.373,0.6491,0.64933,1.00,1.00
2016.01.19 19:52:43.524,0.64909,0.64929,1.00,1.00
2016.01.19 19:52:44.945,0.64909,0.64928,1.00,1.00
2016.01.19 19:52:45.355,0.64906,0.64928,1.00,1.00
2016.01.19 19:52:45.503,0.64906,0.64925,1.00,1.00
2016.01.19 19:52:45.553,0.64903,0.64925,1.00,1.00
2016.01.19 19:52:45.704,0.64902,0.64923,1.00,1.00
2016.01.19 19:52:45.754,0.649,0.64923,1.00,1.00
2016.01.19 19:52:45.932,0.649,0.64921,1.00,1.00
2016.01.19 19:52:47.790,0.649,0.64922,1.00,1.00
2016.01.19 19:52:48.140,0.64898,0.6492,1.00,1.00
2016.01.19 19:52:51.762,0.649,0.6492,1.00,1.00
2016.01.19 19:52:51.862,0.64903,0.64924,1.00,1.00
2016.01.19 19:52:51.963,0.64905,0.64924,1.00,1.00
2016.01.19 19:52:52.013,0.64905,0.64929,1.00,1.00
2016.01.19 19:52:52.249,0.64907,0.6493,1.00,1.00
2016.01.19 19:52:52.671,0.64909,0.6493,1.00,1.00
2016.01.19 19:52:52.772,0.64909,0.64934,1.00,1.00
2016.01.19 19:52:52.823,0.64912,0.64934,1.00,1.00
2016.01.19 19:52:53.031,0.6491,0.64934,1.00,1.00
2016.01.19 19:52:53.553,0.6491,0.64933,1.00,1.00
2016.01.19 19:52:57.541,0.64913,0.64933,1.00,1.00
2016.01.19 19:52:57.811,0.64914,0.64936,1.00,1.00
2016.01.19 19:52:58.167,0.64914,0.64934,1.00,1.00
2016.01.19 19:53:01.988,0.64914,0.64933,1.00,1.00
2016.01.19 19:53:02.421,0.64914,0.64935,1.00,1.00
2016.01.19 19:53:02.472,0.6491,0.64935,1.00,1.00
2016.01.19 19:53:02.529,0.6491,0.6493,1.00,1.00
2016.01.19 19:53:03.079,0.6491,0.64931,1.00,1.00
2016.01.19 19:53:03.519,0.6491,0.64928,1.00,1.00
2016.01.19 19:53:04.028,0.64908,0.64929,1.00,1.00
2016.01.19 19:53:04.080,0.64905,0.64929,1.00,1.00
2016.01.19 19:53:04.952,0.64905,0.64927,1.00,1.00
2016.01.19 19:53:05.041,0.64903,0.64927,1.00,1.00
2016.01.19 19:53:05.720,0.64903,0.64929,1.00,1.00
2016.01.19 19:53:06.236,0.64903,0.64928,1.00,1.00
2016.01.19 19:53:06.524,0.64903,0.6493,1.00,1.00
2016.01.19 19:53:12.145,0.64903,0.64929,1.00,1.00
2016.01.19 19:53:12.388,0.64905,0.64929,1.00,1.00
2016.01.19 19:53:13.310,0.64905,0.64928,1.00,1.00
2016.01.19 19:53:13.930,0.64905,0.64927,1.00,1.00
2016.01.19 19:53:14.629,0.64905,0.64926,1.00,1.00
2016.01.19 19:53:15.509,0.64905,0.64928,1.00,1.00
2016.01.19 19:53:16.101,0.64904,0.64928,1.00,1.00
2016.01.19 19:53:16.844,0.64904,0.64929,1.00,1.00
2016.01.19 19:53:18.680,0.64906,0.64929,1.00,1.00
2016.01.19 19:53:19.371,0.64906,0.6493,1.00,1.00
2016.01.19 19:53:20.019,0.64906,0.64929,1.00,1.00
2016.01.19 19:53:20.361,0.64907,0.64931,1.00,1.00
2016.01.19 19:53:21.010,0.64907,0.64932,1.00,1.00
2016.01.19 19:53:21.559,0.64907,0.6493,1.00,1.00
2016.01.19 19:53:23.979,0.64907,0.64931,1.00,1.00
2016.01.19 19:53:24.860,0.64907,0.64934,1.00,1.50
2016.01.19 19:53:25.011,0.6491,0.64934,1.00,1.00
2016.01.19 19:53:25.319,0.64914,0.64938,1.00,1.00
2016.01.19 19:53:27.169,0.64914,0.64936,1.00,1.00
2016.01.19 19:53:29.809,0.64914,0.64935,1.00,1.00
2016.01.19 19:53:30.359,0.64914,0.64934,1.00,1.00
2016.01.19 19:53:30.727,0.64914,0.64936,1.00,1.00
2016.01.19 19:53:31.019,0.64913,0.64934,1.00,1.00
2016.01.19 19:53:31.739,0.64913,0.64932,1.00,1.00
2016.01.19 19:53:32.279,0.64913,0.64933,1.00,1.00
2016.01.19 19:53:32.549,0.64911,0.64933,1.00,1.00
2016.01.19 19:53:35.309,0.64911,0.64934,1.00,1.00
2016.01.19 19:53:36.988,0.64911,0.64936,1.00,1.00
2016.01.19 19:53:37.634,0.64911,0.64933,1.00,1.00
2016.01.19 19:53:38.239,0.64911,0.64934,1.00,1.00
2016.01.19 19:53:39.092,0.64909,0.64933,1.00,1.00
2016.01.19 19:53:39.378,0.64909,0.64931,1.00,1.00
2016.01.19 19:53:39.982,0.64909,0.64932,1.00,1.00
2016.01.19 19:53:40.739,0.64909,0.64936,1.00,1.00
2016.01.19 19:53:40.895,0.64916,0.64936,1.00,1.00
2016.01.19 19:53:41.496,0.64916,0.64937,1.00,1.00
2016.01.19 19:53:45.980,0.64917,0.64939,1.00,1.00
2016.01.19 19:53:46.232,0.64918,0.64942,1.00,1.00
2016.01.19 19:53:47.155,0.64922,0.64942,1.00,1.00
2016.01.19 19:53:47.306,0.64922,0.64945,1.00,1.00
2016.01.19 19:53:47.856,0.64922,0.64943,1.00,1.00
2016.01.19 19:53:49.499,0.64922,0.64942,1.00,1.00
2016.01.19 19:53:55.454,0.64922,0.64943,1.00,1.00
2016.01.19 19:53:55.549,0.64922,0.64945,1.00,1.00
2016.01.19 19:53:56.343,0.64923,0.64945,1.00,1.00
2016.01.19 19:53:56.858,0.64923,0.64944,1.00,1.00
2016.01.19 19:53:57.200,0.64923,0.64947,1.00,1.00
2016.01.19 19:53:57.424,0.64923,0.6495,1.00,1.00
2016.01.19 19:53:57.674,0.64923,0.64943,1.00,1.00
2016.01.19 19:53:57.782,0.64924,0.64951,1.00,1.00
2016.01.19 19:53:57.833,0.64925,0.64953,1.00,1.00
2016.01.19 19:53:57.883,0.6493,0.64953,1.00,1.00
2016.01.19 19:53:58.519,0.6493,0.64952,1.00,1.00
2016.01.19 19:53:58.776,0.64932,0.64956,1.00,1.00
2016.01.19 19:53:59.093,0.64932,0.64958,1.00,1.00
2016.01.19 19:53:59.193,0.64932,0.64954,1.00,1.00
2016.01.19 19:53:59.409,0.64929,0.64954,1.00,1.00
2016.01.19 19:53:59.459,0.64931,0.64954,1.00,1.00
2016.01.19 19:53:59.982,0.64931,0.64953,1.00,1.00
2016.01.19 19:54:00.529,0.64932,0.64953,1.00,1.00
2016.01.19 19:54:01.180,0.64931,0.64954,1.00,1.00
2016.01.19 19:54:01.639,0.64931,0.64951,1.00,1.00
2016.01.19 19:54:03.389,0.64931,0.64952,1.00,1.00
2016.01.19 19:54:04.621,0.64931,0.64951,1.00,1.00
2016.01.19 19:54:06.829,0.6493,0.64951,1.00,1.00
2016.01.19 19:54:07.340,0.64929,0.64951,1.00,1.00
2016.01.19 19:54:07.769,0.64929,0.64953,1.00,1.00
2016.01.19 19:54:08.960,0.64929,0.64951,1.00,1.00
2016.01.19 19:54:09.193,0.64929,0.64953,1.00,1.00
2016.01.19 19:54:11.607,0.64929,0.64952,1.00,1.00
2016.01.19 19:54:11.859,0.64929,0.6495,1.00,1.00
2016.01.19 19:54:12.050,0.64929,0.64954,1.00,1.00
2016.01.19 19:54:13.598,0.64929,0.64952,1.00,1.00
2016.01.19 19:54:13.701,0.64927,0.64952,1.00,1.50
2016.01.19 19:54:13.852,0.64926,0.64949,1.00,1.00
2016.01.19 19:54:14.002,0.64923,0.64949,1.00,1.00
2016.01.19 19:54:14.578,0.64923,0.64946,1.00,1.00
2016.01.19 19:54:15.198,0.64923,0.64947,1.00,1.00
2016.01.19 19:54:16.364,0.64923,0.64948,1.00,1.00
2016.01.19 19:54:16.707,0.64926,0.64949,1.00,1.00
2016.01.19 19:54:17.009,0.6493,0.64956,1.00,1.00
2016.01.19 19:54:17.275,0.64933,0.64956,1.00,1.00
2016.01.19 19:54:17.325,0.64931,0.64956,1.00,1.00
2016.01.19 19:54:17.376,0.64931,0.64954,1.00,1.00
2016.01.19 19:54:17.679,0.64933,0.64955,1.00,1.00
2016.01.19 19:54:17.988,0.64933,0.64949,1.00,1.00
2016.01.19 19:54:19.348,0.64931,0.64949,1.00,1.00
2016.01.19 19:54:19.401,0.64927,0.64949,1.00,1.00
2016.01.19 19:54:19.552,0.64927,0.64952,1.00,1.00
2016.01.19 19:54:19.603,0.64925,0.64952,1.00,1.00
2016.01.19 19:54:19.793,0.64925,0.64947,1.00,1.00
2016.01.19 19:54:23.758,0.64924,0.64947,1.00,1.00
2016.01.19 19:54:24.622,0.64924,0.64946,1.00,1.00
2016.01.19 19:54:25.172,0.64924,0.64945,1.00,1.00
2016.01.19 19:54:25.239,0.64922,0.64945,1.00,1.00
2016.01.19 19:54:26.282,0.64922,0.64943,1.00,1.00
2016.01.19 19:54:27.075,0.64924,0.64943,1.00,1.00
2016.01.19 19:54:27.125,0.64922,0.64943,1.00,1.00
2016.01.19 19:54:27.276,0.64923,0.64948,1.00,1.00
2016.01.19 19:54:27.871,0.64924,0.64948,1.00,1.00
2016.01.19 19:54:30.447,0.64924,0.64949,1.00,1.00
2016.01.19 19:54:31.332,0.64924,0.64946,1.00,1.00
2016.01.19 19:54:31.547,0.64924,0.64948,1.00,1.00
2016.01.19 19:54:33.747,0.64924,0.64949,1.00,1.00
2016.01.19 19:54:34.178,0.64926,0.6495,1.00,1.00
2016.01.19 19:54:34.996,0.64926,0.64949,1.00,1.00
2016.01.19 19:54:37.929,0.64926,0.64952,1.00,1.00
2016.01.19 19:54:38.029,0.64929,0.64952,1.00,1.00
2016.01.19 19:54:38.627,0.64929,0.64953,1.00,1.00
2016.01.19 19:54:39.142,0.64929,0.64952,1.00,1.00
2016.01.19 19:54:39.470,0.64929,0.64954,1.00,1.00
2016.01.19 19:54:40.012,0.6493,0.64954,1.00,1.00
2016.01.19 19:54:41.667,0.6493,0.64955,1.00,1.00
2016.01.19 19:54:44.308,0.6493,0.64954,1.00,1.00
2016.01.19 19:54:46.398,0.6493,0.64955,1.00,1.00
2016.01.19 19:54:47.069,0.64933,0.64955,1.00,1.00
2016.01.19 19:54:47.409,0.64936,0.64958,1.00,1.00
2016.01.19 19:54:47.611,0.64936,0.6496,1.00,1.00
2016.01.19 19:54:47.869,0.64936,0.64963,1.00,1.00
2016.01.19 19:54:48.061,0.64937,0.64966,1.00,1.00
2016.01.19 19:54:48.174,0.64939,0.64966,1.00,1.00
2016.01.19 19:54:48.487,0.64943,0.64967,1.00,1.00
2016.01.19 19:54:49.032,0.64944,0.64967,1.00,1.00
2016.01.19 19:54:50.116,0.64946,0.64967,1.00,1.00
2016.01.19 19:54:50.470,0.64946,0.64965,1.00,1.00
2016.01.19 19:54:50.799,0.64946,0.64968,1.00,1.00
2016.01.19 19:54:51.677,0.64946,0.64965,1.00,1.00
2016.01.19 19:54:51.728,0.6494,0.64965,1.00,1.00
2016.01.19 19:54:52.218,0.64942,0.64966,1.00,1.00
2016.01.19 19:54:52.519,0.64946,0.64969,1.00,1.00
2016.01.19 19:54:55.675,0.64946,0.6497,1.00,1.00
2016.01.19 19:54:55.876,0.64948,0.64973,1.00,1.00
2016.01.19 19:54:56.203,0.64948,0.64971,1.00,1.00
2016.01.19 19:54:56.737,0.64948,0.64972,1.00,1.00
2016.01.19 19:54:57.067,0.64948,0.6497,1.00,1.00
2016.01.19 19:54:58.278,0.64948,0.64972,1.00,1.00
2016.01.19 19:54:58.359,0.64946,0.64972,1.00,1.00
2016.01.19 19:55:01.780,0.64948,0.64972,1.00,1.00
2016.01.19 19:55:01.953,0.64948,0.64976,1.00,1.00
2016.01.19 19:55:02.566,0.64949,0.64976,1.50,1.00
2016.01.19 19:55:03.114,0.64949,0.64975,1.00,1.00
2016.01.19 19:55:03.448,0.64949,0.64972,1.00,1.00
2016.01.19 19:55:03.818,0.64949,0.64974,1.00,1.00
2016.01.19 19:55:04.349,0.6495,0.64974,1.00,1.00
2016.01.19 19:55:04.859,0.64949,0.64974,1.00,1.00
2016.01.19 19:55:05.612,0.64949,0.64975,1.00,1.00
2016.01.19 19:55:06.891,0.64949,0.64976,1.50,1.00
2016.01.19 19:55:07.092,0.6495,0.64974,1.00,1.00
2016.01.19 19:55:09.747,0.6495,0.64975,1.00,1.00
2016.01.19 19:55:10.289,0.64954,0.64977,1.00,1.00
2016.01.19 19:55:10.340,0.6495,0.64977,1.00,1.00
2016.01.19 19:55:10.391,0.6495,0.64973,1.00,1.00
2016.01.19 19:55:10.817,0.6495,0.64976,1.00,1.00
2016.01.19 19:55:11.620,0.6495,0.64974,1.00,1.00
2016.01.19 19:55:11.721,0.6495,0.64976,1.00,1.00
2016.01.19 19:55:12.259,0.64952,0.64975,1.00,1.00
2016.01.19 19:55:12.557,0.6495,0.64974,1.00,1.00
2016.01.19 19:55:12.906,0.6495,0.64976,1.00,1.00
2016.01.19 19:55:13.017,0.6495,0.64973,1.00,1.00
2016.01.19 19:55:13.168,0.6495,0.64976,1.00,1.00
2016.01.19 19:55:13.369,0.64948,0.64971,1.00,1.00
2016.01.19 19:55:13.678,0.64948,0.64965,1.00,1.00
2016.01.19 19:55:13.801,0.64945,0.64965,1.00,1.00
2016.01.19 19:55:13.901,0.64945,0.64967,1.00,1.00
2016.01.19 19:55:15.673,0.64945,0.64966,1.00,1.00
2016.01.19 19:55:15.925,0.64945,0.64964,1.00,1.00
2016.01.19 19:55:16.098,0.64943,0.64964,1.00,1.00
2016.01.19 19:55:16.518,0.64945,0.64965,1.00,1.00
2016.01.19 19:55:16.568,0.64945,0.64967,1.00,1.00
2016.01.19 19:55:17.303,0.64945,0.64966,1.00,1.00
2016.01.19 19:55:18.328,0.64945,0.64967,1.00,1.00
2016.01.19 19:55:19.332,0.64945,0.64969,1.00,1.00
2016.01.19 19:55:19.531,0.64947,0.64974,1.00,1.00
2016.01.19 19:55:19.682,0.6495,0.64974,1.00,1.00
2016.01.19 19:55:20.132,0.64952,0.64973,1.00,1.00
2016.01.19 19:55:20.391,0.64952,0.64975,1.00,1.00
2016.01.19 19:55:20.495,0.64952,0.64978,1.00,1.00
2016.01.19 19:55:20.546,0.64954,0.64978,1.00,1.00
2016.01.19 19:55:21.385,0.64954,0.6498,1.00,1.00
2016.01.19 19:55:21.926,0.64954,0.64979,1.00,1.00
2016.01.19 19:55:22.737,0.64954,0.6498,1.00,1.00
2016.01.19 19:55:23.466,0.64954,0.64979,1.00,1.00
2016.01.19 19:55:24.189,0.64954,0.6498,1.00,1.00
2016.01.19 19:55:25.776,0.64954,0.64979,1.00,1.00
2016.01.19 19:55:30.506,0.64954,0.6498,1.00,1.00
2016.01.19 19:55:32.404,0.64954,0.64979,1.00,1.00
2016.01.19 19:55:32.504,0.64953,0.64976,1.00,1.00
2016.01.19 19:55:32.854,0.64953,0.64974,1.00,1.00
2016.01.19 19:55:33.284,0.64953,0.64972,1.00,1.00
2016.01.19 19:55:33.806,0.64953,0.64971,1.00,1.00
2016.01.19 19:55:34.246,0.64953,0.64974,1.00,1.00
2016.01.19 19:55:34.603,0.64953,0.64976,1.00,1.00
2016.01.19 19:55:35.163,0.64953,0.64977,1.00,1.00
2016.01.19 19:55:36.997,0.64953,0.64975,1.00,1.00
2016.01.19 19:55:37.347,0.64953,0.64972,1.00,1.00
2016.01.19 19:55:38.866,0.64953,0.64973,1.00,1.00
2016.01.19 19:55:39.195,0.64957,0.64977,1.00,1.00
2016.01.19 19:55:39.355,0.64957,0.64981,1.00,1.00
2016.01.19 19:55:39.406,0.64955,0.64981,1.00,1.00
2016.01.19 19:55:39.456,0.64954,0.64975,1.00,1.00
2016.01.19 19:55:39.667,0.64953,0.64978,1.00,1.00
2016.01.19 19:55:40.224,0.64953,0.64977,1.00,1.00
2016.01.19 19:55:40.736,0.64954,0.64978,1.00,1.00
2016.01.19 19:55:41.871,0.64954,0.64979,1.00,1.00
2016.01.19 19:55:42.082,0.64954,0.64977,1.00,1.00
2016.01.19 19:55:42.497,0.64954,0.64979,1.00,1.00
2016.01.19 19:55:44.376,0.64954,0.64977,1.00,1.00
2016.01.19 19:55:45.288,0.64954,0.64976,1.00,1.00
2016.01.19 19:55:46.187,0.64953,0.64976,1.00,1.00
2016.01.19 19:55:47.665,0.64953,0.64977,1.00,1.00
2016.01.19 19:55:48.887,0.64953,0.64976,1.00,1.00
2016.01.19 19:55:50.791,0.64952,0.64976,1.00,1.00
2016.01.19 19:55:50.891,0.64949,0.64975,1.00,1.00
2016.01.19 19:55:50.992,0.64949,0.64973,1.00,1.00
2016.01.19 19:55:51.525,0.64949,0.64974,1.00,1.00
2016.01.19 19:55:52.343,0.64949,0.64972,1.00,1.00
2016.01.19 19:55:52.395,0.64946,0.64972,1.00,1.00
2016.01.19 19:55:52.505,0.64946,0.6497,1.00,1.00
2016.01.19 19:55:52.807,0.64944,0.64967,1.00,1.00
2016.01.19 19:55:53.457,0.64943,0.64966,1.00,1.00
2016.01.19 19:55:54.165,0.64944,0.64966,1.00,1.00
2016.01.19 19:55:54.376,0.64944,0.64968,1.00,1.00
2016.01.19 19:55:54.816,0.64944,0.6497,1.00,1.00
2016.01.19 19:55:55.466,0.64946,0.6497,1.00,1.00
2016.01.19 19:55:56.804,0.64948,0.6497,1.00,1.00
2016.01.19 19:55:57.155,0.6495,0.64973,1.00,1.00
2016.01.19 19:55:57.714,0.6495,0.64974,1.00,1.00
2016.01.19 19:55:58.227,0.6495,0.64975,1.00,1.00
2016.01.19 19:55:58.830,0.6495,0.64974,1.00,1.00
2016.01.19 19:55:59.489,0.64951,0.64974,1.00,1.00
2016.01.19 19:56:00.096,0.64951,0.64976,1.00,1.00
2016.01.19 19:56:00.762,0.64951,0.64975,1.00,1.00
2016.01.19 19:56:01.013,0.64951,0.64972,1.00,1.00
2016.01.19 19:56:03.617,0.64951,0.64971,1.00,1.00
2016.01.19 19:56:03.935,0.64948,0.64971,1.00,1.00
2016.01.19 19:56:04.598,0.64948,0.64972,1.00,1.00
2016.01.19 19:56:05.115,0.64948,0.64971,1.00,1.00
2016.01.19 19:56:07.274,0.64948,0.6497,1.00,1.00
2016.01.19 19:56:10.004,0.64948,0.64972,1.00,1.00
2016.01.19 19:56:10.334,0.64948,0.6497,1.00,1.00
2016.01.19 19:56:10.547,0.64948,0.64972,1.00,1.00
2016.01.19 19:56:13.485,0.64948,0.64971,1.00,1.00
2016.01.19 19:56:16.489,0.64945,0.64971,1.00,1.50
2016.01.19 19:56:16.639,0.64945,0.64969,1.00,1.00
2016.01.19 19:56:17.094,0.64948,0.6497,1.00,1.00
2016.01.19 19:56:17.145,0.64948,0.64972,1.00,1.00
2016.01.19 19:56:17.744,0.64948,0.64971,1.00,1.00
2016.01.19 19:56:20.005,0.64948,0.64972,1.00,1.00
2016.01.19 19:56:20.475,0.64948,0.64974,1.00,1.00
2016.01.19 19:56:20.996,0.64948,0.64973,1.00,1.00
2016.01.19 19:56:21.536,0.64949,0.64972,1.00,1.00
2016.01.19 19:56:21.687,0.64949,0.6497,1.00,1.00
2016.01.19 19:56:22.846,0.64947,0.6497,1.00,1.00
2016.01.19 19:56:23.797,0.64946,0.6497,1.00,1.00
2016.01.19 19:56:23.998,0.64946,0.64968,1.00,1.00
2016.01.19 19:56:24.967,0.64945,0.64968,1.00,1.00
2016.01.19 19:56:25.275,0.64947,0.64968,1.00,1.00
2016.01.19 19:56:25.426,0.64947,0.6497,1.00,1.00
2016.01.19 19:56:25.887,0.64949,0.64969,1.00,1.00
2016.01.19 19:56:26.426,0.64949,0.64968,1.00,1.00
2016.01.19 19:56:26.676,0.64946,0.64968,1.00,1.00
2016.01.19 19:56:27.849,0.64946,0.64969,1.00,1.00
2016.01.19 19:56:27.900,0.64948,0.64969,1.00,1.00
2016.01.19 19:56:28.143,0.64948,0.64971,1.00,1.00
2016.01.19 19:56:28.255,0.64948,0.64969,1.00,1.00
2016.01.19 19:56:28.914,0.64948,0.64971,1.00,1.00
2016.01.19 19:56:30.498,0.64949,0.64971,1.00,1.00
2016.01.19 19:56:31.044,0.64949,0.64973,1.00,1.00
2016.01.19 19:56:31.555,0.64949,0.64972,1.00,1.00
2016.01.19 19:56:32.123,0.64949,0.64973,1.00,1.00
2016.01.19 19:56:32.695,0.64949,0.64974,1.00,1.00
2016.01.19 19:56:33.138,0.64952,0.64975,1.00,1.00
2016.01.19 19:56:34.526,0.64952,0.64973,1.00,1.00
2016.01.19 19:56:34.778,0.64955,0.64978,1.00,1.00
2016.01.19 19:56:35.445,0.64955,0.64977,1.00,1.00
2016.01.19 19:56:36.395,0.64955,0.64979,1.00,1.00
2016.01.19 19:56:37.248,0.64956,0.64979,1.00,1.00
2016.01.19 19:56:39.355,0.64957,0.64981,1.00,1.00
2016.01.19 19:56:39.916,0.64957,0.64982,1.00,1.00
2016.01.19 19:56:40.376,0.64957,0.64979,1.00,1.00
2016.01.19 19:56:40.926,0.64954,0.64979,1.00,1.00
2016.01.19 19:56:41.486,0.64956,0.64979,1.00,1.00
2016.01.19 19:56:41.785,0.64954,0.64979,1.00,1.00
2016.01.19 19:56:41.936,0.64956,0.64979,1.00,1.00
2016.01.19 19:56:42.146,0.64954,0.64978,1.00,1.00
2016.01.19 19:56:43.135,0.64955,0.64978,1.00,1.00
2016.01.19 19:56:44.444,0.64955,0.64984,1.50,1.00
2016.01.19 19:56:44.545,0.64957,0.64984,1.00,1.00
2016.01.19 19:56:45.369,0.64961,0.64984,1.00,1.00
2016.01.19 19:56:46.650,0.64961,0.64985,1.00,1.00
2016.01.19 19:56:48.746,0.64961,0.64984,1.00,1.00
2016.01.19 19:56:49.420,0.64959,0.64984,1.00,1.00
2016.01.19 19:56:51.221,0.6496,0.64984,1.00,1.00
2016.01.19 19:56:51.932,0.6496,0.64986,1.00,1.00
2016.01.19 19:56:52.094,0.64964,0.64986,1.00,1.00
2016.01.19 19:56:52.145,0.64964,0.64988,1.00,1.00
2016.01.19 19:56:52.646,0.64963,0.64989,1.00,1.00
2016.01.19 19:56:52.696,0.64963,0.64987,1.00,1.00
2016.01.19 19:56:52.797,0.6496,0.64987,1.50,1.00
2016.01.19 19:56:52.898,0.6496,0.64984,1.00,1.00
2016.01.19 19:56:56.854,0.6496,0.64982,1.00,1.00
2016.01.19 19:56:57.568,0.64958,0.64982,1.00,1.00
2016.01.19 19:56:59.384,0.64958,0.64984,1.00,1.00
2016.01.19 19:57:00.086,0.64955,0.64984,1.00,1.00
2016.01.19 19:57:02.931,0.64956,0.64985,1.00,1.00
2016.01.19 19:57:03.156,0.64958,0.64987,1.00,1.00
2016.01.19 19:57:03.726,0.64957,0.64986,1.00,1.00
2016.01.19 19:57:04.044,0.64957,0.64984,1.50,1.00
2016.01.19 19:57:04.703,0.64957,0.64983,1.00,1.00
2016.01.19 19:57:05.575,0.64957,0.64985,1.00,1.00
2016.01.19 19:57:05.676,0.64957,0.64983,1.00,1.00
2016.01.19 19:57:07.443,0.64957,0.64984,1.50,1.00
2016.01.19 19:57:08.017,0.64957,0.64985,1.00,1.00
2016.01.19 19:57:08.565,0.64957,0.64984,1.00,1.00
2016.01.19 19:57:10.288,0.64956,0.64983,1.00,1.00
2016.01.19 19:57:10.926,0.64955,0.64982,1.00,1.00
2016.01.19 19:57:11.296,0.64955,0.64979,1.00,1.00
2016.01.19 19:57:14.014,0.64955,0.6498,1.00,1.00
2016.01.19 19:57:14.703,0.64955,0.64981,1.00,1.00
2016.01.19 19:57:15.994,0.64955,0.64978,1.00,1.00
2016.01.19 19:57:16.547,0.64955,0.64977,1.00,1.00
2016.01.19 19:57:16.597,0.64952,0.64977,1.00,1.00
2016.01.19 19:57:17.346,0.64951,0.64978,1.00,1.00
2016.01.19 19:57:18.193,0.64951,0.64976,1.00,1.00
2016.01.19 19:57:20.848,0.64951,0.64975,1.00,1.00
2016.01.19 19:57:21.413,0.64951,0.64976,1.00,1.00
2016.01.19 19:57:21.761,0.64951,0.64974,1.00,1.00
2016.01.19 19:57:22.203,0.64951,0.64968,1.00,1.00
2016.01.19 19:57:22.537,0.64949,0.64968,1.00,1.00
2016.01.19 19:57:22.599,0.64943,0.64968,1.00,1.00
2016.01.19 19:57:22.926,0.64943,0.64966,1.00,1.00
2016.01.19 19:57:23.523,0.64942,0.64966,1.00,1.00
2016.01.19 19:57:24.076,0.64941,0.64966,1.00,1.00
2016.01.19 19:57:24.177,0.64942,0.64968,1.00,1.00
2016.01.19 19:57:24.876,0.64943,0.64968,1.00,1.00
2016.01.19 19:57:25.648,0.64943,0.64969,1.00,1.00
2016.01.19 19:57:26.113,0.64943,0.64966,1.00,1.00
2016.01.19 19:57:26.573,0.64943,0.6497,1.00,1.00
2016.01.19 19:57:27.339,0.64942,0.6497,1.00,1.00
2016.01.19 19:57:27.936,0.64943,0.6497,1.00,1.00
2016.01.19 19:57:28.677,0.64946,0.64971,1.00,1.00
2016.01.19 19:57:29.428,0.64946,0.6497,1.00,1.00
2016.01.19 19:57:29.678,0.64946,0.64974,1.00,1.50
2016.01.19 19:57:29.894,0.64944,0.64971,1.00,1.00
2016.01.19 19:57:30.454,0.64945,0.64972,1.00,1.00
2016.01.19 19:57:31.088,0.64945,0.64974,1.50,1.00
2016.01.19 19:57:31.173,0.64945,0.64972,1.00,1.00
2016.01.19 19:57:32.483,0.64947,0.64972,1.00,1.00
2016.01.19 19:57:32.789,0.64947,0.6497,1.00,1.00
2016.01.19 19:57:33.047,0.64947,0.64972,1.00,1.00
2016.01.19 19:57:35.050,0.64947,0.64973,1.00,1.00
2016.01.19 19:57:35.573,0.64947,0.64972,1.00,1.00
2016.01.19 19:57:35.920,0.64947,0.64975,1.00,1.00
2016.01.19 19:57:36.650,0.64947,0.64974,1.00,1.00
2016.01.19 19:57:37.665,0.64947,0.64975,1.00,1.00
2016.01.19 19:57:38.264,0.64947,0.64974,1.00,1.00
2016.01.19 19:57:38.477,0.64947,0.64972,1.00,1.00
2016.01.19 19:57:39.643,0.64947,0.64971,1.00,1.00
2016.01.19 19:57:45.000,0.64944,0.64971,1.00,1.00
2016.01.19 19:57:45.051,0.64944,0.64968,1.00,1.00
2016.01.19 19:57:45.610,0.64944,0.64967,1.00,1.00
2016.01.19 19:57:46.151,0.64944,0.64968,1.00,1.00
2016.01.19 19:57:48.211,0.64945,0.64968,1.00,1.00
2016.01.19 19:57:48.262,0.64945,0.6497,1.00,1.00
2016.01.19 19:57:48.564,0.64946,0.64972,1.00,1.00
2016.01.19 19:57:49.011,0.64946,0.6497,1.00,1.00
2016.01.19 19:57:49.260,0.64946,0.64972,1.00,1.00
2016.01.19 19:57:49.762,0.64946,0.64973,1.50,1.00
2016.01.19 19:57:50.075,0.64944,0.64973,1.50,1.00
2016.01.19 19:57:50.125,0.64944,0.64971,1.00,1.00
2016.01.19 19:57:50.355,0.64941,0.6497,1.50,1.00
2016.01.19 19:57:50.777,0.64941,0.64967,1.00,1.00
2016.01.19 19:57:51.336,0.6494,0.64967,1.00,1.00
2016.01.19 19:57:51.870,0.6494,0.64968,1.00,1.00
2016.01.19 19:57:52.172,0.64942,0.64969,1.00,1.00
2016.01.19 19:57:52.513,0.6494,0.64969,1.50,1.00
2016.01.19 19:57:52.889,0.6494,0.64965,1.00,1.00
2016.01.19 19:57:53.555,0.64941,0.64966,1.00,1.00
2016.01.19 19:57:53.748,0.64941,0.64968,1.00,1.00
2016.01.19 19:57:54.281,0.64941,0.64967,1.00,1.00
2016.01.19 19:57:54.857,0.64942,0.64967,1.00,1.00
2016.01.19 19:57:55.639,0.64942,0.64968,1.00,1.00
2016.01.19 19:57:57.164,0.64942,0.64969,1.00,1.00
2016.01.19 19:57:57.264,0.64942,0.64967,1.00,1.00
2016.01.19 19:57:57.714,0.64942,0.6497,1.00,1.00
2016.01.19 19:57:58.049,0.64944,0.6497,1.00,1.00
2016.01.19 19:57:58.274,0.64944,0.64972,1.00,1.00
2016.01.19 19:57:59.883,0.64944,0.6497,1.00,1.00
2016.01.19 19:58:00.187,0.64944,0.64968,1.00,1.00
2016.01.19 19:58:00.932,0.64944,0.64967,1.00,1.00
2016.01.19 19:58:02.141,0.64942,0.64967,1.00,1.00
2016.01.19 19:58:02.812,0.64941,0.64966,1.00,1.00
2016.01.19 19:58:03.214,0.64941,0.64969,1.00,1.00
2016.01.19 19:58:03.404,0.64941,0.64967,1.00,1.00
2016.01.19 19:58:03.744,0.64939,0.64964,1.00,1.00
2016.01.19 19:58:04.272,0.64939,0.64968,2.25,1.00
2016.01.19 19:58:04.646,0.64939,0.64965,1.50,1.00
2016.01.19 19:58:05.494,0.64939,0.64966,2.25,1.00
2016.01.19 19:58:05.973,0.64939,0.64964,1.00,1.00
2016.01.19 19:58:06.515,0.64939,0.64968,1.50,1.50
2016.01.19 19:58:06.813,0.64939,0.64966,1.00,1.00
2016.01.19 19:58:07.401,0.64939,0.64967,1.00,1.00
2016.01.19 19:58:07.917,0.64939,0.64965,1.00,1.00
2016.01.19 19:58:08.503,0.64939,0.64964,1.50,1.00
2016.01.19 19:58:09.104,0.64939,0.64965,1.50,1.00
2016.01.19 19:58:09.708,0.64939,0.64964,1.50,1.00
2016.01.19 19:58:10.335,0.64939,0.64962,1.00,1.00
2016.01.19 19:58:10.681,0.64935,0.64961,1.00,1.00
2016.01.19 19:58:10.883,0.64934,0.64957,1.00,1.00
2016.01.19 19:58:17.275,0.64934,0.64958,1.50,1.00
2016.01.19 19:58:17.587,0.64934,0.6496,1.50,1.00
2016.01.19 19:58:18.167,0.64934,0.64959,1.00,1.00
2016.01.19 19:58:18.952,0.64934,0.64958,1.00,1.00
2016.01.19 19:58:19.682,0.64934,0.64959,1.00,1.00
2016.01.19 19:58:19.843,0.64932,0.64959,1.00,1.00
2016.01.19 19:58:20.045,0.64932,0.64957,1.00,1.00
2016.01.19 19:58:20.453,0.64932,0.64955,1.00,1.00
2016.01.19 19:58:21.642,0.64929,0.64955,1.00,1.00
2016.01.19 19:58:22.434,0.64929,0.64957,1.50,1.00
2016.01.19 19:58:22.973,0.64929,0.64956,1.50,1.00
2016.01.19 19:58:23.135,0.64929,0.64954,1.50,1.00
2016.01.19 19:58:24.024,0.64928,0.64954,1.00,1.00
2016.01.19 19:58:26.045,0.6493,0.64954,1.00,1.00
2016.01.19 19:58:26.174,0.6493,0.64956,1.00,1.00
2016.01.19 19:58:26.527,0.6493,0.64953,1.00,1.00
2016.01.19 19:58:27.317,0.6493,0.64954,1.00,1.00
2016.01.19 19:58:34.092,0.6493,0.64955,1.00,1.00
2016.01.19 19:58:34.633,0.6493,0.64956,1.00,1.00
2016.01.19 19:58:35.299,0.64929,0.64956,1.50,1.00
2016.01.19 19:58:37.832,0.64929,0.64957,1.50,1.00
2016.01.19 19:58:38.269,0.64929,0.64955,1.50,1.00
2016.01.19 19:58:40.733,0.64929,0.64956,1.00,1.00
2016.01.19 19:58:41.240,0.6493,0.64957,1.50,1.00
2016.01.19 19:58:41.767,0.64928,0.64956,1.00,1.50
2016.01.19 19:58:41.817,0.64928,0.64953,1.00,1.00
2016.01.19 19:58:42.024,0.64927,0.64956,1.00,1.50
2016.01.19 19:58:42.125,0.64927,0.64954,1.00,1.00
2016.01.19 19:58:42.468,0.64926,0.64951,1.00,1.00
2016.01.19 19:58:42.689,0.64926,0.64954,1.00,1.00
2016.01.19 19:58:43.231,0.64926,0.64956,1.50,1.00
2016.01.19 19:58:43.959,0.64927,0.64956,1.00,1.00
2016.01.19 19:58:44.372,0.64926,0.64954,1.00,1.00
2016.01.19 19:58:44.711,0.64926,0.64952,1.00,1.00
2016.01.19 19:58:44.999,0.64926,0.64954,1.00,1.00
2016.01.19 19:58:45.124,0.64928,0.64955,1.00,1.00
2016.01.19 19:58:46.091,0.64926,0.64954,1.00,1.00
2016.01.19 19:58:46.319,0.64929,0.64957,1.00,1.00
2016.01.19 19:58:46.627,0.64926,0.64954,1.00,1.00
2016.01.19 19:58:47.228,0.64927,0.64956,1.00,1.00
2016.01.19 19:58:47.919,0.64928,0.64955,1.00,1.00
2016.01.19 19:58:48.299,0.64925,0.64952,1.50,1.00
2016.01.19 19:58:48.837,0.64924,0.64951,1.00,1.00
2016.01.19 19:58:49.761,0.64924,0.64952,1.00,1.50
2016.01.19 19:58:50.554,0.64925,0.64952,1.00,1.00
2016.01.19 19:58:51.055,0.64925,0.64954,1.50,1.00
2016.01.19 19:58:51.691,0.64926,0.64953,1.00,1.00
2016.01.19 19:58:55.002,0.64926,0.64954,1.00,1.00
2016.01.19 19:58:58.632,0.64924,0.64953,1.50,1.00
2016.01.19 19:58:59.681,0.64925,0.64953,1.00,1.00
2016.01.19 19:59:00.303,0.64925,0.64954,1.50,1.50
2016.01.19 19:59:01.702,0.64924,0.64952,1.50,1.00
2016.01.19 19:59:02.113,0.64924,0.64949,1.00,1.00
2016.01.19 19:59:02.643,0.64923,0.64948,1.00,1.00
2016.01.19 19:59:02.693,0.64923,0.6495,1.00,1.00
2016.01.19 19:59:02.744,0.64921,0.64949,1.00,1.00
2016.01.19 19:59:02.844,0.64918,0.64946,1.00,1.00
2016.01.19 19:59:03.146,0.64921,0.64949,1.00,1.50
2016.01.19 19:59:04.144,0.64922,0.64951,1.00,1.50
2016.01.19 19:59:04.360,0.64924,0.64952,1.00,1.00
2016.01.19 19:59:05.134,0.64925,0.64952,1.00,1.00
2016.01.19 19:59:06.714,0.64925,0.64953,1.00,1.00
2016.01.19 19:59:08.434,0.64924,0.64952,1.00,1.00
2016.01.19 19:59:09.018,0.64924,0.64953,1.00,1.00
2016.01.19 19:59:10.831,0.64924,0.64954,1.00,1.50
2016.01.19 19:59:12.272,0.64924,0.64951,1.00,1.00
2016.01.19 19:59:12.533,0.64922,0.6495,1.00,1.00
2016.01.19 19:59:12.592,0.64922,0.64952,1.50,1.50
2016.01.19 19:59:13.070,0.64922,0.64949,1.00,1.00
2016.01.19 19:59:13.120,0.6492,0.64949,1.00,1.00
2016.01.19 19:59:13.171,0.64919,0.64947,1.50,1.00
2016.01.19 19:59:13.722,0.64918,0.64946,1.50,1.00
2016.01.19 19:59:17.221,0.64918,0.64945,1.00,1.00
2016.01.19 19:59:17.431,0.64918,0.64948,1.50,1.50
2016.01.19 19:59:18.282,0.64918,0.64947,1.50,1.00
2016.01.19 19:59:18.446,0.64918,0.64944,1.00,1.00
2016.01.19 19:59:18.496,0.64916,0.64944,1.00,1.00
2016.01.19 19:59:19.302,0.64917,0.64945,1.00,1.00
2016.01.19 19:59:19.654,0.64916,0.64943,1.00,1.00
2016.01.19 19:59:19.989,0.64917,0.64947,1.00,1.50
2016.01.19 19:59:20.039,0.64917,0.64944,1.00,1.00
2016.01.19 19:59:20.403,0.64915,0.64943,1.00,1.00
2016.01.19 19:59:20.552,0.64917,0.64946,1.00,1.00
2016.01.19 19:59:22.711,0.64916,0.64946,1.50,1.00
2016.01.19 19:59:23.238,0.64917,0.64947,1.00,1.00
2016.01.19 19:59:23.862,0.64916,0.64946,1.50,1.00
2016.01.19 19:59:23.996,0.64919,0.64946,1.00,1.00
2016.01.19 19:59:24.522,0.64919,0.64947,1.00,1.50
2016.01.19 19:59:27.037,0.64919,0.64948,1.50,1.00
2016.01.19 19:59:29.091,0.6492,0.64949,1.00,1.50
2016.01.19 19:59:29.712,0.64919,0.64948,1.00,1.00
2016.01.19 19:59:30.082,0.64918,0.64946,1.00,1.00
2016.01.19 19:59:30.403,0.64921,0.64946,1.00,1.00
2016.01.19 19:59:30.554,0.64925,0.64954,1.00,1.50
2016.01.19 19:59:30.761,0.64927,0.64956,1.50,1.00
2016.01.19 19:59:31.082,0.64932,0.64959,1.00,1.00
2016.01.19 19:59:31.196,0.6493,0.64958,1.00,1.00
2016.01.19 19:59:31.320,0.64931,0.6496,1.00,1.00
2016.01.19 19:59:31.512,0.6493,0.64957,1.00,1.00
2016.01.19 19:59:31.746,0.64928,0.64957,1.50,1.00
2016.01.19 19:59:31.846,0.64926,0.64953,1.50,1.00
2016.01.19 19:59:32.204,0.64924,0.64949,1.00,1.00
2016.01.19 19:59:32.404,0.64924,0.64951,1.00,1.00
2016.01.19 19:59:32.615,0.64926,0.64952,1.00,1.00
2016.01.19 19:59:32.766,0.64926,0.64955,1.50,1.00
2016.01.19 19:59:32.867,0.64928,0.64955,1.00,1.00
2016.01.19 19:59:32.967,0.64929,0.64957,1.00,1.00
2016.01.19 19:59:33.475,0.64928,0.64955,1.50,1.00
2016.01.19 19:59:33.786,0.64928,0.64953,1.00,1.00
2016.01.19 19:59:33.937,0.64929,0.64956,1.00,1.00
2016.01.19 19:59:34.516,0.64928,0.64957,1.00,1.00
2016.01.19 19:59:34.912,0.64929,0.64959,1.00,1.00
2016.01.19 19:59:35.272,0.64932,0.64961,1.00,1.50
2016.01.19 19:59:35.822,0.64932,0.64962,1.50,1.50
2016.01.19 19:59:36.352,0.64932,0.64958,1.00,1.00
2016.01.19 19:59:37.130,0.64929,0.64957,1.00,1.00
2016.01.19 19:59:37.672,0.64929,0.64954,1.00,1.00
2016.01.19 19:59:37.823,0.6493,0.64959,1.50,1.50
2016.01.19 19:59:38.493,0.64931,0.6496,1.50,1.00
2016.01.19 19:59:38.543,0.64933,0.6496,1.00,1.00
2016.01.19 19:59:38.695,0.64935,0.64964,1.00,1.00
2016.01.19 19:59:39.155,0.64937,0.64963,1.00,1.00
2016.01.19 19:59:39.357,0.64941,0.64969,1.00,1.00
2016.01.19 19:59:39.735,0.64939,0.64969,1.00,1.50
2016.01.19 19:59:39.871,0.64938,0.64965,1.00,1.00
2016.01.19 19:59:40.381,0.64937,0.64965,1.00,1.00
2016.01.19 19:59:40.692,0.64937,0.64963,1.00,1.00
2016.01.19 19:59:40.792,0.64939,0.64968,1.00,1.00
2016.01.19 19:59:41.081,0.64938,0.64965,1.00,1.00
2016.01.19 19:59:41.232,0.6494,0.64969,1.00,1.00
2016.01.19 19:59:41.560,0.64942,0.6497,1.00,1.00
2016.01.19 19:59:41.761,0.64942,0.64972,1.00,1.50
2016.01.19 19:59:41.861,0.6494,0.6497,1.50,1.00
2016.01.19 19:59:42.222,0.64939,0.64968,1.00,1.00
2016.01.19 19:59:42.576,0.64939,0.64966,1.00,1.00
2016.01.19 19:59:42.626,0.64942,0.64971,1.00,1.00
2016.01.19 19:59:42.777,0.6494,0.64968,1.00,1.00
2016.01.19 19:59:43.293,0.64937,0.64965,1.00,1.00
2016.01.19 19:59:43.394,0.64938,0.64968,1.50,1.50
2016.01.19 19:59:43.509,0.64938,0.64966,1.50,1.00
2016.01.19 19:59:44.050,0.64938,0.64968,1.00,1.00
2016.01.19 19:59:45.074,0.64937,0.64964,1.50,1.00
2016.01.19 19:59:45.376,0.64942,0.64969,1.00,1.00
2016.01.19 19:59:45.932,0.64942,0.64971,1.50,1.00
2016.01.19 19:59:46.295,0.64942,0.64968,1.00,1.00
2016.01.19 19:59:46.671,0.6494,0.64968,1.00,1.00
2016.01.19 19:59:46.822,0.64938,0.64968,1.50,1.50
2016.01.19 19:59:47.151,0.64938,0.64966,1.00,1.00
2016.01.19 19:59:47.389,0.64938,0.64968,1.50,1.00
2016.01.19 19:59:47.600,0.64937,0.64965,1.00,1.00
2016.01.19 19:59:47.774,0.64935,0.64965,1.00,1.00
2016.01.19 19:59:47.925,0.64934,0.64963,2.25,1.00
2016.01.19 19:59:48.467,0.64935,0.64964,1.00,1.00
2016.01.19 19:59:48.931,0.64939,0.64966,1.00,1.00
2016.01.19 19:59:49.132,0.64939,0.64969,1.00,1.00
2016.01.19 19:59:49.233,0.6494,0.64967,1.00,1.00
2016.01.19 19:59:49.736,0.64939,0.64968,1.50,1.00
2016.01.19 19:59:50.050,0.64944,0.64968,1.00,1.00
2016.01.19 19:59:50.102,0.64944,0.64971,1.00,1.00
2016.01.19 19:59:50.621,0.64944,0.64972,1.50,1.00
2016.01.19 19:59:50.672,0.64944,0.64974,1.50,1.00
2016.01.19 19:59:50.871,0.64946,0.64976,1.00,1.50
2016.01.19 19:59:51.200,0.64945,0.64973,1.50,1.00
2016.01.19 19:59:51.674,0.64945,0.64971,1.00,1.00
2016.01.19 19:59:51.775,0.64945,0.64973,1.00,1.00
2016.01.19 19:59:52.762,0.64944,0.64972,1.00,1.00
2016.01.19 19:59:54.006,0.64945,0.64972,1.00,1.00
2016.01.19 19:59:54.497,0.64943,0.64972,1.00,1.00
2016.01.19 19:59:54.764,0.64941,0.64967,1.00,1.00
2016.01.19 19:59:54.864,0.64939,0.64967,1.00,1.00
2016.01.19 19:59:54.968,0.64937,0.64965,1.00,1.00
2016.01.19 19:59:55.269,0.64936,0.6496,1.00,1.00
2016.01.19 19:59:55.511,0.64936,0.64965,1.50,1.00
2016.01.19 19:59:57.071,0.64936,0.64963,1.00,1.00
2016.01.19 19:59:57.572,0.64937,0.64963,1.00,1.00
2016.01.19 19:59:57.622,0.64939,0.64966,1.00,1.00
2016.01.19 19:59:57.910,0.64939,0.64968,1.50,1.00
2016.01.19 19:59:58.374,0.64939,0.64966,1.00,1.00
2016.01.19 19:59:58.474,0.64939,0.64969,1.50,1.00
2016.01.19 19:59:58.791,0.64942,0.6497,1.00,1.00
2016.01.19 19:59:59.331,0.64941,0.64969,1.00,1.00
2016.01.19 19:59:59.713,0.6494,0.64967,1.50,1.00
