2015.12.01 12:00:00.282,0.68334,0.68359,1.00,1.00
2015.12.01 12:00:01.161,0.6834,0.68359,1.00,1.00
2015.12.01 12:00:01.381,0.68334,0.68359,1.00,1.00
2015.12.01 12:00:01.961,0.68335,0.68359,1.00,1.00
2015.12.01 12:00:02.328,0.68334,0.68357,1.00,1.00
2015.12.01 12:00:02.594,0.68334,0.6836,1.00,1.00
2015.12.01 12:00:02.695,0.68334,0.68363,1.00,1.00
2015.12.01 12:00:02.745,0.6834,0.68363,1.00,1.00
2015.12.01 12:00:03.035,0.68335,0.68364,1.00,1.00
2015.12.01 12:00:03.255,0.68339,0.68364,1.00,1.00
2015.12.01 12:00:03.862,0.68339,0.68363,1.00,1.00
2015.12.01 12:00:05.014,0.68336,0.68363,1.00,1.00
2015.12.01 12:00:05.280,0.68334,0.68362,1.50,1.00
2015.12.01 12:00:05.966,0.68334,0.68361,1.00,1.00
2015.12.01 12:00:06.498,0.68335,0.68361,1.00,1.00
2015.12.01 12:00:06.784,0.68332,0.68362,1.00,1.00
2015.12.01 12:00:06.835,0.6833,0.6836,1.00,1.00
2015.12.01 12:00:07.352,0.68332,0.6836,1.00,1.00
2015.12.01 12:00:08.140,0.68331,0.68359,1.00,1.00
2015.12.01 12:00:08.332,0.68329,0.68359,1.50,1.50
2015.12.01 12:00:09.303,0.6833,0.68359,1.00,1.50
2015.12.01 12:00:09.842,0.68331,0.6836,1.00,1.00
2015.12.01 12:00:10.695,0.6833,0.6836,1.00,1.00
2015.12.01 12:00:11.554,0.68331,0.68361,1.00,1.50
2015.12.01 12:00:12.713,0.68334,0.68361,1.00,1.50
2015.12.01 12:00:12.822,0.68329,0.68359,1.50,1.00
2015.12.01 12:00:14.111,0.68331,0.68361,1.00,1.50
2015.12.01 12:00:15.405,0.6833,0.6836,1.50,1.00
2015.12.01 12:00:19.121,0.68331,0.68361,1.00,1.00
2015.12.01 12:00:19.664,0.6833,0.6836,1.50,1.00
2015.12.01 12:00:22.173,0.68334,0.6836,1.00,1.00
2015.12.01 12:00:22.884,0.68334,0.68361,1.00,1.00
2015.12.01 12:00:23.603,0.68331,0.68361,1.00,1.00
2015.12.01 12:00:24.483,0.68334,0.68361,1.00,1.00
2015.12.01 12:00:24.735,0.68334,0.68363,1.50,1.00
2015.12.01 12:00:25.339,0.68334,0.68364,1.50,1.00
2015.12.01 12:00:26.000,0.68334,0.68363,1.00,1.00
2015.12.01 12:00:27.894,0.68339,0.68363,1.00,1.00
2015.12.01 12:00:28.640,0.68339,0.68364,1.00,1.00
2015.12.01 12:00:30.122,0.68339,0.68365,1.00,1.50
2015.12.01 12:00:30.452,0.68344,0.68365,1.00,1.00
2015.12.01 12:00:30.503,0.68344,0.6837,1.00,1.00
2015.12.01 12:00:30.704,0.68344,0.68372,1.00,1.00
2015.12.01 12:00:31.280,0.68344,0.68373,1.00,1.00
2015.12.01 12:00:32.212,0.68344,0.68372,1.00,1.00
2015.12.01 12:00:33.005,0.68344,0.68373,1.00,1.00
2015.12.01 12:00:33.062,0.68349,0.68373,1.00,1.00
2015.12.01 12:00:33.590,0.68349,0.68374,1.00,1.00
2015.12.01 12:00:34.637,0.6835,0.68374,1.00,1.00
2015.12.01 12:00:36.723,0.6835,0.68375,1.00,1.00
2015.12.01 12:00:37.132,0.68345,0.68375,1.50,1.50
2015.12.01 12:00:41.142,0.68344,0.68374,1.50,1.00
2015.12.01 12:00:41.243,0.68342,0.6837,1.00,1.00
2015.12.01 12:00:41.928,0.6834,0.68369,1.50,1.00
2015.12.01 12:00:42.129,0.68339,0.68365,1.00,1.00
2015.12.01 12:00:42.230,0.68334,0.68364,1.50,1.00
2015.12.01 12:00:42.829,0.68335,0.68364,1.00,1.00
2015.12.01 12:00:43.344,0.68334,0.68364,1.50,1.00
2015.12.01 12:00:43.702,0.68337,0.68365,1.00,1.00
2015.12.01 12:00:43.803,0.6834,0.68369,1.00,1.00
2015.12.01 12:00:44.183,0.68339,0.68366,1.00,1.00
2015.12.01 12:00:44.823,0.68338,0.68366,1.00,1.50
2015.12.01 12:00:46.538,0.68337,0.68366,1.00,1.00
2015.12.01 12:00:49.164,0.68338,0.68366,1.00,1.00
2015.12.01 12:00:49.894,0.68338,0.68365,1.00,1.00
2015.12.01 12:00:50.247,0.6834,0.68367,1.00,1.00
2015.12.01 12:00:52.204,0.68337,0.68366,1.00,1.00
2015.12.01 12:00:56.491,0.68337,0.68365,1.00,1.00
2015.12.01 12:00:56.852,0.68334,0.68364,1.50,1.00
2015.12.01 12:00:57.399,0.68335,0.68365,1.00,1.00
2015.12.01 12:01:02.479,0.68335,0.68362,1.00,1.00
2015.12.01 12:01:03.093,0.68334,0.68362,1.00,1.00
2015.12.01 12:01:04.574,0.68334,0.68364,1.50,1.00
2015.12.01 12:01:06.333,0.68336,0.68366,1.00,1.50
2015.12.01 12:01:06.635,0.68339,0.68367,1.50,1.00
2015.12.01 12:01:06.896,0.68335,0.68365,1.50,1.50
2015.12.01 12:01:07.427,0.68336,0.68365,1.00,1.00
2015.12.01 12:01:07.521,0.68334,0.68364,1.50,1.00
2015.12.01 12:01:07.692,0.68334,0.6836,1.50,1.00
2015.12.01 12:01:07.893,0.68329,0.68358,1.00,1.00
2015.12.01 12:01:08.328,0.68328,0.68356,1.00,1.00
2015.12.01 12:01:08.743,0.68328,0.68358,1.00,1.00
2015.12.01 12:01:10.948,0.68328,0.68356,1.00,1.00
2015.12.01 12:01:12.472,0.68329,0.68357,1.00,1.00
2015.12.01 12:01:12.970,0.68331,0.68357,1.00,1.00
2015.12.01 12:01:13.071,0.68332,0.6836,1.00,1.00
2015.12.01 12:01:13.410,0.6833,0.68359,1.00,1.00
2015.12.01 12:01:13.731,0.68332,0.6836,1.00,1.50
2015.12.01 12:01:14.254,0.68334,0.68361,1.00,1.00
2015.12.01 12:01:14.563,0.68333,0.68363,1.50,1.00
2015.12.01 12:01:14.714,0.68335,0.68365,1.00,1.00
2015.12.01 12:01:15.611,0.68336,0.68366,1.00,1.50
2015.12.01 12:01:16.769,0.68337,0.68367,1.00,1.00
2015.12.01 12:01:17.291,0.68338,0.68368,1.00,1.00
2015.12.01 12:01:17.642,0.68337,0.68366,1.00,1.00
2015.12.01 12:01:18.492,0.68337,0.68365,1.00,1.00
2015.12.01 12:01:18.932,0.68336,0.68363,1.50,1.00
2015.12.01 12:01:19.399,0.68338,0.68364,1.00,1.00
2015.12.01 12:01:19.450,0.68338,0.68366,1.00,1.50
2015.12.01 12:01:20.767,0.68338,0.68368,1.50,1.00
2015.12.01 12:01:21.821,0.68338,0.68365,1.00,1.00
2015.12.01 12:01:24.373,0.6834,0.68365,1.00,1.00
2015.12.01 12:01:24.474,0.68341,0.6837,1.00,1.50
2015.12.01 12:01:24.975,0.68341,0.68369,1.00,1.00
2015.12.01 12:01:25.472,0.6834,0.68367,1.00,1.00
2015.12.01 12:01:27.077,0.6834,0.68365,1.00,1.00
2015.12.01 12:01:27.401,0.6834,0.68367,1.00,1.00
2015.12.01 12:01:27.656,0.68338,0.68367,1.00,1.00
2015.12.01 12:01:28.197,0.68338,0.68366,1.00,1.50
2015.12.01 12:01:30.121,0.68337,0.68366,1.00,1.50
2015.12.01 12:01:30.222,0.68337,0.68362,1.00,1.00
2015.12.01 12:01:30.841,0.68337,0.68365,1.00,1.00
2015.12.01 12:01:31.354,0.68337,0.68364,1.00,1.00
2015.12.01 12:01:31.881,0.68337,0.68363,1.00,1.00
2015.12.01 12:01:32.396,0.68335,0.68364,1.00,1.00
2015.12.01 12:01:33.151,0.68335,0.68363,1.00,1.00
2015.12.01 12:01:38.883,0.68333,0.68361,1.00,1.00
2015.12.01 12:01:39.467,0.68333,0.6836,1.00,1.50
2015.12.01 12:01:40.080,0.68333,0.68361,1.00,1.50
2015.12.01 12:01:40.557,0.68336,0.68361,1.00,1.00
2015.12.01 12:01:40.788,0.68336,0.68364,1.00,1.00
2015.12.01 12:01:43.191,0.68337,0.68367,1.00,1.00
2015.12.01 12:01:45.580,0.68339,0.68367,1.00,1.00
2015.12.01 12:01:46.187,0.68338,0.68368,1.00,1.00
2015.12.01 12:01:47.861,0.68338,0.68366,1.00,1.00
2015.12.01 12:01:48.522,0.68338,0.68368,1.00,1.00
2015.12.01 12:01:49.870,0.68339,0.68367,1.00,1.00
2015.12.01 12:01:50.641,0.68337,0.68366,1.00,1.50
2015.12.01 12:01:55.670,0.68337,0.68365,1.00,1.00
2015.12.01 12:01:56.260,0.68337,0.68364,1.00,1.00
2015.12.01 12:01:56.361,0.68337,0.68362,1.00,1.00
2015.12.01 12:01:57.024,0.68337,0.68361,1.00,1.00
2015.12.01 12:01:59.521,0.68337,0.68362,1.00,1.00
2015.12.01 12:02:00.073,0.68337,0.68363,1.00,1.00
2015.12.01 12:02:00.123,0.68337,0.68365,1.50,1.00
2015.12.01 12:02:00.651,0.68337,0.68364,1.00,1.00
2015.12.01 12:02:01.316,0.68337,0.68365,1.00,1.00
2015.12.01 12:02:01.976,0.68336,0.68365,1.00,1.00
2015.12.01 12:02:02.636,0.68336,0.68366,1.00,1.50
2015.12.01 12:02:03.301,0.68336,0.68365,1.00,1.00
2015.12.01 12:02:03.779,0.6834,0.68365,1.00,1.00
2015.12.01 12:02:03.950,0.68343,0.68369,1.00,1.00
2015.12.01 12:02:04.101,0.68343,0.68372,1.00,1.00
2015.12.01 12:02:06.699,0.68344,0.68372,1.00,1.00
2015.12.01 12:02:07.367,0.68341,0.68368,1.00,1.00
2015.12.01 12:02:07.518,0.68338,0.68367,1.00,1.00
2015.12.01 12:02:07.719,0.68336,0.68363,1.00,1.00
2015.12.01 12:02:08.034,0.68337,0.68365,1.00,1.00
2015.12.01 12:02:08.290,0.68337,0.68367,1.00,1.00
2015.12.01 12:02:08.460,0.68337,0.68365,1.00,1.00
2015.12.01 12:02:09.893,0.68337,0.68367,1.00,1.00
2015.12.01 12:02:10.935,0.68338,0.68367,1.00,1.00
2015.12.01 12:02:11.036,0.6834,0.68368,1.00,1.00
2015.12.01 12:02:11.415,0.68344,0.68371,1.00,1.50
2015.12.01 12:02:12.351,0.68344,0.68373,1.50,1.00
2015.12.01 12:02:12.420,0.68344,0.68371,1.50,1.00
2015.12.01 12:02:12.996,0.68344,0.68372,1.00,1.00
2015.12.01 12:02:13.630,0.68344,0.68373,1.50,1.00
2015.12.01 12:02:14.004,0.68346,0.68375,1.00,1.00
2015.12.01 12:02:14.748,0.68345,0.68374,1.00,1.00
2015.12.01 12:02:20.801,0.68346,0.68374,1.00,1.00
2015.12.01 12:02:24.205,0.68346,0.68375,1.00,1.00
2015.12.01 12:02:27.713,0.68345,0.68374,1.00,1.00
2015.12.01 12:02:27.893,0.68343,0.68373,1.00,1.00
2015.12.01 12:02:28.493,0.68342,0.68372,1.50,1.00
2015.12.01 12:02:29.395,0.68342,0.68371,1.00,1.00
2015.12.01 12:02:29.602,0.68343,0.68373,1.50,1.00
2015.12.01 12:02:33.026,0.68344,0.68374,1.00,1.00
2015.12.01 12:02:33.534,0.68343,0.68373,1.50,1.00
2015.12.01 12:02:34.356,0.68343,0.68371,1.50,1.00
2015.12.01 12:02:34.857,0.68342,0.68372,1.50,1.00
2015.12.01 12:02:35.209,0.68342,0.6837,1.00,1.00
2015.12.01 12:02:35.764,0.68341,0.6837,1.50,1.00
2015.12.01 12:02:40.799,0.68342,0.68372,1.00,1.00
2015.12.01 12:02:47.527,0.68346,0.68374,1.00,1.00
2015.12.01 12:02:47.856,0.68344,0.68372,1.50,1.00
2015.12.01 12:02:50.385,0.68341,0.68371,1.50,1.00
2015.12.01 12:02:51.106,0.68342,0.68372,1.00,1.00
2015.12.01 12:02:51.661,0.68341,0.68371,1.50,1.00
2015.12.01 12:02:52.370,0.68339,0.68368,1.50,1.00
2015.12.01 12:02:52.790,0.68341,0.68371,1.00,1.00
2015.12.01 12:02:53.009,0.68343,0.68371,1.00,1.00
2015.12.01 12:02:58.509,0.68342,0.6837,1.00,1.00
2015.12.01 12:03:04.449,0.68341,0.68371,1.00,1.00
2015.12.01 12:03:04.814,0.68339,0.68368,1.50,1.00
2015.12.01 12:03:05.332,0.68339,0.68367,1.00,1.00
2015.12.01 12:03:11.268,0.68339,0.68368,1.50,1.00
2015.12.01 12:03:15.386,0.6834,0.68369,1.00,1.00
2015.12.01 12:03:15.895,0.68339,0.68368,1.00,1.00
2015.12.01 12:03:17.429,0.68336,0.68365,1.00,1.00
2015.12.01 12:03:18.331,0.68335,0.68362,1.00,1.00
2015.12.01 12:03:18.528,0.68332,0.68362,1.50,1.00
2015.12.01 12:03:19.742,0.68335,0.68363,1.00,1.00
2015.12.01 12:03:21.289,0.68335,0.68361,1.00,1.00
2015.12.01 12:03:21.498,0.68333,0.68361,1.00,1.50
2015.12.01 12:03:22.378,0.68334,0.68364,1.00,1.00
2015.12.01 12:03:23.212,0.68335,0.68365,1.00,1.50
2015.12.01 12:03:23.263,0.68338,0.68365,1.00,1.00
2015.12.01 12:03:23.478,0.68334,0.68363,1.00,1.00
2015.12.01 12:03:24.352,0.68333,0.68363,1.00,1.00
2015.12.01 12:03:24.468,0.68335,0.68365,1.00,1.50
2015.12.01 12:03:24.813,0.68338,0.68366,1.00,1.00
2015.12.01 12:03:26.892,0.68337,0.68366,1.00,1.00
2015.12.01 12:03:28.665,0.68339,0.68366,1.00,1.00
2015.12.01 12:03:28.872,0.68337,0.68365,1.00,1.00
2015.12.01 12:03:29.988,0.6834,0.68365,1.00,1.00
2015.12.01 12:03:35.487,0.68339,0.68365,1.00,1.00
2015.12.01 12:03:39.447,0.68339,0.68366,1.00,1.00
2015.12.01 12:03:39.948,0.68339,0.68369,1.50,1.00
2015.12.01 12:03:40.107,0.68339,0.68366,1.00,1.00
2015.12.01 12:03:42.837,0.68337,0.68366,1.00,1.00
2015.12.01 12:03:45.809,0.68338,0.68366,1.00,1.00
2015.12.01 12:03:48.888,0.68339,0.68366,1.00,1.00
2015.12.01 12:03:50.868,0.68337,0.68366,1.00,1.00
2015.12.01 12:03:51.406,0.68337,0.68365,1.00,1.00
2015.12.01 12:03:51.527,0.68335,0.68365,1.50,1.50
2015.12.01 12:03:51.729,0.68335,0.68361,1.00,1.00
2015.12.01 12:03:51.779,0.68332,0.68361,1.00,1.50
2015.12.01 12:03:52.355,0.68333,0.6836,1.00,1.00
2015.12.01 12:03:52.519,0.68331,0.6836,1.00,1.00
2015.12.01 12:03:53.066,0.68331,0.68361,1.00,1.50
2015.12.01 12:03:54.908,0.68334,0.68361,1.00,1.00
2015.12.01 12:03:55.459,0.68331,0.68361,1.00,1.50
2015.12.01 12:03:55.598,0.68333,0.68361,1.00,1.50
2015.12.01 12:03:58.028,0.68331,0.68361,1.00,1.50
2015.12.01 12:04:00.223,0.68332,0.68361,1.00,1.00
2015.12.01 12:04:02.981,0.68334,0.68361,1.00,1.00
2015.12.01 12:04:03.980,0.68333,0.68361,1.00,1.50
2015.12.01 12:04:08.582,0.68334,0.68361,1.00,1.00
2015.12.01 12:04:12.655,0.68335,0.68361,1.00,1.00
2015.12.01 12:04:13.198,0.68334,0.68361,1.00,1.00
2015.12.01 12:04:13.875,0.68335,0.68361,1.00,1.00
2015.12.01 12:04:15.188,0.68333,0.68361,1.00,1.00
2015.12.01 12:04:18.697,0.68332,0.68361,1.00,1.00
2015.12.01 12:04:19.470,0.68331,0.68361,1.00,1.50
2015.12.01 12:04:19.863,0.68331,0.68359,1.00,1.00
2015.12.01 12:04:20.524,0.6833,0.68359,1.00,1.00
2015.12.01 12:04:21.087,0.68331,0.68359,1.00,1.00
2015.12.01 12:04:24.858,0.68332,0.68359,1.00,1.00
2015.12.01 12:04:28.047,0.6833,0.68359,1.00,1.00
2015.12.01 12:04:29.189,0.68329,0.68359,1.00,1.50
2015.12.01 12:04:29.289,0.68331,0.68359,1.00,1.00
2015.12.01 12:04:29.854,0.6833,0.68359,1.00,1.00
2015.12.01 12:04:32.556,0.68329,0.68359,1.00,1.50
2015.12.01 12:04:35.086,0.6833,0.68358,1.00,1.00
2015.12.01 12:04:35.668,0.68331,0.68359,1.00,1.00
2015.12.01 12:04:36.054,0.68331,0.68354,1.00,1.00
2015.12.01 12:04:36.557,0.6833,0.68354,1.00,1.00
2015.12.01 12:04:37.087,0.68331,0.68354,1.00,1.00
2015.12.01 12:04:37.192,0.68329,0.68354,1.00,1.00
2015.12.01 12:04:38.717,0.6833,0.68354,1.00,1.00
2015.12.01 12:04:39.708,0.68328,0.68354,1.00,1.00
2015.12.01 12:04:40.232,0.68329,0.68354,1.00,1.00
2015.12.01 12:04:40.389,0.68327,0.68354,1.00,1.00
2015.12.01 12:04:40.817,0.68329,0.68354,1.00,1.00
2015.12.01 12:04:44.019,0.68328,0.6835,1.00,1.00
2015.12.01 12:04:44.541,0.68327,0.6835,1.00,1.00
2015.12.01 12:04:45.067,0.68326,0.6835,1.00,1.00
2015.12.01 12:04:49.179,0.68324,0.68348,1.00,1.00
2015.12.01 12:04:53.700,0.68323,0.68348,1.00,1.00
2015.12.01 12:04:54.219,0.68324,0.6835,1.00,1.00
2015.12.01 12:04:55.042,0.68324,0.68351,1.00,1.00
2015.12.01 12:04:55.702,0.68324,0.6835,1.00,1.00
2015.12.01 12:04:56.976,0.68325,0.6835,1.00,1.00
2015.12.01 12:04:59.286,0.68326,0.6835,1.00,1.00
2015.12.01 12:05:01.376,0.68325,0.6835,1.00,1.00
2015.12.01 12:05:12.955,0.68325,0.68346,1.00,1.00
2015.12.01 12:05:14.360,0.68324,0.68346,1.00,1.00
2015.12.01 12:05:14.664,0.68323,0.6835,1.00,1.00
2015.12.01 12:05:14.715,0.68326,0.6835,1.00,1.00
2015.12.01 12:05:15.324,0.68326,0.68348,1.00,1.00
2015.12.01 12:05:15.678,0.68323,0.68348,1.00,1.00
2015.12.01 12:05:17.218,0.68325,0.68348,1.00,1.00
2015.12.01 12:05:17.544,0.68325,0.6835,1.00,1.00
2015.12.01 12:05:17.784,0.68325,0.68348,1.00,1.00
2015.12.01 12:05:18.757,0.68323,0.68348,1.00,1.00
2015.12.01 12:05:20.738,0.68324,0.68348,1.00,1.00
2015.12.01 12:05:21.497,0.68323,0.68348,1.00,1.00
2015.12.01 12:05:21.598,0.68324,0.68352,1.00,1.50
2015.12.01 12:05:21.648,0.68326,0.68352,1.00,1.00
2015.12.01 12:05:22.188,0.68325,0.68351,1.00,1.00
2015.12.01 12:05:22.387,0.68322,0.6835,1.00,1.00
2015.12.01 12:05:22.888,0.68321,0.68351,1.00,1.50
2015.12.01 12:05:23.064,0.68323,0.68351,1.00,1.00
2015.12.01 12:05:23.360,0.68321,0.68351,1.50,1.00
2015.12.01 12:05:25.687,0.68322,0.68352,1.00,1.00
2015.12.01 12:05:26.210,0.68322,0.68351,1.00,1.00
2015.12.01 12:05:26.586,0.68319,0.68349,1.50,1.00
2015.12.01 12:05:26.937,0.68321,0.68351,1.00,1.50
2015.12.01 12:05:27.475,0.68322,0.6835,1.00,1.00
2015.12.01 12:05:28.238,0.6832,0.6835,1.50,1.00
2015.12.01 12:05:29.579,0.68319,0.68349,1.50,1.00
2015.12.01 12:05:32.188,0.6832,0.68349,1.00,1.00
2015.12.01 12:05:32.967,0.68318,0.68347,1.00,1.00
2015.12.01 12:05:34.518,0.68316,0.68346,1.50,1.00
2015.12.01 12:05:35.065,0.68317,0.68347,1.00,1.00
2015.12.01 12:05:38.007,0.68319,0.68346,1.00,1.00
2015.12.01 12:05:40.326,0.68319,0.68348,1.00,1.00
2015.12.01 12:05:40.669,0.68321,0.68348,1.00,1.00
2015.12.01 12:05:40.889,0.68322,0.68352,1.00,1.00
2015.12.01 12:05:41.878,0.68323,0.68353,1.00,1.00
2015.12.01 12:05:43.587,0.68323,0.6835,1.00,1.00
2015.12.01 12:05:44.711,0.68323,0.68353,1.00,1.00
2015.12.01 12:05:44.963,0.68322,0.6835,1.00,1.00
2015.12.01 12:05:45.965,0.68321,0.68349,1.00,1.00
2015.12.01 12:05:46.275,0.68315,0.68345,1.50,1.00
2015.12.01 12:05:46.376,0.68315,0.68343,1.50,1.00
2015.12.01 12:05:46.971,0.68316,0.68344,1.00,1.00
2015.12.01 12:05:49.578,0.68315,0.68344,1.00,1.00
2015.12.01 12:05:50.217,0.68317,0.68345,1.00,1.00
2015.12.01 12:05:50.877,0.68316,0.68345,1.00,1.00
2015.12.01 12:05:51.976,0.68316,0.68343,1.00,1.00
2015.12.01 12:05:52.229,0.68317,0.68345,1.00,1.00
2015.12.01 12:05:55.717,0.68315,0.68345,1.00,1.50
2015.12.01 12:06:06.634,0.68316,0.68346,1.00,1.50
2015.12.01 12:06:07.147,0.68315,0.68345,1.00,1.00
2015.12.01 12:06:07.266,0.68318,0.68346,1.00,1.50
2015.12.01 12:06:17.327,0.68317,0.68345,1.00,1.00
2015.12.01 12:06:18.802,0.68314,0.68344,1.50,1.00
2015.12.01 12:06:18.852,0.68314,0.68341,1.00,1.00
2015.12.01 12:06:20.122,0.68315,0.68341,1.00,1.00
2015.12.01 12:06:20.732,0.68314,0.68341,1.00,1.00
2015.12.01 12:06:21.341,0.68315,0.68341,1.00,1.00
2015.12.01 12:06:24.074,0.68311,0.68341,1.00,1.50
2015.12.01 12:06:26.296,0.68313,0.68341,1.00,1.50
2015.12.01 12:06:26.947,0.68312,0.6834,1.00,1.00
2015.12.01 12:06:27.333,0.68314,0.6834,1.00,1.00
2015.12.01 12:06:28.248,0.68312,0.6834,1.00,1.00
2015.12.01 12:06:29.567,0.68314,0.6834,1.00,1.00
2015.12.01 12:06:29.760,0.68314,0.68342,1.50,1.00
2015.12.01 12:06:30.361,0.68315,0.68342,1.00,1.00
2015.12.01 12:06:31.328,0.68312,0.68341,1.00,1.00
2015.12.01 12:06:33.268,0.68312,0.6834,1.00,1.00
2015.12.01 12:06:33.469,0.6831,0.68339,1.50,1.50
2015.12.01 12:06:34.677,0.68312,0.68341,1.00,1.50
2015.12.01 12:06:34.886,0.68313,0.68343,1.00,1.50
2015.12.01 12:06:35.474,0.68311,0.68341,1.00,1.00
2015.12.01 12:06:36.006,0.68311,0.6834,1.00,1.00
2015.12.01 12:06:36.783,0.68313,0.6834,1.00,1.50
2015.12.01 12:06:40.926,0.68314,0.6834,1.00,1.00
2015.12.01 12:06:41.465,0.68314,0.68342,1.50,1.00
2015.12.01 12:06:42.736,0.68314,0.68341,1.00,1.00
2015.12.01 12:06:43.346,0.68314,0.68342,1.50,1.00
2015.12.01 12:06:44.088,0.68315,0.68342,1.00,1.00
2015.12.01 12:06:44.334,0.68315,0.68344,1.00,1.00
2015.12.01 12:06:44.876,0.68315,0.68345,1.50,1.50
2015.12.01 12:06:50.057,0.68316,0.68345,1.00,1.50
2015.12.01 12:06:50.739,0.68315,0.68343,1.00,1.00
2015.12.01 12:06:53.946,0.68315,0.68345,1.00,1.50
2015.12.01 12:06:55.569,0.68314,0.68341,1.00,1.00
2015.12.01 12:06:56.120,0.68314,0.68344,1.50,1.00
2015.12.01 12:06:59.891,0.68316,0.68345,1.00,1.00
2015.12.01 12:07:00.415,0.68315,0.68343,1.00,1.00
2015.12.01 12:07:03.827,0.68315,0.68344,1.00,1.00
2015.12.01 12:07:11.835,0.68316,0.68345,1.00,2.25
2015.12.01 12:07:13.925,0.68317,0.68344,1.00,1.00
2015.12.01 12:07:17.235,0.68318,0.68347,1.00,1.00
2015.12.01 12:07:17.458,0.68322,0.68351,1.00,1.00
2015.12.01 12:07:18.065,0.68321,0.68351,1.00,1.00
2015.12.01 12:07:19.315,0.6832,0.6835,1.00,1.00
2015.12.01 12:07:23.277,0.68321,0.68351,1.00,2.25
2015.12.01 12:07:24.375,0.68319,0.68349,1.50,1.00
2015.12.01 12:07:24.843,0.68321,0.6835,1.00,1.00
2015.12.01 12:07:28.555,0.68323,0.6835,1.00,1.00
2015.12.01 12:07:28.885,0.68325,0.6835,1.00,1.00
2015.12.01 12:07:29.278,0.68325,0.68353,1.00,1.00
2015.12.01 12:07:29.379,0.68326,0.68355,1.00,2.25
2015.12.01 12:07:29.898,0.68325,0.68353,1.50,1.00
2015.12.01 12:07:30.223,0.68323,0.68351,1.00,1.00
2015.12.01 12:07:38.497,0.68322,0.68352,1.00,1.50
2015.12.01 12:07:38.918,0.68326,0.68352,1.00,1.00
2015.12.01 12:07:39.084,0.68326,0.68355,1.00,1.50
2015.12.01 12:07:39.623,0.68327,0.68355,1.00,1.00
2015.12.01 12:07:39.724,0.68327,0.68357,1.00,1.50
2015.12.01 12:07:40.654,0.68327,0.68355,1.00,1.00
2015.12.01 12:07:41.779,0.68328,0.68355,1.00,1.00
2015.12.01 12:07:41.880,0.68324,0.68354,1.50,1.00
2015.12.01 12:07:42.487,0.68324,0.68353,1.50,1.00
2015.12.01 12:07:42.675,0.68321,0.6835,1.00,1.00
2015.12.01 12:07:42.981,0.68322,0.68352,1.00,1.50
2015.12.01 12:07:43.429,0.68325,0.68352,1.00,1.50
2015.12.01 12:07:43.946,0.68322,0.68351,1.00,1.00
2015.12.01 12:07:45.155,0.68324,0.68352,1.00,1.50
2015.12.01 12:07:45.595,0.68323,0.6835,1.00,1.00
2015.12.01 12:07:46.388,0.68323,0.68351,1.00,1.00
2015.12.01 12:07:50.134,0.68323,0.6835,1.00,1.00
2015.12.01 12:07:50.435,0.68325,0.6835,1.00,1.00
2015.12.01 12:07:50.986,0.68324,0.6835,1.00,1.00
2015.12.01 12:07:51.647,0.68323,0.6835,1.00,1.00
2015.12.01 12:07:52.424,0.68325,0.6835,1.00,1.00
2015.12.01 12:07:53.184,0.68323,0.6835,1.00,1.00
2015.12.01 12:07:53.305,0.68321,0.68351,1.00,1.50
2015.12.01 12:07:53.456,0.68321,0.68349,1.00,1.00
2015.12.01 12:07:54.031,0.68322,0.6835,1.00,1.00
2015.12.01 12:07:54.766,0.68324,0.68349,1.00,1.00
2015.12.01 12:07:54.837,0.6832,0.68349,1.00,1.00
2015.12.01 12:07:56.294,0.68321,0.6835,1.00,1.00
2015.12.01 12:07:59.396,0.68323,0.6835,1.00,1.00
2015.12.01 12:07:59.685,0.68321,0.68351,1.00,1.50
2015.12.01 12:08:01.438,0.68324,0.68351,1.00,1.50
2015.12.01 12:08:01.546,0.68321,0.68351,1.00,1.50
2015.12.01 12:08:01.596,0.68319,0.68349,1.50,1.00
2015.12.01 12:08:03.416,0.6832,0.68349,1.00,1.00
2015.12.01 12:08:03.975,0.6832,0.68348,1.00,1.00
2015.12.01 12:08:04.659,0.6832,0.68349,1.00,1.00
2015.12.01 12:08:05.174,0.68319,0.68349,1.50,1.00
2015.12.01 12:08:07.164,0.68321,0.6835,1.00,1.50
2015.12.01 12:08:07.739,0.68321,0.68351,1.00,1.50
2015.12.01 12:08:08.255,0.6832,0.6835,1.00,1.00
2015.12.01 12:08:09.049,0.68321,0.68349,1.00,1.00
2015.12.01 12:08:10.044,0.68324,0.68349,1.00,1.00
2015.12.01 12:08:10.369,0.68322,0.68351,1.00,1.00
2015.12.01 12:08:10.928,0.68321,0.68351,1.00,1.50
2015.12.01 12:08:11.345,0.68323,0.68351,1.00,1.50
2015.12.01 12:08:11.919,0.68324,0.68351,1.00,1.50
2015.12.01 12:08:13.767,0.6833,0.68351,1.00,1.50
2015.12.01 12:08:14.134,0.68329,0.68353,1.00,1.00
2015.12.01 12:08:14.356,0.68329,0.68356,1.00,1.00
2015.12.01 12:08:14.774,0.6833,0.68359,1.00,2.25
2015.12.01 12:08:14.975,0.6833,0.68357,1.00,1.00
2015.12.01 12:08:16.310,0.68329,0.68357,1.00,1.00
2015.12.01 12:08:19.043,0.68329,0.68356,1.00,1.00
2015.12.01 12:08:19.601,0.68328,0.68356,1.00,1.00
2015.12.01 12:08:22.065,0.68329,0.68356,1.00,1.00
2015.12.01 12:08:22.784,0.68329,0.68357,1.00,1.50
2015.12.01 12:08:25.464,0.68329,0.68355,1.00,1.00
2015.12.01 12:08:27.294,0.68329,0.68356,1.00,1.00
2015.12.01 12:08:28.393,0.68331,0.68357,1.00,1.50
2015.12.01 12:08:28.544,0.68332,0.68359,1.00,1.00
2015.12.01 12:08:28.645,0.68336,0.68359,1.00,1.00
2015.12.01 12:08:29.243,0.68335,0.68359,1.00,1.00
2015.12.01 12:08:33.697,0.68333,0.68359,1.00,1.00
2015.12.01 12:08:35.103,0.68333,0.68357,1.00,1.00
2015.12.01 12:08:39.072,0.68334,0.6836,1.00,1.00
2015.12.01 12:08:39.933,0.68335,0.6836,1.00,1.00
2015.12.01 12:08:40.415,0.68329,0.68358,1.50,1.00
2015.12.01 12:08:40.642,0.68329,0.68356,1.00,1.00
2015.12.01 12:08:41.167,0.6833,0.68356,1.00,1.00
2015.12.01 12:08:41.669,0.68329,0.68356,1.00,1.00
2015.12.01 12:08:43.694,0.68329,0.68357,1.00,1.00
2015.12.01 12:08:46.130,0.68329,0.68355,1.00,1.00
2015.12.01 12:08:48.975,0.68327,0.68355,1.00,1.00
2015.12.01 12:08:49.965,0.68328,0.68354,1.00,1.00
2015.12.01 12:08:52.153,0.68327,0.68355,1.00,1.00
2015.12.01 12:08:52.702,0.68326,0.68355,1.00,1.00
2015.12.01 12:08:52.833,0.68325,0.68353,1.00,1.00
2015.12.01 12:08:53.170,0.68324,0.68348,1.00,1.00
2015.12.01 12:08:53.371,0.68325,0.68352,1.00,1.00
2015.12.01 12:08:53.846,0.68324,0.68348,1.00,1.00
2015.12.01 12:08:54.009,0.68322,0.68348,1.00,1.00
2015.12.01 12:08:54.109,0.6832,0.68347,1.00,1.00
2015.12.01 12:08:54.160,0.68324,0.68351,1.00,1.00
2015.12.01 12:08:54.461,0.68324,0.68353,1.50,1.00
2015.12.01 12:08:54.512,0.68326,0.68354,1.00,1.00
2015.12.01 12:08:55.096,0.68324,0.68352,1.50,1.00
2015.12.01 12:08:55.609,0.68325,0.68352,1.00,1.00
2015.12.01 12:08:56.111,0.68324,0.68352,1.50,1.00
2015.12.01 12:08:57.213,0.68324,0.68353,1.50,1.50
2015.12.01 12:09:02.604,0.68324,0.68352,1.50,1.00
2015.12.01 12:09:02.929,0.68324,0.68349,1.00,1.00
2015.12.01 12:09:03.079,0.6832,0.68349,1.50,1.00
2015.12.01 12:09:03.593,0.68322,0.6835,1.00,1.50
2015.12.01 12:09:04.683,0.68324,0.6835,1.00,1.50
2015.12.01 12:09:06.931,0.68322,0.6835,1.00,1.00
2015.12.01 12:09:07.110,0.68324,0.68349,1.00,1.00
2015.12.01 12:09:07.653,0.68325,0.6835,1.00,1.00
2015.12.01 12:09:08.192,0.68324,0.6835,1.00,1.00
2015.12.01 12:09:09.510,0.68324,0.68352,1.00,1.00
2015.12.01 12:09:09.794,0.68326,0.68354,1.00,1.00
2015.12.01 12:09:10.325,0.68326,0.68353,1.00,1.00
2015.12.01 12:09:10.866,0.68325,0.68353,1.00,1.00
2015.12.01 12:09:11.302,0.68324,0.68349,1.00,1.00
2015.12.01 12:09:11.628,0.68319,0.68347,1.00,1.00
2015.12.01 12:09:12.223,0.6832,0.68347,1.00,1.00
2015.12.01 12:09:12.275,0.68325,0.68347,1.00,1.00
2015.12.01 12:09:13.602,0.68325,0.68346,1.00,1.00
2015.12.01 12:09:13.926,0.68325,0.68348,1.00,1.00
2015.12.01 12:09:15.353,0.68324,0.68348,1.00,1.00
2015.12.01 12:09:16.012,0.6832,0.68348,1.00,1.00
2015.12.01 12:09:17.450,0.68319,0.68347,1.00,1.00
2015.12.01 12:09:17.815,0.68321,0.68347,1.00,1.00
2015.12.01 12:09:18.114,0.68319,0.68348,1.50,1.00
2015.12.01 12:09:18.647,0.6832,0.68346,1.50,1.00
2015.12.01 12:09:19.920,0.6832,0.68348,1.00,1.00
2015.12.01 12:09:20.208,0.68318,0.68345,1.00,1.00
2015.12.01 12:09:20.748,0.68317,0.68344,1.00,1.00
2015.12.01 12:09:22.889,0.68318,0.68346,1.00,1.00
2015.12.01 12:09:26.472,0.68317,0.68345,1.00,1.00
2015.12.01 12:09:28.772,0.68319,0.68345,1.00,1.00
2015.12.01 12:09:30.322,0.68319,0.68346,1.50,1.00
2015.12.01 12:09:31.646,0.68319,0.68345,1.00,1.00
2015.12.01 12:09:31.856,0.68317,0.68346,1.00,1.00
2015.12.01 12:09:32.445,0.68316,0.68345,1.00,1.00
2015.12.01 12:09:33.105,0.68317,0.68346,1.00,1.00
2015.12.01 12:09:34.392,0.68316,0.68345,1.00,1.00
2015.12.01 12:09:36.692,0.68319,0.68345,1.00,1.00
2015.12.01 12:09:38.012,0.6832,0.68345,1.00,1.00
2015.12.01 12:09:42.569,0.6832,0.68348,1.00,1.00
2015.12.01 12:09:43.292,0.68319,0.68348,1.50,1.00
2015.12.01 12:09:43.442,0.68325,0.68345,1.00,1.50
2015.12.01 12:09:43.671,0.68324,0.68347,1.00,1.00
2015.12.01 12:09:43.972,0.68324,0.68349,1.00,1.50
2015.12.01 12:09:44.526,0.68324,0.68348,1.00,1.00
2015.12.01 12:09:44.612,0.6832,0.68348,1.00,1.00
2015.12.01 12:09:44.765,0.68319,0.68346,1.00,1.00
2015.12.01 12:09:45.096,0.68316,0.68344,1.00,1.00
2015.12.01 12:09:45.196,0.68314,0.68342,1.00,1.00
2015.12.01 12:09:45.706,0.68314,0.68343,1.50,1.00
2015.12.01 12:09:46.227,0.68315,0.68343,1.00,1.00
2015.12.01 12:09:46.828,0.68314,0.68343,1.50,1.00
2015.12.01 12:09:47.356,0.68314,0.68342,1.00,1.00
2015.12.01 12:09:48.921,0.68315,0.68342,1.00,1.00
2015.12.01 12:09:50.050,0.68316,0.68344,1.00,1.00
2015.12.01 12:09:53.093,0.68317,0.68344,1.00,1.00
2015.12.01 12:10:00.791,0.68316,0.68344,1.00,1.00
2015.12.01 12:10:03.023,0.68316,0.68343,1.00,1.00
2015.12.01 12:10:14.345,0.68315,0.68344,1.00,1.00
2015.12.01 12:10:17.753,0.6832,0.68347,1.00,1.50
2015.12.01 12:10:20.373,0.68319,0.68347,1.50,1.00
2015.12.01 12:10:21.064,0.68319,0.68348,1.50,1.00
2015.12.01 12:10:34.225,0.6832,0.68348,1.00,1.00
2015.12.01 12:10:34.598,0.6832,0.68346,1.00,1.00
2015.12.01 12:10:36.990,0.68319,0.68346,1.00,1.00
2015.12.01 12:10:37.525,0.6832,0.68347,1.00,1.00
2015.12.01 12:10:37.863,0.68325,0.68348,1.00,1.50
2015.12.01 12:10:38.514,0.68319,0.68348,1.50,1.50
2015.12.01 12:10:38.987,0.68325,0.68348,1.00,1.50
2015.12.01 12:10:39.296,0.68319,0.68348,1.50,1.50
2015.12.01 12:10:40.098,0.68319,0.68347,1.00,1.00
2015.12.01 12:10:41.403,0.6832,0.68346,1.00,1.00
2015.12.01 12:10:41.866,0.68319,0.68348,1.50,1.50
2015.12.01 12:10:41.933,0.68319,0.68346,1.50,1.00
2015.12.01 12:10:42.604,0.68324,0.68346,1.00,1.00
2015.12.01 12:10:44.243,0.68324,0.68347,1.00,1.00
2015.12.01 12:10:45.697,0.68325,0.68347,1.00,1.00
2015.12.01 12:10:46.214,0.68324,0.68347,1.00,1.00
2015.12.01 12:10:46.264,0.68324,0.6835,1.00,1.50
2015.12.01 12:10:46.365,0.6833,0.6835,1.00,1.00
2015.12.01 12:10:46.544,0.68324,0.68351,1.00,1.00
2015.12.01 12:10:51.173,0.68325,0.68351,1.00,1.00
2015.12.01 12:10:58.542,0.68323,0.68351,1.00,1.00
2015.12.01 12:11:11.771,0.68319,0.68346,1.50,1.00
2015.12.01 12:11:12.318,0.6832,0.68346,1.00,1.00
2015.12.01 12:11:12.666,0.68321,0.68348,1.00,1.50
2015.12.01 12:11:13.171,0.6832,0.68349,1.00,1.00
2015.12.01 12:11:13.222,0.68319,0.68346,1.00,1.00
2015.12.01 12:11:13.393,0.68319,0.68348,1.00,1.50
2015.12.01 12:11:13.612,0.68318,0.68345,1.00,1.00
2015.12.01 12:11:15.813,0.68316,0.68344,1.00,1.00
2015.12.01 12:11:15.967,0.68318,0.68346,1.00,1.00
2015.12.01 12:11:16.479,0.68319,0.68345,1.00,1.00
2015.12.01 12:11:16.733,0.68319,0.68347,1.00,1.00
2015.12.01 12:11:17.263,0.68321,0.68349,1.00,1.00
2015.12.01 12:11:17.632,0.68323,0.6835,1.00,1.00
2015.12.01 12:11:18.133,0.68322,0.6835,1.00,1.00
2015.12.01 12:11:18.735,0.68322,0.68351,1.00,1.00
2015.12.01 12:11:20.258,0.68325,0.68353,1.00,1.00
2015.12.01 12:11:23.942,0.68325,0.6835,1.00,1.00
2015.12.01 12:11:24.099,0.6832,0.68348,1.00,1.00
2015.12.01 12:11:24.650,0.6832,0.68349,1.00,1.00
2015.12.01 12:11:26.372,0.68321,0.6835,1.00,1.50
2015.12.01 12:11:26.711,0.68323,0.6835,1.00,1.50
2015.12.01 12:11:29.162,0.68322,0.6835,1.00,1.00
2015.12.01 12:11:29.769,0.68322,0.68351,1.00,1.00
2015.12.01 12:11:30.363,0.68321,0.6835,1.00,1.00
2015.12.01 12:11:31.808,0.68322,0.68351,1.00,1.00
2015.12.01 12:11:32.117,0.68327,0.68354,1.00,1.00
2015.12.01 12:11:34.222,0.68326,0.68355,1.00,1.00
2015.12.01 12:11:38.512,0.68325,0.68354,1.50,1.00
2015.12.01 12:11:40.822,0.68326,0.68355,1.00,1.00
2015.12.01 12:11:43.860,0.68326,0.68353,1.00,1.00
2015.12.01 12:11:47.422,0.68326,0.68355,1.00,1.50
2015.12.01 12:11:47.473,0.68326,0.68353,1.00,1.00
2015.12.01 12:11:47.523,0.68324,0.68353,1.50,1.00
2015.12.01 12:11:47.750,0.68322,0.68351,1.00,1.00
2015.12.01 12:11:48.365,0.68321,0.6835,1.00,1.00
2015.12.01 12:11:49.294,0.68324,0.68352,1.00,1.00
2015.12.01 12:11:49.622,0.68326,0.68352,1.00,1.00
2015.12.01 12:11:49.951,0.68328,0.68356,1.00,1.00
2015.12.01 12:11:51.772,0.68329,0.68356,1.00,1.00
2015.12.01 12:11:51.892,0.6833,0.68358,1.00,1.00
2015.12.01 12:11:52.411,0.68331,0.68359,1.00,1.00
2015.12.01 12:11:56.071,0.68331,0.68358,1.00,1.00
2015.12.01 12:11:58.187,0.68334,0.68358,1.00,1.00
2015.12.01 12:11:58.288,0.68333,0.68362,1.00,1.00
2015.12.01 12:11:58.438,0.68333,0.68359,1.00,1.00
2015.12.01 12:11:58.539,0.68325,0.68353,1.00,1.00
2015.12.01 12:11:58.978,0.68327,0.68355,1.00,1.00
2015.12.01 12:11:59.079,0.68327,0.68357,1.00,1.00
2015.12.01 12:11:59.582,0.6833,0.68357,1.00,1.00
2015.12.01 12:11:59.702,0.68331,0.6836,1.00,1.00
2015.12.01 12:12:01.685,0.68332,0.6836,1.00,1.00
2015.12.01 12:12:03.444,0.6833,0.6836,1.50,1.00
2015.12.01 12:12:03.898,0.68332,0.68362,1.00,1.00
2015.12.01 12:12:08.219,0.68333,0.68363,1.00,1.00
2015.12.01 12:12:08.730,0.68334,0.68363,1.00,1.00
2015.12.01 12:12:10.411,0.68334,0.68364,1.00,1.00
2015.12.01 12:12:10.921,0.68335,0.68363,1.00,1.00
2015.12.01 12:12:11.141,0.68333,0.68363,1.00,1.00
2015.12.01 12:12:16.423,0.68335,0.68363,1.00,1.00
2015.12.01 12:12:16.901,0.68339,0.68367,1.00,1.00
2015.12.01 12:12:17.224,0.68342,0.68369,1.00,1.00
2015.12.01 12:12:17.325,0.68343,0.68372,1.00,1.00
2015.12.01 12:12:17.860,0.68344,0.68373,1.00,1.00
2015.12.01 12:12:17.961,0.68342,0.68371,1.00,1.00
2015.12.01 12:12:18.378,0.68341,0.68368,1.00,1.00
2015.12.01 12:12:23.681,0.68341,0.6837,1.00,1.00
2015.12.01 12:12:27.861,0.68341,0.68368,1.00,1.00
2015.12.01 12:12:27.970,0.68339,0.68369,1.00,1.00
2015.12.01 12:12:28.702,0.6834,0.68369,1.00,1.00
2015.12.01 12:12:30.072,0.68341,0.6837,1.00,1.00
2015.12.01 12:12:32.168,0.68342,0.68369,1.00,1.00
2015.12.01 12:12:33.580,0.6834,0.68369,1.50,1.00
2015.12.01 12:12:36.016,0.68341,0.6837,1.00,1.00
2015.12.01 12:12:40.870,0.68342,0.6837,1.00,1.00
2015.12.01 12:12:41.500,0.68342,0.68368,1.00,1.00
2015.12.01 12:12:50.228,0.6834,0.68369,1.00,1.50
2015.12.01 12:12:53.546,0.68341,0.68368,1.00,1.00
2015.12.01 12:12:55.551,0.68342,0.68369,1.00,1.50
2015.12.01 12:12:58.495,0.68341,0.68369,1.00,1.50
2015.12.01 12:13:01.220,0.68342,0.68368,1.00,1.00
2015.12.01 12:13:01.729,0.68342,0.68364,1.00,1.00
2015.12.01 12:13:02.801,0.68344,0.68364,1.00,1.00
2015.12.01 12:13:03.346,0.68344,0.68365,1.00,1.00
2015.12.01 12:13:06.083,0.68347,0.68365,1.00,1.00
2015.12.01 12:13:06.133,0.68347,0.68371,1.00,1.00
2015.12.01 12:13:06.184,0.6835,0.68371,1.00,1.00
2015.12.01 12:13:06.234,0.6835,0.68373,1.00,1.00
2015.12.01 12:13:06.722,0.68352,0.68373,1.00,1.00
2015.12.01 12:13:10.189,0.68352,0.68376,1.00,1.00
2015.12.01 12:13:11.465,0.68351,0.68376,1.00,1.00
2015.12.01 12:13:12.012,0.6835,0.68376,1.00,1.00
2015.12.01 12:13:13.906,0.68352,0.68376,1.00,1.00
2015.12.01 12:13:17.269,0.68352,0.68378,1.00,1.00
2015.12.01 12:13:17.420,0.68354,0.68378,1.00,1.00
2015.12.01 12:13:17.622,0.68345,0.68372,1.00,1.00
2015.12.01 12:13:17.672,0.68345,0.6837,1.00,1.00
2015.12.01 12:13:18.611,0.68347,0.68371,1.00,1.00
2015.12.01 12:13:18.940,0.68349,0.68371,1.00,1.00
2015.12.01 12:13:19.676,0.6835,0.68371,1.00,1.00
2015.12.01 12:13:21.569,0.68349,0.68371,1.00,1.00
2015.12.01 12:13:23.770,0.68348,0.68371,1.00,1.00
2015.12.01 12:13:26.190,0.6835,0.68371,1.00,1.00
2015.12.01 12:13:26.341,0.68348,0.68371,1.00,1.00
2015.12.01 12:13:26.937,0.68347,0.68371,1.00,1.00
2015.12.01 12:13:27.647,0.68349,0.68371,1.00,1.00
2015.12.01 12:13:28.257,0.6835,0.68371,1.00,1.00
2015.12.01 12:13:29.715,0.68349,0.68371,1.00,1.00
2015.12.01 12:13:31.626,0.68349,0.68373,1.00,1.00
2015.12.01 12:13:31.727,0.68345,0.68372,1.50,1.00
2015.12.01 12:13:31.827,0.6835,0.68372,1.00,1.00
2015.12.01 12:13:32.419,0.6835,0.68373,1.00,1.00
2015.12.01 12:13:33.109,0.6835,0.68374,1.00,1.00
2015.12.01 12:13:33.640,0.68351,0.68374,1.00,1.00
2015.12.01 12:13:34.669,0.6835,0.68374,1.00,1.00
2015.12.01 12:13:35.329,0.6835,0.68376,1.00,1.00
2015.12.01 12:13:38.191,0.68352,0.68376,1.00,1.00
2015.12.01 12:13:40.289,0.6835,0.68376,1.50,1.00
2015.12.01 12:13:41.050,0.68351,0.68376,1.00,1.00
2015.12.01 12:13:41.591,0.68352,0.68376,1.00,1.00
2015.12.01 12:13:41.749,0.68352,0.68379,1.00,1.00
2015.12.01 12:13:42.000,0.68352,0.68381,1.00,1.50
2015.12.01 12:13:42.319,0.68354,0.68381,1.00,1.50
2015.12.01 12:13:42.621,0.68352,0.68378,1.00,1.00
2015.12.01 12:13:42.973,0.6835,0.68376,1.00,1.00
2015.12.01 12:13:43.353,0.6835,0.68373,1.00,1.00
2015.12.01 12:13:43.871,0.68349,0.68373,1.00,1.00
2015.12.01 12:13:44.242,0.68353,0.68373,1.00,1.00
2015.12.01 12:13:44.293,0.68353,0.6838,1.00,1.00
2015.12.01 12:13:44.394,0.68354,0.68382,1.00,1.00
2015.12.01 12:13:44.444,0.68365,0.68382,1.00,1.00
2015.12.01 12:13:44.494,0.68365,0.68392,1.50,1.00
2015.12.01 12:13:44.545,0.68374,0.68392,1.00,1.00
2015.12.01 12:13:44.595,0.68374,0.68404,1.50,1.00
2015.12.01 12:13:44.696,0.68376,0.68406,1.00,1.00
2015.12.01 12:13:45.011,0.68382,0.68411,1.00,1.00
2015.12.01 12:13:45.342,0.68381,0.68402,1.00,1.00
2015.12.01 12:13:45.539,0.68381,0.68406,1.00,1.00
2015.12.01 12:13:46.060,0.68382,0.68406,1.00,1.00
2015.12.01 12:13:47.980,0.68379,0.68406,1.00,1.00
2015.12.01 12:13:48.059,0.68379,0.68404,1.00,1.00
2015.12.01 12:13:48.608,0.68378,0.68404,1.00,1.00
2015.12.01 12:13:49.186,0.6838,0.68404,1.00,1.00
2015.12.01 12:13:51.823,0.68379,0.68404,1.00,1.00
2015.12.01 12:13:52.125,0.68378,0.68402,1.00,1.00
2015.12.01 12:13:52.329,0.68379,0.68404,1.00,1.00
2015.12.01 12:13:52.380,0.68383,0.68404,1.00,1.00
2015.12.01 12:13:52.976,0.68383,0.68405,1.00,1.00
2015.12.01 12:13:57.822,0.68383,0.68404,1.00,1.00
2015.12.01 12:13:58.123,0.68372,0.68397,1.00,1.00
2015.12.01 12:13:58.956,0.68372,0.68396,1.00,1.00
2015.12.01 12:13:59.949,0.68372,0.68394,1.00,1.00
2015.12.01 12:14:00.289,0.68368,0.68395,1.00,1.00
2015.12.01 12:14:02.049,0.68368,0.68392,1.00,1.00
2015.12.01 12:14:02.360,0.68367,0.68385,1.00,1.00
2015.12.01 12:14:02.411,0.68362,0.68385,1.00,1.00
2015.12.01 12:14:02.489,0.68359,0.68385,1.00,1.00
2015.12.01 12:14:02.598,0.68361,0.68385,1.00,1.00
2015.12.01 12:14:06.609,0.68361,0.68382,1.00,1.00
2015.12.01 12:14:07.122,0.6836,0.68382,1.00,1.00
2015.12.01 12:14:11.068,0.68361,0.68382,1.00,1.00
2015.12.01 12:14:14.918,0.68358,0.68382,1.00,1.00
2015.12.01 12:14:15.594,0.68357,0.68382,1.00,1.00
2015.12.01 12:14:24.939,0.68359,0.68382,1.00,1.00
2015.12.01 12:14:25.481,0.68363,0.68382,1.00,1.00
2015.12.01 12:14:25.808,0.68359,0.68382,1.00,1.00
2015.12.01 12:14:26.138,0.68361,0.68382,1.00,1.00
2015.12.01 12:14:28.250,0.6836,0.68382,1.00,1.00
2015.12.01 12:14:30.221,0.68361,0.68382,1.00,1.00
2015.12.01 12:14:33.618,0.6836,0.68382,1.00,1.00
2015.12.01 12:14:41.218,0.68361,0.68382,1.00,1.00
2015.12.01 12:14:42.249,0.68361,0.68385,1.00,1.00
2015.12.01 12:14:42.349,0.68363,0.68385,1.00,1.00
2015.12.01 12:14:43.078,0.68363,0.68386,1.00,1.00
2015.12.01 12:14:45.956,0.68364,0.68389,1.00,1.00
2015.12.01 12:14:49.638,0.68365,0.68389,1.00,1.00
2015.12.01 12:14:50.192,0.68365,0.68387,1.00,1.00
2015.12.01 12:14:51.727,0.68364,0.68387,1.00,1.00
2015.12.01 12:14:55.248,0.68365,0.68387,1.00,1.00
2015.12.01 12:14:56.804,0.68365,0.68389,1.00,1.00
2015.12.01 12:15:11.460,0.68365,0.68388,1.00,1.00
2015.12.01 12:15:11.641,0.68362,0.68388,1.00,1.00
2015.12.01 12:15:11.859,0.68365,0.68389,1.00,1.00
2015.12.01 12:15:17.239,0.68365,0.68391,1.00,1.00
2015.12.01 12:15:19.840,0.68365,0.68392,1.00,1.00
2015.12.01 12:15:22.460,0.68365,0.68393,1.50,1.00
2015.12.01 12:15:22.611,0.68365,0.68391,1.00,1.00
2015.12.01 12:15:24.879,0.68365,0.68392,1.00,1.00
2015.12.01 12:15:29.958,0.68365,0.68391,1.00,1.00
2015.12.01 12:15:34.119,0.68365,0.68392,1.00,1.00
2015.12.01 12:15:34.639,0.68365,0.68391,1.00,1.00
2015.12.01 12:15:36.836,0.68364,0.6839,1.00,1.00
2015.12.01 12:15:36.992,0.68362,0.6839,1.00,1.00
2015.12.01 12:15:37.093,0.68359,0.68387,1.50,1.00
2015.12.01 12:15:37.321,0.6836,0.68389,1.00,1.00
2015.12.01 12:15:37.422,0.68362,0.68389,1.00,1.00
2015.12.01 12:15:37.875,0.6836,0.68389,1.00,1.00
2015.12.01 12:15:38.127,0.6836,0.68387,1.00,1.00
2015.12.01 12:15:38.688,0.68359,0.68386,1.00,1.00
2015.12.01 12:15:39.729,0.6836,0.68387,1.00,1.00
2015.12.01 12:15:41.709,0.68359,0.68388,1.00,1.00
2015.12.01 12:15:57.549,0.6836,0.68389,1.00,1.50
2015.12.01 12:15:57.869,0.6836,0.68385,1.00,1.00
2015.12.01 12:15:58.769,0.68359,0.68385,1.00,1.00
2015.12.01 12:15:59.334,0.6836,0.68385,1.00,1.00
2015.12.01 12:16:01.070,0.68359,0.68385,1.00,1.00
2015.12.01 12:16:01.375,0.68357,0.68383,1.00,1.00
2015.12.01 12:16:02.176,0.68358,0.68383,1.00,1.00
2015.12.01 12:16:03.091,0.68358,0.68382,1.00,1.00
2015.12.01 12:16:03.392,0.68361,0.68382,1.00,1.00
2015.12.01 12:16:03.598,0.68358,0.68382,1.00,1.00
2015.12.01 12:16:03.819,0.68361,0.68382,1.00,1.00
2015.12.01 12:16:03.939,0.68361,0.68384,1.00,1.00
2015.12.01 12:16:04.349,0.68362,0.68387,1.00,1.00
2015.12.01 12:16:04.834,0.68364,0.68388,1.00,1.00
2015.12.01 12:16:05.383,0.68365,0.68391,1.00,1.00
2015.12.01 12:16:07.228,0.68367,0.68391,1.00,1.00
2015.12.01 12:16:07.449,0.68365,0.68391,1.00,1.00
2015.12.01 12:16:13.348,0.68369,0.68391,1.00,1.00
2015.12.01 12:16:15.289,0.68369,0.68396,1.00,1.00
2015.12.01 12:16:18.628,0.68367,0.68396,1.00,1.50
2015.12.01 12:16:18.848,0.68369,0.68396,1.00,1.00
2015.12.01 12:16:22.980,0.68369,0.68398,1.50,1.00
2015.12.01 12:16:23.551,0.6837,0.68398,1.00,1.00
2015.12.01 12:16:23.618,0.6837,0.68395,1.00,1.00
2015.12.01 12:16:25.709,0.6837,0.68396,1.00,1.00
2015.12.01 12:16:27.799,0.68369,0.68396,1.50,1.00
2015.12.01 12:16:29.190,0.6837,0.68396,1.00,1.00
2015.12.01 12:16:35.568,0.68369,0.68396,1.50,1.00
2015.12.01 12:16:35.618,0.6837,0.68398,1.00,1.00
2015.12.01 12:16:36.143,0.68369,0.68398,1.50,1.00
2015.12.01 12:16:36.646,0.6837,0.68398,1.00,1.00
2015.12.01 12:16:37.038,0.6837,0.68396,1.00,1.00
2015.12.01 12:16:37.138,0.68368,0.68395,1.00,1.00
2015.12.01 12:16:37.699,0.68366,0.68394,1.00,1.00
2015.12.01 12:16:37.918,0.68364,0.68392,1.50,1.00
2015.12.01 12:16:38.229,0.68362,0.6839,1.00,1.00
2015.12.01 12:16:38.531,0.6836,0.68386,1.00,1.00
2015.12.01 12:16:39.145,0.68359,0.68385,1.50,1.00
2015.12.01 12:16:39.458,0.68357,0.68385,1.00,1.00
2015.12.01 12:16:44.257,0.68357,0.68381,1.00,1.00
2015.12.01 12:16:44.413,0.68355,0.68383,1.00,1.00
2015.12.01 12:16:44.564,0.68357,0.68385,1.00,1.00
2015.12.01 12:16:45.141,0.68358,0.68386,1.00,1.50
2015.12.01 12:16:46.837,0.68357,0.68385,1.00,1.00
2015.12.01 12:16:53.431,0.68356,0.68384,1.00,1.00
2015.12.01 12:16:54.527,0.68357,0.68385,1.00,1.50
2015.12.01 12:17:01.946,0.68359,0.68386,1.00,1.50
2015.12.01 12:17:05.779,0.6836,0.68386,1.00,1.50
2015.12.01 12:17:06.059,0.6836,0.68388,1.50,1.00
2015.12.01 12:17:06.257,0.6836,0.68386,1.00,1.00
2015.12.01 12:17:06.307,0.68358,0.68386,1.00,1.50
2015.12.01 12:17:06.821,0.68357,0.68385,1.00,1.00
2015.12.01 12:17:06.871,0.68354,0.6838,2.25,1.00
2015.12.01 12:17:06.972,0.68355,0.68382,1.00,1.00
2015.12.01 12:17:08.567,0.68355,0.68381,1.00,1.00
2015.12.01 12:17:08.961,0.6835,0.68378,1.50,1.00
2015.12.01 12:17:09.462,0.68349,0.68378,1.50,1.00
2015.12.01 12:17:09.779,0.68349,0.68376,1.00,1.00
2015.12.01 12:17:10.014,0.6835,0.68379,1.00,1.00
2015.12.01 12:17:10.164,0.68352,0.68379,1.00,1.00
2015.12.01 12:17:10.915,0.68351,0.68378,1.00,1.00
2015.12.01 12:17:11.867,0.68351,0.68376,1.00,1.00
2015.12.01 12:17:12.019,0.68349,0.68376,1.00,1.00
2015.12.01 12:17:12.613,0.68349,0.68375,1.00,1.00
2015.12.01 12:17:13.273,0.68349,0.68376,1.00,1.00
2015.12.01 12:17:15.536,0.6835,0.68376,1.00,1.00
2015.12.01 12:17:16.244,0.68349,0.68376,1.00,1.00
2015.12.01 12:17:18.690,0.68349,0.6837,1.00,1.00
2015.12.01 12:17:18.799,0.68349,0.68376,1.00,1.00
2015.12.01 12:17:19.677,0.68349,0.68375,1.00,1.00
2015.12.01 12:17:20.308,0.68347,0.68375,1.00,1.50
2015.12.01 12:17:20.459,0.68347,0.68371,1.00,1.00
2015.12.01 12:17:20.609,0.68344,0.68371,1.00,1.00
2015.12.01 12:17:20.816,0.68346,0.68371,1.00,1.00
2015.12.01 12:17:21.329,0.68346,0.68372,1.00,1.00
2015.12.01 12:17:21.379,0.68346,0.68375,1.00,1.00
2015.12.01 12:17:21.480,0.68349,0.68376,1.00,1.00
2015.12.01 12:17:21.843,0.68348,0.68374,1.00,1.00
2015.12.01 12:17:22.207,0.68345,0.68371,1.00,1.00
2015.12.01 12:17:22.427,0.68345,0.68373,1.00,1.00
2015.12.01 12:17:22.756,0.68344,0.68371,1.50,1.00
2015.12.01 12:17:25.617,0.68345,0.68371,1.00,1.50
2015.12.01 12:17:28.606,0.68345,0.68374,1.00,1.00
2015.12.01 12:17:28.706,0.68347,0.68376,1.00,1.50
2015.12.01 12:17:29.257,0.68346,0.68375,1.00,1.00
2015.12.01 12:17:29.582,0.68346,0.68371,1.00,1.00
2015.12.01 12:17:30.126,0.68345,0.68371,1.00,1.50
2015.12.01 12:17:33.246,0.68345,0.6837,1.00,1.00
2015.12.01 12:17:34.117,0.68345,0.68371,1.00,1.00
2015.12.01 12:17:35.990,0.68344,0.68371,1.00,1.00
2015.12.01 12:17:36.217,0.68342,0.6837,1.50,1.00
2015.12.01 12:17:37.056,0.68343,0.6837,1.00,1.50
2015.12.01 12:17:37.575,0.68343,0.68371,1.00,1.00
2015.12.01 12:17:39.819,0.68343,0.6837,1.00,1.00
2015.12.01 12:17:40.032,0.68346,0.6837,1.00,1.00
2015.12.01 12:17:43.325,0.68346,0.68371,1.00,1.00
2015.12.01 12:17:46.434,0.68343,0.68371,1.00,1.00
2015.12.01 12:17:52.155,0.68342,0.68369,1.00,1.00
2015.12.01 12:17:52.256,0.6834,0.68369,1.50,1.00
2015.12.01 12:17:52.707,0.68342,0.68371,1.00,1.50
2015.12.01 12:17:53.048,0.68346,0.6837,1.00,1.00
2015.12.01 12:17:53.149,0.68346,0.68374,1.00,1.00
2015.12.01 12:17:53.258,0.68348,0.68375,1.00,1.00
2015.12.01 12:17:57.846,0.68348,0.68376,1.00,1.50
2015.12.01 12:17:58.728,0.68349,0.68376,1.00,1.00
2015.12.01 12:17:59.166,0.68351,0.68376,1.00,1.00
2015.12.01 12:17:59.217,0.68351,0.68379,1.00,1.00
2015.12.01 12:17:59.608,0.68351,0.68376,1.00,1.00
2015.12.01 12:17:59.718,0.68351,0.68379,1.00,1.00
2015.12.01 12:17:59.869,0.68351,0.68375,1.00,1.00
2015.12.01 12:18:00.048,0.68351,0.68379,1.00,1.00
2015.12.01 12:18:07.857,0.68352,0.68381,1.00,1.50
2015.12.01 12:18:16.217,0.68354,0.68381,1.00,1.50
2015.12.01 12:18:16.436,0.68352,0.68381,1.00,1.50
2015.12.01 12:18:16.976,0.68353,0.68382,1.00,1.00
2015.12.01 12:18:17.026,0.68352,0.6838,1.00,1.00
2015.12.01 12:18:17.599,0.68353,0.68379,1.00,1.00
2015.12.01 12:18:17.866,0.68351,0.68379,1.00,1.00
2015.12.01 12:18:18.016,0.6835,0.68376,1.00,1.00
2015.12.01 12:18:19.517,0.68351,0.68377,1.00,1.00
2015.12.01 12:18:20.066,0.6835,0.68377,1.00,1.00
2015.12.01 12:18:20.415,0.6835,0.68379,1.00,1.00
2015.12.01 12:18:20.509,0.68351,0.68377,1.00,1.00
2015.12.01 12:18:23.036,0.6835,0.68379,1.00,1.00
2015.12.01 12:18:23.542,0.68351,0.6838,1.00,1.00
2015.12.01 12:18:32.173,0.68351,0.68376,1.00,1.00
2015.12.01 12:18:32.324,0.68349,0.68376,1.00,1.00
2015.12.01 12:18:32.425,0.68343,0.68371,1.00,1.00
2015.12.01 12:18:32.626,0.68345,0.68374,1.00,1.00
2015.12.01 12:18:33.163,0.68347,0.68376,1.00,1.50
2015.12.01 12:18:33.691,0.68346,0.68375,1.00,1.50
2015.12.01 12:18:34.192,0.68345,0.68372,1.00,1.00
2015.12.01 12:18:34.600,0.68345,0.68374,1.00,1.00
2015.12.01 12:18:41.557,0.68346,0.68373,1.00,1.00
2015.12.01 12:18:46.266,0.68345,0.68374,1.00,1.00
2015.12.01 12:18:47.127,0.68347,0.68373,1.00,1.00
2015.12.01 12:18:47.636,0.68347,0.68374,1.00,1.00
2015.12.01 12:18:59.148,0.68348,0.68375,1.00,1.00
2015.12.01 12:18:59.249,0.6835,0.68379,1.00,1.00
2015.12.01 12:18:59.852,0.68351,0.6838,1.00,1.50
2015.12.01 12:19:01.095,0.6835,0.68378,1.50,1.00
2015.12.01 12:19:03.965,0.6835,0.68375,1.00,1.00
2015.12.01 12:19:04.487,0.6835,0.68376,1.00,1.00
2015.12.01 12:19:04.979,0.6835,0.68378,1.00,1.00
2015.12.01 12:19:05.513,0.6835,0.68377,1.00,1.00
2015.12.01 12:19:05.605,0.6835,0.68379,1.00,1.00
2015.12.01 12:19:06.058,0.68353,0.6838,1.00,1.00
2015.12.01 12:19:06.159,0.68354,0.68383,2.25,1.00
2015.12.01 12:19:06.308,0.68359,0.68383,1.00,1.00
2015.12.01 12:19:06.961,0.68359,0.68384,1.00,1.00
2015.12.01 12:19:08.945,0.68359,0.68386,1.00,1.00
2015.12.01 12:19:09.564,0.6836,0.68387,1.00,1.00
2015.12.01 12:19:11.705,0.6836,0.68389,1.50,1.00
2015.12.01 12:19:11.756,0.68362,0.68389,1.00,1.00
2015.12.01 12:19:11.907,0.68368,0.68396,1.00,1.00
2015.12.01 12:19:11.984,0.68368,0.68394,1.00,1.00
2015.12.01 12:19:12.095,0.68366,0.68394,1.00,1.00
2015.12.01 12:19:12.426,0.68368,0.68394,1.00,1.00
2015.12.01 12:19:13.204,0.68367,0.68395,1.00,1.00
2015.12.01 12:19:13.874,0.68367,0.68393,1.00,1.00
2015.12.01 12:19:14.475,0.68366,0.68393,1.00,1.00
2015.12.01 12:19:14.976,0.68367,0.68395,1.00,1.00
2015.12.01 12:19:15.517,0.68366,0.68394,1.50,1.00
2015.12.01 12:19:17.704,0.68366,0.68393,1.00,1.00
2015.12.01 12:19:18.364,0.68366,0.68394,1.00,1.00
2015.12.01 12:19:19.151,0.68367,0.68394,1.00,1.00
2015.12.01 12:19:21.155,0.68367,0.68393,1.00,1.00
2015.12.01 12:19:21.765,0.68367,0.68392,1.00,1.00
2015.12.01 12:19:22.292,0.68367,0.68391,1.00,1.00
2015.12.01 12:19:22.435,0.68368,0.68396,1.00,1.00
2015.12.01 12:19:23.136,0.68368,0.68393,1.00,1.00
2015.12.01 12:19:26.283,0.68368,0.68394,1.00,1.00
2015.12.01 12:19:27.154,0.68366,0.68394,1.50,1.00
2015.12.01 12:19:31.674,0.68369,0.68394,1.00,1.00
2015.12.01 12:19:32.213,0.68369,0.68395,1.00,1.00
2015.12.01 12:19:32.716,0.68368,0.68395,1.00,1.00
2015.12.01 12:19:34.314,0.68367,0.68394,1.00,1.00
2015.12.01 12:19:37.613,0.68367,0.68393,1.00,1.00
2015.12.01 12:19:38.494,0.6837,0.68396,1.00,1.00
2015.12.01 12:19:38.998,0.68369,0.68396,1.00,1.00
2015.12.01 12:19:39.199,0.68367,0.68395,1.00,1.00
2015.12.01 12:19:39.250,0.68367,0.68392,1.00,1.00
2015.12.01 12:19:39.351,0.68367,0.68394,1.00,1.00
2015.12.01 12:19:39.451,0.68365,0.68394,1.50,1.50
2015.12.01 12:19:39.502,0.68366,0.6839,1.00,1.00
2015.12.01 12:19:40.175,0.68366,0.68394,1.00,1.00
2015.12.01 12:19:40.732,0.68367,0.68393,1.00,1.00
2015.12.01 12:19:42.235,0.68367,0.68391,1.00,1.00
2015.12.01 12:19:42.386,0.68365,0.68391,1.00,1.00
2015.12.01 12:19:43.556,0.68365,0.68394,1.00,1.00
2015.12.01 12:19:43.689,0.68367,0.68395,1.00,1.00
2015.12.01 12:19:43.890,0.68372,0.68401,1.00,1.00
2015.12.01 12:19:44.061,0.68372,0.68399,1.00,1.00
2015.12.01 12:19:44.214,0.68373,0.68401,1.00,1.00
2015.12.01 12:19:44.641,0.68373,0.68399,1.00,1.00
2015.12.01 12:19:45.203,0.68372,0.68399,1.00,1.00
2015.12.01 12:19:45.866,0.68372,0.684,1.00,1.00
2015.12.01 12:19:49.252,0.68372,0.68399,1.00,1.00
2015.12.01 12:19:52.036,0.68373,0.68399,1.00,1.00
2015.12.01 12:19:52.859,0.68373,0.68401,1.00,1.50
2015.12.01 12:19:53.049,0.68375,0.68403,1.00,1.00
2015.12.01 12:19:53.361,0.68374,0.68401,1.00,1.00
2015.12.01 12:19:53.564,0.68375,0.68403,1.00,1.00
2015.12.01 12:19:53.614,0.68377,0.68403,1.00,1.00
2015.12.01 12:19:53.791,0.68375,0.68403,1.50,1.00
2015.12.01 12:19:54.363,0.68375,0.68402,1.50,1.00
2015.12.01 12:19:55.876,0.68375,0.684,1.00,1.00
2015.12.01 12:19:56.423,0.68375,0.68402,1.00,1.00
2015.12.01 12:19:58.771,0.68375,0.68404,1.00,1.50
2015.12.01 12:20:01.782,0.68375,0.68403,1.50,1.00
2015.12.01 12:20:02.805,0.68375,0.68402,1.50,1.00
2015.12.01 12:20:03.627,0.68375,0.68404,1.00,1.50
2015.12.01 12:20:04.142,0.68375,0.68403,1.00,1.00
2015.12.01 12:20:04.459,0.68377,0.68403,1.00,1.00
2015.12.01 12:20:04.566,0.68379,0.68406,1.00,1.00
2015.12.01 12:20:04.666,0.68379,0.68408,1.50,1.00
2015.12.01 12:20:04.717,0.68381,0.6841,1.00,2.25
2015.12.01 12:20:05.261,0.68384,0.68411,1.00,1.00
2015.12.01 12:20:05.369,0.68385,0.68414,1.00,1.50
2015.12.01 12:20:05.959,0.68386,0.68413,1.00,1.00
2015.12.01 12:20:06.060,0.68387,0.68416,1.00,1.00
2015.12.01 12:20:06.235,0.6839,0.68417,1.00,1.00
2015.12.01 12:20:06.778,0.68389,0.68418,1.50,1.00
2015.12.01 12:20:07.095,0.68389,0.68416,1.00,1.00
2015.12.01 12:20:07.647,0.68389,0.68415,1.00,1.00
2015.12.01 12:20:08.415,0.6839,0.68415,1.00,1.00
2015.12.01 12:20:08.634,0.68388,0.68415,1.00,1.00
2015.12.01 12:20:09.076,0.68389,0.68417,1.00,1.50
2015.12.01 12:20:09.631,0.68389,0.68416,1.00,1.00
2015.12.01 12:20:10.187,0.68388,0.68416,1.00,1.50
2015.12.01 12:20:10.988,0.68389,0.68416,1.00,1.00
2015.12.01 12:20:13.227,0.68389,0.68417,1.00,1.50
2015.12.01 12:20:14.430,0.68389,0.68416,1.00,1.00
2015.12.01 12:20:15.433,0.68389,0.68417,1.00,1.50
2015.12.01 12:20:15.941,0.68389,0.68416,1.00,1.00
2015.12.01 12:20:16.735,0.68389,0.68417,1.00,1.50
2015.12.01 12:20:19.176,0.68389,0.68416,1.00,1.00
2015.12.01 12:20:20.142,0.68389,0.68417,1.50,1.00
2015.12.01 12:20:22.846,0.68386,0.68415,1.00,1.50
2015.12.01 12:20:23.047,0.68384,0.68413,1.50,1.00
2015.12.01 12:20:23.443,0.68388,0.68415,1.00,1.00
2015.12.01 12:20:24.402,0.6839,0.68415,1.00,1.00
2015.12.01 12:20:27.010,0.6839,0.68416,1.00,1.00
2015.12.01 12:20:29.915,0.68391,0.68419,1.00,1.50
2015.12.01 12:20:30.335,0.68389,0.68418,1.50,1.50
2015.12.01 12:20:30.873,0.6839,0.68418,1.50,1.00
2015.12.01 12:20:31.371,0.6839,0.68415,1.00,1.00
2015.12.01 12:20:31.872,0.68389,0.68414,1.00,1.50
2015.12.01 12:20:33.056,0.68386,0.68414,1.00,1.50
2015.12.01 12:20:33.274,0.68389,0.68414,1.00,1.50
2015.12.01 12:20:33.858,0.68389,0.68413,1.00,1.00
2015.12.01 12:20:34.264,0.68386,0.68413,1.00,1.00
2015.12.01 12:20:34.526,0.68385,0.68411,1.50,1.00
2015.12.01 12:20:35.096,0.68385,0.6841,1.00,1.00
2015.12.01 12:20:35.255,0.68385,0.68412,1.00,1.00
2015.12.01 12:20:35.781,0.68385,0.68413,1.00,1.50
2015.12.01 12:20:36.354,0.68385,0.68412,1.00,1.00
2015.12.01 12:20:36.884,0.68385,0.68413,1.00,1.50
2015.12.01 12:20:37.454,0.68386,0.68414,1.00,1.50
2015.12.01 12:20:37.986,0.68386,0.68413,1.00,1.00
2015.12.01 12:20:38.885,0.68389,0.68413,1.00,1.00
2015.12.01 12:20:39.038,0.68385,0.68413,1.50,1.50
2015.12.01 12:20:40.291,0.68385,0.68412,1.00,1.00
2015.12.01 12:20:41.693,0.68385,0.68414,1.00,1.50
2015.12.01 12:20:41.883,0.68384,0.68412,1.00,1.00
2015.12.01 12:20:42.443,0.68385,0.68412,1.00,1.50
2015.12.01 12:20:42.954,0.68384,0.68411,1.00,1.00
2015.12.01 12:20:43.548,0.68386,0.68412,1.00,1.50
2015.12.01 12:20:43.813,0.68385,0.68414,1.50,1.00
2015.12.01 12:20:44.193,0.68387,0.68414,1.00,1.00
2015.12.01 12:20:44.496,0.68388,0.68416,1.00,1.50
2015.12.01 12:20:44.647,0.68382,0.6841,1.00,1.00
2015.12.01 12:20:45.083,0.68384,0.6841,1.00,1.00
2015.12.01 12:20:50.170,0.68385,0.6841,1.00,1.00
2015.12.01 12:20:50.884,0.68384,0.6841,1.00,1.00
2015.12.01 12:20:51.974,0.68384,0.68409,1.00,1.00
2015.12.01 12:20:52.125,0.6838,0.68409,1.50,1.00
2015.12.01 12:20:53.118,0.68381,0.6841,1.00,1.50
2015.12.01 12:20:53.241,0.68385,0.6841,1.00,1.00
2015.12.01 12:20:53.844,0.68381,0.6841,1.00,1.00
2015.12.01 12:20:54.174,0.68384,0.6841,1.00,1.00
2015.12.01 12:20:59.485,0.68384,0.68413,1.50,1.00
2015.12.01 12:20:59.585,0.68386,0.68414,1.00,1.00
2015.12.01 12:20:59.932,0.68389,0.68414,1.00,1.00
2015.12.01 12:21:00.223,0.68386,0.68414,1.00,1.00
2015.12.01 12:21:01.433,0.68386,0.68415,1.00,1.50
2015.12.01 12:21:02.237,0.68386,0.68412,1.00,1.00
2015.12.01 12:21:02.458,0.68382,0.68409,1.00,1.00
2015.12.01 12:21:03.073,0.68381,0.68408,1.00,1.00
2015.12.01 12:21:03.174,0.68379,0.68407,1.00,1.00
2015.12.01 12:21:03.683,0.68379,0.68408,1.50,1.00
2015.12.01 12:21:05.616,0.6838,0.68409,1.00,1.50
2015.12.01 12:21:08.049,0.6838,0.68408,1.00,1.00
2015.12.01 12:21:08.635,0.6838,0.68409,1.00,1.50
2015.12.01 12:21:09.295,0.6838,0.68408,1.00,1.00
2015.12.01 12:21:10.285,0.6838,0.68409,1.00,1.50
2015.12.01 12:21:10.386,0.68385,0.68409,1.00,1.00
2015.12.01 12:21:10.436,0.68385,0.68411,1.00,1.50
2015.12.01 12:21:11.753,0.68385,0.6841,1.00,1.00
2015.12.01 12:21:12.115,0.68381,0.6841,1.00,1.00
2015.12.01 12:21:12.165,0.68381,0.68408,1.00,1.00
2015.12.01 12:21:12.646,0.6838,0.68406,1.00,1.00
2015.12.01 12:21:12.976,0.68379,0.68408,1.50,1.50
2015.12.01 12:21:17.143,0.6838,0.68409,1.00,1.50
2015.12.01 12:21:18.918,0.6838,0.68408,1.00,1.00
2015.12.01 12:21:19.123,0.68382,0.68408,1.00,1.00
2015.12.01 12:21:19.673,0.68382,0.68409,1.00,1.50
2015.12.01 12:21:20.775,0.68382,0.68408,1.00,1.00
2015.12.01 12:21:21.676,0.68382,0.68409,1.00,1.00
2015.12.01 12:21:22.205,0.68381,0.68408,1.00,1.00
2015.12.01 12:21:22.529,0.68385,0.68409,1.00,1.00
2015.12.01 12:21:22.980,0.68385,0.68411,1.00,1.50
2015.12.01 12:21:23.481,0.68385,0.6841,1.00,1.00
2015.12.01 12:21:23.589,0.68381,0.6841,1.00,1.00
2015.12.01 12:21:23.853,0.6838,0.68407,1.00,1.00
2015.12.01 12:21:24.389,0.68379,0.68407,1.00,1.00
2015.12.01 12:21:25.284,0.68379,0.68405,1.00,1.00
2015.12.01 12:21:25.792,0.68379,0.68404,1.00,1.00
2015.12.01 12:21:30.787,0.68379,0.68403,1.00,1.00
2015.12.01 12:21:30.837,0.68376,0.68403,1.00,1.50
2015.12.01 12:21:30.938,0.68375,0.684,1.00,1.00
2015.12.01 12:21:31.436,0.68374,0.68398,1.00,1.00
2015.12.01 12:21:31.768,0.68369,0.68392,1.00,1.00
2015.12.01 12:21:32.107,0.68369,0.68395,1.00,1.00
2015.12.01 12:21:32.258,0.68369,0.68393,1.00,1.00
2015.12.01 12:21:33.546,0.68369,0.68397,1.00,1.00
2015.12.01 12:21:33.797,0.68375,0.68398,1.00,1.00
2015.12.01 12:21:34.164,0.68375,0.68396,1.00,1.00
2015.12.01 12:21:34.214,0.6837,0.68397,1.00,1.00
2015.12.01 12:21:34.762,0.6837,0.68395,1.00,1.00
2015.12.01 12:21:35.352,0.6837,0.68394,1.00,1.00
2015.12.01 12:21:37.969,0.68369,0.68394,1.00,1.00
2015.12.01 12:21:39.172,0.68369,0.68395,1.00,1.00
2015.12.01 12:21:41.714,0.68375,0.68395,1.00,1.00
2015.12.01 12:21:41.802,0.68375,0.68398,1.00,1.00
2015.12.01 12:21:42.163,0.6837,0.68398,1.00,1.00
2015.12.01 12:21:43.782,0.68374,0.68398,1.00,1.00
2015.12.01 12:21:45.223,0.68374,0.68399,1.00,1.00
2015.12.01 12:21:45.887,0.68374,0.68397,1.00,1.00
2015.12.01 12:21:48.053,0.68374,0.68396,1.00,1.00
2015.12.01 12:21:48.513,0.6837,0.68396,1.00,1.00
2015.12.01 12:21:48.714,0.68371,0.68398,1.00,1.00
2015.12.01 12:21:48.870,0.68375,0.68398,1.00,1.00
2015.12.01 12:21:49.395,0.68375,0.68399,1.00,1.00
2015.12.01 12:21:54.017,0.68375,0.68401,1.00,1.00
2015.12.01 12:21:54.660,0.68374,0.684,1.00,1.00
2015.12.01 12:21:55.340,0.68374,0.68403,1.50,1.00
2015.12.01 12:21:58.062,0.68374,0.68402,1.50,1.00
2015.12.01 12:21:58.553,0.68379,0.68401,1.00,1.00
2015.12.01 12:21:59.103,0.68379,0.68402,1.00,1.00
2015.12.01 12:21:59.486,0.68384,0.68407,1.00,1.00
2015.12.01 12:21:59.537,0.68379,0.68408,1.50,1.00
2015.12.01 12:21:59.750,0.68379,0.68406,1.00,1.00
2015.12.01 12:22:00.167,0.68379,0.68402,1.00,1.00
2015.12.01 12:22:00.922,0.68379,0.68405,1.00,1.00
2015.12.01 12:22:01.824,0.6838,0.68405,1.00,1.00
2015.12.01 12:22:03.363,0.68377,0.68405,1.50,1.00
2015.12.01 12:22:03.935,0.68376,0.68404,1.00,1.00
2015.12.01 12:22:04.476,0.68375,0.68404,2.25,1.00
2015.12.01 12:22:06.752,0.68375,0.68403,1.50,1.00
2015.12.01 12:22:10.853,0.68375,0.68401,1.50,1.00
2015.12.01 12:22:11.845,0.68374,0.68401,1.00,1.00
2015.12.01 12:22:12.099,0.68375,0.68404,1.00,1.00
2015.12.01 12:22:12.305,0.6838,0.68404,1.00,1.00
2015.12.01 12:22:13.132,0.6838,0.68405,1.00,1.00
2015.12.01 12:22:13.682,0.68379,0.68404,1.00,1.00
2015.12.01 12:22:18.202,0.68379,0.68403,1.00,1.00
2015.12.01 12:22:18.252,0.68375,0.68403,1.50,1.00
2015.12.01 12:22:18.303,0.68375,0.68401,1.00,1.00
2015.12.01 12:22:18.523,0.68375,0.68403,1.00,1.00
2015.12.01 12:22:18.574,0.68379,0.68403,1.00,1.00
2015.12.01 12:22:19.102,0.6838,0.68405,1.00,1.00
2015.12.01 12:22:20.963,0.68379,0.68405,1.00,1.00
2015.12.01 12:22:24.023,0.68379,0.68404,1.00,1.00
2015.12.01 12:22:25.012,0.68379,0.68405,1.00,1.00
2015.12.01 12:22:25.782,0.68379,0.68404,1.00,1.00
2015.12.01 12:22:26.003,0.68379,0.68402,1.00,1.00
2015.12.01 12:22:26.281,0.68375,0.68401,1.00,1.00
2015.12.01 12:22:26.796,0.68374,0.68401,1.00,1.00
2015.12.01 12:22:27.003,0.68374,0.68399,1.00,1.00
2015.12.01 12:22:27.321,0.68374,0.68397,1.00,1.00
2015.12.01 12:22:28.115,0.6837,0.68397,1.00,1.00
2015.12.01 12:22:28.216,0.68369,0.68395,1.00,1.00
2015.12.01 12:22:28.533,0.6837,0.68397,1.00,1.00
2015.12.01 12:22:28.584,0.68375,0.68397,1.00,1.00
2015.12.01 12:22:30.094,0.6837,0.68397,1.50,1.00
2015.12.01 12:22:30.402,0.68371,0.68399,1.00,1.00
2015.12.01 12:22:30.643,0.68374,0.68399,1.00,1.00
2015.12.01 12:22:38.014,0.68371,0.68399,1.00,1.00
2015.12.01 12:22:38.697,0.6837,0.68398,1.50,1.00
2015.12.01 12:22:40.323,0.68374,0.68398,1.00,1.00
2015.12.01 12:22:46.926,0.68371,0.68398,1.00,1.00
2015.12.01 12:22:47.472,0.68374,0.68398,1.00,1.00
2015.12.01 12:22:47.929,0.6837,0.68398,1.50,1.00
2015.12.01 12:22:48.464,0.6837,0.68397,1.50,1.00
2015.12.01 12:22:48.565,0.6837,0.68394,1.00,1.00
2015.12.01 12:22:49.125,0.68369,0.68394,1.00,1.00
2015.12.01 12:22:49.175,0.68369,0.68396,1.50,1.00
2015.12.01 12:22:50.991,0.68369,0.68398,2.25,1.00
2015.12.01 12:22:53.391,0.68369,0.68397,1.50,1.00
2015.12.01 12:22:55.500,0.68369,0.68396,1.00,1.00
2015.12.01 12:22:55.616,0.68368,0.68394,1.00,1.00
2015.12.01 12:22:56.150,0.68368,0.68393,1.00,1.00
2015.12.01 12:23:03.621,0.68368,0.68394,1.00,1.00
2015.12.01 12:23:03.851,0.68368,0.68396,1.50,1.00
2015.12.01 12:23:04.416,0.68369,0.68396,1.00,1.00
2015.12.01 12:23:06.261,0.68369,0.68395,1.00,1.00
2015.12.01 12:23:06.811,0.68369,0.68397,1.00,1.00
2015.12.01 12:23:08.901,0.68369,0.68396,1.00,1.00
2015.12.01 12:23:11.986,0.68369,0.68395,1.00,1.00
2015.12.01 12:23:12.992,0.68368,0.68395,1.00,1.00
2015.12.01 12:23:14.421,0.68369,0.68395,1.00,1.00
2015.12.01 12:23:15.281,0.68369,0.68394,1.00,1.00
2015.12.01 12:23:16.407,0.68369,0.68391,1.00,1.00
2015.12.01 12:23:16.602,0.68369,0.68394,1.00,1.00
2015.12.01 12:23:16.710,0.68369,0.68396,1.00,1.00
2015.12.01 12:23:17.302,0.6837,0.68396,1.00,1.00
2015.12.01 12:23:17.451,0.6837,0.68394,1.00,1.00
2015.12.01 12:23:18.705,0.6837,0.68393,1.00,1.00
2015.12.01 12:23:19.021,0.6837,0.68395,1.00,1.00
2015.12.01 12:23:19.306,0.68368,0.68396,1.00,1.00
2015.12.01 12:23:19.357,0.68366,0.68392,1.00,1.00
2015.12.01 12:23:22.254,0.68365,0.68392,1.00,1.00
2015.12.01 12:23:22.781,0.68365,0.68391,1.00,1.00
2015.12.01 12:23:23.310,0.68365,0.6839,1.00,1.00
2015.12.01 12:23:26.281,0.68365,0.68389,1.00,1.00
2015.12.01 12:23:26.807,0.68365,0.6839,1.00,1.00
2015.12.01 12:23:27.163,0.68364,0.68387,1.00,1.00
2015.12.01 12:23:27.271,0.68364,0.6839,1.00,1.00
2015.12.01 12:23:29.051,0.68365,0.6839,1.00,1.00
2015.12.01 12:23:32.551,0.68365,0.68388,1.00,1.00
2015.12.01 12:23:33.892,0.68364,0.68388,1.00,1.00
2015.12.01 12:23:33.981,0.68364,0.68391,1.00,1.00
2015.12.01 12:23:34.487,0.68364,0.6839,1.00,1.00
2015.12.01 12:23:34.537,0.68364,0.68388,1.00,1.00
2015.12.01 12:23:35.300,0.68364,0.6839,1.00,1.00
2015.12.01 12:23:41.460,0.68364,0.68389,1.00,1.00
2015.12.01 12:23:43.351,0.68364,0.68392,1.00,1.00
2015.12.01 12:23:44.231,0.68365,0.68392,1.00,1.00
2015.12.01 12:23:47.070,0.68365,0.68389,1.00,1.00
2015.12.01 12:23:47.970,0.68365,0.6839,1.00,1.00
2015.12.01 12:23:52.800,0.68365,0.68388,1.00,1.00
2015.12.01 12:23:54.770,0.68365,0.68391,1.00,1.00
2015.12.01 12:23:54.942,0.68369,0.68391,1.00,1.00
2015.12.01 12:23:58.620,0.68369,0.6839,1.00,1.00
2015.12.01 12:23:58.876,0.68365,0.6839,1.00,1.00
2015.12.01 12:23:59.630,0.68364,0.6839,1.00,1.00
2015.12.01 12:23:59.866,0.68364,0.68392,1.00,1.00
2015.12.01 12:23:59.940,0.68364,0.68389,1.00,1.00
2015.12.01 12:24:03.722,0.68364,0.68388,1.00,1.00
2015.12.01 12:24:04.062,0.68369,0.68391,1.00,1.00
2015.12.01 12:24:04.710,0.6837,0.68391,1.00,1.00
2015.12.01 12:24:05.430,0.68369,0.6839,1.00,1.00
2015.12.01 12:24:07.639,0.68369,0.68391,1.00,1.00
2015.12.01 12:24:08.520,0.68369,0.68392,1.00,1.00
2015.12.01 12:24:09.062,0.68369,0.6839,1.00,1.00
2015.12.01 12:24:10.391,0.68369,0.68391,1.00,1.00
2015.12.01 12:24:11.292,0.6837,0.68391,1.00,1.00
2015.12.01 12:24:16.550,0.6837,0.6839,1.00,1.00
2015.12.01 12:24:16.660,0.6837,0.68392,1.00,1.00
2015.12.01 12:24:16.908,0.6837,0.6839,1.00,1.00
2015.12.01 12:24:23.040,0.6837,0.68393,1.00,1.00
2015.12.01 12:24:24.050,0.68369,0.68393,1.00,1.00
2015.12.01 12:24:27.879,0.68369,0.68394,1.00,1.00
2015.12.01 12:24:34.075,0.68369,0.68391,1.00,1.00
2015.12.01 12:24:34.149,0.68369,0.68393,1.00,1.00
2015.12.01 12:24:36.239,0.68369,0.68391,1.00,1.00
2015.12.01 12:24:40.323,0.68369,0.68392,1.00,1.00
2015.12.01 12:24:44.160,0.68369,0.68391,1.00,1.00
2015.12.01 12:24:50.538,0.68369,0.68392,1.00,1.00
2015.12.01 12:24:54.520,0.68365,0.68392,1.00,1.00
2015.12.01 12:24:55.710,0.68365,0.6839,1.00,1.00
2015.12.01 12:24:56.430,0.68364,0.6839,1.00,1.00
2015.12.01 12:25:04.510,0.68364,0.68392,1.00,1.00
2015.12.01 12:25:06.271,0.68364,0.6839,1.00,1.00
2015.12.01 12:25:08.050,0.68365,0.6839,1.00,1.00
2015.12.01 12:25:08.710,0.68364,0.6839,1.00,1.00
2015.12.01 12:25:09.372,0.68364,0.68391,1.50,1.00
2015.12.01 12:25:11.920,0.68365,0.68391,1.00,1.00
2015.12.01 12:25:12.460,0.68364,0.68392,1.50,1.00
2015.12.01 12:25:31.260,0.68364,0.68391,1.00,1.00
2015.12.01 12:25:31.569,0.68365,0.68394,1.00,1.00
2015.12.01 12:25:33.550,0.68364,0.68392,1.00,1.00
2015.12.01 12:25:36.202,0.68365,0.68392,1.50,1.00
2015.12.01 12:25:36.404,0.68366,0.68394,1.00,1.00
2015.12.01 12:25:36.454,0.68369,0.68394,1.00,1.00
2015.12.01 12:25:36.555,0.68369,0.68396,1.00,1.00
2015.12.01 12:25:36.792,0.68372,0.68397,1.00,1.00
2015.12.01 12:25:37.243,0.68374,0.68398,1.00,1.00
2015.12.01 12:25:37.298,0.68374,0.68402,1.50,1.00
2015.12.01 12:25:37.408,0.68376,0.68402,1.00,1.00
2015.12.01 12:25:37.660,0.68371,0.684,1.50,1.00
2015.12.01 12:25:38.720,0.68371,0.68398,1.50,1.00
2015.12.01 12:25:39.051,0.68373,0.68399,1.00,1.00
2015.12.01 12:25:40.311,0.68372,0.68399,1.00,1.00
2015.12.01 12:25:40.840,0.68371,0.68399,1.00,1.00
2015.12.01 12:25:42.724,0.6837,0.68399,1.50,1.00
2015.12.01 12:25:43.027,0.68369,0.68397,1.50,1.00
2015.12.01 12:25:43.367,0.68369,0.68395,1.50,1.00
2015.12.01 12:25:45.844,0.68366,0.68395,1.50,1.50
2015.12.01 12:25:45.989,0.68365,0.68393,1.00,1.00
2015.12.01 12:25:46.504,0.68364,0.68392,1.00,1.00
2015.12.01 12:25:47.046,0.68364,0.68391,1.00,1.00
2015.12.01 12:25:47.397,0.68364,0.68388,1.00,1.00
2015.12.01 12:25:50.489,0.68364,0.68391,1.00,1.00
2015.12.01 12:25:54.119,0.68364,0.68392,1.00,1.00
2015.12.01 12:26:00.719,0.68364,0.68393,2.25,1.00
2015.12.01 12:26:02.956,0.68364,0.68391,1.50,1.00
2015.12.01 12:26:03.057,0.68364,0.68393,2.25,1.00
2015.12.01 12:26:03.883,0.68364,0.68392,1.50,1.00
2015.12.01 12:26:05.728,0.68364,0.6839,1.00,1.00
2015.12.01 12:26:06.251,0.68364,0.68389,1.00,1.00
2015.12.01 12:26:10.454,0.68362,0.68389,1.00,1.00
2015.12.01 12:26:11.144,0.68362,0.6839,1.00,1.00
2015.12.01 12:26:11.673,0.68364,0.68391,1.00,1.00
2015.12.01 12:26:11.874,0.68364,0.68393,1.50,1.00
2015.12.01 12:26:12.622,0.68365,0.68393,1.00,1.00
2015.12.01 12:26:12.848,0.68364,0.68391,1.00,1.00
2015.12.01 12:26:15.589,0.68365,0.68393,1.00,1.00
2015.12.01 12:26:16.799,0.68364,0.68393,1.50,1.00
2015.12.01 12:26:17.230,0.68364,0.68391,1.00,1.00
2015.12.01 12:26:21.639,0.68362,0.6839,1.00,1.00
2015.12.01 12:26:22.534,0.68364,0.68391,1.00,1.00
2015.12.01 12:26:22.965,0.68366,0.68393,1.00,1.00
2015.12.01 12:26:23.303,0.68361,0.68389,1.00,1.00
2015.12.01 12:26:23.605,0.6836,0.68386,1.50,1.00
2015.12.01 12:26:24.185,0.68357,0.68386,1.00,1.00
2015.12.01 12:26:24.404,0.68357,0.68384,1.00,1.00
2015.12.01 12:26:25.052,0.68356,0.68385,1.00,1.00
2015.12.01 12:26:25.689,0.68357,0.68385,1.00,1.00
2015.12.01 12:26:26.446,0.68356,0.68385,1.00,1.00
2015.12.01 12:26:28.330,0.68355,0.68382,1.50,1.00
2015.12.01 12:26:30.328,0.68359,0.68382,1.00,1.00
2015.12.01 12:26:30.724,0.68354,0.68383,1.50,1.00
2015.12.01 12:26:30.775,0.68356,0.68385,1.00,1.00
2015.12.01 12:26:31.117,0.68359,0.68386,1.00,1.00
2015.12.01 12:26:31.447,0.68359,0.68388,1.50,1.00
2015.12.01 12:26:33.351,0.6836,0.68389,1.00,1.50
2015.12.01 12:26:33.520,0.6836,0.68386,1.00,1.00
2015.12.01 12:26:33.622,0.68358,0.68386,1.00,1.00
2015.12.01 12:26:34.159,0.68356,0.68385,1.00,1.50
2015.12.01 12:26:35.149,0.68356,0.68382,1.00,1.00
2015.12.01 12:26:37.029,0.68355,0.68383,1.00,1.00
2015.12.01 12:26:37.489,0.68357,0.68383,1.00,1.00
2015.12.01 12:26:39.234,0.68355,0.68383,1.00,1.00
2015.12.01 12:26:40.538,0.68354,0.68383,1.50,1.00
2015.12.01 12:26:41.550,0.68355,0.68383,1.00,1.00
2015.12.01 12:26:42.179,0.68354,0.68383,1.50,1.00
2015.12.01 12:26:43.090,0.68355,0.68383,1.00,1.00
2015.12.01 12:26:47.908,0.68355,0.68384,1.50,1.00
2015.12.01 12:27:01.778,0.68355,0.68383,1.00,1.00
2015.12.01 12:27:01.879,0.68355,0.68381,1.00,1.00
2015.12.01 12:27:02.779,0.68355,0.68382,1.00,1.00
2015.12.01 12:27:04.884,0.68355,0.68381,1.00,1.00
2015.12.01 12:27:05.536,0.68354,0.68381,1.50,1.00
2015.12.01 12:27:06.235,0.68354,0.68382,1.50,1.00
2015.12.01 12:27:06.895,0.68355,0.68382,1.00,1.00
2015.12.01 12:27:07.935,0.68355,0.68383,1.00,1.00
2015.12.01 12:27:08.828,0.68354,0.68383,1.50,1.00
2015.12.01 12:27:11.019,0.68355,0.68384,1.00,1.00
2015.12.01 12:27:13.427,0.68357,0.68384,1.00,1.00
2015.12.01 12:27:16.207,0.68359,0.68384,1.00,1.00
2015.12.01 12:27:16.309,0.68359,0.68386,1.00,1.00
2015.12.01 12:27:18.488,0.68359,0.68387,1.00,1.00
2015.12.01 12:27:18.860,0.68359,0.68385,1.00,1.00
2015.12.01 12:27:19.231,0.68359,0.68383,1.00,1.00
2015.12.01 12:27:19.282,0.68355,0.68384,1.00,1.00
2015.12.01 12:27:20.418,0.6836,0.68384,1.00,1.00
2015.12.01 12:27:20.820,0.68355,0.68384,1.00,1.00
2015.12.01 12:27:20.920,0.68355,0.68382,1.00,1.00
2015.12.01 12:27:23.246,0.68355,0.68384,1.50,1.00
2015.12.01 12:27:24.476,0.68355,0.68382,1.00,1.00
2015.12.01 12:27:24.997,0.68355,0.6838,1.00,1.00
2015.12.01 12:27:25.335,0.68354,0.68376,1.00,1.00
2015.12.01 12:27:26.099,0.68349,0.68376,1.00,1.00
2015.12.01 12:27:26.297,0.6835,0.68378,1.00,1.00
2015.12.01 12:27:26.738,0.68352,0.6838,1.00,1.50
2015.12.01 12:27:27.134,0.68355,0.6838,1.00,1.00
2015.12.01 12:27:27.244,0.68352,0.6838,1.00,1.00
2015.12.01 12:27:27.538,0.68355,0.68381,1.00,1.00
2015.12.01 12:27:29.844,0.68355,0.68383,1.50,1.00
2015.12.01 12:27:29.945,0.68355,0.68381,1.50,1.00
2015.12.01 12:27:30.279,0.68355,0.68384,1.00,1.00
2015.12.01 12:27:30.379,0.68358,0.68384,1.00,1.00
2015.12.01 12:27:30.747,0.68358,0.68386,1.00,1.00
2015.12.01 12:27:30.848,0.68361,0.68387,1.00,1.00
2015.12.01 12:27:31.452,0.6836,0.68388,1.00,1.00
2015.12.01 12:27:32.162,0.68361,0.68389,1.00,1.00
2015.12.01 12:27:32.677,0.68363,0.68391,1.00,1.00
2015.12.01 12:27:33.102,0.68365,0.68391,1.00,1.00
2015.12.01 12:27:33.579,0.68363,0.68391,1.00,1.50
2015.12.01 12:27:34.657,0.68365,0.68391,1.00,1.50
2015.12.01 12:27:35.149,0.68366,0.68395,1.00,1.00
2015.12.01 12:27:35.474,0.68369,0.68398,1.50,1.00
2015.12.01 12:27:36.896,0.68371,0.684,1.00,1.00
2015.12.01 12:27:40.068,0.6837,0.68397,1.00,1.00
2015.12.01 12:27:41.497,0.6837,0.68396,1.00,1.00
2015.12.01 12:27:42.022,0.6837,0.68397,1.50,1.00
2015.12.01 12:27:42.373,0.68373,0.684,1.00,1.50
2015.12.01 12:27:46.757,0.68374,0.68401,1.00,1.00
2015.12.01 12:27:48.348,0.68374,0.68403,1.50,1.00
2015.12.01 12:27:48.448,0.68373,0.68401,1.00,1.50
2015.12.01 12:27:48.958,0.68372,0.68401,1.00,1.50
2015.12.01 12:27:51.177,0.68373,0.684,1.00,1.00
2015.12.01 12:27:51.680,0.68373,0.68399,1.00,1.00
2015.12.01 12:27:51.834,0.68372,0.68401,1.00,1.50
2015.12.01 12:27:52.608,0.68372,0.684,1.00,1.00
2015.12.01 12:27:53.138,0.68373,0.684,1.00,1.00
2015.12.01 12:27:53.612,0.68371,0.684,1.00,1.00
2015.12.01 12:27:54.018,0.68374,0.68401,1.00,1.50
2015.12.01 12:27:54.347,0.68374,0.68403,1.50,1.00
2015.12.01 12:27:54.920,0.68375,0.68403,1.00,1.00
2015.12.01 12:27:55.044,0.68374,0.684,1.00,1.00
2015.12.01 12:27:55.564,0.68374,0.68401,1.50,1.00
2015.12.01 12:27:55.887,0.68377,0.68405,1.00,1.00
2015.12.01 12:27:55.937,0.68379,0.68405,1.00,1.00
2015.12.01 12:27:56.704,0.68378,0.68404,1.00,1.00
2015.12.01 12:27:58.637,0.68377,0.68403,1.00,1.00
2015.12.01 12:27:58.857,0.68375,0.68403,1.00,1.00
2015.12.01 12:27:59.674,0.68374,0.68403,1.50,1.00
2015.12.01 12:28:02.060,0.68379,0.68406,1.00,1.00
2015.12.01 12:28:02.823,0.68379,0.68405,1.00,1.00
2015.12.01 12:28:02.947,0.68376,0.68405,1.00,1.00
2015.12.01 12:28:03.047,0.68376,0.68403,1.00,1.00
2015.12.01 12:28:05.055,0.68377,0.68405,1.00,1.00
2015.12.01 12:28:05.256,0.68379,0.68408,1.00,1.00
2015.12.01 12:28:06.009,0.68379,0.68407,1.00,1.00
2015.12.01 12:28:06.256,0.68377,0.68406,1.00,1.00
2015.12.01 12:28:06.777,0.68379,0.68406,1.00,1.00
2015.12.01 12:28:09.679,0.68378,0.68406,1.00,1.50
2015.12.01 12:28:10.186,0.68377,0.68405,1.00,1.00
2015.12.01 12:28:11.396,0.68376,0.68402,1.00,1.00
2015.12.01 12:28:11.888,0.68378,0.68404,1.00,1.00
2015.12.01 12:28:15.466,0.68376,0.68405,1.00,1.00
2015.12.01 12:28:17.666,0.68375,0.68404,1.00,1.00
2015.12.01 12:28:18.529,0.68377,0.68406,1.00,1.00
2015.12.01 12:28:19.119,0.68376,0.68405,1.00,1.00
2015.12.01 12:28:19.470,0.68376,0.68403,1.00,1.00
2015.12.01 12:28:20.016,0.68376,0.68404,1.00,1.00
2015.12.01 12:28:24.753,0.68375,0.68404,1.00,1.00
2015.12.01 12:28:26.207,0.68375,0.68402,1.50,1.00
2015.12.01 12:28:26.813,0.68375,0.68404,1.50,1.00
2015.12.01 12:28:27.127,0.68378,0.68405,1.00,1.00
2015.12.01 12:28:27.900,0.68374,0.68402,1.00,1.00
2015.12.01 12:28:28.510,0.68375,0.68402,1.00,1.00
2015.12.01 12:28:28.890,0.68377,0.68405,1.00,1.00
2015.12.01 12:28:29.443,0.68376,0.68404,1.00,1.00
2015.12.01 12:28:30.214,0.68375,0.68402,1.00,1.00
2015.12.01 12:28:32.301,0.68376,0.68404,1.00,1.00
2015.12.01 12:28:32.861,0.68376,0.68405,1.00,1.00
2015.12.01 12:28:34.401,0.68377,0.68405,1.00,1.00
2015.12.01 12:28:34.957,0.68376,0.68404,1.00,1.00
2015.12.01 12:28:35.823,0.68377,0.68404,1.00,1.00
2015.12.01 12:28:36.462,0.68378,0.68404,1.00,1.00
2015.12.01 12:28:38.086,0.68378,0.68405,1.00,1.50
2015.12.01 12:28:38.137,0.6838,0.68407,1.00,1.00
2015.12.01 12:28:38.607,0.68382,0.68407,1.00,1.00
2015.12.01 12:28:39.178,0.68382,0.68408,1.00,1.00
2015.12.01 12:28:39.279,0.68383,0.6841,1.00,1.00
2015.12.01 12:28:39.337,0.68385,0.6841,1.00,1.00
2015.12.01 12:28:39.674,0.68374,0.68401,1.00,1.00
2015.12.01 12:28:40.034,0.68375,0.68399,1.00,1.00
2015.12.01 12:28:40.135,0.6837,0.68399,1.00,1.00
2015.12.01 12:28:40.437,0.6837,0.68397,1.00,1.00
2015.12.01 12:28:40.942,0.6837,0.68398,1.50,1.00
2015.12.01 12:28:41.989,0.6837,0.68396,1.50,1.00
2015.12.01 12:28:42.341,0.68374,0.68397,1.00,1.00
2015.12.01 12:28:42.442,0.68372,0.68397,1.00,1.00
2015.12.01 12:28:44.296,0.68373,0.68397,1.00,1.00
2015.12.01 12:28:49.396,0.68373,0.68401,1.00,1.50
2015.12.01 12:28:50.461,0.68376,0.68401,1.00,1.00
2015.12.01 12:28:51.614,0.68376,0.68403,1.00,1.00
2015.12.01 12:28:51.777,0.68376,0.68405,1.00,1.50
2015.12.01 12:28:52.228,0.68376,0.684,1.00,1.00
2015.12.01 12:28:52.767,0.68374,0.68401,1.00,1.00
2015.12.01 12:28:53.307,0.68374,0.68402,1.50,1.00
2015.12.01 12:28:54.220,0.68374,0.684,1.00,1.00
2015.12.01 12:28:55.066,0.68375,0.68401,1.00,1.00
2015.12.01 12:28:56.518,0.68375,0.684,1.00,1.00
2015.12.01 12:28:59.833,0.68375,0.68401,1.00,1.50
2015.12.01 12:28:59.957,0.68375,0.68404,1.50,1.00
2015.12.01 12:29:00.144,0.68377,0.68405,1.00,2.25
2015.12.01 12:29:00.565,0.68375,0.68404,1.50,1.00
2015.12.01 12:29:01.787,0.68375,0.68402,1.00,1.00
2015.12.01 12:29:08.157,0.68375,0.68403,1.00,1.00
2015.12.01 12:29:08.536,0.68375,0.68401,1.00,1.00
2015.12.01 12:29:09.053,0.68375,0.68402,1.50,1.00
2015.12.01 12:29:09.717,0.68375,0.68401,1.00,1.00
2015.12.01 12:29:15.196,0.68374,0.68401,1.00,1.00
2015.12.01 12:29:17.747,0.68374,0.68402,1.50,1.00
2015.12.01 12:29:18.517,0.68374,0.684,1.00,1.00
2015.12.01 12:29:18.625,0.68375,0.68402,1.00,1.00
2015.12.01 12:29:18.847,0.68374,0.684,1.00,1.00
2015.12.01 12:29:19.726,0.68374,0.68401,1.00,1.00
2015.12.01 12:29:20.309,0.68374,0.684,1.00,1.00
2015.12.01 12:29:22.149,0.68374,0.68401,1.00,1.00
2015.12.01 12:29:22.357,0.68371,0.684,1.00,3.00
2015.12.01 12:29:22.407,0.68371,0.68391,1.00,1.00
2015.12.01 12:29:22.458,0.68367,0.68391,1.00,1.00
2015.12.01 12:29:24.766,0.68365,0.68391,1.00,1.00
2015.12.01 12:29:28.085,0.68365,0.6839,1.00,1.00
2015.12.01 12:29:28.236,0.68368,0.68391,1.00,1.00
2015.12.01 12:29:28.286,0.68368,0.68395,1.00,1.00
2015.12.01 12:29:28.437,0.6837,0.68396,1.00,1.00
2015.12.01 12:29:29.020,0.6837,0.68395,1.00,1.00
2015.12.01 12:29:29.681,0.6837,0.68396,1.00,1.00
2015.12.01 12:29:30.595,0.68369,0.68396,1.00,1.00
2015.12.01 12:29:31.102,0.6837,0.68396,1.50,1.00
2015.12.01 12:29:31.585,0.68372,0.68396,1.00,1.00
2015.12.01 12:29:31.736,0.68372,0.68401,1.00,1.50
2015.12.01 12:29:31.961,0.68374,0.68403,1.00,1.00
2015.12.01 12:29:32.381,0.68373,0.68401,1.00,1.00
2015.12.01 12:29:32.912,0.68373,0.68402,1.50,1.00
2015.12.01 12:29:34.027,0.68373,0.68401,1.50,1.00
2015.12.01 12:29:34.693,0.68373,0.68402,1.50,1.00
2015.12.01 12:29:35.351,0.68373,0.68401,1.00,1.00
2015.12.01 12:29:38.234,0.68375,0.68401,1.00,1.00
2015.12.01 12:29:40.395,0.68374,0.68401,1.00,1.00
2015.12.01 12:29:41.285,0.68373,0.68401,1.00,1.00
2015.12.01 12:29:41.815,0.68375,0.68401,1.00,1.00
2015.12.01 12:29:48.900,0.68374,0.68401,1.00,1.50
2015.12.01 12:29:51.111,0.68375,0.68401,1.00,1.00
2015.12.01 12:29:51.212,0.68375,0.68403,1.00,1.00
2015.12.01 12:29:51.386,0.68377,0.68404,1.00,1.00
2015.12.01 12:29:51.916,0.68376,0.68405,1.00,1.50
2015.12.01 12:29:52.949,0.68376,0.68403,1.00,1.00
2015.12.01 12:29:53.364,0.68376,0.68405,1.00,1.50
2015.12.01 12:29:54.356,0.68377,0.68405,1.00,1.00
2015.12.01 12:29:54.800,0.6838,0.68405,1.00,1.00
2015.12.01 12:29:54.968,0.6838,0.68407,1.00,1.00
2015.12.01 12:29:55.786,0.68378,0.68407,1.00,1.50
2015.12.01 12:29:56.103,0.6838,0.68407,1.00,1.50
2015.12.01 12:29:56.809,0.68379,0.68407,1.00,1.50
2015.12.01 12:29:58.085,0.68379,0.68406,1.00,1.00
2015.12.01 12:29:58.135,0.68377,0.68406,1.00,1.50
2015.12.01 12:29:59.085,0.68376,0.68405,1.00,1.00
2015.12.01 12:29:59.312,0.68378,0.68405,1.00,1.00
2015.12.01 12:29:59.779,0.68381,0.68405,1.00,1.00
2015.12.01 12:30:01.505,0.68381,0.68407,1.00,1.00
2015.12.01 12:30:03.332,0.6838,0.68407,1.00,1.00
2015.12.01 12:30:03.604,0.68382,0.68406,1.00,1.00
2015.12.01 12:30:04.086,0.68382,0.68408,1.00,1.00
2015.12.01 12:30:06.016,0.68382,0.68409,1.00,1.00
2015.12.01 12:30:06.562,0.68383,0.68409,1.00,1.00
2015.12.01 12:30:07.097,0.68383,0.6841,1.00,1.00
2015.12.01 12:30:07.666,0.68384,0.6841,1.00,1.00
2015.12.01 12:30:08.022,0.68386,0.68411,1.00,1.50
2015.12.01 12:30:08.150,0.68386,0.68414,1.00,1.00
2015.12.01 12:30:08.426,0.68389,0.68415,1.00,1.00
2015.12.01 12:30:08.477,0.68389,0.68417,1.00,1.00
2015.12.01 12:30:08.578,0.68389,0.68414,1.00,1.00
2015.12.01 12:30:08.968,0.68392,0.68417,1.00,1.00
2015.12.01 12:30:09.018,0.68392,0.6842,1.00,1.00
2015.12.01 12:30:09.119,0.68392,0.68417,1.00,1.00
2015.12.01 12:30:10.683,0.68392,0.68418,1.00,1.00
2015.12.01 12:30:11.170,0.68394,0.68418,1.00,1.00
2015.12.01 12:30:11.221,0.68394,0.6842,1.00,1.00
2015.12.01 12:30:12.100,0.68394,0.68419,1.00,1.00
2015.12.01 12:30:12.720,0.68394,0.6842,1.00,1.00
2015.12.01 12:30:13.903,0.68395,0.6842,1.00,1.00
2015.12.01 12:30:14.562,0.68393,0.6842,1.00,1.00
2015.12.01 12:30:15.586,0.68393,0.68418,1.00,1.00
2015.12.01 12:30:16.483,0.68395,0.68418,1.00,1.00
2015.12.01 12:30:16.731,0.68393,0.68418,1.00,1.00
2015.12.01 12:30:17.244,0.68394,0.68418,1.00,1.00
2015.12.01 12:30:18.581,0.68393,0.68418,1.00,1.00
2015.12.01 12:30:19.042,0.68394,0.68416,1.00,1.00
2015.12.01 12:30:19.217,0.68394,0.68418,1.00,1.00
2015.12.01 12:30:20.606,0.68393,0.68418,1.00,1.00
2015.12.01 12:30:21.550,0.68393,0.68419,1.00,1.00
2015.12.01 12:30:23.081,0.68391,0.68419,1.00,1.00
2015.12.01 12:30:23.232,0.68395,0.6842,1.00,1.50
2015.12.01 12:30:23.726,0.68395,0.68418,1.00,1.00
2015.12.01 12:30:25.267,0.68395,0.6842,1.00,1.00
2015.12.01 12:30:28.986,0.68396,0.6842,1.00,1.00
2015.12.01 12:30:29.569,0.68396,0.68423,1.00,1.00
2015.12.01 12:30:30.021,0.68399,0.68423,1.00,1.00
2015.12.01 12:30:32.677,0.68399,0.68424,1.00,1.00
2015.12.01 12:30:35.634,0.68399,0.68423,1.00,1.00
2015.12.01 12:30:35.786,0.68397,0.68423,1.50,1.00
2015.12.01 12:30:36.426,0.68396,0.68422,1.00,1.00
2015.12.01 12:30:36.532,0.68394,0.68422,1.50,1.00
2015.12.01 12:30:37.311,0.68394,0.68421,1.00,1.00
2015.12.01 12:30:37.840,0.68394,0.6842,1.00,1.00
2015.12.01 12:30:38.651,0.68394,0.68419,1.00,1.00
2015.12.01 12:30:40.445,0.68394,0.6842,1.00,1.00
2015.12.01 12:30:41.743,0.68394,0.68421,1.00,1.50
2015.12.01 12:30:46.292,0.68394,0.6842,1.00,1.00
2015.12.01 12:30:48.496,0.68395,0.6842,1.00,1.00
2015.12.01 12:30:49.135,0.68395,0.68421,1.00,1.00
2015.12.01 12:30:50.801,0.68398,0.68421,1.00,1.00
2015.12.01 12:30:51.120,0.68398,0.68423,1.00,1.00
2015.12.01 12:30:51.603,0.684,0.68423,1.00,1.00
2015.12.01 12:30:52.121,0.68401,0.68424,1.00,1.00
2015.12.01 12:30:53.024,0.68401,0.68422,1.00,1.00
2015.12.01 12:30:53.534,0.68401,0.68423,1.00,1.00
2015.12.01 12:30:53.644,0.68401,0.68425,1.00,1.00
2015.12.01 12:30:53.914,0.68401,0.68422,1.00,1.00
2015.12.01 12:30:54.227,0.68401,0.68426,1.00,1.00
2015.12.01 12:30:54.746,0.68402,0.68426,1.00,1.00
2015.12.01 12:30:54.973,0.68404,0.68426,1.00,1.00
2015.12.01 12:30:55.841,0.68402,0.68426,1.00,1.00
2015.12.01 12:30:57.786,0.68399,0.68426,1.50,1.00
2015.12.01 12:30:58.326,0.684,0.68426,1.00,1.00
2015.12.01 12:31:01.923,0.684,0.68423,1.50,1.00
2015.12.01 12:31:02.147,0.68397,0.68423,1.00,1.00
2015.12.01 12:31:02.355,0.684,0.68423,1.00,1.00
2015.12.01 12:31:03.931,0.68395,0.68423,1.50,1.00
2015.12.01 12:31:04.315,0.68395,0.68421,1.50,1.00
2015.12.01 12:31:04.755,0.68397,0.68424,1.00,1.00
2015.12.01 12:31:05.435,0.68399,0.68424,1.00,1.00
2015.12.01 12:31:05.985,0.684,0.68424,1.00,1.00
2015.12.01 12:31:07.863,0.68399,0.68424,1.50,1.00
2015.12.01 12:31:08.884,0.684,0.68424,1.00,1.00
2015.12.01 12:31:09.264,0.684,0.68427,1.00,1.00
2015.12.01 12:31:09.813,0.68399,0.68427,1.50,1.00
2015.12.01 12:31:10.415,0.68399,0.68426,1.50,1.00
2015.12.01 12:31:11.698,0.68399,0.68424,1.00,1.00
2015.12.01 12:31:11.799,0.68399,0.68428,1.50,1.00
2015.12.01 12:31:11.921,0.68404,0.68428,1.00,1.00
2015.12.01 12:31:12.302,0.68408,0.68429,1.00,1.00
2015.12.01 12:31:12.353,0.68408,0.68433,1.00,1.00
2015.12.01 12:31:12.893,0.6841,0.68434,1.00,1.00
2015.12.01 12:31:13.334,0.6841,0.68431,1.00,1.00
2015.12.01 12:31:13.774,0.6841,0.68434,1.00,1.00
2015.12.01 12:31:15.378,0.68407,0.68434,1.00,1.00
2015.12.01 12:31:15.579,0.68408,0.68436,1.00,1.00
2015.12.01 12:31:16.129,0.68409,0.68436,1.00,1.00
2015.12.01 12:31:16.822,0.68408,0.68436,1.00,1.00
2015.12.01 12:31:18.284,0.68407,0.68436,1.00,1.00
2015.12.01 12:31:18.396,0.68406,0.68433,1.00,1.00
2015.12.01 12:31:18.735,0.68406,0.68431,1.00,1.00
2015.12.01 12:31:19.843,0.68405,0.68429,1.00,1.00
2015.12.01 12:31:20.193,0.68402,0.6843,1.00,1.00
2015.12.01 12:31:20.321,0.68404,0.6843,1.00,1.00
2015.12.01 12:31:20.826,0.68405,0.6843,1.00,1.00
2015.12.01 12:31:21.070,0.68404,0.68432,1.50,1.00
2015.12.01 12:31:21.291,0.68404,0.6843,1.50,1.00
2015.12.01 12:31:21.606,0.68406,0.68431,1.00,1.00
2015.12.01 12:31:21.807,0.68408,0.68434,1.00,1.00
2015.12.01 12:31:22.901,0.68409,0.68434,1.00,1.00
2015.12.01 12:31:24.576,0.68409,0.68432,1.00,1.00
2015.12.01 12:31:25.104,0.68409,0.68434,1.00,1.00
2015.12.01 12:31:26.048,0.68409,0.68433,1.00,1.00
2015.12.01 12:31:26.792,0.68408,0.68433,1.00,1.00
2015.12.01 12:31:27.415,0.68408,0.68434,1.00,1.00
2015.12.01 12:31:28.055,0.68409,0.68434,1.00,1.00
2015.12.01 12:31:28.557,0.68409,0.68433,1.00,1.00
2015.12.01 12:31:28.625,0.68409,0.68431,1.00,1.00
2015.12.01 12:31:29.158,0.6841,0.6843,1.00,1.00
2015.12.01 12:31:30.076,0.68409,0.6843,1.00,1.00
2015.12.01 12:31:30.364,0.68409,0.68432,1.50,1.00
2015.12.01 12:31:35.864,0.68409,0.68433,1.50,1.00
2015.12.01 12:31:52.693,0.68409,0.68431,1.00,1.00
2015.12.01 12:31:53.115,0.68407,0.68431,1.00,1.00
2015.12.01 12:31:53.465,0.68407,0.68433,1.00,1.00
2015.12.01 12:31:54.784,0.68407,0.68432,1.00,1.00
2015.12.01 12:31:59.548,0.68407,0.68431,1.00,1.00
2015.12.01 12:32:01.475,0.68404,0.68431,1.50,1.00
2015.12.01 12:32:01.575,0.68401,0.6843,1.00,1.00
2015.12.01 12:32:01.626,0.68399,0.68423,1.50,1.00
2015.12.01 12:32:02.064,0.68397,0.68421,1.00,1.00
2015.12.01 12:32:02.586,0.68399,0.68421,1.00,1.00
2015.12.01 12:32:02.636,0.684,0.68424,1.00,1.00
2015.12.01 12:32:03.431,0.684,0.68425,1.00,1.00
2015.12.01 12:32:03.963,0.68399,0.68425,1.00,1.00
2015.12.01 12:32:04.471,0.68399,0.68427,1.50,1.00
2015.12.01 12:32:04.590,0.68401,0.68428,1.00,1.00
2015.12.01 12:32:05.344,0.68401,0.6843,1.50,1.50
2015.12.01 12:32:06.896,0.68401,0.68429,1.00,1.00
2015.12.01 12:32:09.101,0.68401,0.68428,1.00,1.00
2015.12.01 12:32:09.304,0.68401,0.6843,1.50,1.50
2015.12.01 12:32:09.523,0.68401,0.68428,1.50,1.00
2015.12.01 12:32:15.960,0.68403,0.68428,1.00,1.00
2015.12.01 12:32:19.403,0.68401,0.68428,1.00,1.00
2015.12.01 12:32:19.454,0.684,0.68422,1.00,1.00
2015.12.01 12:32:19.803,0.684,0.6842,1.00,1.00
2015.12.01 12:32:19.885,0.684,0.68422,1.00,1.00
2015.12.01 12:32:20.036,0.68397,0.68422,1.00,1.00
2015.12.01 12:32:20.575,0.68397,0.68423,1.00,1.00
2015.12.01 12:32:22.529,0.68396,0.6842,1.00,1.00
2015.12.01 12:32:22.944,0.68396,0.68423,1.00,1.00
2015.12.01 12:32:23.190,0.68396,0.6842,1.00,1.00
2015.12.01 12:32:34.090,0.68395,0.6842,1.00,1.00
2015.12.01 12:32:34.614,0.68395,0.68418,1.00,1.00
2015.12.01 12:32:35.212,0.68395,0.68419,1.00,1.00
2015.12.01 12:32:37.292,0.68395,0.68421,1.00,1.00
2015.12.01 12:32:38.770,0.68396,0.68421,1.00,1.00
2015.12.01 12:32:38.871,0.68399,0.68421,1.00,1.00
2015.12.01 12:32:38.921,0.68399,0.68423,1.00,1.00
2015.12.01 12:32:39.224,0.68399,0.68421,1.00,1.00
2015.12.01 12:32:39.666,0.68399,0.68423,1.00,1.00
2015.12.01 12:32:40.921,0.68399,0.68424,1.00,1.00
2015.12.01 12:32:41.071,0.68401,0.68424,1.00,1.00
2015.12.01 12:32:49.588,0.68401,0.68425,1.00,1.00
2015.12.01 12:32:50.693,0.68402,0.68426,1.00,1.00
2015.12.01 12:32:51.033,0.68405,0.68427,1.00,1.00
2015.12.01 12:32:51.375,0.68407,0.68428,1.00,1.00
2015.12.01 12:32:51.433,0.68407,0.68431,1.00,1.00
2015.12.01 12:32:52.096,0.68408,0.68431,1.00,1.00
2015.12.01 12:32:52.644,0.68408,0.68432,1.00,1.00
2015.12.01 12:32:53.413,0.68408,0.68431,1.00,1.00
2015.12.01 12:32:53.632,0.68408,0.68433,1.00,1.00
2015.12.01 12:32:59.022,0.68408,0.68432,1.00,1.00
2015.12.01 12:32:59.559,0.68408,0.68433,1.00,1.00
2015.12.01 12:33:03.104,0.68408,0.68435,1.00,1.50
2015.12.01 12:33:05.783,0.6841,0.68435,1.00,1.00
2015.12.01 12:33:06.374,0.68412,0.68437,1.00,1.00
2015.12.01 12:33:19.811,0.68412,0.68438,1.00,1.00
2015.12.01 12:33:21.053,0.68409,0.68438,1.50,1.00
2015.12.01 12:33:21.104,0.68409,0.68436,1.00,1.00
2015.12.01 12:33:21.154,0.68406,0.68435,1.50,1.00
2015.12.01 12:33:21.255,0.68404,0.6843,1.50,1.00
2015.12.01 12:33:21.904,0.68404,0.68431,1.50,1.00
2015.12.01 12:33:24.691,0.68404,0.68429,1.50,1.00
2015.12.01 12:33:25.709,0.68405,0.68429,1.00,1.00
2015.12.01 12:33:26.240,0.68404,0.68429,1.00,1.00
2015.12.01 12:33:26.763,0.68405,0.68429,1.00,1.00
2015.12.01 12:33:28.982,0.68404,0.68429,1.00,1.00
2015.12.01 12:33:30.482,0.68404,0.6843,1.00,1.00
2015.12.01 12:33:31.126,0.68404,0.68431,1.00,1.00
2015.12.01 12:33:33.089,0.68405,0.68431,1.00,1.00
2015.12.01 12:33:33.432,0.68407,0.68431,1.00,1.00
2015.12.01 12:33:33.783,0.68407,0.68434,1.00,1.00
2015.12.01 12:33:33.934,0.68409,0.68434,1.00,1.00
2015.12.01 12:33:35.321,0.68409,0.68435,1.00,1.00
2015.12.01 12:33:36.641,0.68409,0.68436,1.00,1.00
2015.12.01 12:33:40.932,0.68409,0.68438,1.50,1.00
2015.12.01 12:33:43.022,0.68409,0.68437,1.50,1.00
2015.12.01 12:33:43.809,0.68411,0.6844,1.50,1.00
2015.12.01 12:33:44.011,0.68413,0.6844,1.00,1.00
2015.12.01 12:33:45.799,0.68412,0.68439,1.00,1.00
2015.12.01 12:33:46.321,0.68411,0.68439,1.00,1.00
2015.12.01 12:33:52.159,0.68411,0.6844,1.50,1.00
2015.12.01 12:33:55.561,0.68411,0.68438,1.00,1.00
2015.12.01 12:33:55.783,0.68409,0.68438,1.00,1.00
2015.12.01 12:33:58.971,0.68408,0.68437,1.50,1.00
2015.12.01 12:33:59.139,0.68411,0.68437,1.00,1.00
2015.12.01 12:34:00.984,0.68411,0.68438,1.00,1.00
2015.12.01 12:34:01.185,0.68412,0.6844,1.00,1.00
2015.12.01 12:34:01.796,0.68411,0.68439,1.00,1.00
2015.12.01 12:34:01.985,0.68409,0.68438,1.50,1.00
2015.12.01 12:34:03.706,0.68409,0.68436,1.00,1.00
2015.12.01 12:34:04.588,0.68407,0.68436,1.00,1.00
2015.12.01 12:34:05.609,0.68408,0.68437,1.00,1.00
2015.12.01 12:34:05.682,0.6841,0.68439,1.00,1.00
2015.12.01 12:34:07.112,0.68412,0.68439,1.00,1.00
2015.12.01 12:34:09.200,0.68411,0.6844,1.00,1.00
2015.12.01 12:34:11.873,0.68412,0.68441,1.00,1.50
2015.12.01 12:34:18.272,0.68414,0.68441,1.00,1.00
2015.12.01 12:34:18.696,0.68412,0.68441,1.00,1.00
2015.12.01 12:34:18.747,0.68414,0.68441,1.00,1.00
2015.12.01 12:34:19.035,0.6841,0.68439,1.00,1.00
2015.12.01 12:34:19.545,0.68411,0.6844,1.00,1.00
2015.12.01 12:34:21.720,0.68414,0.6844,1.00,1.00
2015.12.01 12:34:22.516,0.68415,0.6844,1.00,1.00
2015.12.01 12:34:23.447,0.68414,0.6844,1.00,1.00
2015.12.01 12:34:25.040,0.68414,0.68441,1.00,1.00
2015.12.01 12:34:27.060,0.68415,0.68441,1.00,1.00
2015.12.01 12:34:27.812,0.68414,0.68441,1.00,1.00
2015.12.01 12:34:28.405,0.68414,0.6844,1.00,1.00
2015.12.01 12:34:30.352,0.68414,0.68441,1.00,1.00
2015.12.01 12:34:31.720,0.68415,0.68441,1.00,1.00
2015.12.01 12:34:32.433,0.68415,0.68442,1.00,1.00
2015.12.01 12:34:33.222,0.68414,0.68442,1.50,1.00
2015.12.01 12:34:36.879,0.68415,0.68442,1.00,1.00
2015.12.01 12:34:39.670,0.68415,0.68444,1.50,1.00
2015.12.01 12:34:41.805,0.68415,0.68443,1.00,1.00
2015.12.01 12:34:44.349,0.68414,0.68443,1.00,1.00
2015.12.01 12:34:44.449,0.68415,0.68441,1.00,1.00
2015.12.01 12:34:45.954,0.68412,0.68441,1.00,1.00
2015.12.01 12:34:46.355,0.68414,0.6844,1.00,1.00
2015.12.01 12:34:46.971,0.68414,0.68442,1.50,1.00
2015.12.01 12:34:53.795,0.68415,0.68442,1.00,1.00
2015.12.01 12:34:58.149,0.68414,0.68442,1.50,1.00
2015.12.01 12:34:58.922,0.68415,0.68444,1.00,1.00
2015.12.01 12:34:59.078,0.68415,0.68441,1.00,1.00
2015.12.01 12:35:03.042,0.68414,0.68442,1.50,1.00
2015.12.01 12:35:05.751,0.68412,0.6844,1.00,1.00
2015.12.01 12:35:06.002,0.6841,0.68439,1.00,1.00
2015.12.01 12:35:06.071,0.68409,0.68436,1.00,1.00
2015.12.01 12:35:08.947,0.68411,0.68437,1.00,1.00
2015.12.01 12:35:11.602,0.6841,0.68437,1.00,1.00
2015.12.01 12:35:12.454,0.6841,0.68439,1.00,1.00
2015.12.01 12:35:12.684,0.68413,0.68439,1.00,1.00
2015.12.01 12:35:13.771,0.68412,0.6844,1.00,1.00
2015.12.01 12:35:14.285,0.68414,0.68441,1.00,1.50
2015.12.01 12:35:14.981,0.68414,0.6844,1.00,1.00
2015.12.01 12:35:16.563,0.68415,0.68441,1.00,1.00
2015.12.01 12:35:16.886,0.68415,0.68444,1.00,1.00
2015.12.01 12:35:21.691,0.68417,0.68444,1.00,1.00
2015.12.01 12:35:28.181,0.68415,0.68444,1.00,1.00
2015.12.01 12:35:32.165,0.68415,0.68443,1.00,1.00
2015.12.01 12:35:34.299,0.68414,0.68443,1.50,1.00
2015.12.01 12:35:34.350,0.68416,0.68445,1.00,1.00
2015.12.01 12:35:34.923,0.68415,0.68444,1.00,1.00
2015.12.01 12:35:39.071,0.68414,0.68443,1.50,1.00
2015.12.01 12:35:40.280,0.68415,0.68444,1.00,1.00
2015.12.01 12:35:45.021,0.68415,0.68442,1.00,1.00
2015.12.01 12:35:49.962,0.68415,0.68444,1.50,1.00
2015.12.01 12:35:50.315,0.6842,0.68447,1.00,1.00
2015.12.01 12:35:50.855,0.6842,0.68448,1.50,1.00
2015.12.01 12:35:51.366,0.68421,0.68447,1.00,1.00
2015.12.01 12:35:51.423,0.68419,0.68447,1.00,1.50
2015.12.01 12:35:51.516,0.68419,0.68445,1.00,1.00
2015.12.01 12:35:51.567,0.68416,0.68444,1.00,1.00
2015.12.01 12:35:52.639,0.68416,0.68445,1.00,1.50
2015.12.01 12:35:53.390,0.68416,0.68444,1.00,1.00
2015.12.01 12:35:55.525,0.68419,0.68446,1.00,1.00
2015.12.01 12:35:57.244,0.68418,0.68447,1.00,1.50
2015.12.01 12:35:58.102,0.68417,0.68444,1.00,1.00
2015.12.01 12:36:02.391,0.68415,0.68444,1.00,1.00
2015.12.01 12:36:02.911,0.68416,0.68445,1.00,1.00
2015.12.01 12:36:05.166,0.68415,0.68444,1.00,1.00
2015.12.01 12:36:07.268,0.68416,0.68445,1.00,1.00
2015.12.01 12:36:07.890,0.68415,0.68444,1.00,1.00
2015.12.01 12:36:08.524,0.68416,0.68443,1.00,1.00
2015.12.01 12:36:08.742,0.68416,0.68445,1.00,1.00
2015.12.01 12:36:19.881,0.68417,0.68446,1.00,1.00
2015.12.01 12:36:28.020,0.68418,0.68445,1.00,1.00
2015.12.01 12:36:29.821,0.68419,0.68445,1.00,1.00
2015.12.01 12:36:30.022,0.68419,0.68448,1.50,1.00
2015.12.01 12:36:30.567,0.6842,0.68448,1.00,1.50
2015.12.01 12:36:32.350,0.68419,0.68448,1.50,1.00
2015.12.01 12:36:32.541,0.68419,0.68446,1.00,1.00
2015.12.01 12:36:33.560,0.68417,0.68446,1.00,1.50
2015.12.01 12:36:34.125,0.68417,0.68445,1.00,1.00
2015.12.01 12:36:34.770,0.68418,0.68446,1.00,1.00
2015.12.01 12:36:36.179,0.68418,0.68445,1.00,1.00
2015.12.01 12:36:36.680,0.68419,0.68445,1.00,1.00
2015.12.01 12:36:37.933,0.68419,0.68444,1.00,1.00
2015.12.01 12:36:38.029,0.68419,0.68446,1.00,1.00
2015.12.01 12:36:38.080,0.68419,0.68443,1.00,1.00
2015.12.01 12:36:38.399,0.68419,0.6844,1.00,1.00
2015.12.01 12:36:40.340,0.6842,0.6844,1.00,1.00
2015.12.01 12:36:40.639,0.6842,0.68443,1.00,1.00
2015.12.01 12:36:40.857,0.68422,0.68443,1.00,1.00
2015.12.01 12:36:41.340,0.6842,0.68443,1.50,1.00
2015.12.01 12:36:43.518,0.6842,0.68441,1.50,1.00
2015.12.01 12:36:49.511,0.68419,0.68441,1.00,1.00
2015.12.01 12:36:57.059,0.68418,0.68441,1.00,1.00
2015.12.01 12:37:01.552,0.68418,0.68439,1.00,1.00
2015.12.01 12:37:02.191,0.68417,0.68439,1.00,1.00
2015.12.01 12:37:12.710,0.68419,0.68439,1.00,1.00
2015.12.01 12:37:12.911,0.68417,0.68439,1.00,1.00
2015.12.01 12:37:18.834,0.68418,0.68439,1.00,1.00
2015.12.01 12:37:19.421,0.68417,0.68439,1.00,1.00
2015.12.01 12:37:20.379,0.68416,0.68439,1.00,1.00
2015.12.01 12:37:22.929,0.68416,0.68436,1.00,1.00
2015.12.01 12:37:25.734,0.68416,0.68439,1.00,1.00
2015.12.01 12:37:25.785,0.68419,0.68439,1.00,1.00
2015.12.01 12:37:26.298,0.68418,0.6844,1.00,1.00
2015.12.01 12:37:28.078,0.68417,0.6844,1.00,1.00
2015.12.01 12:37:31.430,0.68417,0.68439,1.00,1.00
2015.12.01 12:37:31.581,0.68417,0.68444,1.00,1.00
2015.12.01 12:37:31.826,0.68415,0.68443,1.00,1.00
2015.12.01 12:37:33.281,0.68413,0.6844,1.00,1.00
2015.12.01 12:37:33.381,0.68407,0.68436,1.00,1.00
2015.12.01 12:37:34.058,0.68406,0.68435,1.00,1.00
2015.12.01 12:37:34.368,0.68408,0.68437,1.00,1.00
2015.12.01 12:37:34.904,0.68407,0.68436,1.00,1.50
2015.12.01 12:37:35.605,0.68407,0.68433,1.00,1.00
2015.12.01 12:37:36.658,0.68406,0.68434,1.00,1.00
2015.12.01 12:37:42.866,0.68407,0.68433,1.00,1.00
2015.12.01 12:37:43.807,0.68407,0.6843,1.00,1.00
2015.12.01 12:37:48.140,0.68405,0.68429,1.00,1.00
2015.12.01 12:37:48.191,0.68405,0.68427,1.00,1.00
2015.12.01 12:37:48.320,0.68403,0.68427,1.00,1.00
2015.12.01 12:37:48.868,0.68401,0.68427,1.00,1.00
2015.12.01 12:37:49.138,0.68403,0.68427,1.00,1.00
2015.12.01 12:37:52.609,0.68404,0.68427,1.00,1.00
2015.12.01 12:37:53.600,0.68403,0.68427,1.00,1.00
2015.12.01 12:37:53.953,0.68401,0.68426,1.00,1.00
2015.12.01 12:37:54.257,0.684,0.68424,1.00,1.00
2015.12.01 12:37:54.840,0.68399,0.68424,1.00,1.00
2015.12.01 12:37:55.154,0.68397,0.68422,1.00,1.00
2015.12.01 12:37:55.555,0.68397,0.68419,1.00,1.00
2015.12.01 12:37:55.713,0.68395,0.68419,1.00,1.00
2015.12.01 12:37:55.763,0.68394,0.68417,1.50,1.00
2015.12.01 12:37:55.891,0.68395,0.68419,1.00,1.00
2015.12.01 12:37:56.809,0.68395,0.68416,1.00,1.00
2015.12.01 12:37:56.859,0.68392,0.68416,1.00,1.00
2015.12.01 12:37:57.378,0.68392,0.68415,1.00,1.00
2015.12.01 12:37:57.558,0.6839,0.68415,1.50,1.00
2015.12.01 12:37:58.062,0.68391,0.68415,1.00,1.00
2015.12.01 12:37:58.757,0.68391,0.68417,1.00,1.00
2015.12.01 12:37:58.807,0.68393,0.68417,1.00,1.00
2015.12.01 12:38:00.021,0.68392,0.68417,1.00,1.00
2015.12.01 12:38:00.420,0.68394,0.68417,1.50,1.00
2015.12.01 12:38:00.857,0.68394,0.68414,1.50,1.00
2015.12.01 12:38:02.219,0.68392,0.68414,1.00,1.00
2015.12.01 12:38:02.321,0.6839,0.68414,1.50,1.00
2015.12.01 12:38:02.372,0.68394,0.68414,1.00,1.00
2015.12.01 12:38:04.684,0.68392,0.68414,1.00,1.00
2015.12.01 12:38:05.241,0.68391,0.68414,1.00,1.00
2015.12.01 12:38:05.729,0.6839,0.68417,1.00,1.00
2015.12.01 12:38:06.284,0.68391,0.68417,1.00,1.00
2015.12.01 12:38:07.384,0.68392,0.68416,1.00,1.00
2015.12.01 12:38:08.386,0.6839,0.68416,1.00,1.00
2015.12.01 12:38:09.920,0.68395,0.68416,1.00,1.00
2015.12.01 12:38:10.290,0.68392,0.68417,1.00,1.00
2015.12.01 12:38:10.578,0.68394,0.68417,1.00,1.00
2015.12.01 12:38:12.381,0.68391,0.68416,1.00,1.00
2015.12.01 12:38:13.782,0.68394,0.68416,1.00,1.00
2015.12.01 12:38:17.306,0.68394,0.68418,1.00,1.00
2015.12.01 12:38:17.891,0.68394,0.68417,1.00,1.00
2015.12.01 12:38:18.168,0.68392,0.68417,1.00,1.00
2015.12.01 12:38:20.011,0.68391,0.68417,1.00,1.00
2015.12.01 12:38:20.367,0.68389,0.68417,1.50,1.00
2015.12.01 12:38:20.468,0.68392,0.68417,1.00,1.00
2015.12.01 12:38:24.507,0.68394,0.68417,1.00,1.00
2015.12.01 12:38:25.233,0.68395,0.68418,1.00,1.00
2015.12.01 12:38:34.119,0.68393,0.68418,1.00,1.00
2015.12.01 12:38:42.137,0.68392,0.68418,1.00,1.00
2015.12.01 12:38:42.664,0.68391,0.68418,1.00,1.00
2015.12.01 12:38:44.116,0.68391,0.68415,1.00,1.00
2015.12.01 12:38:57.709,0.68391,0.68418,1.00,1.00
2015.12.01 12:38:57.760,0.68393,0.68418,1.00,1.00
2015.12.01 12:38:58.233,0.68396,0.68418,1.00,1.00
2015.12.01 12:38:58.942,0.68395,0.68418,1.00,1.00
2015.12.01 12:39:00.855,0.68394,0.68418,1.00,1.00
2015.12.01 12:39:01.607,0.68392,0.68417,1.00,1.00
2015.12.01 12:39:01.657,0.68392,0.68413,1.00,1.00
2015.12.01 12:39:01.708,0.68389,0.68413,1.00,1.00
2015.12.01 12:39:01.808,0.68385,0.68413,1.50,1.00
2015.12.01 12:39:01.859,0.68385,0.68411,1.00,1.00
2015.12.01 12:39:02.164,0.68385,0.68408,1.00,1.00
2015.12.01 12:39:02.365,0.68382,0.68408,1.00,1.00
2015.12.01 12:39:02.901,0.68383,0.68408,1.00,1.00
2015.12.01 12:39:03.557,0.68383,0.68409,1.00,1.00
2015.12.01 12:39:06.996,0.68383,0.68408,1.00,1.00
2015.12.01 12:39:07.568,0.68384,0.68408,1.00,1.00
2015.12.01 12:39:07.956,0.68382,0.68408,1.00,1.00
2015.12.01 12:39:08.506,0.68386,0.68408,1.00,1.00
2015.12.01 12:39:08.708,0.68386,0.6841,1.00,1.00
2015.12.01 12:39:09.237,0.68387,0.6841,1.00,1.00
2015.12.01 12:39:12.796,0.68386,0.6841,1.00,1.00
2015.12.01 12:39:13.529,0.68385,0.6841,1.00,1.00
2015.12.01 12:39:15.760,0.68385,0.68408,1.00,1.00
2015.12.01 12:39:15.811,0.68383,0.68408,1.00,1.00
2015.12.01 12:39:16.499,0.68382,0.68408,1.00,1.00
2015.12.01 12:39:18.910,0.68382,0.68407,1.00,1.00
2015.12.01 12:39:19.111,0.68379,0.68406,1.50,1.00
2015.12.01 12:39:19.645,0.6838,0.68406,1.00,1.00
2015.12.01 12:39:22.847,0.68382,0.68406,1.00,1.00
2015.12.01 12:39:23.375,0.68381,0.68406,1.00,1.00
2015.12.01 12:39:25.336,0.6838,0.68406,1.00,1.00
2015.12.01 12:39:27.211,0.68382,0.68406,1.00,1.00
2015.12.01 12:39:27.736,0.68382,0.68407,1.00,1.00
2015.12.01 12:39:30.868,0.68382,0.68405,1.00,1.00
2015.12.01 12:39:31.090,0.68372,0.68396,1.00,1.00
2015.12.01 12:39:31.413,0.6837,0.68396,1.50,1.00
2015.12.01 12:39:31.514,0.6837,0.68393,1.00,1.00
2015.12.01 12:39:31.614,0.68365,0.6839,1.00,1.00
2015.12.01 12:39:31.665,0.68365,0.68388,1.00,1.00
2015.12.01 12:39:32.157,0.68362,0.68388,1.00,1.00
2015.12.01 12:39:32.207,0.68362,0.68386,1.00,1.00
2015.12.01 12:39:32.524,0.68362,0.68388,1.00,1.00
2015.12.01 12:39:32.624,0.68365,0.68388,1.00,1.00
2015.12.01 12:39:32.825,0.68363,0.68389,1.00,1.00
2015.12.01 12:39:33.368,0.68365,0.68389,1.00,1.00
2015.12.01 12:39:33.636,0.68363,0.68389,1.00,1.00
2015.12.01 12:39:34.466,0.68365,0.68389,1.00,1.00
2015.12.01 12:39:35.140,0.68367,0.68389,1.00,1.00
2015.12.01 12:39:35.446,0.6837,0.68393,1.00,1.00
2015.12.01 12:39:35.564,0.68366,0.68392,1.00,1.00
2015.12.01 12:39:36.096,0.68365,0.68393,1.00,1.00
2015.12.01 12:39:36.835,0.68365,0.68392,1.00,1.00
2015.12.01 12:39:37.345,0.68364,0.68393,1.00,1.50
2015.12.01 12:39:38.155,0.68364,0.68392,1.00,1.00
2015.12.01 12:39:41.066,0.68364,0.68393,1.00,1.50
2015.12.01 12:39:43.376,0.68366,0.68393,1.00,1.00
2015.12.01 12:39:44.135,0.68366,0.68389,1.00,1.00
2015.12.01 12:39:46.346,0.68363,0.68389,1.00,1.00
2015.12.01 12:39:46.447,0.68363,0.68387,1.00,1.00
2015.12.01 12:39:47.157,0.68364,0.68387,1.00,1.00
2015.12.01 12:39:48.069,0.68364,0.68386,1.00,1.00
2015.12.01 12:39:48.221,0.68355,0.6838,1.00,1.00
2015.12.01 12:39:48.746,0.68355,0.68379,1.00,1.00
2015.12.01 12:39:50.974,0.68353,0.68379,1.00,1.00
2015.12.01 12:39:51.483,0.68353,0.68378,1.00,1.00
2015.12.01 12:39:53.527,0.68354,0.68378,1.00,1.00
2015.12.01 12:39:55.287,0.68356,0.68378,1.00,1.00
2015.12.01 12:39:57.162,0.68356,0.6838,1.00,1.00
2015.12.01 12:39:57.772,0.68356,0.68379,1.00,1.00
2015.12.01 12:39:58.326,0.68356,0.68381,1.00,1.00
2015.12.01 12:39:58.815,0.68356,0.68384,1.00,1.00
2015.12.01 12:39:58.916,0.68359,0.68386,1.00,1.00
2015.12.01 12:39:59.345,0.68364,0.68387,1.00,1.00
2015.12.01 12:40:00.155,0.68364,0.68388,1.00,1.00
2015.12.01 12:40:01.527,0.68363,0.68388,1.00,1.00
2015.12.01 12:40:05.047,0.68361,0.68388,1.00,1.00
2015.12.01 12:40:08.402,0.68361,0.68386,1.00,1.00
2015.12.01 12:40:09.950,0.6836,0.68386,1.00,1.00
2015.12.01 12:40:10.472,0.68361,0.68386,1.00,1.00
2015.12.01 12:40:12.418,0.68362,0.68386,1.00,1.00
2015.12.01 12:40:16.598,0.68361,0.68386,1.00,1.00
2015.12.01 12:40:17.338,0.68361,0.68385,1.00,1.00
2015.12.01 12:40:17.628,0.68361,0.68387,1.00,1.00
2015.12.01 12:40:18.688,0.6836,0.68388,1.00,1.00
2015.12.01 12:40:20.047,0.6836,0.68385,1.00,1.00
2015.12.01 12:40:20.148,0.68358,0.68385,1.00,1.00
2015.12.01 12:40:20.693,0.68358,0.68386,1.00,1.50
2015.12.01 12:40:21.878,0.68359,0.68385,1.00,1.00
2015.12.01 12:40:22.867,0.68358,0.68386,1.00,1.50
2015.12.01 12:40:25.237,0.68358,0.68385,1.00,1.00
2015.12.01 12:40:25.355,0.68358,0.6838,1.00,1.00
2015.12.01 12:40:25.775,0.68357,0.68386,1.00,1.50
2015.12.01 12:40:25.826,0.68359,0.68386,1.00,1.00
2015.12.01 12:40:26.027,0.68359,0.68388,1.00,1.00
2015.12.01 12:40:26.648,0.68359,0.68385,1.00,1.00
2015.12.01 12:40:27.308,0.68359,0.68388,1.00,1.00
2015.12.01 12:40:27.547,0.68359,0.68385,1.00,1.00
2015.12.01 12:40:27.747,0.68359,0.68388,1.00,1.00
2015.12.01 12:40:28.538,0.68359,0.68385,1.00,1.00
2015.12.01 12:40:29.528,0.68359,0.68382,1.00,1.00
2015.12.01 12:40:29.578,0.68353,0.68381,1.00,1.00
2015.12.01 12:40:29.687,0.68353,0.68379,1.00,1.00
2015.12.01 12:40:29.737,0.6835,0.68377,1.00,1.00
2015.12.01 12:40:29.797,0.68348,0.68377,1.00,1.00
2015.12.01 12:40:29.848,0.68348,0.68375,1.00,1.00
2015.12.01 12:40:30.049,0.68342,0.6837,1.00,1.00
2015.12.01 12:40:30.149,0.68339,0.68368,1.50,1.00
2015.12.01 12:40:30.715,0.6834,0.68368,1.00,1.00
2015.12.01 12:40:31.219,0.68339,0.68368,1.00,1.00
2015.12.01 12:40:31.269,0.68337,0.68365,1.00,1.00
2015.12.01 12:40:31.800,0.6834,0.68367,1.00,1.00
2015.12.01 12:40:31.901,0.68338,0.68367,1.50,1.00
2015.12.01 12:40:32.420,0.68339,0.68368,1.00,1.00
2015.12.01 12:40:32.471,0.68339,0.68366,1.00,1.00
2015.12.01 12:40:33.003,0.68338,0.68366,1.00,1.50
2015.12.01 12:40:33.317,0.68341,0.68366,1.00,1.00
2015.12.01 12:40:33.587,0.68341,0.68368,1.00,1.00
2015.12.01 12:40:33.888,0.68341,0.68366,1.00,1.00
2015.12.01 12:40:34.476,0.68341,0.68368,1.00,1.00
2015.12.01 12:40:36.287,0.68342,0.68368,1.00,1.50
2015.12.01 12:40:37.082,0.6834,0.68368,1.00,1.50
2015.12.01 12:40:37.316,0.6834,0.68366,1.00,1.00
2015.12.01 12:40:37.583,0.6834,0.68368,1.00,1.50
2015.12.01 12:40:37.684,0.6834,0.68366,1.00,1.00
2015.12.01 12:40:37.734,0.68338,0.68366,1.00,1.00
2015.12.01 12:40:37.835,0.6834,0.68364,1.00,1.00
2015.12.01 12:40:37.936,0.6834,0.68366,1.00,1.00
2015.12.01 12:40:41.497,0.68341,0.68366,1.00,1.50
2015.12.01 12:40:41.597,0.68339,0.68366,1.00,1.00
2015.12.01 12:40:41.648,0.68339,0.68357,1.00,1.00
2015.12.01 12:40:41.698,0.68337,0.68357,1.00,1.00
2015.12.01 12:40:41.799,0.68331,0.68357,1.00,1.00
2015.12.01 12:40:42.345,0.6833,0.68356,1.00,1.00
2015.12.01 12:40:44.239,0.68331,0.68356,1.00,1.00
2015.12.01 12:40:44.451,0.68329,0.68356,1.00,1.00
2015.12.01 12:40:44.966,0.6833,0.68354,1.00,1.00
2015.12.01 12:40:49.683,0.6833,0.68357,1.00,1.00
2015.12.01 12:40:49.900,0.68331,0.68355,1.00,1.00
2015.12.01 12:40:52.596,0.68331,0.68357,1.00,1.00
2015.12.01 12:40:52.696,0.68337,0.68359,1.00,1.00
2015.12.01 12:40:52.747,0.68337,0.68362,1.00,1.00
2015.12.01 12:40:52.987,0.68337,0.68364,1.00,1.00
2015.12.01 12:41:08.659,0.68337,0.68365,1.00,1.00
2015.12.01 12:41:08.759,0.6834,0.68368,1.00,1.00
2015.12.01 12:41:09.108,0.68344,0.68369,1.00,1.00
2015.12.01 12:41:09.456,0.68345,0.68371,1.00,1.00
2015.12.01 12:41:11.156,0.68345,0.68373,1.00,1.00
2015.12.01 12:41:11.716,0.68348,0.68373,1.00,1.00
2015.12.01 12:41:12.863,0.68348,0.68372,1.00,1.00
2015.12.01 12:41:14.918,0.68343,0.68372,1.00,1.00
2015.12.01 12:41:15.116,0.68345,0.68372,1.00,1.00
2015.12.01 12:41:15.669,0.68347,0.68372,1.00,1.00
2015.12.01 12:41:18.956,0.68347,0.68373,1.00,1.00
2015.12.01 12:41:19.527,0.68348,0.68373,1.00,1.00
2015.12.01 12:41:20.096,0.68348,0.68372,1.00,1.00
2015.12.01 12:41:21.056,0.68347,0.68372,1.00,1.00
2015.12.01 12:41:24.356,0.68348,0.68372,1.00,1.00
2015.12.01 12:41:24.789,0.68348,0.68375,1.00,1.00
2015.12.01 12:41:27.216,0.6835,0.68375,1.00,1.00
2015.12.01 12:41:30.217,0.68352,0.68375,1.00,1.00
2015.12.01 12:41:32.379,0.6835,0.68375,1.00,1.00
2015.12.01 12:41:34.036,0.6835,0.68376,1.00,1.00
2015.12.01 12:41:36.413,0.6835,0.68373,1.00,1.00
2015.12.01 12:41:39.257,0.68348,0.68373,1.00,1.00
2015.12.01 12:41:40.221,0.68344,0.68373,1.00,1.50
2015.12.01 12:41:40.305,0.68347,0.68373,1.00,1.00
2015.12.01 12:41:45.805,0.68349,0.68373,1.00,1.00
2015.12.01 12:41:51.305,0.68347,0.68373,1.00,1.00
2015.12.01 12:41:54.842,0.68348,0.68373,1.00,1.00
2015.12.01 12:41:57.025,0.68347,0.68373,1.00,1.00
2015.12.01 12:42:01.047,0.68347,0.6837,1.00,1.00
2015.12.01 12:42:01.357,0.68338,0.68363,1.00,1.00
2015.12.01 12:42:02.887,0.6834,0.68363,1.00,1.00
2015.12.01 12:42:04.837,0.68339,0.68363,1.00,1.00
2015.12.01 12:42:06.320,0.68338,0.68363,1.00,1.00
2015.12.01 12:42:06.420,0.68338,0.68365,1.00,1.00
2015.12.01 12:42:07.051,0.68339,0.68365,1.00,1.50
2015.12.01 12:42:08.329,0.68339,0.68364,1.00,1.00
2015.12.01 12:42:08.794,0.68337,0.68364,1.00,1.00
2015.12.01 12:42:09.505,0.68338,0.68361,1.00,1.00
2015.12.01 12:42:09.625,0.68338,0.68363,1.00,1.00
2015.12.01 12:42:09.933,0.68341,0.68361,1.00,1.00
2015.12.01 12:42:10.034,0.68336,0.68361,1.00,1.00
2015.12.01 12:42:10.134,0.68333,0.68359,1.00,1.00
2015.12.01 12:42:10.450,0.6833,0.68358,1.00,1.50
2015.12.01 12:42:11.905,0.68333,0.68358,1.00,1.00
2015.12.01 12:42:13.890,0.68333,0.68355,1.00,1.00
2015.12.01 12:42:13.993,0.6833,0.68355,1.50,1.00
2015.12.01 12:42:15.445,0.6833,0.68353,1.00,1.00
2015.12.01 12:42:15.946,0.68329,0.68353,1.00,1.00
2015.12.01 12:42:16.268,0.68331,0.68353,1.00,1.00
2015.12.01 12:42:16.648,0.6833,0.68351,1.00,1.00
2015.12.01 12:42:16.779,0.6833,0.68353,1.00,1.00
2015.12.01 12:42:16.879,0.68328,0.68353,1.00,1.00
2015.12.01 12:42:16.980,0.6833,0.68353,1.00,1.00
2015.12.01 12:42:17.046,0.68328,0.68353,1.00,1.00
2015.12.01 12:42:17.202,0.68328,0.68355,1.00,1.00
2015.12.01 12:42:17.303,0.68334,0.68355,1.00,1.00
2015.12.01 12:42:17.404,0.68334,0.68358,1.00,1.00
2015.12.01 12:42:17.505,0.68331,0.68358,1.00,1.00
2015.12.01 12:42:17.605,0.68331,0.68356,1.00,1.00
2015.12.01 12:42:19.509,0.68331,0.68354,1.00,1.00
2015.12.01 12:42:19.609,0.68329,0.68354,1.00,1.00
2015.12.01 12:42:19.949,0.68327,0.68354,1.00,1.00
2015.12.01 12:42:20.126,0.68329,0.68354,1.00,1.00
2015.12.01 12:42:21.040,0.68327,0.68352,1.00,1.00
2015.12.01 12:42:22.085,0.68327,0.68356,1.00,2.25
2015.12.01 12:42:22.136,0.68329,0.68356,1.00,1.00
2015.12.01 12:42:22.438,0.68339,0.68363,1.00,1.00
2015.12.01 12:42:22.489,0.68339,0.68366,1.50,1.00
2015.12.01 12:42:22.636,0.68344,0.68371,1.00,1.00
2015.12.01 12:42:22.945,0.68348,0.68375,1.00,1.00
2015.12.01 12:42:23.424,0.68351,0.68376,1.00,1.00
2015.12.01 12:42:24.722,0.68351,0.68379,1.00,1.00
2015.12.01 12:42:24.922,0.68351,0.68375,1.00,1.00
2015.12.01 12:42:25.157,0.68351,0.68379,1.00,1.00
2015.12.01 12:42:25.336,0.68351,0.68376,1.00,1.00
2015.12.01 12:42:25.954,0.68352,0.68376,1.00,1.00
2015.12.01 12:42:26.327,0.68352,0.68379,1.00,1.00
2015.12.01 12:42:26.546,0.68352,0.68376,1.00,1.00
2015.12.01 12:42:26.697,0.68354,0.68379,1.00,1.00
2015.12.01 12:42:26.848,0.68357,0.6838,1.00,1.00
2015.12.01 12:42:27.054,0.68355,0.6838,1.00,1.00
2015.12.01 12:42:27.578,0.68356,0.68381,1.00,1.00
2015.12.01 12:42:28.281,0.68361,0.68381,1.00,1.00
2015.12.01 12:42:28.331,0.68364,0.6839,1.00,1.00
2015.12.01 12:42:28.382,0.68367,0.68396,1.00,1.00
2015.12.01 12:42:28.433,0.68369,0.68398,1.00,1.00
2015.12.01 12:42:28.734,0.68374,0.684,1.00,1.00
2015.12.01 12:42:28.785,0.68374,0.68404,1.00,1.00
2015.12.01 12:42:28.835,0.68377,0.68404,1.00,1.00
2015.12.01 12:42:29.373,0.68377,0.68405,1.00,1.50
2015.12.01 12:42:31.016,0.68378,0.68405,1.00,1.00
2015.12.01 12:42:33.247,0.68379,0.68405,1.00,1.00
2015.12.01 12:42:39.380,0.68379,0.68406,1.00,1.00
2015.12.01 12:42:39.531,0.68392,0.6842,1.00,1.00
2015.12.01 12:42:39.683,0.68394,0.68421,1.00,1.00
2015.12.01 12:42:39.784,0.684,0.6843,1.00,1.50
2015.12.01 12:42:39.834,0.68405,0.6843,1.00,1.00
2015.12.01 12:42:40.328,0.68404,0.68425,1.00,1.00
2015.12.01 12:42:40.628,0.68398,0.68426,1.00,1.00
2015.12.01 12:42:40.694,0.68401,0.68426,1.00,1.00
2015.12.01 12:42:41.397,0.68401,0.68425,1.00,1.00
2015.12.01 12:42:42.166,0.68401,0.68426,1.00,1.00
2015.12.01 12:42:42.726,0.68401,0.68425,1.00,1.00
2015.12.01 12:42:42.895,0.68393,0.6842,1.00,1.00
2015.12.01 12:42:42.995,0.68393,0.68422,1.00,1.00
2015.12.01 12:42:43.224,0.68395,0.68422,1.00,1.00
2015.12.01 12:42:43.375,0.6839,0.6842,1.00,1.00
2015.12.01 12:42:43.476,0.68387,0.68416,1.00,1.00
2015.12.01 12:42:43.817,0.68383,0.6841,1.00,1.00
2015.12.01 12:42:44.165,0.68383,0.68406,1.00,1.00
2015.12.01 12:42:46.116,0.6838,0.68406,1.00,1.00
2015.12.01 12:42:49.096,0.6838,0.68405,1.00,1.00
2015.12.01 12:42:50.415,0.6838,0.68406,1.00,1.00
2015.12.01 12:42:51.133,0.6838,0.68405,1.00,1.00
2015.12.01 12:42:51.734,0.6838,0.68406,1.00,1.00
2015.12.01 12:42:53.715,0.6838,0.68405,1.00,1.00
2015.12.01 12:42:54.691,0.68382,0.68405,1.00,1.00
2015.12.01 12:42:54.741,0.68382,0.68411,1.00,1.00
2015.12.01 12:42:57.343,0.68382,0.6841,1.00,1.00
2015.12.01 12:42:58.348,0.68382,0.68413,1.00,1.00
2015.12.01 12:42:58.404,0.68385,0.68415,1.00,1.00
2015.12.01 12:42:58.774,0.68388,0.68415,1.00,1.00
2015.12.01 12:42:59.004,0.6839,0.68418,1.00,1.00
2015.12.01 12:42:59.301,0.68392,0.68419,1.00,1.00
2015.12.01 12:42:59.554,0.6839,0.68418,1.00,1.00
2015.12.01 12:42:59.895,0.68391,0.68421,1.00,1.50
2015.12.01 12:42:59.945,0.68396,0.68421,1.00,1.00
2015.12.01 12:42:59.996,0.68396,0.68425,1.00,1.00
2015.12.01 12:43:00.306,0.68398,0.68426,1.00,1.00
2015.12.01 12:43:00.854,0.68398,0.68425,1.00,1.00
2015.12.01 12:43:01.355,0.68398,0.68426,1.00,1.00
2015.12.01 12:43:02.034,0.684,0.68425,1.00,1.00
2015.12.01 12:43:02.693,0.68399,0.68426,1.00,1.00
2015.12.01 12:43:02.956,0.68399,0.68428,1.00,1.00
2015.12.01 12:43:03.510,0.68399,0.68425,1.00,1.00
2015.12.01 12:43:03.835,0.68399,0.68428,1.00,1.00
2015.12.01 12:43:04.814,0.684,0.68429,1.00,1.00
2015.12.01 12:43:05.414,0.684,0.68426,1.00,1.00
2015.12.01 12:43:06.976,0.684,0.68425,1.00,1.00
2015.12.01 12:43:07.669,0.684,0.68426,1.00,1.00
2015.12.01 12:43:08.522,0.68402,0.68429,1.00,1.00
2015.12.01 12:43:08.633,0.684,0.68429,1.00,1.00
2015.12.01 12:43:08.922,0.684,0.68425,1.00,1.00
2015.12.01 12:43:09.225,0.684,0.68429,1.00,1.00
2015.12.01 12:43:09.426,0.68402,0.68431,1.00,1.50
2015.12.01 12:43:09.774,0.68404,0.68431,1.00,1.50
2015.12.01 12:43:09.874,0.68401,0.6843,1.00,1.50
2015.12.01 12:43:09.925,0.68401,0.68426,1.00,1.00
2015.12.01 12:43:10.298,0.68399,0.68425,1.00,1.00
2015.12.01 12:43:10.550,0.68401,0.68426,1.00,1.00
2015.12.01 12:43:10.805,0.68401,0.6843,1.00,1.00
2015.12.01 12:43:10.962,0.68406,0.68434,1.00,1.50
2015.12.01 12:43:11.077,0.68404,0.68434,1.00,1.50
2015.12.01 12:43:11.347,0.68404,0.6843,1.00,1.00
2015.12.01 12:43:11.565,0.68404,0.68434,1.00,1.50
2015.12.01 12:43:11.863,0.68404,0.6843,1.00,1.00
2015.12.01 12:43:12.332,0.68403,0.68433,1.00,1.00
2015.12.01 12:43:12.432,0.68402,0.68431,1.00,1.00
2015.12.01 12:43:12.974,0.68402,0.6843,1.00,1.00
2015.12.01 12:43:13.585,0.68403,0.6843,1.00,1.00
2015.12.01 12:43:15.454,0.68401,0.68431,1.00,1.50
2015.12.01 12:43:16.054,0.68404,0.68432,1.00,1.00
2015.12.01 12:43:16.273,0.68402,0.68432,1.00,1.00
2015.12.01 12:43:16.483,0.68402,0.6843,1.00,1.00
2015.12.01 12:43:18.363,0.68401,0.6843,1.00,1.00
2015.12.01 12:43:19.015,0.68401,0.68431,1.00,1.50
2015.12.01 12:43:21.004,0.68401,0.6843,1.00,1.00
2015.12.01 12:43:21.306,0.68395,0.68423,1.00,1.00
2015.12.01 12:43:21.602,0.68396,0.68425,1.00,1.00
2015.12.01 12:43:22.463,0.684,0.68427,1.00,1.00
2015.12.01 12:43:22.514,0.684,0.68429,1.00,1.50
2015.12.01 12:43:22.564,0.68399,0.68425,1.00,1.00
2015.12.01 12:43:22.765,0.68393,0.68421,1.00,1.00
2015.12.01 12:43:22.983,0.68396,0.68421,1.00,1.00
2015.12.01 12:43:23.558,0.68397,0.68421,1.00,1.00
2015.12.01 12:43:23.659,0.68397,0.68426,1.00,1.00
2015.12.01 12:43:24.295,0.68397,0.68425,1.00,1.00
2015.12.01 12:43:24.843,0.68398,0.68427,1.00,1.00
2015.12.01 12:43:25.413,0.68397,0.68426,1.00,1.00
2015.12.01 12:43:26.833,0.68399,0.68426,1.00,1.00
2015.12.01 12:43:27.545,0.68398,0.68427,1.00,1.00
2015.12.01 12:43:27.876,0.684,0.68429,1.00,1.50
2015.12.01 12:43:27.977,0.68398,0.68428,1.00,1.00
2015.12.01 12:43:31.123,0.68397,0.68427,1.00,1.00
2015.12.01 12:43:31.274,0.68399,0.68426,1.00,1.00
2015.12.01 12:43:33.322,0.68397,0.68426,1.00,1.00
2015.12.01 12:43:33.975,0.68397,0.68425,1.00,1.00
2015.12.01 12:43:34.535,0.68397,0.68424,1.00,1.00
2015.12.01 12:43:34.684,0.68397,0.68426,1.00,1.50
2015.12.01 12:43:35.470,0.68397,0.68425,1.00,1.00
2015.12.01 12:43:36.438,0.68397,0.68424,1.00,1.00
2015.12.01 12:43:36.539,0.68395,0.68421,1.00,1.00
2015.12.01 12:43:36.623,0.6839,0.68419,1.00,1.00
2015.12.01 12:43:36.841,0.6839,0.68415,1.00,1.00
2015.12.01 12:43:37.380,0.68389,0.68415,1.00,1.00
2015.12.01 12:43:39.221,0.6839,0.68415,1.00,1.00
2015.12.01 12:43:40.022,0.6839,0.68416,1.00,1.00
2015.12.01 12:43:44.102,0.68392,0.68416,1.00,1.00
2015.12.01 12:43:49.828,0.6839,0.68416,1.00,1.00
2015.12.01 12:43:50.421,0.68389,0.68415,1.00,1.00
2015.12.01 12:43:50.695,0.68389,0.68418,1.00,1.00
2015.12.01 12:43:50.803,0.68389,0.68416,1.00,1.00
2015.12.01 12:43:51.355,0.68389,0.68415,1.00,1.00
2015.12.01 12:43:53.885,0.68389,0.68411,1.00,1.00
2015.12.01 12:43:53.994,0.68389,0.68416,1.00,1.00
2015.12.01 12:43:54.872,0.68389,0.68415,1.00,1.00
2015.12.01 12:43:55.381,0.68389,0.68416,1.00,1.00
2015.12.01 12:43:55.928,0.6839,0.68416,1.00,1.00
2015.12.01 12:43:56.303,0.6839,0.6842,1.00,1.50
2015.12.01 12:43:56.533,0.68391,0.68416,1.00,1.00
2015.12.01 12:43:56.634,0.68391,0.68421,1.00,1.50
2015.12.01 12:43:56.864,0.68394,0.6842,1.00,1.00
2015.12.01 12:43:56.972,0.68394,0.68422,1.00,1.00
2015.12.01 12:43:57.123,0.68397,0.68425,1.00,1.50
2015.12.01 12:43:57.690,0.68398,0.68426,1.00,1.00
2015.12.01 12:43:59.163,0.68398,0.68425,1.00,1.00
2015.12.01 12:43:59.213,0.68396,0.68425,1.00,1.00
2015.12.01 12:44:00.001,0.68396,0.68426,1.00,1.50
2015.12.01 12:44:00.595,0.68396,0.68425,1.00,1.00
2015.12.01 12:44:00.822,0.68394,0.68424,1.00,1.00
2015.12.01 12:44:01.084,0.68393,0.68421,1.00,1.00
2015.12.01 12:44:01.413,0.68396,0.6842,1.00,1.00
2015.12.01 12:44:02.124,0.68396,0.68421,1.00,1.00
2015.12.01 12:44:02.848,0.68396,0.68422,1.00,1.00
2015.12.01 12:44:03.470,0.68397,0.68422,1.00,1.00
2015.12.01 12:44:04.142,0.68396,0.68422,1.00,1.00
2015.12.01 12:44:04.452,0.68398,0.68422,1.00,1.00
2015.12.01 12:44:05.333,0.68397,0.68422,1.00,1.00
2015.12.01 12:44:07.164,0.68397,0.68424,1.00,1.00
2015.12.01 12:44:07.215,0.68401,0.68424,1.00,1.00
2015.12.01 12:44:07.316,0.68401,0.68427,1.00,1.00
2015.12.01 12:44:07.435,0.68404,0.68427,1.00,1.00
2015.12.01 12:44:07.485,0.68404,0.68431,1.00,1.00
2015.12.01 12:44:08.025,0.68403,0.6843,1.00,1.00
2015.12.01 12:44:09.313,0.68403,0.68432,1.00,1.00
2015.12.01 12:44:09.625,0.68403,0.6843,1.00,1.00
2015.12.01 12:44:10.172,0.68402,0.68429,1.00,1.00
2015.12.01 12:44:11.171,0.68402,0.68431,1.00,1.50
2015.12.01 12:44:15.678,0.68404,0.6843,1.00,1.00
2015.12.01 12:44:24.032,0.68403,0.68431,1.00,1.50
2015.12.01 12:44:27.592,0.68402,0.6843,1.00,1.00
2015.12.01 12:44:27.900,0.68399,0.68425,1.00,1.00
2015.12.01 12:44:28.438,0.684,0.68426,1.00,1.50
2015.12.01 12:44:28.974,0.68399,0.68426,1.00,1.50
2015.12.01 12:44:29.428,0.68399,0.6842,1.00,1.00
2015.12.01 12:44:29.633,0.68399,0.68425,1.00,1.00
2015.12.01 12:44:29.854,0.68399,0.68421,1.00,1.00
2015.12.01 12:44:30.088,0.68397,0.68421,1.00,1.00
2015.12.01 12:44:30.205,0.68394,0.68421,1.00,1.00
2015.12.01 12:44:30.845,0.68394,0.6842,1.00,1.00
2015.12.01 12:44:31.409,0.68397,0.6842,1.00,1.00
2015.12.01 12:44:32.019,0.68397,0.68421,1.00,1.00
2015.12.01 12:44:32.343,0.68392,0.68411,1.00,1.00
2015.12.01 12:44:32.394,0.68382,0.68411,1.00,1.50
2015.12.01 12:44:32.495,0.68382,0.68405,1.00,1.00
2015.12.01 12:44:32.638,0.68378,0.68405,1.00,1.00
2015.12.01 12:44:32.739,0.68375,0.68404,1.00,1.00
2015.12.01 12:44:32.983,0.68373,0.68403,1.00,1.00
2015.12.01 12:44:33.562,0.68372,0.68402,1.00,1.00
2015.12.01 12:44:33.713,0.68375,0.68402,1.00,1.00
2015.12.01 12:44:33.931,0.68373,0.68402,1.00,1.00
2015.12.01 12:44:36.564,0.68373,0.68401,1.00,1.00
2015.12.01 12:44:37.256,0.68373,0.68402,1.00,1.00
2015.12.01 12:44:37.714,0.68371,0.68399,1.00,1.00
2015.12.01 12:44:38.029,0.68374,0.68401,1.00,1.00
2015.12.01 12:44:38.142,0.68372,0.68401,1.00,1.00
2015.12.01 12:44:39.125,0.68372,0.684,1.00,1.00
2015.12.01 12:44:39.626,0.68372,0.68401,1.00,1.00
2015.12.01 12:44:42.984,0.68371,0.684,1.00,1.00
2015.12.01 12:44:45.288,0.68372,0.68401,1.00,1.50
2015.12.01 12:44:49.551,0.68372,0.68399,1.00,1.00
2015.12.01 12:44:50.211,0.6837,0.68399,1.00,1.00
2015.12.01 12:44:51.772,0.68373,0.684,1.00,1.00
2015.12.01 12:44:52.303,0.68372,0.68401,1.00,2.25
2015.12.01 12:44:52.863,0.68372,0.684,1.00,1.00
2015.12.01 12:44:55.374,0.68372,0.68401,1.00,2.25
2015.12.01 12:44:55.878,0.68372,0.684,1.00,1.00
2015.12.01 12:44:56.497,0.68373,0.684,1.00,1.50
2015.12.01 12:44:59.270,0.68372,0.68399,1.00,1.00
2015.12.01 12:45:00.643,0.68372,0.68394,1.00,1.00
2015.12.01 12:45:03.451,0.68371,0.68394,1.00,1.00
2015.12.01 12:45:03.634,0.68368,0.68394,1.00,1.00
2015.12.01 12:45:03.684,0.68368,0.68389,1.00,1.00
2015.12.01 12:45:03.991,0.68363,0.68384,1.00,1.00
2015.12.01 12:45:04.154,0.68361,0.68384,1.00,1.00
2015.12.01 12:45:04.623,0.68365,0.68384,1.00,1.00
2015.12.01 12:45:04.674,0.68365,0.68387,1.00,1.00
2015.12.01 12:45:05.217,0.68364,0.68387,1.00,1.00
2015.12.01 12:45:05.724,0.68362,0.68387,1.00,1.00
2015.12.01 12:45:05.825,0.68362,0.68385,1.00,1.00
2015.12.01 12:45:06.514,0.68361,0.68385,1.00,1.00
2015.12.01 12:45:12.993,0.68362,0.68385,1.00,1.00
2015.12.01 12:45:15.800,0.68362,0.68388,1.00,1.00
2015.12.01 12:45:16.071,0.68368,0.68391,1.00,1.00
2015.12.01 12:45:17.325,0.68368,0.68388,1.00,1.00
2015.12.01 12:45:17.526,0.68366,0.68387,1.00,1.00
2015.12.01 12:45:18.059,0.68365,0.68387,1.00,1.00
2015.12.01 12:45:18.274,0.68367,0.68387,1.00,1.00
2015.12.01 12:45:18.641,0.68363,0.68387,1.00,1.00
2015.12.01 12:45:18.813,0.68365,0.68387,1.00,1.00
2015.12.01 12:45:19.580,0.68365,0.68386,1.00,1.00
2015.12.01 12:45:19.630,0.68362,0.68386,1.00,1.00
2015.12.01 12:45:19.830,0.68365,0.68386,1.00,1.00
2015.12.01 12:45:20.462,0.68363,0.68386,1.00,1.00
2015.12.01 12:45:23.212,0.68362,0.68386,1.00,1.00
2015.12.01 12:45:27.174,0.68362,0.68384,1.00,1.00
2015.12.01 12:45:28.484,0.68362,0.68388,1.00,1.00
2015.12.01 12:45:28.713,0.68365,0.68388,1.00,1.00
2015.12.01 12:45:28.965,0.68367,0.68392,1.00,1.00
2015.12.01 12:45:29.065,0.68369,0.68392,1.00,1.00
2015.12.01 12:45:29.313,0.68369,0.68395,1.00,1.00
2015.12.01 12:45:33.162,0.6837,0.68395,1.00,1.00
2015.12.01 12:45:33.614,0.68371,0.684,1.00,1.50
2015.12.01 12:45:33.773,0.68374,0.684,1.00,1.00
2015.12.01 12:45:34.260,0.68376,0.68401,1.00,1.00
2015.12.01 12:45:35.312,0.68377,0.68401,1.00,1.00
2015.12.01 12:45:35.363,0.68377,0.68403,1.00,1.00
2015.12.01 12:45:36.302,0.68378,0.68403,1.00,1.00
2015.12.01 12:45:37.319,0.68377,0.68403,1.00,1.00
2015.12.01 12:45:37.484,0.68377,0.68401,1.00,1.00
2015.12.01 12:45:39.129,0.68377,0.68403,1.00,1.00
2015.12.01 12:45:40.310,0.68379,0.68403,1.00,1.00
2015.12.01 12:45:44.624,0.68379,0.684,1.00,1.00
2015.12.01 12:45:44.675,0.68375,0.684,1.00,1.00
2015.12.01 12:45:44.725,0.68375,0.68397,1.00,1.00
2015.12.01 12:45:44.775,0.68372,0.68395,1.00,1.00
2015.12.01 12:45:44.826,0.68372,0.68393,1.00,1.00
2015.12.01 12:45:44.995,0.68365,0.68393,1.00,1.00
2015.12.01 12:45:45.046,0.68365,0.68391,1.00,1.00
2015.12.01 12:45:45.373,0.68367,0.68391,1.00,1.00
2015.12.01 12:45:46.532,0.68365,0.68391,1.00,1.00
2015.12.01 12:45:46.642,0.68367,0.68391,1.00,1.00
2015.12.01 12:45:47.202,0.68366,0.68391,1.00,1.00
2015.12.01 12:45:48.842,0.68367,0.68391,1.00,1.00
2015.12.01 12:45:49.762,0.68368,0.68391,1.00,1.00
2015.12.01 12:45:51.705,0.68366,0.68391,1.00,1.00
2015.12.01 12:45:53.108,0.68366,0.6839,1.00,1.00
2015.12.01 12:45:53.158,0.68366,0.68388,1.00,1.00
2015.12.01 12:45:53.259,0.68364,0.68388,1.00,1.00
2015.12.01 12:45:53.359,0.68362,0.68388,1.00,1.00
2015.12.01 12:45:53.990,0.68361,0.68388,1.00,1.00
2015.12.01 12:45:54.452,0.68364,0.68388,1.00,1.00
2015.12.01 12:45:55.030,0.68364,0.6839,1.00,1.00
2015.12.01 12:45:55.760,0.68367,0.6839,1.00,1.00
2015.12.01 12:45:56.024,0.68367,0.68392,1.00,1.00
2015.12.01 12:45:58.019,0.68367,0.68394,1.00,1.00
2015.12.01 12:45:58.120,0.6837,0.68394,1.00,1.00
2015.12.01 12:45:58.220,0.6837,0.68396,1.00,1.50
2015.12.01 12:45:58.371,0.68371,0.68399,1.00,1.00
2015.12.01 12:45:58.643,0.68373,0.68402,1.00,1.00
2015.12.01 12:45:58.744,0.68378,0.68404,1.00,1.00
2015.12.01 12:45:59.072,0.68379,0.68406,1.00,1.50
2015.12.01 12:45:59.224,0.68382,0.68406,1.00,1.00
2015.12.01 12:45:59.375,0.68383,0.68409,1.00,1.00
2015.12.01 12:45:59.733,0.68385,0.6841,1.00,1.00
2015.12.01 12:45:59.834,0.68385,0.68412,1.00,1.00
2015.12.01 12:46:00.062,0.68388,0.68412,1.00,1.00
2015.12.01 12:46:00.273,0.68388,0.68414,1.00,1.00
2015.12.01 12:46:00.813,0.68388,0.68415,1.00,1.00
2015.12.01 12:46:00.963,0.68391,0.68418,1.00,1.00
2015.12.01 12:46:01.228,0.68392,0.6842,1.00,1.00
2015.12.01 12:46:01.747,0.68394,0.6842,1.00,1.00
2015.12.01 12:46:02.263,0.68395,0.6842,1.00,1.00
2015.12.01 12:46:02.909,0.68395,0.68418,1.00,1.00
2015.12.01 12:46:02.960,0.68392,0.68416,1.00,1.00
2015.12.01 12:46:03.061,0.68396,0.68418,1.00,1.00
2015.12.01 12:46:04.243,0.68397,0.68418,1.00,1.00
2015.12.01 12:46:04.293,0.68397,0.68421,1.00,1.00
2015.12.01 12:46:04.462,0.68399,0.68421,1.00,1.00
2015.12.01 12:46:04.735,0.68398,0.68423,1.00,1.00
2015.12.01 12:46:05.232,0.68396,0.68423,1.00,1.00
2015.12.01 12:46:08.664,0.68398,0.68423,1.00,1.00
2015.12.01 12:46:09.350,0.68399,0.68423,1.00,1.00
2015.12.01 12:46:09.652,0.68403,0.68424,1.00,1.00
2015.12.01 12:46:09.752,0.68403,0.68426,1.00,1.00
2015.12.01 12:46:10.183,0.684,0.68425,1.00,1.00
2015.12.01 12:46:13.994,0.684,0.68427,1.00,1.00
2015.12.01 12:46:14.263,0.68402,0.68427,1.00,1.00
2015.12.01 12:46:14.802,0.68404,0.68428,1.00,1.00
2015.12.01 12:46:15.315,0.68405,0.68428,1.00,1.00
2015.12.01 12:46:17.772,0.68402,0.68428,1.00,1.00
2015.12.01 12:46:17.938,0.68402,0.68425,1.00,1.00
2015.12.01 12:46:17.992,0.68399,0.68425,1.50,1.00
2015.12.01 12:46:19.361,0.68401,0.68425,1.00,1.50
2015.12.01 12:46:19.676,0.68402,0.68428,1.00,1.00
2015.12.01 12:46:20.214,0.68403,0.68428,1.00,1.00
2015.12.01 12:46:20.315,0.68401,0.68427,1.00,1.50
2015.12.01 12:46:20.594,0.68401,0.68424,1.00,1.00
2015.12.01 12:46:20.895,0.68396,0.6842,1.00,1.00
2015.12.01 12:46:21.429,0.68395,0.6842,1.00,1.00
2015.12.01 12:46:22.562,0.68398,0.6842,1.00,1.00
2015.12.01 12:46:22.662,0.68398,0.68423,1.00,1.00
2015.12.01 12:46:22.781,0.68395,0.68421,1.00,1.00
2015.12.01 12:46:25.821,0.68394,0.68421,1.00,1.00
2015.12.01 12:46:27.033,0.68396,0.68421,1.00,1.00
2015.12.01 12:46:28.395,0.68395,0.68421,1.00,1.00
2015.12.01 12:46:36.741,0.68397,0.68421,1.00,1.00
2015.12.01 12:46:39.722,0.68398,0.68421,1.00,1.00
2015.12.01 12:46:40.481,0.68398,0.68423,1.00,1.00
2015.12.01 12:46:40.873,0.68398,0.68421,1.00,1.00
2015.12.01 12:46:41.460,0.68397,0.68421,1.00,1.00
2015.12.01 12:46:43.860,0.68396,0.68421,1.00,1.00
2015.12.01 12:46:45.850,0.68397,0.68421,1.00,1.00
2015.12.01 12:46:46.038,0.68397,0.68423,1.00,1.00
2015.12.01 12:46:46.513,0.68397,0.68421,1.00,1.00
2015.12.01 12:46:47.421,0.68396,0.68421,1.00,1.00
2015.12.01 12:46:47.943,0.68397,0.68421,1.00,1.00
2015.12.01 12:46:48.555,0.68397,0.68423,1.00,1.00
2015.12.01 12:46:48.605,0.68399,0.68423,1.00,1.00
2015.12.01 12:46:48.706,0.68397,0.68422,1.00,1.00
2015.12.01 12:46:49.233,0.68398,0.68424,1.00,1.00
2015.12.01 12:46:49.471,0.68401,0.68424,1.00,1.00
2015.12.01 12:46:50.042,0.684,0.68424,1.00,1.00
2015.12.01 12:46:50.600,0.684,0.68423,1.00,1.00
2015.12.01 12:46:53.210,0.68398,0.68423,1.00,1.00
2015.12.01 12:46:54.202,0.68397,0.68423,1.00,1.00
2015.12.01 12:46:54.409,0.68397,0.68421,1.00,1.00
2015.12.01 12:46:59.158,0.68401,0.68421,1.00,1.00
2015.12.01 12:46:59.209,0.68401,0.68424,1.00,1.00
2015.12.01 12:46:59.611,0.68398,0.68423,1.00,1.00
2015.12.01 12:46:59.712,0.684,0.68423,1.00,1.00
2015.12.01 12:47:00.063,0.68398,0.68423,1.00,1.00
2015.12.01 12:47:02.043,0.68398,0.68426,1.00,1.00
2015.12.01 12:47:02.630,0.68399,0.68426,1.00,1.00
2015.12.01 12:47:06.939,0.68399,0.68425,1.00,1.00
2015.12.01 12:47:06.989,0.68397,0.6842,1.00,1.00
2015.12.01 12:47:07.090,0.68391,0.6842,1.00,1.50
2015.12.01 12:47:07.191,0.68393,0.68421,1.00,1.50
2015.12.01 12:47:07.772,0.68391,0.6842,1.00,1.00
2015.12.01 12:47:08.392,0.68392,0.68421,1.00,2.25
2015.12.01 12:47:09.195,0.68392,0.6842,1.00,1.00
2015.12.01 12:47:09.810,0.68393,0.68421,1.00,1.00
2015.12.01 12:47:09.861,0.68393,0.68419,1.00,1.00
2015.12.01 12:47:12.680,0.68392,0.6842,1.00,1.00
2015.12.01 12:47:13.219,0.68394,0.68421,1.00,1.50
2015.12.01 12:47:15.100,0.68392,0.6842,1.00,1.00
2015.12.01 12:47:15.472,0.68395,0.68421,1.00,1.00
2015.12.01 12:47:15.650,0.68397,0.68425,1.00,1.00
2015.12.01 12:47:16.190,0.68397,0.68426,1.00,1.50
2015.12.01 12:47:17.741,0.68398,0.68426,1.00,1.00
2015.12.01 12:47:19.093,0.68397,0.68426,1.00,2.25
2015.12.01 12:47:19.212,0.68397,0.68424,1.00,1.00
2015.12.01 12:47:19.642,0.68395,0.68423,1.00,1.00
2015.12.01 12:47:24.010,0.68396,0.68425,1.00,1.50
2015.12.01 12:47:24.608,0.68397,0.68425,1.00,1.00
2015.12.01 12:47:25.219,0.68398,0.68425,1.00,1.00
2015.12.01 12:47:26.091,0.68398,0.68427,1.00,1.00
2015.12.01 12:47:29.170,0.68398,0.68426,1.50,1.00
2015.12.01 12:47:30.161,0.68398,0.68427,1.50,1.00
2015.12.01 12:47:30.314,0.68398,0.68425,1.00,1.00
2015.12.01 12:47:30.500,0.68398,0.68427,1.00,1.00
2015.12.01 12:47:30.868,0.68398,0.68425,1.00,1.00
2015.12.01 12:47:31.394,0.68398,0.68426,1.00,1.00
2015.12.01 12:47:33.149,0.68399,0.68426,1.00,1.00
2015.12.01 12:47:35.590,0.68399,0.68425,1.00,1.00
2015.12.01 12:47:36.373,0.68399,0.68426,1.50,1.00
2015.12.01 12:47:39.780,0.68399,0.68425,1.00,1.00
2015.12.01 12:47:41.631,0.68399,0.68426,1.50,1.00
2015.12.01 12:47:42.150,0.684,0.68426,1.00,1.00
2015.12.01 12:47:44.274,0.684,0.68425,1.00,1.00
2015.12.01 12:47:44.475,0.68397,0.68425,1.00,1.00
2015.12.01 12:47:44.909,0.68397,0.68423,1.00,1.00
2015.12.01 12:47:46.330,0.68397,0.68421,1.00,1.00
2015.12.01 12:47:46.380,0.68395,0.68421,1.50,1.00
2015.12.01 12:47:46.930,0.68394,0.6842,1.00,1.50
2015.12.01 12:47:51.609,0.68394,0.68421,1.00,1.00
2015.12.01 12:47:52.317,0.68394,0.6842,1.00,1.00
2015.12.01 12:47:52.830,0.68393,0.68419,1.00,1.00
2015.12.01 12:47:53.160,0.68393,0.68421,1.50,1.00
2015.12.01 12:47:54.045,0.68393,0.68419,1.50,1.00
2015.12.01 12:47:54.732,0.68394,0.6842,1.00,1.00
2015.12.01 12:47:55.289,0.68393,0.68421,1.00,1.00
2015.12.01 12:47:55.719,0.68394,0.68423,1.00,1.00
2015.12.01 12:48:00.299,0.68394,0.68421,1.50,1.00
2015.12.01 12:48:01.331,0.68393,0.68421,1.00,1.00
2015.12.01 12:48:01.890,0.68393,0.6842,1.00,1.00
2015.12.01 12:48:03.279,0.68392,0.6842,1.50,1.00
2015.12.01 12:48:08.769,0.68392,0.68421,1.50,1.00
2015.12.01 12:48:09.807,0.68395,0.68421,1.00,1.00
2015.12.01 12:48:10.319,0.68393,0.6842,1.00,1.00
2015.12.01 12:48:11.749,0.68392,0.68419,1.50,1.00
2015.12.01 12:48:14.369,0.68392,0.68421,1.50,1.00
2015.12.01 12:48:14.420,0.68394,0.68421,1.00,1.00
2015.12.01 12:48:14.520,0.68394,0.68423,1.50,1.00
2015.12.01 12:48:15.062,0.68395,0.68423,1.00,1.00
2015.12.01 12:48:15.752,0.68395,0.68424,1.50,1.00
2015.12.01 12:48:17.282,0.68397,0.68424,1.00,1.00
2015.12.01 12:48:17.586,0.684,0.68424,1.00,1.00
2015.12.01 12:48:18.094,0.68399,0.68424,1.00,1.00
2015.12.01 12:48:19.009,0.68399,0.68425,1.00,1.00
2015.12.01 12:48:20.219,0.68399,0.68424,1.00,1.00
2015.12.01 12:48:21.116,0.68399,0.68423,1.00,1.00
2015.12.01 12:48:22.859,0.68399,0.68424,1.00,1.00
2015.12.01 12:48:24.301,0.68396,0.68424,1.00,1.00
2015.12.01 12:48:26.314,0.68395,0.68422,1.00,1.00
2015.12.01 12:48:28.862,0.68394,0.68422,1.50,1.00
2015.12.01 12:48:29.171,0.68392,0.6842,1.50,1.00
2015.12.01 12:48:29.694,0.68392,0.68418,1.50,1.00
2015.12.01 12:48:30.024,0.68394,0.68418,1.00,1.00
2015.12.01 12:48:30.228,0.68394,0.6842,1.00,1.00
2015.12.01 12:48:30.890,0.68394,0.68418,1.00,1.00
2015.12.01 12:48:33.095,0.68394,0.6842,1.00,1.00
2015.12.01 12:48:34.528,0.68394,0.68421,1.50,1.00
2015.12.01 12:48:35.034,0.68394,0.68422,1.50,1.00
2015.12.01 12:48:35.636,0.68394,0.68421,1.00,1.00
2015.12.01 12:48:41.401,0.68393,0.68421,1.50,1.00
2015.12.01 12:48:42.013,0.68395,0.68421,1.00,1.00
2015.12.01 12:48:42.113,0.68396,0.68425,1.00,1.00
2015.12.01 12:48:42.218,0.68395,0.68423,1.50,1.00
2015.12.01 12:48:42.748,0.68396,0.68423,1.00,1.00
2015.12.01 12:48:48.511,0.68397,0.68423,1.00,1.00
2015.12.01 12:48:50.469,0.68396,0.68424,1.50,1.00
2015.12.01 12:48:50.988,0.68396,0.68425,1.50,1.00
2015.12.01 12:48:55.968,0.68397,0.68424,1.00,1.00
2015.12.01 12:48:56.579,0.68396,0.68425,1.50,1.00
2015.12.01 12:48:58.848,0.68397,0.68426,1.00,1.00
2015.12.01 12:48:59.385,0.68398,0.68424,1.00,1.00
2015.12.01 12:48:59.598,0.68398,0.68426,1.00,1.00
2015.12.01 12:48:59.836,0.68399,0.68428,1.00,1.00
2015.12.01 12:49:00.412,0.68398,0.68427,1.50,1.00
2015.12.01 12:49:00.989,0.68399,0.68428,1.00,1.00
2015.12.01 12:49:01.590,0.68398,0.68427,1.50,1.00
2015.12.01 12:49:02.170,0.68398,0.68425,1.50,1.00
2015.12.01 12:49:05.148,0.68397,0.68426,1.50,1.00
2015.12.01 12:49:05.450,0.68399,0.68427,1.00,1.00
2015.12.01 12:49:05.858,0.68401,0.68429,1.00,1.00
2015.12.01 12:49:06.198,0.68399,0.68425,1.00,1.00
2015.12.01 12:49:06.671,0.68401,0.68429,1.00,1.00
2015.12.01 12:49:07.202,0.684,0.68428,1.00,1.00
2015.12.01 12:49:07.553,0.684,0.68426,1.00,1.00
2015.12.01 12:49:07.854,0.684,0.68428,1.00,1.00
2015.12.01 12:49:09.831,0.68399,0.68425,1.00,1.00
2015.12.01 12:49:10.379,0.68401,0.68427,1.00,1.00
2015.12.01 12:49:11.468,0.68401,0.68426,1.00,1.00
2015.12.01 12:49:11.518,0.68399,0.68426,1.00,1.50
2015.12.01 12:49:11.940,0.68396,0.68425,1.50,1.00
2015.12.01 12:49:12.618,0.68397,0.68425,1.00,1.00
2015.12.01 12:49:18.867,0.68397,0.68424,1.00,1.00
2015.12.01 12:49:19.508,0.68397,0.68422,1.00,1.00
2015.12.01 12:49:20.031,0.68397,0.68423,1.50,1.00
2015.12.01 12:49:21.708,0.68397,0.68424,1.00,1.00
2015.12.01 12:49:25.997,0.68397,0.68425,1.00,1.00
2015.12.01 12:49:28.201,0.684,0.68425,1.00,1.00
2015.12.01 12:49:28.307,0.684,0.68427,1.00,1.00
2015.12.01 12:49:28.627,0.68399,0.68425,1.00,1.00
2015.12.01 12:49:28.861,0.684,0.68427,1.00,1.00
2015.12.01 12:49:30.727,0.68401,0.68427,1.00,1.00
2015.12.01 12:49:33.917,0.684,0.68429,1.50,1.00
2015.12.01 12:49:34.933,0.684,0.68426,1.00,1.00
2015.12.01 12:49:35.117,0.684,0.68428,1.00,1.00
2015.12.01 12:49:36.482,0.68399,0.68426,1.00,1.00
2015.12.01 12:49:36.557,0.684,0.68428,1.00,1.00
2015.12.01 12:49:37.326,0.684,0.68426,1.00,1.00
2015.12.01 12:49:38.417,0.684,0.68428,1.00,1.00
2015.12.01 12:49:44.367,0.68403,0.68429,1.00,1.00
2015.12.01 12:49:45.019,0.68402,0.6843,1.00,1.00
2015.12.01 12:49:45.845,0.68401,0.68429,1.00,1.00
2015.12.01 12:49:47.777,0.68402,0.6843,1.00,1.00
2015.12.01 12:49:48.963,0.68401,0.68429,1.00,1.00
2015.12.01 12:49:49.476,0.684,0.68428,1.00,1.00
2015.12.01 12:49:49.797,0.68398,0.68426,1.00,1.00
2015.12.01 12:49:49.898,0.68396,0.68425,1.00,1.00
2015.12.01 12:49:50.521,0.68399,0.68425,1.00,1.00
2015.12.01 12:49:51.131,0.684,0.68426,1.00,1.00
2015.12.01 12:49:51.448,0.68397,0.68425,1.00,1.00
2015.12.01 12:49:52.121,0.68396,0.68425,1.00,1.00
2015.12.01 12:49:52.176,0.68396,0.68423,1.00,1.00
2015.12.01 12:49:54.376,0.68395,0.68424,1.50,1.00
2015.12.01 12:49:54.910,0.68396,0.68425,1.00,1.00
2015.12.01 12:49:57.065,0.68395,0.68424,1.50,1.00
2015.12.01 12:49:58.163,0.68398,0.68424,1.00,1.00
2015.12.01 12:49:58.369,0.68398,0.68426,1.00,1.00
2015.12.01 12:49:58.470,0.684,0.68428,1.00,1.00
2015.12.01 12:49:58.996,0.68399,0.68426,1.00,1.00
2015.12.01 12:49:59.868,0.68398,0.68426,1.00,1.50
2015.12.01 12:50:00.424,0.68399,0.68426,1.00,1.00
2015.12.01 12:50:01.196,0.684,0.68426,1.00,1.00
2015.12.01 12:50:01.327,0.68396,0.68425,1.00,1.00
2015.12.01 12:50:01.517,0.684,0.68425,1.00,1.00
2015.12.01 12:50:01.567,0.684,0.68427,1.00,1.00
2015.12.01 12:50:03.499,0.68399,0.68426,1.00,1.00
2015.12.01 12:50:06.478,0.68398,0.68425,1.00,1.00
2015.12.01 12:50:06.596,0.684,0.68426,1.00,1.50
2015.12.01 12:50:08.052,0.68401,0.68429,1.00,1.00
2015.12.01 12:50:08.678,0.68402,0.6843,1.00,1.00
2015.12.01 12:50:12.310,0.68404,0.6843,1.00,1.00
2015.12.01 12:50:12.418,0.68402,0.6843,1.50,1.00
2015.12.01 12:50:12.968,0.68405,0.68431,1.00,1.00
2015.12.01 12:50:15.168,0.68404,0.68431,1.00,1.00
2015.12.01 12:50:17.361,0.68404,0.68432,1.50,1.00
2015.12.01 12:50:17.920,0.68405,0.68433,1.50,1.00
2015.12.01 12:50:18.249,0.68408,0.68434,1.00,1.00
2015.12.01 12:50:18.772,0.6841,0.68436,1.00,1.50
2015.12.01 12:50:19.349,0.68407,0.68435,1.00,1.00
2015.12.01 12:50:19.568,0.68409,0.68436,1.00,1.00
2015.12.01 12:50:20.229,0.68409,0.68435,1.50,1.00
2015.12.01 12:50:21.319,0.6841,0.68435,1.00,1.00
2015.12.01 12:50:22.332,0.6841,0.68437,1.00,1.00
2015.12.01 12:50:23.089,0.6841,0.68436,1.00,1.00
2015.12.01 12:50:26.297,0.68409,0.68436,1.50,1.00
2015.12.01 12:50:26.947,0.6841,0.68436,1.00,1.00
2015.12.01 12:50:29.137,0.68409,0.68435,2.25,1.00
2015.12.01 12:50:30.782,0.6841,0.68435,1.00,1.00
2015.12.01 12:50:34.864,0.68408,0.68435,1.00,1.00
2015.12.01 12:50:37.488,0.68408,0.68436,1.00,1.00
2015.12.01 12:50:43.031,0.68409,0.68437,1.00,1.00
2015.12.01 12:50:43.318,0.68408,0.68435,1.00,1.00
2015.12.01 12:50:45.827,0.6841,0.68437,1.00,1.00
2015.12.01 12:50:45.879,0.68413,0.68441,1.00,1.50
2015.12.01 12:50:45.980,0.6841,0.68437,1.50,1.00
2015.12.01 12:50:46.496,0.68409,0.68437,1.00,1.00
2015.12.01 12:50:49.598,0.68409,0.68438,1.50,1.00
2015.12.01 12:50:50.179,0.6841,0.68438,1.00,1.00
2015.12.01 12:50:52.703,0.6841,0.68439,1.50,1.00
2015.12.01 12:50:54.548,0.68409,0.68438,1.50,1.00
2015.12.01 12:50:56.862,0.68409,0.68437,1.00,1.00
2015.12.01 12:51:00.819,0.68409,0.68438,2.25,1.00
2015.12.01 12:51:01.661,0.68411,0.68438,1.00,1.00
2015.12.01 12:51:02.122,0.68414,0.6844,1.00,1.00
2015.12.01 12:51:02.172,0.68414,0.68442,1.00,1.00
2015.12.01 12:51:02.776,0.68414,0.68441,1.00,1.00
2015.12.01 12:51:04.230,0.68414,0.68439,1.00,1.00
2015.12.01 12:51:06.234,0.68414,0.68437,1.00,1.00
2015.12.01 12:51:06.757,0.68414,0.68436,1.00,1.00
2015.12.01 12:51:07.285,0.68414,0.68437,1.00,1.00
2015.12.01 12:51:10.388,0.68414,0.68436,1.00,1.00
2015.12.01 12:51:11.927,0.68414,0.68437,1.00,1.00
2015.12.01 12:51:16.125,0.68414,0.68438,1.00,1.00
2015.12.01 12:51:16.548,0.68414,0.68436,1.00,1.00
2015.12.01 12:51:16.650,0.6841,0.68436,1.00,1.00
2015.12.01 12:51:17.286,0.6841,0.68435,1.00,1.00
2015.12.01 12:51:18.197,0.6841,0.68437,1.00,1.00
2015.12.01 12:51:20.178,0.6841,0.68438,1.00,1.00
2015.12.01 12:51:20.696,0.6841,0.68437,1.00,1.00
2015.12.01 12:51:21.341,0.68411,0.68437,1.00,1.00
2015.12.01 12:51:22.726,0.68411,0.68436,1.00,1.00
2015.12.01 12:51:23.587,0.68411,0.68437,1.00,1.00
2015.12.01 12:51:29.788,0.68411,0.68436,1.00,1.00
2015.12.01 12:51:29.888,0.68409,0.68436,1.50,1.00
2015.12.01 12:51:31.939,0.6841,0.68436,1.00,1.00
2015.12.01 12:51:32.090,0.68412,0.68438,1.00,1.00
2015.12.01 12:51:32.402,0.68414,0.68437,1.00,1.00
2015.12.01 12:51:35.466,0.68414,0.68438,1.00,1.00
2015.12.01 12:51:36.249,0.68414,0.68439,1.00,1.00
2015.12.01 12:51:36.386,0.68414,0.68441,1.00,1.00
2015.12.01 12:51:36.499,0.68414,0.68439,1.00,1.00
2015.12.01 12:51:36.714,0.68414,0.68442,1.50,1.00
2015.12.01 12:51:36.815,0.68419,0.68443,1.00,1.00
2015.12.01 12:51:36.915,0.68416,0.68443,1.00,1.00
2015.12.01 12:51:37.454,0.68416,0.68444,1.00,1.00
2015.12.01 12:51:38.807,0.68415,0.68441,1.00,1.00
2015.12.01 12:51:41.312,0.68415,0.68443,1.00,1.00
2015.12.01 12:51:41.514,0.68419,0.68443,1.00,1.00
2015.12.01 12:51:42.315,0.68415,0.68443,1.00,1.00
2015.12.01 12:51:42.516,0.6842,0.68442,1.00,1.00
2015.12.01 12:51:42.829,0.68415,0.68442,1.00,1.00
2015.12.01 12:51:43.418,0.68415,0.68443,1.00,1.00
2015.12.01 12:51:44.578,0.68419,0.68443,1.00,1.00
2015.12.01 12:51:46.466,0.68419,0.68442,1.00,1.00
2015.12.01 12:51:48.657,0.68416,0.68442,1.00,1.00
2015.12.01 12:51:48.878,0.68419,0.68442,1.00,1.00
2015.12.01 12:51:49.097,0.68416,0.68442,1.00,1.00
2015.12.01 12:51:49.977,0.6842,0.68442,1.00,1.00
2015.12.01 12:51:50.232,0.68416,0.68442,1.00,1.00
2015.12.01 12:51:52.437,0.68415,0.68443,1.50,1.00
2015.12.01 12:51:56.157,0.68415,0.68442,1.00,1.00
2015.12.01 12:51:58.669,0.68419,0.68442,1.00,1.00
2015.12.01 12:52:00.648,0.6842,0.68442,1.00,1.00
2015.12.01 12:52:03.195,0.68414,0.68442,1.50,1.00
2015.12.01 12:52:04.662,0.68417,0.68445,1.00,1.00
2015.12.01 12:52:04.863,0.68414,0.68443,1.50,1.00
2015.12.01 12:52:05.509,0.68415,0.68443,1.00,1.00
2015.12.01 12:52:06.015,0.68414,0.68443,1.50,1.00
2015.12.01 12:52:06.416,0.68414,0.68441,1.00,1.00
2015.12.01 12:52:06.806,0.68412,0.6844,1.00,1.00
2015.12.01 12:52:07.256,0.68415,0.68441,1.00,1.00
2015.12.01 12:52:07.366,0.68412,0.68441,1.00,1.00
2015.12.01 12:52:07.916,0.68413,0.68441,1.00,1.00
2015.12.01 12:52:08.479,0.68413,0.6844,1.00,1.00
2015.12.01 12:52:10.022,0.68414,0.6844,1.00,1.00
2015.12.01 12:52:10.658,0.68415,0.68441,1.00,1.00
2015.12.01 12:52:11.176,0.68415,0.68442,1.00,1.00
2015.12.01 12:52:11.696,0.68413,0.6844,1.00,1.00
2015.12.01 12:52:12.425,0.68413,0.68441,1.00,1.00
2015.12.01 12:52:13.030,0.68412,0.68441,1.00,1.00
2015.12.01 12:52:13.331,0.68414,0.6844,1.00,1.00
2015.12.01 12:52:24.196,0.68414,0.68443,1.00,1.00
2015.12.01 12:52:31.895,0.68414,0.6844,1.00,1.00
2015.12.01 12:52:32.013,0.68415,0.68442,1.00,1.00
2015.12.01 12:52:32.673,0.68414,0.68442,1.50,1.00
2015.12.01 12:52:33.288,0.68415,0.68441,1.00,1.00
2015.12.01 12:52:33.339,0.68412,0.68441,1.00,1.50
2015.12.01 12:52:33.439,0.68411,0.68438,1.00,1.00
2015.12.01 12:52:33.877,0.68412,0.6844,1.00,1.50
2015.12.01 12:52:36.847,0.68411,0.6844,1.00,1.00
2015.12.01 12:52:37.065,0.6841,0.68438,1.50,1.00
2015.12.01 12:52:37.596,0.6841,0.68437,2.25,1.00
2015.12.01 12:52:38.179,0.6841,0.68438,1.50,1.00
2015.12.01 12:52:39.045,0.68411,0.68439,1.00,1.00
2015.12.01 12:52:39.576,0.68413,0.68441,1.00,1.50
2015.12.01 12:52:48.211,0.68412,0.68441,1.00,1.50
2015.12.01 12:52:53.998,0.68414,0.68441,1.00,1.00
2015.12.01 12:52:54.790,0.68414,0.68442,1.50,1.00
2015.12.01 12:52:56.315,0.68414,0.68443,1.50,1.00
2015.12.01 12:52:56.770,0.68416,0.68441,1.00,1.00
2015.12.01 12:52:57.292,0.68416,0.68442,1.00,1.00
2015.12.01 12:52:59.725,0.68415,0.68442,1.00,1.00
2015.12.01 12:53:00.274,0.68416,0.68442,1.00,1.00
2015.12.01 12:53:00.485,0.68414,0.68441,1.00,1.00
2015.12.01 12:53:01.044,0.68414,0.68443,1.00,1.00
2015.12.01 12:53:02.829,0.68416,0.68444,1.00,1.00
2015.12.01 12:53:07.343,0.68416,0.68445,1.00,1.00
2015.12.01 12:53:09.193,0.68418,0.68446,1.00,1.00
2015.12.01 12:53:09.516,0.68418,0.68444,1.00,1.00
2015.12.01 12:53:10.108,0.68414,0.68441,1.00,1.00
2015.12.01 12:53:10.208,0.68416,0.68443,1.00,1.00
2015.12.01 12:53:21.835,0.68415,0.68444,1.50,1.50
2015.12.01 12:53:23.090,0.68416,0.68444,1.00,1.00
2015.12.01 12:53:26.937,0.68417,0.68443,1.00,1.00
2015.12.01 12:53:28.875,0.68416,0.68444,1.00,1.00
2015.12.01 12:53:29.392,0.68415,0.68443,1.50,1.00
2015.12.01 12:53:30.546,0.68414,0.68442,1.50,1.00
2015.12.01 12:53:32.394,0.68413,0.68441,1.00,1.00
2015.12.01 12:53:32.699,0.68415,0.68443,1.00,1.00
2015.12.01 12:53:33.001,0.68419,0.68445,1.00,1.00
2015.12.01 12:53:33.384,0.68417,0.68445,1.00,1.00
2015.12.01 12:53:34.298,0.68419,0.68445,1.00,1.00
2015.12.01 12:53:36.346,0.6842,0.68445,1.00,1.00
2015.12.01 12:53:39.362,0.68418,0.68444,1.00,1.00
2015.12.01 12:53:39.593,0.68415,0.68443,1.00,1.00
2015.12.01 12:53:39.794,0.68419,0.68443,1.00,1.00
2015.12.01 12:53:39.984,0.68419,0.68445,1.50,1.00
2015.12.01 12:53:42.816,0.68415,0.68443,1.50,1.00
2015.12.01 12:53:42.944,0.68419,0.68443,1.00,1.00
2015.12.01 12:53:45.174,0.68419,0.68446,1.00,1.00
2015.12.01 12:53:48.893,0.68419,0.68447,1.00,1.00
2015.12.01 12:53:51.645,0.68419,0.68446,1.50,1.00
2015.12.01 12:53:52.006,0.68424,0.68449,1.00,1.00
2015.12.01 12:53:52.106,0.68427,0.68455,1.00,1.00
2015.12.01 12:53:52.639,0.68429,0.68455,1.00,1.50
2015.12.01 12:53:52.854,0.68427,0.68455,1.00,1.50
2015.12.01 12:53:55.424,0.68427,0.68453,1.00,1.00
2015.12.01 12:53:55.525,0.68425,0.68453,1.00,1.00
2015.12.01 12:53:55.934,0.68426,0.68455,1.00,1.50
2015.12.01 12:53:57.185,0.68427,0.68456,1.50,1.50
2015.12.01 12:53:57.286,0.6843,0.68456,1.00,1.00
2015.12.01 12:53:57.386,0.6843,0.68459,1.00,1.00
2015.12.01 12:53:57.487,0.68432,0.68461,1.00,1.50
2015.12.01 12:53:57.852,0.68434,0.6846,1.00,1.00
2015.12.01 12:54:00.909,0.68436,0.68465,1.00,1.00
2015.12.01 12:54:01.323,0.68434,0.68463,1.00,1.00
2015.12.01 12:54:02.424,0.68433,0.68461,1.50,1.00
2015.12.01 12:54:02.925,0.68434,0.6846,1.00,1.00
2015.12.01 12:54:03.234,0.68435,0.68463,1.00,1.00
2015.12.01 12:54:05.349,0.68437,0.68463,1.00,1.00
2015.12.01 12:54:05.619,0.68438,0.68466,1.00,1.00
2015.12.01 12:54:05.823,0.6844,0.68466,1.00,1.00
2015.12.01 12:54:05.874,0.6844,0.68468,1.50,1.00
2015.12.01 12:54:06.421,0.68441,0.68469,1.00,1.00
2015.12.01 12:54:06.521,0.68438,0.68466,1.00,1.00
2015.12.01 12:54:06.982,0.68436,0.68465,1.50,1.00
2015.12.01 12:54:07.192,0.68435,0.68463,1.50,1.00
2015.12.01 12:54:07.724,0.68434,0.68463,2.25,1.00
2015.12.01 12:54:10.279,0.68435,0.68462,1.00,1.00
2015.12.01 12:54:10.581,0.68432,0.68461,1.00,1.50
2015.12.01 12:54:11.191,0.68432,0.6846,1.00,1.00
2015.12.01 12:54:11.763,0.68432,0.68461,1.00,1.00
2015.12.01 12:54:12.229,0.6843,0.68459,1.00,1.00
2015.12.01 12:54:12.583,0.68428,0.68457,1.50,1.00
2015.12.01 12:54:13.437,0.6843,0.68459,1.00,1.00
2015.12.01 12:54:16.742,0.68431,0.6846,1.00,1.00
2015.12.01 12:54:17.074,0.68433,0.6846,1.00,1.00
2015.12.01 12:54:17.273,0.68433,0.68462,1.00,1.00
2015.12.01 12:54:17.493,0.68433,0.6846,1.00,1.00
2015.12.01 12:54:20.229,0.68434,0.68462,1.00,1.00
2015.12.01 12:54:20.849,0.68433,0.68462,1.00,1.00
2015.12.01 12:54:20.950,0.68436,0.68462,1.00,1.00
2015.12.01 12:54:21.154,0.68435,0.68464,1.50,1.00
2015.12.01 12:54:21.913,0.68434,0.68461,1.00,1.00
2015.12.01 12:54:22.346,0.68432,0.68461,1.00,1.00
2015.12.01 12:54:22.855,0.68433,0.68462,1.00,1.00
2015.12.01 12:54:24.829,0.68436,0.68463,1.00,1.00
2015.12.01 12:54:25.165,0.68438,0.68464,1.00,1.00
2015.12.01 12:54:25.899,0.68438,0.68465,1.00,1.00
2015.12.01 12:54:27.718,0.68438,0.68466,1.00,1.50
2015.12.01 12:54:28.491,0.68439,0.68465,1.00,1.50
2015.12.01 12:54:29.016,0.6844,0.68465,1.00,1.00
2015.12.01 12:54:30.073,0.6844,0.68466,1.50,1.00
2015.12.01 12:54:30.843,0.68436,0.68464,1.00,1.00
2015.12.01 12:54:31.174,0.68433,0.68461,1.00,1.00
2015.12.01 12:54:31.503,0.68436,0.68462,1.00,1.00
2015.12.01 12:54:31.794,0.68436,0.68464,1.00,1.00
2015.12.01 12:54:45.256,0.68435,0.68463,1.00,1.00
2015.12.01 12:54:45.763,0.68436,0.68465,1.00,1.00
2015.12.01 12:54:46.008,0.68437,0.68463,1.00,1.00
2015.12.01 12:54:48.622,0.68435,0.68464,1.00,1.00
2015.12.01 12:54:49.415,0.68434,0.68463,1.00,1.00
2015.12.01 12:54:49.868,0.68434,0.68461,1.00,1.00
2015.12.01 12:54:50.418,0.68433,0.6846,1.00,1.00
2015.12.01 12:54:50.925,0.68434,0.6846,1.00,1.00
2015.12.01 12:54:51.227,0.68431,0.68457,1.00,1.00
2015.12.01 12:54:51.277,0.68429,0.68456,1.00,1.00
2015.12.01 12:54:51.521,0.68429,0.68458,1.00,1.00
2015.12.01 12:54:51.877,0.68431,0.68459,1.00,1.00
2015.12.01 12:54:52.192,0.68433,0.68459,1.00,1.00
2015.12.01 12:54:52.912,0.68433,0.68462,1.00,1.00
2015.12.01 12:54:53.675,0.68434,0.68462,1.00,1.00
2015.12.01 12:54:55.002,0.68435,0.68463,1.00,1.00
2015.12.01 12:54:55.931,0.68434,0.68462,1.00,1.00
2015.12.01 12:54:56.033,0.68432,0.6846,1.50,1.00
2015.12.01 12:54:56.382,0.68435,0.68461,1.00,1.00
2015.12.01 12:54:56.482,0.68437,0.68464,1.00,1.00
2015.12.01 12:54:56.783,0.68435,0.68464,1.00,1.00
2015.12.01 12:54:58.412,0.68436,0.68465,1.00,1.50
2015.12.01 12:54:58.988,0.68437,0.68466,1.00,2.25
2015.12.01 12:55:00.763,0.68437,0.68464,1.00,1.00
2015.12.01 12:55:01.382,0.68435,0.68464,2.25,1.00
2015.12.01 12:55:01.533,0.68433,0.68462,1.50,1.00
2015.12.01 12:55:02.814,0.68435,0.68461,1.00,1.00
2015.12.01 12:55:03.395,0.68436,0.68464,1.00,1.00
2015.12.01 12:55:03.585,0.68438,0.68464,1.00,1.00
2015.12.01 12:55:05.015,0.68436,0.68465,1.00,1.50
2015.12.01 12:55:05.998,0.68436,0.68463,1.00,1.00
2015.12.01 12:55:10.331,0.68436,0.68464,1.00,1.00
2015.12.01 12:55:12.318,0.68435,0.68463,1.00,1.00
2015.12.01 12:55:12.635,0.68435,0.68461,1.00,1.00
2015.12.01 12:55:13.195,0.68437,0.68463,1.00,1.00
2015.12.01 12:55:13.374,0.68437,0.68465,1.00,1.00
2015.12.01 12:55:15.071,0.68437,0.68466,1.00,1.50
2015.12.01 12:55:15.356,0.68439,0.68466,1.00,1.00
2015.12.01 12:55:16.493,0.68441,0.68467,1.00,1.00
2015.12.01 12:55:16.594,0.68442,0.68471,1.00,1.50
2015.12.01 12:55:17.114,0.6844,0.68468,1.50,1.00
2015.12.01 12:55:17.434,0.6844,0.68466,1.00,1.00
2015.12.01 12:55:17.484,0.68438,0.68466,1.50,1.00
2015.12.01 12:55:17.928,0.6844,0.68466,1.00,1.00
2015.12.01 12:55:18.146,0.68438,0.68466,1.50,1.50
2015.12.01 12:55:18.818,0.68438,0.68465,1.50,1.00
2015.12.01 12:55:19.685,0.68439,0.68465,1.00,1.00
2015.12.01 12:55:20.350,0.68441,0.68465,1.00,1.00
2015.12.01 12:55:20.553,0.68438,0.68465,1.50,1.00
2015.12.01 12:55:22.280,0.68438,0.68466,1.00,1.50
2015.12.01 12:55:22.331,0.68436,0.68465,1.00,1.00
2015.12.01 12:55:22.431,0.68434,0.68462,1.00,1.00
2015.12.01 12:55:23.540,0.68434,0.68463,1.50,1.00
2015.12.01 12:55:24.100,0.68435,0.68464,1.00,1.00
2015.12.01 12:55:24.813,0.68436,0.68464,1.00,1.00
2015.12.01 12:55:25.619,0.68437,0.68465,1.00,1.50
2015.12.01 12:55:26.023,0.68439,0.68466,1.00,1.00
2015.12.01 12:55:26.545,0.6844,0.68466,1.00,1.00
2015.12.01 12:55:26.675,0.6844,0.68468,1.00,1.00
2015.12.01 12:55:27.234,0.6844,0.68469,1.50,1.00
2015.12.01 12:55:27.782,0.6844,0.68468,1.50,1.00
2015.12.01 12:55:28.335,0.68441,0.6847,1.00,1.50
2015.12.01 12:55:28.806,0.6844,0.68467,1.00,1.00
2015.12.01 12:55:29.130,0.68439,0.68465,2.25,1.00
2015.12.01 12:55:30.214,0.68445,0.68469,1.00,1.00
2015.12.01 12:55:30.424,0.68446,0.68472,1.00,1.00
2015.12.01 12:55:30.785,0.68444,0.6847,1.00,1.00
2015.12.01 12:55:31.326,0.68442,0.6847,1.50,1.00
2015.12.01 12:55:33.631,0.68441,0.68468,1.00,1.00
2015.12.01 12:55:33.731,0.68442,0.68471,1.00,1.50
2015.12.01 12:55:35.713,0.68443,0.68471,1.00,1.50
2015.12.01 12:55:37.942,0.68444,0.68471,1.00,1.00
2015.12.01 12:55:40.094,0.68445,0.68472,1.00,1.00
2015.12.01 12:55:40.245,0.68444,0.6847,1.00,1.00
2015.12.01 12:55:40.796,0.68443,0.6847,1.50,1.00
2015.12.01 12:55:41.340,0.68442,0.6847,1.00,1.00
2015.12.01 12:55:41.660,0.68439,0.68466,1.50,1.00
2015.12.01 12:55:41.795,0.6844,0.68469,1.00,1.00
2015.12.01 12:55:42.126,0.68442,0.68469,1.00,1.00
2015.12.01 12:55:42.234,0.68439,0.68467,1.00,1.00
2015.12.01 12:55:42.345,0.68436,0.68465,1.00,1.00
2015.12.01 12:55:44.072,0.68434,0.68462,1.50,1.00
2015.12.01 12:55:44.605,0.68434,0.68461,1.00,1.00
2015.12.01 12:55:45.292,0.68434,0.68462,1.00,1.00
2015.12.01 12:55:45.808,0.68435,0.68462,1.00,1.00
2015.12.01 12:55:46.160,0.68432,0.6846,1.00,1.00
2015.12.01 12:55:46.696,0.68432,0.68461,1.00,1.00
2015.12.01 12:55:47.162,0.68435,0.68461,1.00,1.00
2015.12.01 12:55:47.803,0.68436,0.68465,1.00,1.00
2015.12.01 12:55:49.368,0.68435,0.68464,1.00,1.00
2015.12.01 12:55:51.688,0.68436,0.68463,1.00,1.00
2015.12.01 12:55:52.980,0.68436,0.68464,1.00,1.00
2015.12.01 12:55:53.406,0.68439,0.68463,1.00,1.00
2015.12.01 12:55:53.456,0.68439,0.68466,1.00,1.00
2015.12.01 12:55:53.785,0.68439,0.68464,1.00,1.00
2015.12.01 12:55:54.216,0.68436,0.68464,1.00,1.00
2015.12.01 12:55:55.503,0.68435,0.68462,1.00,1.00
2015.12.01 12:55:56.033,0.68434,0.68462,1.50,1.00
2015.12.01 12:55:57.487,0.68432,0.68459,1.50,1.00
2015.12.01 12:55:59.692,0.68434,0.68459,1.00,1.00
2015.12.01 12:55:59.842,0.68434,0.68463,1.50,1.00
2015.12.01 12:56:07.646,0.68433,0.68461,1.00,1.00
2015.12.01 12:56:08.036,0.68435,0.68461,1.00,1.00
2015.12.01 12:56:08.145,0.68431,0.68459,1.00,1.00
2015.12.01 12:56:08.287,0.68433,0.6846,1.00,1.00
2015.12.01 12:56:08.634,0.68435,0.68461,1.00,1.00
2015.12.01 12:56:09.145,0.68434,0.68461,1.50,1.00
2015.12.01 12:56:10.833,0.68434,0.68462,1.00,1.00
2015.12.01 12:56:12.234,0.68435,0.68464,1.00,1.00
2015.12.01 12:56:14.752,0.68436,0.68465,1.00,1.00
2015.12.01 12:56:16.660,0.68435,0.68464,1.00,1.00
2015.12.01 12:56:16.962,0.68437,0.68463,1.00,1.00
2015.12.01 12:56:17.112,0.68434,0.68462,1.50,1.00
2015.12.01 12:56:18.099,0.68434,0.68463,1.50,1.00
2015.12.01 12:56:18.785,0.68435,0.68463,1.00,1.00
2015.12.01 12:56:19.482,0.68434,0.68463,1.50,1.00
2015.12.01 12:56:20.401,0.68435,0.68464,1.00,1.00
2015.12.01 12:56:20.683,0.68436,0.68462,1.00,1.00
2015.12.01 12:56:21.355,0.68434,0.68462,1.50,1.00
2015.12.01 12:56:21.893,0.68435,0.68462,1.00,1.00
2015.12.01 12:56:22.444,0.68434,0.68461,1.00,1.00
2015.12.01 12:56:22.994,0.68434,0.68462,1.50,1.00
2015.12.01 12:56:25.651,0.68436,0.68464,1.00,1.00
2015.12.01 12:56:25.902,0.68437,0.68466,1.50,1.00
2015.12.01 12:56:26.075,0.68439,0.68466,1.00,1.00
2015.12.01 12:56:26.126,0.6844,0.68469,1.00,1.00
2015.12.01 12:56:26.783,0.68438,0.68467,1.00,1.00
2015.12.01 12:56:27.292,0.68439,0.68468,1.00,1.00
2015.12.01 12:56:27.605,0.68442,0.68469,1.00,1.00
2015.12.01 12:56:28.168,0.68441,0.68468,1.00,1.00
2015.12.01 12:56:28.548,0.68441,0.6847,1.00,1.50
2015.12.01 12:56:28.758,0.68445,0.68469,1.00,1.00
2015.12.01 12:56:28.859,0.68445,0.68471,1.50,1.00
2015.12.01 12:56:28.944,0.68445,0.68473,1.00,1.00
2015.12.01 12:56:29.175,0.6844,0.68469,2.25,1.00
2015.12.01 12:56:29.538,0.6844,0.68467,1.00,1.00
2015.12.01 12:56:29.752,0.68438,0.68466,1.00,1.00
2015.12.01 12:56:29.859,0.68436,0.68465,1.50,1.00
2015.12.01 12:56:30.061,0.6844,0.68466,1.00,1.00
2015.12.01 12:56:30.703,0.6844,0.68468,1.00,1.00
2015.12.01 12:56:32.065,0.68441,0.68467,1.00,1.00
2015.12.01 12:56:32.242,0.68437,0.68465,1.00,1.00
2015.12.01 12:56:35.038,0.68439,0.68467,1.00,1.00
2015.12.01 12:56:35.724,0.6844,0.68466,1.50,1.00
2015.12.01 12:56:36.451,0.68439,0.68466,1.00,1.00
2015.12.01 12:56:36.777,0.68439,0.68468,1.50,1.00
2015.12.01 12:56:37.307,0.6844,0.68469,1.00,1.00
2015.12.01 12:56:37.882,0.68445,0.68471,1.00,1.00
2015.12.01 12:56:37.983,0.68442,0.68471,1.00,1.50
2015.12.01 12:56:38.083,0.68445,0.68471,1.00,1.00
2015.12.01 12:56:38.990,0.68445,0.68472,1.50,1.00
2015.12.01 12:56:39.091,0.68445,0.68474,1.50,1.00
2015.12.01 12:56:39.441,0.68445,0.68472,1.00,1.00
2015.12.01 12:56:40.004,0.68445,0.68471,1.00,1.00
2015.12.01 12:56:40.286,0.68446,0.68474,1.00,1.00
2015.12.01 12:56:44.127,0.68447,0.68474,1.00,1.00
2015.12.01 12:56:44.332,0.6845,0.68474,1.00,1.00
2015.12.01 12:56:44.947,0.6845,0.68475,1.00,1.00
2015.12.01 12:56:45.449,0.68449,0.68475,1.50,1.00
2015.12.01 12:56:46.057,0.68449,0.68476,1.00,1.00
2015.12.01 12:56:47.522,0.6845,0.68476,1.00,1.00
2015.12.01 12:56:48.080,0.6845,0.68475,1.00,1.00
2015.12.01 12:56:52.615,0.68447,0.68474,1.00,1.00
2015.12.01 12:56:52.666,0.68447,0.68472,1.00,1.00
2015.12.01 12:56:52.917,0.68439,0.68468,1.50,1.00
2015.12.01 12:56:53.142,0.68439,0.68466,1.00,1.00
2015.12.01 12:56:53.292,0.68439,0.68468,1.50,1.00
2015.12.01 12:56:53.869,0.68439,0.68467,1.00,1.00
2015.12.01 12:56:53.919,0.68441,0.68467,1.00,1.00
2015.12.01 12:56:56.224,0.6844,0.68469,1.00,1.00
2015.12.01 12:56:56.976,0.68441,0.6847,1.00,1.00
2015.12.01 12:56:58.793,0.6844,0.68469,1.00,1.00
2015.12.01 12:56:59.743,0.68441,0.68467,1.00,1.00
2015.12.01 12:57:00.084,0.68438,0.68464,1.00,1.00
2015.12.01 12:57:00.511,0.6844,0.68466,1.00,1.50
2015.12.01 12:57:00.832,0.68437,0.68463,1.00,1.00
2015.12.01 12:57:01.172,0.68441,0.68466,1.00,1.00
2015.12.01 12:57:01.945,0.68441,0.68467,1.00,1.00
2015.12.01 12:57:02.605,0.6844,0.68466,1.00,1.00
2015.12.01 12:57:03.315,0.68438,0.68466,1.00,1.00
2015.12.01 12:57:03.415,0.68436,0.68464,1.50,1.00
2015.12.01 12:57:03.743,0.6844,0.68465,1.00,1.00
2015.12.01 12:57:04.623,0.68439,0.68465,1.00,1.00
2015.12.01 12:57:05.245,0.6844,0.68465,1.00,1.00
2015.12.01 12:57:05.682,0.6844,0.68467,1.00,1.00
2015.12.01 12:57:05.949,0.68438,0.68466,1.00,1.00
2015.12.01 12:57:06.566,0.68439,0.68465,1.00,1.00
2015.12.01 12:57:07.882,0.6844,0.68467,1.00,1.00
2015.12.01 12:57:08.152,0.68443,0.6847,1.00,1.00
2015.12.01 12:57:08.254,0.68441,0.68469,1.00,1.00
2015.12.01 12:57:08.656,0.68439,0.68467,1.00,1.00
2015.12.01 12:57:09.206,0.68438,0.68466,1.00,1.50
2015.12.01 12:57:09.822,0.68438,0.68465,1.00,1.00
2015.12.01 12:57:11.132,0.6844,0.68467,1.00,1.00
2015.12.01 12:57:11.524,0.6844,0.68469,1.50,1.00
2015.12.01 12:57:11.625,0.68442,0.6847,1.00,1.00
2015.12.01 12:57:12.177,0.68443,0.6847,1.00,1.00
2015.12.01 12:57:12.714,0.68443,0.68471,1.00,1.00
2015.12.01 12:57:12.765,0.68441,0.6847,1.00,1.00
2015.12.01 12:57:13.610,0.68442,0.6847,1.00,1.00
2015.12.01 12:57:14.601,0.68444,0.68471,1.00,1.00
2015.12.01 12:57:15.131,0.68444,0.6847,1.00,1.00
2015.12.01 12:57:15.181,0.68441,0.6847,1.00,1.00
2015.12.01 12:57:15.972,0.68444,0.6847,1.00,1.00
2015.12.01 12:57:18.122,0.68444,0.68472,1.00,1.00
2015.12.01 12:57:18.223,0.68445,0.68474,1.00,1.00
2015.12.01 12:57:20.782,0.68445,0.68472,1.00,1.00
2015.12.01 12:57:22.149,0.68439,0.68468,1.50,1.00
2015.12.01 12:57:22.525,0.68441,0.68468,1.00,1.00
2015.12.01 12:57:22.626,0.68442,0.6847,1.00,1.00
2015.12.01 12:57:23.087,0.68439,0.68468,1.50,1.00
2015.12.01 12:57:23.409,0.68441,0.68468,1.00,1.00
2015.12.01 12:57:23.611,0.68443,0.68471,1.00,1.00
2015.12.01 12:57:24.121,0.68444,0.68472,1.50,1.00
2015.12.01 12:57:26.189,0.68444,0.68473,1.50,1.00
2015.12.01 12:57:26.793,0.68445,0.68474,1.00,1.50
2015.12.01 12:57:27.348,0.68445,0.68473,1.00,1.00
2015.12.01 12:57:30.168,0.68445,0.68474,1.50,1.50
2015.12.01 12:57:31.257,0.68445,0.68473,1.50,1.00
2015.12.01 12:57:31.558,0.68446,0.68475,1.00,1.50
2015.12.01 12:57:32.393,0.68446,0.68474,1.00,1.00
2015.12.01 12:57:32.851,0.68445,0.68472,1.50,1.00
2015.12.01 12:57:34.501,0.68445,0.68474,1.50,1.00
2015.12.01 12:57:38.032,0.68446,0.68475,1.00,1.00
2015.12.01 12:57:38.288,0.68449,0.68475,1.00,1.00
2015.12.01 12:57:38.806,0.68448,0.68476,1.00,1.50
2015.12.01 12:57:40.468,0.68449,0.68476,1.00,1.00
2015.12.01 12:57:40.979,0.68449,0.68477,1.50,1.00
2015.12.01 12:57:41.319,0.68453,0.68481,1.00,1.50
2015.12.01 12:57:41.699,0.68455,0.68483,1.00,1.00
2015.12.01 12:57:41.901,0.68456,0.68485,1.00,1.00
2015.12.01 12:57:41.981,0.68458,0.68486,1.00,1.00
2015.12.01 12:57:42.688,0.6846,0.68486,1.00,1.00
2015.12.01 12:57:43.435,0.68458,0.68486,1.50,1.50
2015.12.01 12:57:43.641,0.68455,0.68482,1.00,1.00
2015.12.01 12:57:43.742,0.68456,0.68484,1.00,1.00
2015.12.01 12:57:44.093,0.68458,0.68485,1.00,1.00
2015.12.01 12:57:44.439,0.6846,0.68487,1.00,1.00
2015.12.01 12:57:44.745,0.68462,0.68489,1.00,1.00
2015.12.01 12:57:45.097,0.6846,0.68488,1.00,1.00
2015.12.01 12:57:46.821,0.68462,0.68488,1.00,1.00
2015.12.01 12:57:47.171,0.68462,0.68486,1.00,1.00
2015.12.01 12:57:48.601,0.68462,0.6849,1.00,1.00
2015.12.01 12:57:48.954,0.68464,0.68491,1.00,2.25
2015.12.01 12:57:49.055,0.68462,0.6849,1.00,1.50
2015.12.01 12:57:49.250,0.6846,0.68489,1.50,1.00
2015.12.01 12:57:49.301,0.6846,0.68485,1.50,1.00
2015.12.01 12:57:49.351,0.68457,0.68485,1.00,1.00
2015.12.01 12:57:49.681,0.68455,0.68482,1.00,1.00
2015.12.01 12:57:50.230,0.68454,0.68481,1.00,1.00
2015.12.01 12:57:50.891,0.68456,0.68481,1.00,1.00
2015.12.01 12:57:51.160,0.68457,0.68484,1.00,1.00
2015.12.01 12:57:51.361,0.68457,0.68486,1.00,1.50
2015.12.01 12:57:51.441,0.6846,0.68486,1.00,1.00
2015.12.01 12:57:53.214,0.68463,0.68486,1.00,1.00
2015.12.01 12:57:53.264,0.68463,0.68489,1.00,1.00
2015.12.01 12:57:53.564,0.68461,0.68486,1.00,1.00
2015.12.01 12:57:54.416,0.68459,0.68486,1.00,1.00
2015.12.01 12:57:55.019,0.6846,0.68485,1.00,1.00
2015.12.01 12:57:57.171,0.68461,0.68485,1.00,1.00
2015.12.01 12:57:57.272,0.68463,0.68485,1.00,1.00
2015.12.01 12:57:58.060,0.68463,0.6849,1.00,1.00
2015.12.01 12:57:58.832,0.68463,0.68486,1.00,1.00
2015.12.01 12:57:59.251,0.68461,0.68486,1.00,1.00
2015.12.01 12:57:59.910,0.68459,0.68486,1.00,1.50
2015.12.01 12:57:59.961,0.68459,0.68481,1.00,1.00
2015.12.01 12:58:00.162,0.68451,0.6848,1.00,1.00
2015.12.01 12:58:01.156,0.68452,0.6848,1.00,1.00
2015.12.01 12:58:01.257,0.68446,0.68474,1.00,1.00
2015.12.01 12:58:01.528,0.68444,0.68473,1.00,1.50
2015.12.01 12:58:01.629,0.68444,0.6847,1.00,1.00
2015.12.01 12:58:01.930,0.68441,0.6847,1.00,1.00
2015.12.01 12:58:02.111,0.68443,0.68471,1.00,1.00
2015.12.01 12:58:02.433,0.68445,0.6847,1.00,1.00
2015.12.01 12:58:02.735,0.68447,0.68471,1.00,1.00
2015.12.01 12:58:03.211,0.68445,0.68471,1.00,1.00
2015.12.01 12:58:05.863,0.68445,0.68473,1.50,1.00
2015.12.01 12:58:06.603,0.68446,0.68474,1.00,1.00
2015.12.01 12:58:07.262,0.68447,0.68475,1.00,1.50
2015.12.01 12:58:10.910,0.68448,0.68475,1.00,1.00
2015.12.01 12:58:11.605,0.68448,0.68476,1.00,1.00
2015.12.01 12:58:13.550,0.68448,0.68474,1.00,1.00
2015.12.01 12:58:13.663,0.68445,0.68473,1.50,1.00
2015.12.01 12:58:15.860,0.68444,0.68472,1.00,1.00
2015.12.01 12:58:20.732,0.68443,0.6847,1.00,1.50
2015.12.01 12:58:20.833,0.6844,0.68469,1.00,1.00
2015.12.01 12:58:20.934,0.68442,0.68469,1.00,1.00
2015.12.01 12:58:21.140,0.6844,0.68469,1.00,1.00
2015.12.01 12:58:22.617,0.68443,0.6847,1.00,1.00
2015.12.01 12:58:23.140,0.68443,0.68471,1.00,1.00
2015.12.01 12:58:23.430,0.68441,0.6847,1.00,1.00
2015.12.01 12:58:23.480,0.68445,0.68471,1.00,1.50
2015.12.01 12:58:25.271,0.68445,0.6847,1.00,1.00
2015.12.01 12:58:26.310,0.68443,0.6847,1.00,1.00
2015.12.01 12:58:26.660,0.68443,0.68472,1.00,1.00
2015.12.01 12:58:28.620,0.68444,0.68473,1.00,1.00
2015.12.01 12:58:30.381,0.68445,0.68473,1.00,1.00
2015.12.01 12:58:30.532,0.68448,0.68475,1.00,1.50
2015.12.01 12:58:30.600,0.68446,0.68475,1.00,1.50
2015.12.01 12:58:31.407,0.68443,0.68469,1.00,1.00
2015.12.01 12:58:31.457,0.68441,0.68469,1.50,1.00
2015.12.01 12:58:31.637,0.68439,0.68468,1.00,1.00
2015.12.01 12:58:31.858,0.68441,0.68468,1.00,1.00
2015.12.01 12:58:32.030,0.68439,0.68468,1.00,1.00
2015.12.01 12:58:32.501,0.68441,0.6847,1.00,1.00
2015.12.01 12:58:32.850,0.68443,0.68471,1.00,1.00
2015.12.01 12:58:33.411,0.68444,0.68472,1.00,1.00
2015.12.01 12:58:35.110,0.68444,0.6847,1.00,1.00
2015.12.01 12:58:35.716,0.68444,0.68471,1.00,1.00
2015.12.01 12:58:36.768,0.68444,0.6847,1.00,1.00
2015.12.01 12:58:37.299,0.68444,0.68471,1.00,1.50
2015.12.01 12:58:37.671,0.68444,0.68469,1.00,1.00
2015.12.01 12:58:38.193,0.68444,0.6847,1.00,1.00
2015.12.01 12:58:38.539,0.68441,0.6847,1.00,1.00
2015.12.01 12:58:39.080,0.6844,0.68469,1.00,1.00
2015.12.01 12:58:39.729,0.68441,0.68467,1.00,1.00
2015.12.01 12:58:40.170,0.68439,0.68468,1.50,1.00
2015.12.01 12:58:40.522,0.68439,0.68465,1.50,1.00
2015.12.01 12:58:41.042,0.68439,0.68466,1.00,1.00
2015.12.01 12:58:41.281,0.6844,0.68468,1.00,1.00
2015.12.01 12:58:41.492,0.68442,0.68468,1.00,1.00
2015.12.01 12:58:41.600,0.6844,0.68468,1.00,1.00
2015.12.01 12:58:41.710,0.68441,0.6847,1.00,1.00
2015.12.01 12:58:42.083,0.6844,0.68467,1.00,1.00
2015.12.01 12:58:44.615,0.6844,0.68469,1.00,1.00
2015.12.01 12:58:47.003,0.68443,0.6847,1.00,1.00
2015.12.01 12:58:47.135,0.68441,0.6847,1.00,1.00
2015.12.01 12:58:52.305,0.6844,0.68469,1.00,1.00
2015.12.01 12:58:54.942,0.68442,0.68469,1.00,1.00
2015.12.01 12:58:57.120,0.68441,0.6847,1.00,1.50
2015.12.01 12:58:57.770,0.68441,0.68468,1.00,1.00
2015.12.01 12:58:59.201,0.6844,0.68468,1.00,1.00
2015.12.01 12:58:59.777,0.68441,0.68468,1.00,1.00
2015.12.01 12:59:00.630,0.68441,0.6847,1.00,1.00
2015.12.01 12:59:00.961,0.6844,0.68467,1.00,1.00
2015.12.01 12:59:02.279,0.6844,0.68468,1.00,1.00
2015.12.01 12:59:02.885,0.68439,0.68468,2.25,1.00
2015.12.01 12:59:03.651,0.68439,0.68467,2.25,1.00
2015.12.01 12:59:04.939,0.6844,0.68468,1.00,1.00
2015.12.01 12:59:05.569,0.6844,0.68469,1.00,1.00
2015.12.01 12:59:08.246,0.68441,0.6847,1.00,1.50
2015.12.01 12:59:08.606,0.68443,0.68471,1.00,1.00
2015.12.01 12:59:11.265,0.68445,0.68471,1.00,1.00
2015.12.01 12:59:17.370,0.68445,0.68472,1.00,1.00
2015.12.01 12:59:19.569,0.68445,0.68471,1.00,1.00
2015.12.01 12:59:19.770,0.68443,0.68471,1.00,1.00
2015.12.01 12:59:20.495,0.68444,0.68472,1.00,1.00
2015.12.01 12:59:21.109,0.68444,0.68473,1.50,1.50
2015.12.01 12:59:21.725,0.68445,0.68474,1.00,1.00
2015.12.01 12:59:22.855,0.68444,0.68472,1.00,1.00
2015.12.01 12:59:23.180,0.68441,0.6847,1.00,1.00
2015.12.01 12:59:23.231,0.68441,0.68468,1.00,1.00
2015.12.01 12:59:23.521,0.68437,0.68466,1.00,1.00
2015.12.01 12:59:24.125,0.68436,0.68465,1.00,1.00
2015.12.01 12:59:24.533,0.68437,0.68463,1.00,1.00
2015.12.01 12:59:26.087,0.68435,0.68462,1.00,1.00
2015.12.01 12:59:27.271,0.68434,0.68462,1.00,1.00
2015.12.01 12:59:27.792,0.68435,0.68462,1.00,1.00
2015.12.01 12:59:28.172,0.68432,0.68461,1.00,1.50
2015.12.01 12:59:29.822,0.68431,0.6846,1.00,1.00
2015.12.01 12:59:33.078,0.68432,0.6846,1.00,1.00
2015.12.01 12:59:33.336,0.68434,0.6846,1.00,1.00
2015.12.01 12:59:33.881,0.68434,0.68461,1.00,1.50
2015.12.01 12:59:34.444,0.68433,0.68461,1.50,1.00
2015.12.01 12:59:38.490,0.68433,0.6846,1.50,1.00
2015.12.01 12:59:39.063,0.68433,0.68461,1.50,1.00
2015.12.01 12:59:39.399,0.68435,0.68462,1.00,1.00
2015.12.01 12:59:42.998,0.68435,0.68461,1.00,1.00
2015.12.01 12:59:43.248,0.68435,0.68463,1.00,1.00
2015.12.01 12:59:43.464,0.68435,0.6846,1.00,1.00
2015.12.01 12:59:43.565,0.68435,0.68463,1.00,1.00
2015.12.01 12:59:43.989,0.68435,0.68461,1.00,1.00
2015.12.01 12:59:44.735,0.68435,0.6846,1.00,1.00
2015.12.01 12:59:45.280,0.68435,0.68461,1.00,1.00
2015.12.01 12:59:46.285,0.68437,0.68465,1.00,1.00
2015.12.01 12:59:46.987,0.68436,0.68464,1.00,1.00
2015.12.01 12:59:48.478,0.68435,0.68462,1.00,1.00
2015.12.01 12:59:48.842,0.68433,0.68461,1.50,1.00
2015.12.01 12:59:49.049,0.6843,0.68458,1.00,1.00
2015.12.01 12:59:49.356,0.68428,0.68456,1.00,1.00
2015.12.01 12:59:49.895,0.68429,0.68457,1.00,1.00
2015.12.01 12:59:56.508,0.6843,0.68457,1.00,1.00
2015.12.01 12:59:56.759,0.68427,0.68456,1.00,1.00
2015.12.01 12:59:57.288,0.68425,0.68452,1.00,1.00
2015.12.01 12:59:57.726,0.68426,0.68455,1.00,1.00
